2141.000000, 529.000000, 2168.000000, 527.000000, 2168.000000, 591.000000, 2140.000000, 592.000000,     small-vehicle,     148
2334.000000, 2746.000000, 2361.000000, 2744.000000, 2360.000000, 2793.000000, 2334.000000, 2794.000000,     small-vehicle,     1113
2009.000000, 2767.000000, 2032.000000, 2766.000000, 2031.000000, 2807.000000, 2009.000000, 2808.000000,     small-vehicle,     1115
2000.000000, 2677.000000, 2032.000000, 2675.000000, 2032.000000, 2737.000000, 2000.000000, 2738.000000,     small-vehicle,     1140
2036.000000, 2663.000000, 2078.000000, 2661.000000, 2078.000000, 2776.000000, 2036.000000, 2778.000000,     large-vehicle,     1141
2298.000000, 2684.000000, 2327.000000, 2683.000000, 2327.000000, 2741.000000, 2297.000000, 2742.000000,     small-vehicle,     1142
2002.000000, 2599.000000, 2031.000000, 2598.000000, 2031.000000, 2663.000000, 2001.000000, 2664.000000,     small-vehicle,     1168
2299.000000, 2592.000000, 2327.000000, 2591.000000, 2326.000000, 2659.000000, 2299.000000, 2661.000000,     small-vehicle,     1175
1335.000000, 2719.000000, 1358.000000, 2718.000000, 1358.000000, 2773.000000, 1334.000000, 2774.000000,     small-vehicle,     1179
2022.000000, 2487.000000, 2055.000000, 2486.000000, 2055.000000, 2555.000000, 2022.000000, 2556.000000,     small-vehicle,     1205
1994.000000, 2425.000000, 2027.000000, 2423.000000, 2027.000000, 2483.000000, 1994.000000, 2484.000000,     small-vehicle,     1211
2462.000000, 2465.000000, 2499.000000, 2463.000000, 2499.000000, 2487.000000, 2462.000000, 2489.000000,     small-vehicle,     1216
2287.000000, 2416.000000, 2318.000000, 2414.000000, 2317.000000, 2474.000000, 2287.000000, 2475.000000,     small-vehicle,     1232
2000.000000, 2351.000000, 2030.000000, 2349.000000, 2030.000000, 2406.000000, 1999.000000, 2408.000000,     small-vehicle,     1236
1321.000000, 2415.000000, 1350.000000, 2413.000000, 1350.000000, 2487.000000, 1321.000000, 2488.000000,     small-vehicle,     1250
1986.000000, 2274.000000, 2015.000000, 2272.000000, 2014.000000, 2335.000000, 1986.000000, 2336.000000,     small-vehicle,     1254
2286.000000, 2233.000000, 2323.000000, 2232.000000, 2323.000000, 2302.000000, 2286.000000, 2303.000000,     small-vehicle,     1257
2306.000000, 2310.000000, 2343.000000, 2308.000000, 2343.000000, 2384.000000, 2306.000000, 2386.000000,     small-vehicle,     1258
1321.000000, 2300.000000, 1349.000000, 2299.000000, 1349.000000, 2372.000000, 1320.000000, 2373.000000,     small-vehicle,     1273
2270.000000, 2133.000000, 2296.000000, 2132.000000, 2296.000000, 2196.000000, 2269.000000, 2197.000000,     small-vehicle,     1277
1980.000000, 2181.000000, 2009.000000, 2179.000000, 2009.000000, 2248.000000, 1980.000000, 2250.000000,     small-vehicle,     1282
2222.000000, 2027.000000, 2251.000000, 2026.000000, 2251.000000, 2094.000000, 2221.000000, 2095.000000,     small-vehicle,     1290
1315.000000, 2220.000000, 1338.000000, 2219.000000, 1338.000000, 2260.000000, 1315.000000, 2261.000000,     small-vehicle,     1293
2299.000000, 2089.000000, 2330.000000, 2087.000000, 2330.000000, 2153.000000, 2299.000000, 2154.000000,     small-vehicle,     1298
2482.000000, 2540.000000, 2546.000000, 2537.000000, 2546.000000, 2566.000000, 2482.000000, 2569.000000,     small-vehicle,     1303
1973.000000, 2023.000000, 2002.000000, 2022.000000, 2002.000000, 2084.000000, 1973.000000, 2086.000000,     small-vehicle,     1309
1311.000000, 2082.000000, 1336.000000, 2081.000000, 1336.000000, 2140.000000, 1311.000000, 2141.000000,     small-vehicle,     1312
1305.000000, 1995.000000, 1332.000000, 1994.000000, 1332.000000, 2057.000000, 1305.000000, 2058.000000,     small-vehicle,     1330
1301.000000, 1920.000000, 1330.000000, 1918.000000, 1330.000000, 1988.000000, 1300.000000, 1989.000000,     small-vehicle,     1333
1966.000000, 1855.000000, 1993.000000, 1854.000000, 1992.000000, 1908.000000, 1966.000000, 1910.000000,     small-vehicle,     1337
2264.000000, 1791.000000, 2289.000000, 1790.000000, 2289.000000, 1859.000000, 2264.000000, 1860.000000,     small-vehicle,     1342
2777.000000, 2512.000000, 2844.000000, 2509.000000, 2844.000000, 2543.000000, 2777.000000, 2546.000000,     small-vehicle,     1347
1300.000000, 1859.000000, 1322.000000, 1858.000000, 1322.000000, 1908.000000, 1300.000000, 1909.000000,     small-vehicle,     1348
1987.000000, 1725.000000, 2018.000000, 1723.000000, 2018.000000, 1779.000000, 1987.000000, 1780.000000,     small-vehicle,     1360
2255.000000, 1725.000000, 2288.000000, 1724.000000, 2288.000000, 1788.000000, 2254.000000, 1789.000000,     small-vehicle,     1361
1388.000000, 1691.000000, 1441.000000, 1689.000000, 1441.000000, 1716.000000, 1388.000000, 1718.000000,     small-vehicle,     1364
567.000000, 1812.000000, 613.000000, 1810.000000, 613.000000, 1837.000000, 567.000000, 1839.000000,     small-vehicle,     1369
207.000000, 1755.000000, 261.000000, 1752.000000, 261.000000, 1784.000000, 207.000000, 1787.000000,     small-vehicle,     1373
443.000000, 1747.000000, 497.000000, 1745.000000, 497.000000, 1770.000000, 443.000000, 1773.000000,     small-vehicle,     1375
363.000000, 1748.000000, 425.000000, 1745.000000, 425.000000, 1776.000000, 363.000000, 1778.000000,     small-vehicle,     1377
1388.000000, 1752.000000, 1449.000000, 1749.000000, 1449.000000, 1781.000000, 1388.000000, 1784.000000,     small-vehicle,     1379
3705.000000, 2443.000000, 3772.000000, 2440.000000, 3772.000000, 2465.000000, 3705.000000, 2468.000000,     small-vehicle,     1381
1207.000000, 1703.000000, 1255.000000, 1701.000000, 1255.000000, 1724.000000, 1207.000000, 1726.000000,     small-vehicle,     1384
976.000000, 1712.000000, 1031.000000, 1710.000000, 1031.000000, 1740.000000, 976.000000, 1742.000000,     small-vehicle,     1385
1055.000000, 1711.000000, 1098.000000, 1709.000000, 1098.000000, 1735.000000, 1055.000000, 1737.000000,     small-vehicle,     1386
1257.000000, 1690.000000, 1324.000000, 1687.000000, 1324.000000, 1727.000000, 1257.000000, 1730.000000,     small-vehicle,     1387
1515.000000, 1683.000000, 1574.000000, 1681.000000, 1574.000000, 1710.000000, 1515.000000, 1712.000000,     small-vehicle,     1388
510.000000, 1741.000000, 555.000000, 1739.000000, 555.000000, 1762.000000, 510.000000, 1764.000000,     small-vehicle,     1389
2843.000000, 1585.000000, 2891.000000, 1583.000000, 2890.000000, 1607.000000, 2843.000000, 1609.000000,     small-vehicle,     1397
1292.000000, 1619.000000, 1319.000000, 1618.000000, 1319.000000, 1675.000000, 1292.000000, 1677.000000,     small-vehicle,     1399
1375.000000, 1723.000000, 1433.000000, 1720.000000, 1433.000000, 1749.000000, 1375.000000, 1752.000000,     small-vehicle,     1400
3635.000000, 2444.000000, 3704.000000, 2441.000000, 3703.000000, 2473.000000, 3634.000000, 2476.000000,     small-vehicle,     1402
2470.000000, 1616.000000, 2528.000000, 1613.000000, 2528.000000, 1636.000000, 2470.000000, 1639.000000,     small-vehicle,     1403
2689.000000, 1602.000000, 2743.000000, 1600.000000, 2743.000000, 1627.000000, 2688.000000, 1629.000000,     small-vehicle,     1405
3196.000000, 1566.000000, 3266.000000, 1562.000000, 3266.000000, 1588.000000, 3196.000000, 1591.000000,     small-vehicle,     1409
3397.000000, 1555.000000, 3451.000000, 1553.000000, 3451.000000, 1579.000000, 3397.000000, 1582.000000,     small-vehicle,     1410
3011.000000, 1572.000000, 3073.000000, 1569.000000, 3072.000000, 1598.000000, 3011.000000, 1601.000000,     small-vehicle,     1412
2797.000000, 1667.000000, 2853.000000, 1664.000000, 2853.000000, 1694.000000, 2797.000000, 1696.000000,     small-vehicle,     1416
3096.000000, 1567.000000, 3153.000000, 1564.000000, 3152.000000, 1593.000000, 3096.000000, 1596.000000,     small-vehicle,     1418
3540.000000, 1547.000000, 3604.000000, 1544.000000, 3604.000000, 1569.000000, 3540.000000, 1572.000000,     small-vehicle,     1420
3464.000000, 1548.000000, 3523.000000, 1545.000000, 3523.000000, 1573.000000, 3464.000000, 1576.000000,     small-vehicle,     1422
1462.000000, 1748.000000, 1519.000000, 1745.000000, 1519.000000, 1775.000000, 1462.000000, 1777.000000,     small-vehicle,     1423
2038.000000, 1917.000000, 2070.000000, 1915.000000, 2069.000000, 1977.000000, 2038.000000, 1979.000000,     small-vehicle,     1424
1996.000000, 2513.000000, 2025.000000, 2511.000000, 2024.000000, 2587.000000, 1996.000000, 2588.000000,     small-vehicle,     1425
2965.000000, 1509.000000, 2991.000000, 1508.000000, 2991.000000, 1561.000000, 2965.000000, 1562.000000,     small-vehicle,     1429
745.000000, 1729.000000, 795.000000, 1727.000000, 795.000000, 1752.000000, 745.000000, 1755.000000,     small-vehicle,     1433
1282.000000, 1360.000000, 1307.000000, 1358.000000, 1307.000000, 1411.000000, 1282.000000, 1412.000000,     small-vehicle,     1451
1965.000000, 1334.000000, 1991.000000, 1333.000000, 1990.000000, 1387.000000, 1965.000000, 1388.000000,     small-vehicle,     1452
2943.000000, 1280.000000, 2979.000000, 1279.000000, 2979.000000, 1343.000000, 2942.000000, 1344.000000,     small-vehicle,     1453
2257.000000, 1231.000000, 2287.000000, 1230.000000, 2287.000000, 1292.000000, 2256.000000, 1293.000000,     small-vehicle,     1458
2228.000000, 1236.000000, 2252.000000, 1235.000000, 2251.000000, 1289.000000, 2228.000000, 1290.000000,     small-vehicle,     1459
1649.000000, 1736.000000, 1703.000000, 1733.000000, 1703.000000, 1759.000000, 1649.000000, 1761.000000,     small-vehicle,     1460
1275.000000, 1267.000000, 1295.000000, 1266.000000, 1295.000000, 1316.000000, 1275.000000, 1317.000000,     small-vehicle,     1462
2226.000000, 1155.000000, 2254.000000, 1154.000000, 2254.000000, 1217.000000, 2226.000000, 1218.000000,     small-vehicle,     1467
1722.000000, 1729.000000, 1786.000000, 1726.000000, 1786.000000, 1752.000000, 1722.000000, 1755.000000,     small-vehicle,     1468
2260.000000, 1176.000000, 2288.000000, 1175.000000, 2287.000000, 1218.000000, 2260.000000, 1220.000000,     small-vehicle,     1478
1928.000000, 1122.000000, 1955.000000, 1121.000000, 1954.000000, 1180.000000, 1928.000000, 1181.000000,     small-vehicle,     1479
2301.000000, 2507.000000, 2380.000000, 2503.000000, 2380.000000, 2566.000000, 2301.000000, 2570.000000,     large-vehicle,     1487
1978.000000, 2103.000000, 2006.000000, 2102.000000, 2006.000000, 2163.000000, 1978.000000, 2164.000000,     small-vehicle,     1493
1981.000000, 2358.000000, 2004.000000, 2357.000000, 2003.000000, 2419.000000, 1981.000000, 2420.000000,     small-vehicle,     1498
1952.000000, 1074.000000, 1979.000000, 1073.000000, 1978.000000, 1130.000000, 1952.000000, 1131.000000,     small-vehicle,     1499
2361.000000, 1002.000000, 2427.000000, 999.000000, 2427.000000, 1030.000000, 2361.000000, 1033.000000,     small-vehicle,     1500
2128.000000, 757.000000, 2146.000000, 756.000000, 2146.000000, 785.000000, 2128.000000, 786.000000,     small-vehicle,     1503
1255.000000, 1033.000000, 1278.000000, 1032.000000, 1278.000000, 1079.000000, 1254.000000, 1080.000000,     small-vehicle,     1507
1572.000000, 1740.000000, 1637.000000, 1737.000000, 1637.000000, 1765.000000, 1572.000000, 1768.000000,     small-vehicle,     1508
2209.000000, 927.000000, 2236.000000, 926.000000, 2236.000000, 986.000000, 2209.000000, 987.000000,     small-vehicle,     1509
2614.000000, 1607.000000, 2674.000000, 1604.000000, 2674.000000, 1631.000000, 2614.000000, 1633.000000,     small-vehicle,     1510
2592.000000, 975.000000, 2650.000000, 973.000000, 2650.000000, 1000.000000, 2592.000000, 1003.000000,     small-vehicle,     1511
2929.000000, 924.000000, 2957.000000, 923.000000, 2957.000000, 986.000000, 2929.000000, 987.000000,     small-vehicle,     1515
1252.000000, 979.000000, 1280.000000, 978.000000, 1279.000000, 1030.000000, 1252.000000, 1031.000000,     small-vehicle,     1517
254.000000, 1785.000000, 311.000000, 1782.000000, 311.000000, 1830.000000, 254.000000, 1832.000000,     small-vehicle,     1518
1916.000000, 886.000000, 1942.000000, 885.000000, 1941.000000, 946.000000, 1916.000000, 947.000000,     small-vehicle,     1522
3101.000000, 1653.000000, 3168.000000, 1650.000000, 3168.000000, 1676.000000, 3100.000000, 1679.000000,     small-vehicle,     1525
2233.000000, 870.000000, 2261.000000, 868.000000, 2261.000000, 925.000000, 2233.000000, 926.000000,     small-vehicle,     1529
2504.000000, 1682.000000, 2537.000000, 1681.000000, 2537.000000, 1701.000000, 2504.000000, 1702.000000,     small-vehicle,     1530
2616.000000, 1677.000000, 2670.000000, 1674.000000, 2670.000000, 1700.000000, 2616.000000, 1702.000000,     small-vehicle,     1531
2443.000000, 994.000000, 2510.000000, 991.000000, 2509.000000, 1023.000000, 2443.000000, 1026.000000,     small-vehicle,     1532
2514.000000, 984.000000, 2578.000000, 981.000000, 2578.000000, 1014.000000, 2513.000000, 1017.000000,     small-vehicle,     1533
2231.000000, 785.000000, 2257.000000, 784.000000, 2256.000000, 839.000000, 2231.000000, 840.000000,     small-vehicle,     1536
1912.000000, 816.000000, 1941.000000, 814.000000, 1941.000000, 876.000000, 1912.000000, 878.000000,     small-vehicle,     1537
2542.000000, 1609.000000, 2593.000000, 1607.000000, 2592.000000, 1633.000000, 2542.000000, 1636.000000,     small-vehicle,     1541
1251.000000, 812.000000, 1274.000000, 811.000000, 1274.000000, 860.000000, 1251.000000, 861.000000,     small-vehicle,     1548
1920.000000, 746.000000, 1943.000000, 745.000000, 1943.000000, 803.000000, 1920.000000, 804.000000,     small-vehicle,     1549
2229.000000, 704.000000, 2257.000000, 703.000000, 2257.000000, 768.000000, 2229.000000, 770.000000,     small-vehicle,     1552
1243.000000, 732.000000, 1270.000000, 731.000000, 1270.000000, 783.000000, 1243.000000, 785.000000,     small-vehicle,     1554
1902.000000, 668.000000, 1930.000000, 666.000000, 1930.000000, 725.000000, 1901.000000, 726.000000,     small-vehicle,     1562
3410.000000, 1626.000000, 3484.000000, 1623.000000, 3484.000000, 1647.000000, 3410.000000, 1650.000000,     large-vehicle,     1564
1929.000000, 615.000000, 1955.000000, 614.000000, 1955.000000, 673.000000, 1928.000000, 674.000000,     small-vehicle,     1566
2913.000000, 696.000000, 2944.000000, 695.000000, 2944.000000, 746.000000, 2912.000000, 748.000000,     small-vehicle,     1567
3181.000000, 1644.000000, 3252.000000, 1641.000000, 3252.000000, 1664.000000, 3181.000000, 1667.000000,     small-vehicle,     1568
2316.000000, 2149.000000, 2339.000000, 2148.000000, 2339.000000, 2181.000000, 2316.000000, 2182.000000,     small-vehicle,     1570
2193.000000, 602.000000, 2224.000000, 601.000000, 2223.000000, 666.000000, 2193.000000, 668.000000,     small-vehicle,     1571
685.000000, 633.000000, 741.000000, 630.000000, 741.000000, 661.000000, 685.000000, 664.000000,     small-vehicle,     1573
816.000000, 621.000000, 872.000000, 618.000000, 872.000000, 648.000000, 816.000000, 650.000000,     small-vehicle,     1574
397.000000, 640.000000, 454.000000, 638.000000, 454.000000, 669.000000, 397.000000, 671.000000,     small-vehicle,     1575
886.000000, 617.000000, 940.000000, 615.000000, 940.000000, 644.000000, 886.000000, 646.000000,     small-vehicle,     1576
472.000000, 643.000000, 518.000000, 641.000000, 518.000000, 668.000000, 472.000000, 670.000000,     small-vehicle,     1578
3338.000000, 1635.000000, 3397.000000, 1632.000000, 3397.000000, 1659.000000, 3338.000000, 1662.000000,     small-vehicle,     1579
622.000000, 1265.000000, 654.000000, 1264.000000, 654.000000, 1329.000000, 622.000000, 1331.000000,     small-vehicle,     1582
754.000000, 625.000000, 803.000000, 623.000000, 803.000000, 652.000000, 754.000000, 654.000000,     small-vehicle,     1585
1730.000000, 528.000000, 1790.000000, 525.000000, 1790.000000, 558.000000, 1730.000000, 561.000000,     small-vehicle,     1586
1619.000000, 534.000000, 1671.000000, 531.000000, 1671.000000, 561.000000, 1619.000000, 564.000000,     small-vehicle,     1588
1234.000000, 581.000000, 1286.000000, 578.000000, 1286.000000, 606.000000, 1233.000000, 608.000000,     small-vehicle,     1589
1467.000000, 555.000000, 1522.000000, 553.000000, 1522.000000, 586.000000, 1467.000000, 588.000000,     small-vehicle,     1590
560.000000, 1538.000000, 589.000000, 1537.000000, 589.000000, 1620.000000, 560.000000, 1621.000000,     large-vehicle,     1592
345.000000, 573.000000, 373.000000, 572.000000, 373.000000, 629.000000, 345.000000, 631.000000,     small-vehicle,     1594
3412.000000, 1632.000000, 3484.000000, 1629.000000, 3484.000000, 1653.000000, 3412.000000, 1657.000000,     small-vehicle,     1595
1126.000000, 1708.000000, 1175.000000, 1705.000000, 1175.000000, 1730.000000, 1126.000000, 1732.000000,     small-vehicle,     1596
1953.000000, 1781.000000, 1976.000000, 1779.000000, 1976.000000, 1828.000000, 1953.000000, 1829.000000,     small-vehicle,     1597
