2063.000000, 3496.000000, 2094.000000, 3494.000000, 2095.000000, 3559.000000, 2065.000000, 3561.000000,     small-vehicle,     0
2396.000000, 3545.000000, 2424.000000, 3543.000000, 2425.000000, 3611.000000, 2399.000000, 3612.000000,     small-vehicle,     1
2071.000000, 3577.000000, 2096.000000, 3575.000000, 2097.000000, 3640.000000, 2073.000000, 3642.000000,     small-vehicle,     2
2264.000000, 4101.000000, 2289.000000, 4099.000000, 2290.000000, 4154.000000, 2265.000000, 4156.000000,     small-vehicle,     3
2078.000000, 3211.000000, 2104.000000, 3209.000000, 2106.000000, 3274.000000, 2079.000000, 3275.000000,     small-vehicle,     4
2414.000000, 3896.000000, 2443.000000, 3894.000000, 2444.000000, 3965.000000, 2417.000000, 3967.000000,     small-vehicle,     5
2386.000000, 3728.000000, 2414.000000, 3727.000000, 2416.000000, 3800.000000, 2388.000000, 3803.000000,     small-vehicle,     8
1449.000000, 3607.000000, 1480.000000, 3604.000000, 1480.000000, 3682.000000, 1450.000000, 3684.000000,     small-vehicle,     12
2391.000000, 3462.000000, 2421.000000, 3459.000000, 2423.000000, 3532.000000, 2392.000000, 3533.000000,     small-vehicle,     17
2367.000000, 3649.000000, 2420.000000, 3645.000000, 2422.000000, 3714.000000, 2369.000000, 3717.000000,     small-vehicle,     19
2090.000000, 3393.000000, 2120.000000, 3390.000000, 2122.000000, 3468.000000, 2092.000000, 3471.000000,     small-vehicle,     21
2426.000000, 3991.000000, 2455.000000, 3989.000000, 2457.000000, 4064.000000, 2427.000000, 4067.000000,     small-vehicle,     26
2324.000000, 3709.000000, 2359.000000, 3706.000000, 2362.000000, 3793.000000, 2326.000000, 3795.000000,     small-vehicle,     29
2404.000000, 3809.000000, 2438.000000, 3807.000000, 2440.000000, 3883.000000, 2405.000000, 3886.000000,     small-vehicle,     32
2166.000000, 3990.000000, 2193.000000, 3988.000000, 2195.000000, 4061.000000, 2167.000000, 4064.000000,     small-vehicle,     36
2389.000000, 3966.000000, 2419.000000, 3963.000000, 2420.000000, 4041.000000, 2392.000000, 4043.000000,     small-vehicle,     40
1386.000000, 3445.000000, 1443.000000, 3441.000000, 1443.000000, 3482.000000, 1387.000000, 3486.000000,     small-vehicle,     41
2427.000000, 4109.000000, 2462.000000, 4106.000000, 2464.000000, 4186.000000, 2429.000000, 4189.000000,     small-vehicle,     42
1451.000000, 3532.000000, 1478.000000, 3529.000000, 1479.000000, 3594.000000, 1451.000000, 3596.000000,     small-vehicle,     43
2356.000000, 3354.000000, 2381.000000, 3352.000000, 2384.000000, 3430.000000, 2357.000000, 3432.000000,     small-vehicle,     46
2415.000000, 3729.000000, 2441.000000, 3727.000000, 2442.000000, 3790.000000, 2417.000000, 3792.000000,     small-vehicle,     48
2284.000000, 2291.000000, 2342.000000, 2289.000000, 2344.000000, 2340.000000, 2285.000000, 2342.000000,     small-vehicle,     66
1440.000000, 3796.000000, 1472.000000, 3793.000000, 1472.000000, 3868.000000, 1440.000000, 3870.000000,     small-vehicle,     75
2215.000000, 4063.000000, 2243.000000, 4061.000000, 2245.000000, 4144.000000, 2217.000000, 4146.000000,     small-vehicle,     76
2111.000000, 4089.000000, 2138.000000, 4087.000000, 2139.000000, 4155.000000, 2113.000000, 4157.000000,     small-vehicle,     77
456.000000, 3602.000000, 519.000000, 3598.000000, 519.000000, 3629.000000, 455.000000, 3634.000000,     small-vehicle,     79
3020.000000, 3195.000000, 3062.000000, 3192.000000, 3063.000000, 3215.000000, 3020.000000, 3218.000000,     small-vehicle,     85
2347.000000, 3567.000000, 2375.000000, 3566.000000, 2377.000000, 3643.000000, 2348.000000, 3646.000000,     small-vehicle,     86
2255.000000, 3970.000000, 2285.000000, 3968.000000, 2287.000000, 4052.000000, 2257.000000, 4055.000000,     small-vehicle,     90
2159.000000, 4091.000000, 2189.000000, 4089.000000, 2191.000000, 4162.000000, 2161.000000, 4165.000000,     small-vehicle,     101
2130.000000, 4003.000000, 2161.000000, 4001.000000, 2161.000000, 4076.000000, 2132.000000, 4079.000000,     small-vehicle,     110
2308.000000, 3909.000000, 2337.000000, 3906.000000, 2339.000000, 3984.000000, 2309.000000, 3986.000000,     small-vehicle,     114
2069.000000, 3135.000000, 2100.000000, 3134.000000, 2102.000000, 3197.000000, 2070.000000, 3200.000000,     small-vehicle,     120
2201.000000, 3956.000000, 2233.000000, 3953.000000, 2234.000000, 4031.000000, 2203.000000, 4033.000000,     small-vehicle,     127
1438.000000, 3898.000000, 1465.000000, 3895.000000, 1465.000000, 3958.000000, 1438.000000, 3961.000000,     small-vehicle,     132
1430.000000, 4125.000000, 1458.000000, 4123.000000, 1459.000000, 4189.000000, 1430.000000, 4191.000000,     small-vehicle,     140
2113.000000, 3944.000000, 2135.000000, 3942.000000, 2136.000000, 3994.000000, 2114.000000, 3996.000000,     small-vehicle,     144
2223.000000, 2484.000000, 2254.000000, 2483.000000, 2256.000000, 2550.000000, 2224.000000, 2552.000000,     small-vehicle,     148
1813.000000, 3276.000000, 1877.000000, 3272.000000, 1877.000000, 3303.000000, 1813.000000, 3307.000000,     small-vehicle,     164
165.000000, 3600.000000, 246.000000, 3594.000000, 244.000000, 3630.000000, 164.000000, 3636.000000,     small-vehicle,     165
2917.000000, 3198.000000, 2983.000000, 3193.000000, 2984.000000, 3223.000000, 2919.000000, 3227.000000,     small-vehicle,     202
2082.000000, 3878.000000, 2110.000000, 3877.000000, 2111.000000, 3938.000000, 2083.000000, 3940.000000,     small-vehicle,     223
2182.000000, 2093.000000, 2216.000000, 2092.000000, 2219.000000, 2191.000000, 2184.000000, 2191.000000,     large-vehicle,     230
2103.000000, 3664.000000, 2144.000000, 3661.000000, 2146.000000, 3750.000000, 2105.000000, 3754.000000,     large-vehicle,     232
2296.000000, 3149.000000, 2329.000000, 3146.000000, 2331.000000, 3235.000000, 2298.000000, 3237.000000,     large-vehicle,     239
1149.000000, 4047.000000, 1210.000000, 4042.000000, 1209.000000, 4078.000000, 1149.000000, 4083.000000,     small-vehicle,     337
2159.000000, 3876.000000, 2189.000000, 3873.000000, 2191.000000, 3946.000000, 2160.000000, 3948.000000,     small-vehicle,     353
2890.000000, 3234.000000, 2952.000000, 3230.000000, 2954.000000, 3279.000000, 2892.000000, 3283.000000,     small-vehicle,     386
2236.000000, 3746.000000, 2265.000000, 3743.000000, 2267.000000, 3825.000000, 2237.000000, 3828.000000,     small-vehicle,     421
2243.000000, 3860.000000, 2274.000000, 3858.000000, 2275.000000, 3936.000000, 2245.000000, 3939.000000,     small-vehicle,     431
2038.000000, 3032.000000, 2066.000000, 3031.000000, 2067.000000, 3097.000000, 2039.000000, 3100.000000,     small-vehicle,     432
2068.000000, 3022.000000, 2097.000000, 3021.000000, 2097.000000, 3085.000000, 2069.000000, 3088.000000,     small-vehicle,     433
3126.000000, 3175.000000, 3187.000000, 3171.000000, 3189.000000, 3203.000000, 3128.000000, 3207.000000,     small-vehicle,     445
2206.000000, 3830.000000, 2231.000000, 3828.000000, 2232.000000, 3891.000000, 2207.000000, 3892.000000,     small-vehicle,     457
277.000000, 3601.000000, 351.000000, 3595.000000, 350.000000, 3620.000000, 276.000000, 3624.000000,     large-vehicle,     498
2164.000000, 3735.000000, 2191.000000, 3732.000000, 2192.000000, 3799.000000, 2166.000000, 3801.000000,     small-vehicle,     531
2313.000000, 2802.000000, 2340.000000, 2800.000000, 2341.000000, 2862.000000, 2314.000000, 2863.000000,     small-vehicle,     564
2349.000000, 2817.000000, 2377.000000, 2816.000000, 2379.000000, 2877.000000, 2351.000000, 2878.000000,     small-vehicle,     568
1692.000000, 3342.000000, 1747.000000, 3338.000000, 1747.000000, 3370.000000, 1693.000000, 3374.000000,     small-vehicle,     575
3601.000000, 3163.000000, 3660.000000, 3160.000000, 3662.000000, 3191.000000, 3603.000000, 3195.000000,     small-vehicle,     577
2343.000000, 2732.000000, 2370.000000, 2730.000000, 2371.000000, 2799.000000, 2345.000000, 2800.000000,     small-vehicle,     590
2081.000000, 3762.000000, 2123.000000, 3759.000000, 2125.000000, 3833.000000, 2083.000000, 3836.000000,     small-vehicle,     591
2043.000000, 2767.000000, 2076.000000, 2765.000000, 2078.000000, 2836.000000, 2045.000000, 2837.000000,     small-vehicle,     593
2754.000000, 3269.000000, 2812.000000, 3265.000000, 2813.000000, 3294.000000, 2755.000000, 3298.000000,     small-vehicle,     614
2325.000000, 2649.000000, 2353.000000, 2648.000000, 2355.000000, 2712.000000, 2327.000000, 2713.000000,     small-vehicle,     632
2131.000000, 3412.000000, 2162.000000, 3410.000000, 2164.000000, 3491.000000, 2132.000000, 3494.000000,     small-vehicle,     635
3020.000000, 3233.000000, 3079.000000, 3229.000000, 3080.000000, 3262.000000, 3022.000000, 3265.000000,     small-vehicle,     636
2010.000000, 2593.000000, 2038.000000, 2591.000000, 2040.000000, 2655.000000, 2010.000000, 2656.000000,     small-vehicle,     660
2292.000000, 3575.000000, 2320.000000, 3572.000000, 2322.000000, 3645.000000, 2293.000000, 3647.000000,     small-vehicle,     664
2326.000000, 2560.000000, 2355.000000, 2559.000000, 2356.000000, 2627.000000, 2328.000000, 2629.000000,     small-vehicle,     666
2227.000000, 3563.000000, 2254.000000, 3561.000000, 2255.000000, 3621.000000, 2227.000000, 3622.000000,     small-vehicle,     667
541.000000, 2709.000000, 600.000000, 2706.000000, 600.000000, 2731.000000, 540.000000, 2734.000000,     small-vehicle,     668
2004.000000, 2520.000000, 2032.000000, 2519.000000, 2032.000000, 2576.000000, 2005.000000, 2577.000000,     small-vehicle,     704
2324.000000, 2475.000000, 2348.000000, 2475.000000, 2350.000000, 2534.000000, 2326.000000, 2536.000000,     small-vehicle,     718
2625.000000, 3283.000000, 2680.000000, 3279.000000, 2682.000000, 3307.000000, 2626.000000, 3310.000000,     small-vehicle,     736
2111.000000, 3078.000000, 2146.000000, 3076.000000, 2148.000000, 3163.000000, 2113.000000, 3165.000000,     large-vehicle,     744
2562.000000, 3290.000000, 2619.000000, 3287.000000, 2621.000000, 3319.000000, 2563.000000, 3323.000000,     small-vehicle,     756
2279.000000, 2370.000000, 2312.000000, 2369.000000, 2314.000000, 2447.000000, 2281.000000, 2448.000000,     small-vehicle,     761
1997.000000, 2439.000000, 2029.000000, 2437.000000, 2031.000000, 2504.000000, 1998.000000, 2505.000000,     small-vehicle,     762
1897.000000, 3347.000000, 1954.000000, 3343.000000, 1955.000000, 3364.000000, 1898.000000, 3368.000000,     small-vehicle,     765
3290.000000, 3200.000000, 3349.000000, 3196.000000, 3350.000000, 3229.000000, 3292.000000, 3233.000000,     small-vehicle,     789
3736.000000, 3142.000000, 3802.000000, 3138.000000, 3805.000000, 3174.000000, 3739.000000, 3178.000000,     small-vehicle,     792
1985.000000, 2295.000000, 2015.000000, 2294.000000, 2016.000000, 2362.000000, 1986.000000, 2363.000000,     small-vehicle,     813
3423.000000, 2305.000000, 3442.000000, 2305.000000, 3445.000000, 2366.000000, 3425.000000, 2366.000000,     small-vehicle,     815
2112.000000, 2603.000000, 2141.000000, 2601.000000, 2143.000000, 2669.000000, 2113.000000, 2670.000000,     small-vehicle,     816
2506.000000, 2307.000000, 2554.000000, 2306.000000, 2555.000000, 2339.000000, 2507.000000, 2340.000000,     small-vehicle,     818
2700.000000, 3258.000000, 2750.000000, 3255.000000, 2753.000000, 3316.000000, 2702.000000, 3319.000000,     small-vehicle,     824
1996.000000, 2246.000000, 2018.000000, 2246.000000, 2019.000000, 2288.000000, 1996.000000, 2289.000000,     small-vehicle,     840
2487.000000, 2227.000000, 2542.000000, 2226.000000, 2543.000000, 2253.000000, 2487.000000, 2255.000000,     small-vehicle,     841
2548.000000, 2214.000000, 2607.000000, 2212.000000, 2608.000000, 2248.000000, 2549.000000, 2251.000000,     small-vehicle,     845
1313.000000, 3464.000000, 1376.000000, 3460.000000, 1375.000000, 3498.000000, 1313.000000, 3503.000000,     small-vehicle,     846
1794.000000, 2745.000000, 1854.000000, 2742.000000, 1854.000000, 2767.000000, 1794.000000, 2770.000000,     small-vehicle,     847
2176.000000, 3536.000000, 2219.000000, 3533.000000, 2220.000000, 3634.000000, 2178.000000, 3637.000000,     large-vehicle,     856
2108.000000, 2437.000000, 2135.000000, 2435.000000, 2136.000000, 2498.000000, 2109.000000, 2498.000000,     small-vehicle,     867
2813.000000, 2191.000000, 2870.000000, 2190.000000, 2872.000000, 2221.000000, 2814.000000, 2223.000000,     small-vehicle,     870
627.000000, 2716.000000, 709.000000, 2712.000000, 708.000000, 2742.000000, 627.000000, 2746.000000,     small-vehicle,     871
2938.000000, 2173.000000, 2996.000000, 2171.000000, 2997.000000, 2197.000000, 2940.000000, 2200.000000,     small-vehicle,     875
1618.000000, 3351.000000, 1681.000000, 3347.000000, 1681.000000, 3392.000000, 1618.000000, 3396.000000,     small-vehicle,     876
3188.000000, 3123.000000, 3236.000000, 3119.000000, 3237.000000, 3149.000000, 3190.000000, 3152.000000,     small-vehicle,     877
3413.000000, 2220.000000, 3438.000000, 2219.000000, 3441.000000, 2272.000000, 3415.000000, 2273.000000,     small-vehicle,     878
2745.000000, 2193.000000, 2791.000000, 2192.000000, 2792.000000, 2220.000000, 2746.000000, 2221.000000,     small-vehicle,     879
2684.000000, 2202.000000, 2738.000000, 2201.000000, 2739.000000, 2236.000000, 2685.000000, 2237.000000,     small-vehicle,     880
2113.000000, 3854.000000, 2142.000000, 3851.000000, 2143.000000, 3928.000000, 2115.000000, 3930.000000,     small-vehicle,     884
1972.000000, 2187.000000, 1992.000000, 2188.000000, 1994.000000, 2246.000000, 1972.000000, 2247.000000,     small-vehicle,     885
3477.000000, 2106.000000, 3529.000000, 2105.000000, 3531.000000, 2134.000000, 3478.000000, 2135.000000,     small-vehicle,     886
3118.000000, 2149.000000, 3183.000000, 2148.000000, 3185.000000, 2175.000000, 3120.000000, 2177.000000,     small-vehicle,     889
1400.000000, 2505.000000, 1423.000000, 2504.000000, 1424.000000, 2559.000000, 1400.000000, 2560.000000,     small-vehicle,     890
1972.000000, 2118.000000, 2000.000000, 2118.000000, 2001.000000, 2188.000000, 1973.000000, 2188.000000,     small-vehicle,     892
3246.000000, 2136.000000, 3301.000000, 2135.000000, 3303.000000, 2166.000000, 3247.000000, 2168.000000,     small-vehicle,     893
3421.000000, 2110.000000, 3474.000000, 2109.000000, 3475.000000, 2137.000000, 3423.000000, 2139.000000,     small-vehicle,     894
3033.000000, 2156.000000, 3092.000000, 2154.000000, 3094.000000, 2189.000000, 3035.000000, 2190.000000,     small-vehicle,     895
3581.000000, 2090.000000, 3637.000000, 2088.000000, 3639.000000, 2117.000000, 3583.000000, 2119.000000,     small-vehicle,     897
3426.000000, 2189.000000, 3466.000000, 2189.000000, 3467.000000, 2213.000000, 3427.000000, 2215.000000,     small-vehicle,     901
2879.000000, 2179.000000, 2934.000000, 2177.000000, 2935.000000, 2207.000000, 2881.000000, 2208.000000,     small-vehicle,     904
661.000000, 3174.000000, 730.000000, 3170.000000, 729.000000, 3209.000000, 661.000000, 3213.000000,     small-vehicle,     909
3231.000000, 2218.000000, 3285.000000, 2216.000000, 3287.000000, 2248.000000, 3232.000000, 2249.000000,     small-vehicle,     916
2285.000000, 2031.000000, 2315.000000, 2029.000000, 2317.000000, 2095.000000, 2286.000000, 2097.000000,     small-vehicle,     917
896.000000, 3563.000000, 960.000000, 3559.000000, 960.000000, 3599.000000, 896.000000, 3604.000000,     small-vehicle,     919
2265.000000, 2075.000000, 2295.000000, 2074.000000, 2297.000000, 2139.000000, 2266.000000, 2140.000000,     small-vehicle,     921
3718.000000, 2069.000000, 3763.000000, 2068.000000, 3765.000000, 2096.000000, 3720.000000, 2097.000000,     small-vehicle,     924
2064.000000, 2376.000000, 2094.000000, 2375.000000, 2095.000000, 2440.000000, 2065.000000, 2442.000000,     small-vehicle,     930
2356.000000, 3488.000000, 2390.000000, 3485.000000, 2391.000000, 3558.000000, 2358.000000, 3559.000000,     small-vehicle,     941
3663.000000, 3154.000000, 3733.000000, 3150.000000, 3735.000000, 3181.000000, 3665.000000, 3185.000000,     small-vehicle,     943
2278.000000, 1945.000000, 2308.000000, 1945.000000, 2310.000000, 2015.000000, 2280.000000, 2015.000000,     small-vehicle,     944
2332.000000, 4120.000000, 2374.000000, 4117.000000, 2376.000000, 4208.000000, 2335.000000, 4211.000000,     small-vehicle,     945
1964.000000, 1977.000000, 1994.000000, 1975.000000, 1995.000000, 2041.000000, 1965.000000, 2041.000000,     small-vehicle,     949
3350.000000, 3193.000000, 3414.000000, 3189.000000, 3416.000000, 3215.000000, 3352.000000, 3219.000000,     small-vehicle,     951
3573.000000, 3077.000000, 3636.000000, 3073.000000, 3638.000000, 3105.000000, 3575.000000, 3109.000000,     small-vehicle,     953
3168.000000, 2228.000000, 3223.000000, 2226.000000, 3225.000000, 2256.000000, 3170.000000, 2257.000000,     small-vehicle,     962
1087.000000, 1968.000000, 1138.000000, 1967.000000, 1138.000000, 1999.000000, 1087.000000, 2000.000000,     small-vehicle,     964
872.000000, 1983.000000, 940.000000, 1982.000000, 940.000000, 2014.000000, 871.000000, 2015.000000,     small-vehicle,     966
3581.000000, 2172.000000, 3625.000000, 2170.000000, 3627.000000, 2194.000000, 3581.000000, 2196.000000,     small-vehicle,     969
1263.000000, 1961.000000, 1291.000000, 1960.000000, 1290.000000, 2012.000000, 1263.000000, 2013.000000,     small-vehicle,     971
3094.000000, 3227.000000, 3162.000000, 3223.000000, 3163.000000, 3258.000000, 3096.000000, 3262.000000,     small-vehicle,     972
1660.000000, 2748.000000, 1722.000000, 2745.000000, 1722.000000, 2772.000000, 1660.000000, 2775.000000,     small-vehicle,     973
1257.000000, 2193.000000, 1299.000000, 2192.000000, 1299.000000, 2222.000000, 1257.000000, 2222.000000,     small-vehicle,     975
2015.000000, 2849.000000, 2037.000000, 2848.000000, 2038.000000, 2899.000000, 2016.000000, 2900.000000,     small-vehicle,     976
2082.000000, 2119.000000, 2109.000000, 2119.000000, 2111.000000, 2188.000000, 2082.000000, 2189.000000,     small-vehicle,     980
1957.000000, 1906.000000, 1986.000000, 1905.000000, 1987.000000, 1968.000000, 1958.000000, 1968.000000,     small-vehicle,     981
3728.000000, 3065.000000, 3782.000000, 3062.000000, 3784.000000, 3079.000000, 3730.000000, 3082.000000,     large-vehicle,     982
2244.000000, 1906.000000, 2273.000000, 1906.000000, 2274.000000, 1976.000000, 2245.000000, 1976.000000,     small-vehicle,     986
1012.000000, 1973.000000, 1069.000000, 1973.000000, 1068.000000, 2002.000000, 1012.000000, 2003.000000,     small-vehicle,     987
2170.000000, 3285.000000, 2198.000000, 3283.000000, 2200.000000, 3342.000000, 2171.000000, 3345.000000,     small-vehicle,     988
1163.000000, 1962.000000, 1224.000000, 1962.000000, 1224.000000, 1990.000000, 1163.000000, 1992.000000,     small-vehicle,     989
773.000000, 1896.000000, 843.000000, 1895.000000, 842.000000, 1932.000000, 772.000000, 1934.000000,     small-vehicle,     990
2123.000000, 2852.000000, 2152.000000, 2850.000000, 2153.000000, 2925.000000, 2124.000000, 2927.000000,     small-vehicle,     991
2660.000000, 2288.000000, 2706.000000, 2286.000000, 2706.000000, 2313.000000, 2661.000000, 2314.000000,     small-vehicle,     994
99.000000, 1982.000000, 155.000000, 1981.000000, 154.000000, 2008.000000, 98.000000, 2010.000000,     small-vehicle,     995
1982.000000, 1824.000000, 2010.000000, 1824.000000, 2012.000000, 1886.000000, 1983.000000, 1887.000000,     small-vehicle,     996
374.000000, 1946.000000, 433.000000, 1946.000000, 432.000000, 1976.000000, 374.000000, 1976.000000,     small-vehicle,     997
1956.000000, 1841.000000, 1982.000000, 1841.000000, 1983.000000, 1903.000000, 1957.000000, 1904.000000,     small-vehicle,     998
2276.000000, 1868.000000, 2303.000000, 1868.000000, 2305.000000, 1932.000000, 2277.000000, 1934.000000,     small-vehicle,     1001
1447.000000, 2802.000000, 1552.000000, 2797.000000, 1552.000000, 2840.000000, 1448.000000, 2845.000000,     large-vehicle,     1007
446.000000, 1942.000000, 501.000000, 1940.000000, 501.000000, 1968.000000, 445.000000, 1970.000000,     small-vehicle,     1008
1149.000000, 1870.000000, 1222.000000, 1869.000000, 1222.000000, 1900.000000, 1149.000000, 1901.000000,     small-vehicle,     1009
2045.000000, 2179.000000, 2073.000000, 2179.000000, 2075.000000, 2257.000000, 2046.000000, 2258.000000,     small-vehicle,     1010
985.000000, 1882.000000, 1054.000000, 1881.000000, 1052.000000, 1913.000000, 984.000000, 1914.000000,     small-vehicle,     1012
679.000000, 1898.000000, 733.000000, 1897.000000, 733.000000, 1928.000000, 678.000000, 1929.000000,     small-vehicle,     1013
1067.000000, 1874.000000, 1122.000000, 1874.000000, 1122.000000, 1904.000000, 1067.000000, 1905.000000,     small-vehicle,     1014
2334.000000, 2936.000000, 2361.000000, 2934.000000, 2362.000000, 3014.000000, 2337.000000, 3016.000000,     small-vehicle,     1015
2762.000000, 3170.000000, 2809.000000, 3168.000000, 2811.000000, 3198.000000, 2764.000000, 3202.000000,     small-vehicle,     1016
2272.000000, 1801.000000, 2296.000000, 1801.000000, 2296.000000, 1852.000000, 2274.000000, 1852.000000,     small-vehicle,     1017
2378.000000, 3863.000000, 2410.000000, 3861.000000, 2413.000000, 3941.000000, 2381.000000, 3944.000000,     small-vehicle,     1018
1190.000000, 2764.000000, 1257.000000, 2761.000000, 1257.000000, 2794.000000, 1190.000000, 2797.000000,     small-vehicle,     1019
952.000000, 2777.000000, 1012.000000, 2775.000000, 1012.000000, 2800.000000, 952.000000, 2803.000000,     small-vehicle,     1021
2365.000000, 2928.000000, 2389.000000, 2927.000000, 2390.000000, 2978.000000, 2366.000000, 2979.000000,     small-vehicle,     1022
2036.000000, 1891.000000, 2066.000000, 1890.000000, 2066.000000, 1957.000000, 2037.000000, 1958.000000,     small-vehicle,     1032
2641.000000, 1789.000000, 2668.000000, 1789.000000, 2670.000000, 1847.000000, 2644.000000, 1848.000000,     small-vehicle,     1033
2553.000000, 3193.000000, 2610.000000, 3189.000000, 2611.000000, 3214.000000, 2554.000000, 3218.000000,     small-vehicle,     1034
1305.000000, 2915.000000, 1376.000000, 2912.000000, 1376.000000, 2952.000000, 1305.000000, 2956.000000,     small-vehicle,     1035
2046.000000, 2639.000000, 2075.000000, 2637.000000, 2076.000000, 2705.000000, 2048.000000, 2706.000000,     large-vehicle,     1036
2045.000000, 2633.000000, 2074.000000, 2632.000000, 2074.000000, 2701.000000, 2047.000000, 2702.000000,     small-vehicle,     1037
2616.000000, 2308.000000, 2656.000000, 2306.000000, 2658.000000, 2369.000000, 2617.000000, 2371.000000,     small-vehicle,     1038
1954.000000, 1755.000000, 1979.000000, 1754.000000, 1980.000000, 1819.000000, 1955.000000, 1819.000000,     small-vehicle,     1039
240.000000, 2802.000000, 311.000000, 2799.000000, 310.000000, 2831.000000, 239.000000, 2834.000000,     small-vehicle,     1040
2377.000000, 3872.000000, 2411.000000, 3869.000000, 2413.000000, 3947.000000, 2380.000000, 3949.000000,     large-vehicle,     1041
826.000000, 2781.000000, 885.000000, 2778.000000, 885.000000, 2808.000000, 825.000000, 2811.000000,     small-vehicle,     1042
2334.000000, 4115.000000, 2371.000000, 4111.000000, 2372.000000, 4196.000000, 2337.000000, 4200.000000,     large-vehicle,     1044
3092.000000, 3221.000000, 3160.000000, 3217.000000, 3162.000000, 3252.000000, 3093.000000, 3257.000000,     large-vehicle,     1045
2125.000000, 2860.000000, 2152.000000, 2859.000000, 2153.000000, 2941.000000, 2127.000000, 2942.000000,     large-vehicle,     1046
2401.000000, 1790.000000, 2425.000000, 1790.000000, 2426.000000, 1842.000000, 2402.000000, 1842.000000,     small-vehicle,     1048
323.000000, 2796.000000, 391.000000, 2793.000000, 390.000000, 2820.000000, 322.000000, 2823.000000,     small-vehicle,     1049
2242.000000, 2965.000000, 2271.000000, 2963.000000, 2272.000000, 3042.000000, 2245.000000, 3044.000000,     small-vehicle,     1050
