2154.000000, 1417.000000, 2182.000000, 1416.000000, 2183.000000, 1479.000000, 2156.000000, 1479.000000,     small-vehicle,     148
2312.000000, 2232.000000, 2340.000000, 2231.000000, 2342.000000, 2284.000000, 2313.000000, 2285.000000,     small-vehicle,     1086
2305.000000, 2156.000000, 2332.000000, 2155.000000, 2333.000000, 2218.000000, 2308.000000, 2220.000000,     small-vehicle,     1113
1989.000000, 2190.000000, 2015.000000, 2189.000000, 2017.000000, 2251.000000, 1990.000000, 2252.000000,     small-vehicle,     1115
1258.000000, 2237.000000, 1313.000000, 2235.000000, 1313.000000, 2263.000000, 1258.000000, 2266.000000,     small-vehicle,     1116
1177.000000, 2241.000000, 1227.000000, 2239.000000, 1227.000000, 2268.000000, 1177.000000, 2271.000000,     small-vehicle,     1135
1980.000000, 2100.000000, 2009.000000, 2099.000000, 2011.000000, 2162.000000, 1981.000000, 2164.000000,     small-vehicle,     1140
2009.000000, 2064.000000, 2056.000000, 2062.000000, 2059.000000, 2207.000000, 2013.000000, 2209.000000,     large-vehicle,     1141
2270.000000, 2106.000000, 2300.000000, 2104.000000, 2302.000000, 2166.000000, 2271.000000, 2167.000000,     small-vehicle,     1142
1977.000000, 2021.000000, 2007.000000, 2019.000000, 2009.000000, 2086.000000, 1979.000000, 2087.000000,     small-vehicle,     1168
2267.000000, 2006.000000, 2294.000000, 2006.000000, 2296.000000, 2075.000000, 2270.000000, 2076.000000,     small-vehicle,     1175
1309.000000, 2086.000000, 1335.000000, 2085.000000, 1335.000000, 2145.000000, 1310.000000, 2146.000000,     small-vehicle,     1179
1995.000000, 1907.000000, 2027.000000, 1906.000000, 2029.000000, 1974.000000, 1997.000000, 1975.000000,     small-vehicle,     1205
1966.000000, 1842.000000, 1997.000000, 1840.000000, 1998.000000, 1907.000000, 1968.000000, 1907.000000,     small-vehicle,     1211
2422.000000, 1878.000000, 2463.000000, 1876.000000, 2463.000000, 1897.000000, 2423.000000, 1899.000000,     small-vehicle,     1216
2248.000000, 1829.000000, 2279.000000, 1827.000000, 2280.000000, 1890.000000, 2250.000000, 1891.000000,     small-vehicle,     1232
1967.000000, 1765.000000, 1998.000000, 1764.000000, 1999.000000, 1824.000000, 1968.000000, 1824.000000,     small-vehicle,     1236
1297.000000, 1788.000000, 1325.000000, 1787.000000, 1325.000000, 1857.000000, 1298.000000, 1858.000000,     small-vehicle,     1250
1953.000000, 1688.000000, 1982.000000, 1687.000000, 1983.000000, 1751.000000, 1954.000000, 1753.000000,     small-vehicle,     1254
2242.000000, 1646.000000, 2279.000000, 1646.000000, 2281.000000, 1716.000000, 2244.000000, 1717.000000,     small-vehicle,     1257
2265.000000, 1724.000000, 2300.000000, 1722.000000, 2303.000000, 1799.000000, 2268.000000, 1800.000000,     small-vehicle,     1258
1293.000000, 1672.000000, 1322.000000, 1671.000000, 1322.000000, 1742.000000, 1293.000000, 1744.000000,     small-vehicle,     1273
2223.000000, 1554.000000, 2247.000000, 1553.000000, 2249.000000, 1614.000000, 2224.000000, 1615.000000,     small-vehicle,     1277
1946.000000, 1600.000000, 1974.000000, 1599.000000, 1975.000000, 1669.000000, 1948.000000, 1669.000000,     small-vehicle,     1282
2295.000000, 2898.000000, 2324.000000, 2895.000000, 2327.000000, 2975.000000, 2297.000000, 2978.000000,     small-vehicle,     1290
1286.000000, 1596.000000, 1310.000000, 1595.000000, 1310.000000, 1636.000000, 1286.000000, 1637.000000,     small-vehicle,     1293
2250.000000, 1503.000000, 2278.000000, 1503.000000, 2281.000000, 1572.000000, 2251.000000, 1572.000000,     small-vehicle,     1298
2443.000000, 1952.000000, 2501.000000, 1950.000000, 2502.000000, 1975.000000, 2445.000000, 1978.000000,     small-vehicle,     1303
1934.000000, 1442.000000, 1960.000000, 1441.000000, 1962.000000, 1502.000000, 1935.000000, 1504.000000,     small-vehicle,     1309
1283.000000, 1459.000000, 1305.000000, 1459.000000, 1305.000000, 1515.000000, 1283.000000, 1516.000000,     small-vehicle,     1312
1276.000000, 1372.000000, 1306.000000, 1371.000000, 1305.000000, 1435.000000, 1276.000000, 1437.000000,     small-vehicle,     1330
1273.000000, 1303.000000, 1302.000000, 1303.000000, 1302.000000, 1369.000000, 1273.000000, 1371.000000,     small-vehicle,     1333
1924.000000, 1279.000000, 1949.000000, 1278.000000, 1951.000000, 1334.000000, 1925.000000, 1335.000000,     small-vehicle,     1337
2205.000000, 1216.000000, 2228.000000, 1215.000000, 2231.000000, 1283.000000, 2207.000000, 1283.000000,     small-vehicle,     1342
2718.000000, 1919.000000, 2781.000000, 1916.000000, 2783.000000, 1950.000000, 2719.000000, 1953.000000,     small-vehicle,     1347
1270.000000, 1241.000000, 1294.000000, 1241.000000, 1294.000000, 1293.000000, 1270.000000, 1293.000000,     small-vehicle,     1348
1939.000000, 1148.000000, 1968.000000, 1147.000000, 1970.000000, 1205.000000, 1939.000000, 1205.000000,     small-vehicle,     1360
2194.000000, 1149.000000, 2225.000000, 1149.000000, 2227.000000, 1210.000000, 2196.000000, 1212.000000,     small-vehicle,     1361
1359.000000, 1086.000000, 1412.000000, 1086.000000, 1412.000000, 1114.000000, 1360.000000, 1115.000000,     small-vehicle,     1364
534.000000, 1188.000000, 581.000000, 1187.000000, 581.000000, 1215.000000, 534.000000, 1216.000000,     small-vehicle,     1369
167.000000, 1120.000000, 223.000000, 1120.000000, 222.000000, 1152.000000, 165.000000, 1154.000000,     small-vehicle,     1373
412.000000, 1120.000000, 465.000000, 1119.000000, 465.000000, 1144.000000, 411.000000, 1145.000000,     small-vehicle,     1375
329.000000, 1114.000000, 394.000000, 1113.000000, 393.000000, 1148.000000, 328.000000, 1148.000000,     small-vehicle,     1377
1358.000000, 1148.000000, 1419.000000, 1146.000000, 1419.000000, 1178.000000, 1358.000000, 1179.000000,     small-vehicle,     1379
3583.000000, 1868.000000, 3635.000000, 1866.000000, 3638.000000, 1893.000000, 3586.000000, 1896.000000,     small-vehicle,     1381
1181.000000, 1093.000000, 1231.000000, 1092.000000, 1231.000000, 1115.000000, 1180.000000, 1117.000000,     small-vehicle,     1384
952.000000, 1100.000000, 1006.000000, 1099.000000, 1006.000000, 1126.000000, 952.000000, 1128.000000,     small-vehicle,     1385
1030.000000, 1099.000000, 1076.000000, 1099.000000, 1075.000000, 1124.000000, 1030.000000, 1125.000000,     small-vehicle,     1386
1232.000000, 1080.000000, 1296.000000, 1079.000000, 1296.000000, 1120.000000, 1232.000000, 1122.000000,     small-vehicle,     1387
1486.000000, 1083.000000, 1543.000000, 1082.000000, 1543.000000, 1109.000000, 1487.000000, 1110.000000,     small-vehicle,     1388
476.000000, 1116.000000, 525.000000, 1115.000000, 524.000000, 1137.000000, 475.000000, 1139.000000,     small-vehicle,     1389
2739.000000, 1021.000000, 2777.000000, 1020.000000, 2778.000000, 1045.000000, 2740.000000, 1045.000000,     small-vehicle,     1397
1266.000000, 1016.000000, 1292.000000, 1015.000000, 1292.000000, 1070.000000, 1265.000000, 1070.000000,     small-vehicle,     1399
1352.000000, 1116.000000, 1406.000000, 1115.000000, 1406.000000, 1147.000000, 1352.000000, 1147.000000,     small-vehicle,     1400
3517.000000, 1869.000000, 3579.000000, 1867.000000, 3581.000000, 1899.000000, 3520.000000, 1902.000000,     small-vehicle,     1402
2391.000000, 1042.000000, 2446.000000, 1041.000000, 2447.000000, 1063.000000, 2392.000000, 1064.000000,     small-vehicle,     1403
2604.000000, 1035.000000, 2643.000000, 1034.000000, 2644.000000, 1058.000000, 2604.000000, 1059.000000,     small-vehicle,     1405
3053.000000, 1012.000000, 3116.000000, 1011.000000, 3117.000000, 1036.000000, 3055.000000, 1037.000000,     small-vehicle,     1409
3234.000000, 1007.000000, 3282.000000, 1007.000000, 3284.000000, 1031.000000, 3235.000000, 1032.000000,     small-vehicle,     1410
2887.000000, 1015.000000, 2942.000000, 1014.000000, 2944.000000, 1040.000000, 2889.000000, 1040.000000,     small-vehicle,     1412
2697.000000, 1099.000000, 2749.000000, 1097.000000, 2751.000000, 1126.000000, 2699.000000, 1127.000000,     small-vehicle,     1416
2963.000000, 1011.000000, 3018.000000, 1010.000000, 3020.000000, 1038.000000, 2965.000000, 1039.000000,     small-vehicle,     1418
3360.000000, 1004.000000, 3417.000000, 1002.000000, 3418.000000, 1027.000000, 3362.000000, 1028.000000,     small-vehicle,     1420
3293.000000, 1002.000000, 3348.000000, 1001.000000, 3350.000000, 1028.000000, 3295.000000, 1028.000000,     small-vehicle,     1422
1428.000000, 1146.000000, 1485.000000, 1144.000000, 1485.000000, 1173.000000, 1429.000000, 1175.000000,     small-vehicle,     1423
1994.000000, 1309.000000, 2022.000000, 1308.000000, 2024.000000, 1367.000000, 1995.000000, 1368.000000,     small-vehicle,     1424
1969.000000, 1930.000000, 1997.000000, 1928.000000, 1999.000000, 2005.000000, 1972.000000, 2006.000000,     small-vehicle,     1425
2843.000000, 950.000000, 2867.000000, 950.000000, 2869.000000, 1003.000000, 2846.000000, 1003.000000,     small-vehicle,     1429
721.000000, 1108.000000, 769.000000, 1107.000000, 769.000000, 1133.000000, 720.000000, 1134.000000,     small-vehicle,     1433
2067.000000, 2201.000000, 2094.000000, 2200.000000, 2096.000000, 2254.000000, 2068.000000, 2255.000000,     small-vehicle,     1438
1254.000000, 762.000000, 1279.000000, 762.000000, 1279.000000, 810.000000, 1254.000000, 811.000000,     small-vehicle,     1451
1910.000000, 758.000000, 1933.000000, 758.000000, 1934.000000, 810.000000, 1911.000000, 810.000000,     small-vehicle,     1452
2811.000000, 737.000000, 2843.000000, 737.000000, 2846.000000, 795.000000, 2814.000000, 796.000000,     small-vehicle,     1453
2180.000000, 670.000000, 2209.000000, 670.000000, 2210.000000, 729.000000, 2181.000000, 729.000000,     small-vehicle,     1458
2153.000000, 674.000000, 2175.000000, 673.000000, 2177.000000, 724.000000, 2155.000000, 725.000000,     small-vehicle,     1459
1614.000000, 1137.000000, 1667.000000, 1136.000000, 1668.000000, 1162.000000, 1615.000000, 1163.000000,     small-vehicle,     1460
1248.000000, 671.000000, 1268.000000, 671.000000, 1269.000000, 714.000000, 1248.000000, 715.000000,     small-vehicle,     1462
2149.000000, 598.000000, 2174.000000, 598.000000, 2176.000000, 655.000000, 2151.000000, 655.000000,     small-vehicle,     1467
1689.000000, 1134.000000, 1745.000000, 1133.000000, 1746.000000, 1156.000000, 1688.000000, 1158.000000,     small-vehicle,     1468
2181.000000, 619.000000, 2207.000000, 619.000000, 2208.000000, 660.000000, 2182.000000, 661.000000,     small-vehicle,     1478
1871.000000, 558.000000, 1894.000000, 558.000000, 1896.000000, 611.000000, 1872.000000, 611.000000,     small-vehicle,     1479
2264.000000, 1925.000000, 2338.000000, 1921.000000, 2340.000000, 1989.000000, 2266.000000, 1992.000000,     large-vehicle,     1487
1940.000000, 1511.000000, 1968.000000, 1510.000000, 1970.000000, 1570.000000, 1942.000000, 1571.000000,     small-vehicle,     1493
1949.000000, 1769.000000, 1973.000000, 1768.000000, 1975.000000, 1832.000000, 1950.000000, 1833.000000,     small-vehicle,     1498
1890.000000, 513.000000, 1917.000000, 513.000000, 1918.000000, 564.000000, 1892.000000, 565.000000,     small-vehicle,     1499
2269.000000, 463.000000, 2329.000000, 463.000000, 2329.000000, 489.000000, 2270.000000, 490.000000,     small-vehicle,     1500
2047.000000, 245.000000, 2064.000000, 245.000000, 2065.000000, 273.000000, 2048.000000, 274.000000,     small-vehicle,     1503
1228.000000, 445.000000, 1252.000000, 445.000000, 1252.000000, 493.000000, 1228.000000, 493.000000,     small-vehicle,     1507
1540.000000, 1141.000000, 1601.000000, 1139.000000, 1601.000000, 1166.000000, 1540.000000, 1167.000000,     small-vehicle,     1508
2127.000000, 386.000000, 2151.000000, 386.000000, 2153.000000, 441.000000, 2128.000000, 441.000000,     small-vehicle,     1509
2526.000000, 1037.000000, 2580.000000, 1036.000000, 2581.000000, 1060.000000, 2527.000000, 1061.000000,     small-vehicle,     1510
2476.000000, 443.000000, 2530.000000, 443.000000, 2532.000000, 472.000000, 2478.000000, 472.000000,     small-vehicle,     1511
2781.000000, 414.000000, 2803.000000, 414.000000, 2806.000000, 468.000000, 2783.000000, 468.000000,     small-vehicle,     1515
1227.000000, 396.000000, 1253.000000, 396.000000, 1253.000000, 445.000000, 1227.000000, 445.000000,     small-vehicle,     1517
212.000000, 1152.000000, 273.000000, 1151.000000, 272.000000, 1202.000000, 210.000000, 1204.000000,     small-vehicle,     1518
1853.000000, 337.000000, 1877.000000, 337.000000, 1878.000000, 393.000000, 1854.000000, 393.000000,     small-vehicle,     1522
2974.000000, 1094.000000, 3035.000000, 1092.000000, 3036.000000, 1116.000000, 2976.000000, 1117.000000,     small-vehicle,     1525
2145.000000, 334.000000, 2172.000000, 334.000000, 2173.000000, 386.000000, 2147.000000, 386.000000,     small-vehicle,     1529
2420.000000, 1105.000000, 2458.000000, 1104.000000, 2458.000000, 1124.000000, 2421.000000, 1125.000000,     small-vehicle,     1530
2530.000000, 1105.000000, 2581.000000, 1105.000000, 2583.000000, 1129.000000, 2531.000000, 1130.000000,     small-vehicle,     1531
2344.000000, 457.000000, 2404.000000, 456.000000, 2406.000000, 487.000000, 2345.000000, 488.000000,     small-vehicle,     1532
2408.000000, 455.000000, 2467.000000, 454.000000, 2468.000000, 481.000000, 2409.000000, 480.000000,     small-vehicle,     1533
2141.000000, 257.000000, 2165.000000, 257.000000, 2166.000000, 307.000000, 2142.000000, 307.000000,     small-vehicle,     1536
1848.000000, 271.000000, 1875.000000, 271.000000, 1877.000000, 326.000000, 1850.000000, 326.000000,     small-vehicle,     1537
2457.000000, 1036.000000, 2505.000000, 1036.000000, 2506.000000, 1062.000000, 2458.000000, 1062.000000,     small-vehicle,     1541
1224.000000, 240.000000, 1247.000000, 240.000000, 1247.000000, 288.000000, 1224.000000, 287.000000,     small-vehicle,     1548
1853.000000, 207.000000, 1875.000000, 207.000000, 1876.000000, 260.000000, 1854.000000, 261.000000,     small-vehicle,     1549
2137.000000, 187.000000, 2163.000000, 187.000000, 2165.000000, 242.000000, 2139.000000, 242.000000,     small-vehicle,     1552
1216.000000, 159.000000, 1242.000000, 159.000000, 1242.000000, 216.000000, 1216.000000, 216.000000,     small-vehicle,     1554
2046.000000, 318.000000, 2064.000000, 318.000000, 2065.000000, 342.000000, 2047.000000, 342.000000,     small-vehicle,     1556
1836.000000, 136.000000, 1862.000000, 136.000000, 1863.000000, 189.000000, 1837.000000, 189.000000,     small-vehicle,     1562
3252.000000, 1079.000000, 3317.000000, 1078.000000, 3319.000000, 1103.000000, 3254.000000, 1104.000000,     large-vehicle,     1564
1859.000000, 87.000000, 1883.000000, 88.000000, 1884.000000, 142.000000, 1860.000000, 142.000000,     small-vehicle,     1566
2753.000000, 200.000000, 2780.000000, 200.000000, 2782.000000, 260.000000, 2757.000000, 260.000000,     small-vehicle,     1567
3047.000000, 1089.000000, 3109.000000, 1089.000000, 3111.000000, 1113.000000, 3049.000000, 1114.000000,     small-vehicle,     1568
2263.000000, 1559.000000, 2290.000000, 1558.000000, 2291.000000, 1594.000000, 2265.000000, 1595.000000,     small-vehicle,     1570
2102.000000, 92.000000, 2130.000000, 92.000000, 2132.000000, 149.000000, 2102.000000, 149.000000,     small-vehicle,     1571
676.000000, 44.000000, 735.000000, 45.000000, 734.000000, 74.000000, 676.000000, 74.000000,     small-vehicle,     1573
807.000000, 42.000000, 858.000000, 43.000000, 857.000000, 68.000000, 806.000000, 68.000000,     small-vehicle,     1574
396.000000, 39.000000, 452.000000, 39.000000, 451.000000, 69.000000, 395.000000, 69.000000,     small-vehicle,     1575
870.000000, 41.000000, 923.000000, 42.000000, 922.000000, 69.000000, 870.000000, 68.000000,     small-vehicle,     1576
3254.000000, 1075.000000, 3317.000000, 1073.000000, 3319.000000, 1097.000000, 3256.000000, 1098.000000,     small-vehicle,     1577
469.000000, 46.000000, 519.000000, 46.000000, 518.000000, 71.000000, 468.000000, 70.000000,     small-vehicle,     1578
3189.000000, 1086.000000, 3241.000000, 1085.000000, 3242.000000, 1109.000000, 3190.000000, 1111.000000,     small-vehicle,     1579
1250.000000, 718.000000, 1275.000000, 717.000000, 1275.000000, 751.000000, 1250.000000, 751.000000,     small-vehicle,     1580
3428.000000, 985.000000, 3471.000000, 985.000000, 3473.000000, 1009.000000, 3429.000000, 1010.000000,     small-vehicle,     1581
604.000000, 644.000000, 635.000000, 644.000000, 634.000000, 697.000000, 603.000000, 697.000000,     small-vehicle,     1582
2145.000000, 122.000000, 2162.000000, 121.000000, 2163.000000, 165.000000, 2147.000000, 164.000000,     small-vehicle,     1583
2263.000000, 1708.000000, 2297.000000, 1707.000000, 2300.000000, 1786.000000, 2266.000000, 1786.000000,     large-vehicle,     1584
746.000000, 42.000000, 795.000000, 43.000000, 795.000000, 71.000000, 746.000000, 70.000000,     small-vehicle,     1585
