2064.000000, 3496.000000, 2094.000000, 3494.000000, 2095.000000, 3559.000000, 2066.000000, 3561.000000,     small-vehicle,     0
2395.000000, 3543.000000, 2426.000000, 3540.000000, 2427.000000, 3613.000000, 2398.000000, 3615.000000,     small-vehicle,     1
2071.000000, 3577.000000, 2097.000000, 3575.000000, 2098.000000, 3640.000000, 2073.000000, 3642.000000,     small-vehicle,     2
2078.000000, 3214.000000, 2104.000000, 3213.000000, 2106.000000, 3271.000000, 2079.000000, 3273.000000,     small-vehicle,     4
2386.000000, 3727.000000, 2414.000000, 3725.000000, 2416.000000, 3800.000000, 2388.000000, 3803.000000,     small-vehicle,     8
1449.000000, 3607.000000, 1481.000000, 3604.000000, 1481.000000, 3682.000000, 1450.000000, 3684.000000,     small-vehicle,     12
2390.000000, 3462.000000, 2422.000000, 3459.000000, 2424.000000, 3532.000000, 2391.000000, 3533.000000,     small-vehicle,     17
2366.000000, 3647.000000, 2420.000000, 3642.000000, 2423.000000, 3715.000000, 2368.000000, 3720.000000,     small-vehicle,     19
2090.000000, 3394.000000, 2120.000000, 3391.000000, 2122.000000, 3467.000000, 2092.000000, 3470.000000,     small-vehicle,     21
2326.000000, 3713.000000, 2356.000000, 3711.000000, 2359.000000, 3788.000000, 2329.000000, 3791.000000,     small-vehicle,     29
2404.000000, 3818.000000, 2438.000000, 3815.000000, 2440.000000, 3875.000000, 2405.000000, 3878.000000,     small-vehicle,     32
1385.000000, 3444.000000, 1444.000000, 3440.000000, 1444.000000, 3483.000000, 1386.000000, 3487.000000,     small-vehicle,     41
1450.000000, 3533.000000, 1479.000000, 3530.000000, 1480.000000, 3593.000000, 1450.000000, 3596.000000,     small-vehicle,     43
2356.000000, 3354.000000, 2381.000000, 3352.000000, 2384.000000, 3431.000000, 2357.000000, 3434.000000,     small-vehicle,     46
2415.000000, 3729.000000, 2441.000000, 3727.000000, 2442.000000, 3790.000000, 2417.000000, 3792.000000,     small-vehicle,     48
2285.000000, 2299.000000, 2341.000000, 2298.000000, 2342.000000, 2333.000000, 2285.000000, 2334.000000,     small-vehicle,     66
1439.000000, 3790.000000, 1473.000000, 3788.000000, 1473.000000, 3872.000000, 1439.000000, 3875.000000,     small-vehicle,     75
457.000000, 3601.000000, 518.000000, 3597.000000, 518.000000, 3632.000000, 456.000000, 3636.000000,     small-vehicle,     79
3021.000000, 3195.000000, 3060.000000, 3192.000000, 3061.000000, 3216.000000, 3021.000000, 3219.000000,     small-vehicle,     85
2347.000000, 3566.000000, 2375.000000, 3565.000000, 2378.000000, 3644.000000, 2349.000000, 3647.000000,     small-vehicle,     86
2306.000000, 3910.000000, 2338.000000, 3907.000000, 2340.000000, 3984.000000, 2307.000000, 3986.000000,     small-vehicle,     114
2070.000000, 3135.000000, 2099.000000, 3134.000000, 2101.000000, 3197.000000, 2071.000000, 3200.000000,     small-vehicle,     120
1438.000000, 3903.000000, 1464.000000, 3901.000000, 1464.000000, 3953.000000, 1438.000000, 3956.000000,     small-vehicle,     132
2224.000000, 2484.000000, 2252.000000, 2483.000000, 2254.000000, 2552.000000, 2225.000000, 2553.000000,     small-vehicle,     148
2917.000000, 3197.000000, 2984.000000, 3192.000000, 2985.000000, 3225.000000, 2919.000000, 3228.000000,     small-vehicle,     202
2183.000000, 2092.000000, 2216.000000, 2091.000000, 2219.000000, 2191.000000, 2185.000000, 2191.000000,     large-vehicle,     230
2104.000000, 3664.000000, 2143.000000, 3661.000000, 2145.000000, 3750.000000, 2106.000000, 3754.000000,     large-vehicle,     232
2891.000000, 3237.000000, 2950.000000, 3234.000000, 2952.000000, 3277.000000, 2893.000000, 3281.000000,     small-vehicle,     386
2234.000000, 3745.000000, 2266.000000, 3742.000000, 2268.000000, 3825.000000, 2236.000000, 3828.000000,     small-vehicle,     421
2038.000000, 3031.000000, 2065.000000, 3030.000000, 2066.000000, 3100.000000, 2039.000000, 3101.000000,     small-vehicle,     432
2067.000000, 3022.000000, 2098.000000, 3021.000000, 2098.000000, 3085.000000, 2068.000000, 3088.000000,     small-vehicle,     433
3127.000000, 3175.000000, 3187.000000, 3171.000000, 3189.000000, 3203.000000, 3129.000000, 3207.000000,     small-vehicle,     445
273.000000, 3602.000000, 355.000000, 3596.000000, 355.000000, 3617.000000, 273.000000, 3623.000000,     large-vehicle,     498
2163.000000, 3734.000000, 2192.000000, 3731.000000, 2193.000000, 3800.000000, 2165.000000, 3802.000000,     small-vehicle,     531
2314.000000, 2802.000000, 2339.000000, 2800.000000, 2340.000000, 2863.000000, 2315.000000, 2864.000000,     small-vehicle,     564
2349.000000, 2816.000000, 2378.000000, 2814.000000, 2380.000000, 2878.000000, 2351.000000, 2879.000000,     small-vehicle,     568
1690.000000, 3343.000000, 1749.000000, 3339.000000, 1749.000000, 3368.000000, 1690.000000, 3372.000000,     small-vehicle,     575
3604.000000, 3165.000000, 3657.000000, 3163.000000, 3658.000000, 3190.000000, 3606.000000, 3194.000000,     small-vehicle,     577
2343.000000, 2731.000000, 2370.000000, 2729.000000, 2371.000000, 2801.000000, 2345.000000, 2802.000000,     small-vehicle,     590
2082.000000, 3762.000000, 2123.000000, 3759.000000, 2125.000000, 3833.000000, 2084.000000, 3836.000000,     small-vehicle,     591
2043.000000, 2767.000000, 2076.000000, 2765.000000, 2078.000000, 2836.000000, 2045.000000, 2837.000000,     small-vehicle,     593
2752.000000, 3268.000000, 2813.000000, 3264.000000, 2815.000000, 3296.000000, 2753.000000, 3300.000000,     small-vehicle,     614
2325.000000, 2648.000000, 2353.000000, 2646.000000, 2355.000000, 2712.000000, 2327.000000, 2713.000000,     small-vehicle,     632
2131.000000, 3410.000000, 2161.000000, 3407.000000, 2163.000000, 3493.000000, 2132.000000, 3495.000000,     small-vehicle,     635
3020.000000, 3233.000000, 3080.000000, 3229.000000, 3081.000000, 3263.000000, 3022.000000, 3266.000000,     small-vehicle,     636
2011.000000, 2592.000000, 2037.000000, 2590.000000, 2039.000000, 2657.000000, 2011.000000, 2658.000000,     small-vehicle,     660
2291.000000, 3574.000000, 2320.000000, 3571.000000, 2322.000000, 3645.000000, 2292.000000, 3647.000000,     small-vehicle,     664
2326.000000, 2560.000000, 2355.000000, 2559.000000, 2356.000000, 2627.000000, 2328.000000, 2629.000000,     small-vehicle,     666
2227.000000, 3563.000000, 2253.000000, 3561.000000, 2254.000000, 3621.000000, 2227.000000, 3622.000000,     small-vehicle,     667
2004.000000, 2520.000000, 2032.000000, 2519.000000, 2032.000000, 2576.000000, 2005.000000, 2577.000000,     small-vehicle,     704
2321.000000, 2471.000000, 2351.000000, 2470.000000, 2354.000000, 2539.000000, 2323.000000, 2540.000000,     small-vehicle,     718
2562.000000, 3291.000000, 2618.000000, 3288.000000, 2620.000000, 3319.000000, 2563.000000, 3323.000000,     small-vehicle,     756
2279.000000, 2371.000000, 2312.000000, 2370.000000, 2314.000000, 2447.000000, 2281.000000, 2448.000000,     small-vehicle,     761
1998.000000, 2439.000000, 2028.000000, 2437.000000, 2030.000000, 2504.000000, 1999.000000, 2505.000000,     small-vehicle,     762
1898.000000, 3346.000000, 1954.000000, 3342.000000, 1955.000000, 3364.000000, 1899.000000, 3368.000000,     small-vehicle,     765
3289.000000, 3200.000000, 3349.000000, 3196.000000, 3350.000000, 3229.000000, 3291.000000, 3233.000000,     small-vehicle,     789
3737.000000, 3142.000000, 3801.000000, 3138.000000, 3804.000000, 3173.000000, 3740.000000, 3177.000000,     small-vehicle,     792
1985.000000, 2295.000000, 2015.000000, 2294.000000, 2016.000000, 2362.000000, 1986.000000, 2363.000000,     small-vehicle,     813
3421.000000, 2305.000000, 3444.000000, 2305.000000, 3447.000000, 2366.000000, 3424.000000, 2366.000000,     small-vehicle,     815
2112.000000, 2604.000000, 2141.000000, 2602.000000, 2143.000000, 2667.000000, 2113.000000, 2668.000000,     small-vehicle,     816
2505.000000, 2308.000000, 2555.000000, 2307.000000, 2556.000000, 2337.000000, 2506.000000, 2339.000000,     small-vehicle,     818
2701.000000, 3258.000000, 2750.000000, 3255.000000, 2753.000000, 3315.000000, 2703.000000, 3318.000000,     small-vehicle,     824
1996.000000, 2246.000000, 2017.000000, 2246.000000, 2018.000000, 2288.000000, 1996.000000, 2289.000000,     small-vehicle,     840
2488.000000, 2228.000000, 2542.000000, 2227.000000, 2543.000000, 2252.000000, 2488.000000, 2254.000000,     small-vehicle,     841
2548.000000, 2216.000000, 2608.000000, 2214.000000, 2609.000000, 2247.000000, 2549.000000, 2250.000000,     small-vehicle,     845
1313.000000, 3464.000000, 1375.000000, 3460.000000, 1374.000000, 3500.000000, 1313.000000, 3504.000000,     small-vehicle,     846
1794.000000, 2742.000000, 1854.000000, 2740.000000, 1854.000000, 2770.000000, 1794.000000, 2773.000000,     small-vehicle,     847
2176.000000, 3536.000000, 2220.000000, 3533.000000, 2221.000000, 3634.000000, 2178.000000, 3637.000000,     large-vehicle,     856
2107.000000, 2438.000000, 2136.000000, 2436.000000, 2137.000000, 2498.000000, 2108.000000, 2498.000000,     small-vehicle,     867
2816.000000, 2193.000000, 2869.000000, 2192.000000, 2870.000000, 2218.000000, 2817.000000, 2220.000000,     small-vehicle,     870
633.000000, 2719.000000, 701.000000, 2716.000000, 701.000000, 2740.000000, 633.000000, 2742.000000,     small-vehicle,     871
2940.000000, 2173.000000, 2995.000000, 2171.000000, 2995.000000, 2196.000000, 2941.000000, 2199.000000,     small-vehicle,     875
1619.000000, 3351.000000, 1681.000000, 3347.000000, 1681.000000, 3392.000000, 1619.000000, 3396.000000,     small-vehicle,     876
3414.000000, 2218.000000, 3438.000000, 2218.000000, 3441.000000, 2273.000000, 3416.000000, 2274.000000,     small-vehicle,     878
2745.000000, 2195.000000, 2792.000000, 2194.000000, 2793.000000, 2217.000000, 2745.000000, 2219.000000,     small-vehicle,     879
2685.000000, 2205.000000, 2738.000000, 2204.000000, 2739.000000, 2234.000000, 2686.000000, 2235.000000,     small-vehicle,     880
2113.000000, 3881.000000, 2144.000000, 3879.000000, 2144.000000, 3901.000000, 2113.000000, 3903.000000,     small-vehicle,     884
1972.000000, 2191.000000, 1992.000000, 2191.000000, 1993.000000, 2243.000000, 1973.000000, 2244.000000,     small-vehicle,     885
3480.000000, 2106.000000, 3526.000000, 2105.000000, 3528.000000, 2133.000000, 3481.000000, 2134.000000,     small-vehicle,     886
3120.000000, 2149.000000, 3182.000000, 2148.000000, 3184.000000, 2175.000000, 3122.000000, 2177.000000,     small-vehicle,     889
1377.000000, 2517.000000, 1447.000000, 2514.000000, 1447.000000, 2549.000000, 1377.000000, 2551.000000,     small-vehicle,     890
1972.000000, 2117.000000, 2000.000000, 2117.000000, 2001.000000, 2188.000000, 1973.000000, 2188.000000,     small-vehicle,     892
3245.000000, 2137.000000, 3302.000000, 2136.000000, 3303.000000, 2166.000000, 3247.000000, 2168.000000,     small-vehicle,     893
3421.000000, 2110.000000, 3475.000000, 2109.000000, 3476.000000, 2138.000000, 3422.000000, 2140.000000,     small-vehicle,     894
3034.000000, 2155.000000, 3092.000000, 2154.000000, 3094.000000, 2188.000000, 3036.000000, 2189.000000,     small-vehicle,     895
3582.000000, 2089.000000, 3635.000000, 2088.000000, 3637.000000, 2118.000000, 3585.000000, 2119.000000,     small-vehicle,     897
2881.000000, 2181.000000, 2932.000000, 2179.000000, 2933.000000, 2205.000000, 2882.000000, 2206.000000,     small-vehicle,     904
662.000000, 3171.000000, 730.000000, 3168.000000, 729.000000, 3210.000000, 662.000000, 3214.000000,     small-vehicle,     909
3231.000000, 2218.000000, 3285.000000, 2216.000000, 3287.000000, 2248.000000, 3232.000000, 2249.000000,     small-vehicle,     916
2284.000000, 2029.000000, 2316.000000, 2027.000000, 2318.000000, 2098.000000, 2285.000000, 2100.000000,     small-vehicle,     917
2263.000000, 2073.000000, 2296.000000, 2073.000000, 2298.000000, 2140.000000, 2265.000000, 2141.000000,     small-vehicle,     921
3720.000000, 2070.000000, 3762.000000, 2068.000000, 3764.000000, 2096.000000, 3722.000000, 2097.000000,     small-vehicle,     924
2064.000000, 2377.000000, 2093.000000, 2376.000000, 2094.000000, 2439.000000, 2065.000000, 2441.000000,     small-vehicle,     930
3662.000000, 3154.000000, 3733.000000, 3150.000000, 3735.000000, 3180.000000, 3664.000000, 3184.000000,     small-vehicle,     943
2278.000000, 1944.000000, 2309.000000, 1944.000000, 2311.000000, 2015.000000, 2280.000000, 2015.000000,     small-vehicle,     944
1965.000000, 1978.000000, 1993.000000, 1976.000000, 1994.000000, 2041.000000, 1966.000000, 2041.000000,     small-vehicle,     949
3583.000000, 3078.000000, 3628.000000, 3075.000000, 3629.000000, 3103.000000, 3585.000000, 3105.000000,     small-vehicle,     953
3168.000000, 2228.000000, 3224.000000, 2226.000000, 3226.000000, 2257.000000, 3170.000000, 2258.000000,     small-vehicle,     962
1087.000000, 1966.000000, 1137.000000, 1965.000000, 1137.000000, 2000.000000, 1087.000000, 2001.000000,     small-vehicle,     964
873.000000, 1984.000000, 940.000000, 1983.000000, 940.000000, 2013.000000, 872.000000, 2014.000000,     small-vehicle,     966
3581.000000, 2171.000000, 3624.000000, 2169.000000, 3626.000000, 2196.000000, 3582.000000, 2198.000000,     small-vehicle,     969
1262.000000, 1961.000000, 1291.000000, 1960.000000, 1290.000000, 2012.000000, 1262.000000, 2012.000000,     small-vehicle,     971
1660.000000, 2746.000000, 1722.000000, 2744.000000, 1722.000000, 2772.000000, 1660.000000, 2775.000000,     small-vehicle,     973
1258.000000, 2195.000000, 1299.000000, 2194.000000, 1299.000000, 2221.000000, 1258.000000, 2221.000000,     small-vehicle,     975
2014.000000, 2849.000000, 2038.000000, 2848.000000, 2039.000000, 2900.000000, 2015.000000, 2901.000000,     small-vehicle,     976
2080.000000, 2120.000000, 2111.000000, 2119.000000, 2113.000000, 2188.000000, 2081.000000, 2189.000000,     small-vehicle,     980
1958.000000, 1907.000000, 1986.000000, 1907.000000, 1987.000000, 1967.000000, 1959.000000, 1967.000000,     small-vehicle,     981
2244.000000, 1910.000000, 2272.000000, 1909.000000, 2274.000000, 1972.000000, 2245.000000, 1972.000000,     small-vehicle,     986
1011.000000, 1973.000000, 1070.000000, 1973.000000, 1069.000000, 2003.000000, 1011.000000, 2004.000000,     small-vehicle,     987
2170.000000, 3285.000000, 2198.000000, 3283.000000, 2200.000000, 3342.000000, 2171.000000, 3345.000000,     small-vehicle,     988
1164.000000, 1963.000000, 1224.000000, 1963.000000, 1224.000000, 1990.000000, 1164.000000, 1992.000000,     small-vehicle,     989
774.000000, 1897.000000, 843.000000, 1896.000000, 842.000000, 1930.000000, 773.000000, 1932.000000,     small-vehicle,     990
2657.000000, 2286.000000, 2708.000000, 2285.000000, 2708.000000, 2314.000000, 2658.000000, 2315.000000,     small-vehicle,     994
96.000000, 1982.000000, 158.000000, 1981.000000, 157.000000, 2008.000000, 95.000000, 2010.000000,     small-vehicle,     995
1983.000000, 1823.000000, 2010.000000, 1823.000000, 2012.000000, 1886.000000, 1984.000000, 1886.000000,     small-vehicle,     996
373.000000, 1946.000000, 435.000000, 1946.000000, 435.000000, 1974.000000, 373.000000, 1975.000000,     small-vehicle,     997
1956.000000, 1843.000000, 1982.000000, 1843.000000, 1982.000000, 1899.000000, 1957.000000, 1900.000000,     small-vehicle,     998
2276.000000, 1871.000000, 2303.000000, 1871.000000, 2305.000000, 1930.000000, 2277.000000, 1931.000000,     small-vehicle,     1001
445.000000, 1941.000000, 502.000000, 1939.000000, 502.000000, 1968.000000, 444.000000, 1970.000000,     small-vehicle,     1008
1147.000000, 1870.000000, 1223.000000, 1869.000000, 1223.000000, 1900.000000, 1147.000000, 1901.000000,     small-vehicle,     1009
2045.000000, 2179.000000, 2074.000000, 2178.000000, 2076.000000, 2257.000000, 2046.000000, 2258.000000,     small-vehicle,     1010
985.000000, 1883.000000, 1053.000000, 1882.000000, 1052.000000, 1912.000000, 984.000000, 1913.000000,     small-vehicle,     1012
682.000000, 1898.000000, 731.000000, 1897.000000, 730.000000, 1928.000000, 681.000000, 1929.000000,     small-vehicle,     1013
1066.000000, 1874.000000, 1123.000000, 1874.000000, 1123.000000, 1905.000000, 1066.000000, 1906.000000,     small-vehicle,     1014
2273.000000, 1802.000000, 2295.000000, 1802.000000, 2296.000000, 1850.000000, 2275.000000, 1851.000000,     small-vehicle,     1017
950.000000, 2777.000000, 1014.000000, 2775.000000, 1014.000000, 2800.000000, 950.000000, 2803.000000,     small-vehicle,     1021
2034.000000, 1891.000000, 2068.000000, 1889.000000, 2068.000000, 1958.000000, 2035.000000, 1960.000000,     small-vehicle,     1032
2641.000000, 1788.000000, 2669.000000, 1788.000000, 2671.000000, 1846.000000, 2644.000000, 1848.000000,     small-vehicle,     1033
2617.000000, 2309.000000, 2655.000000, 2307.000000, 2657.000000, 2369.000000, 2618.000000, 2371.000000,     small-vehicle,     1038
1953.000000, 1756.000000, 1979.000000, 1755.000000, 1980.000000, 1818.000000, 1954.000000, 1818.000000,     small-vehicle,     1039
822.000000, 2780.000000, 890.000000, 2777.000000, 890.000000, 2810.000000, 821.000000, 2813.000000,     small-vehicle,     1042
2242.000000, 2963.000000, 2271.000000, 2962.000000, 2272.000000, 3042.000000, 2245.000000, 3044.000000,     small-vehicle,     1050
2035.000000, 2963.000000, 2061.000000, 2961.000000, 2063.000000, 3023.000000, 2037.000000, 3024.000000,     small-vehicle,     1052
1121.000000, 2778.000000, 1166.000000, 2776.000000, 1166.000000, 2803.000000, 1121.000000, 2806.000000,     small-vehicle,     1053
2233.000000, 1714.000000, 2258.000000, 1713.000000, 2259.000000, 1768.000000, 2234.000000, 1768.000000,     small-vehicle,     1056
2046.000000, 2627.000000, 2075.000000, 2626.000000, 2075.000000, 2690.000000, 2048.000000, 2691.000000,     large-vehicle,     1062
1188.000000, 2765.000000, 1258.000000, 2762.000000, 1258.000000, 2791.000000, 1188.000000, 2794.000000,     large-vehicle,     1065
3326.000000, 2089.000000, 3358.000000, 2089.000000, 3360.000000, 2111.000000, 3327.000000, 2111.000000,     small-vehicle,     1067
3435.000000, 2399.000000, 3456.000000, 2399.000000, 3458.000000, 2442.000000, 3437.000000, 2443.000000,     small-vehicle,     1069
3201.000000, 3219.000000, 3262.000000, 3215.000000, 3262.000000, 3245.000000, 3202.000000, 3248.000000,     small-vehicle,     1070
3112.000000, 2226.000000, 3160.000000, 2225.000000, 3162.000000, 2264.000000, 3113.000000, 2266.000000,     small-vehicle,     1071
532.000000, 1713.000000, 567.000000, 1714.000000, 566.000000, 1769.000000, 530.000000, 1770.000000,     small-vehicle,     1076
2267.000000, 2715.000000, 2300.000000, 2713.000000, 2302.000000, 2802.000000, 2269.000000, 2804.000000,     large-vehicle,     1078
1947.000000, 1673.000000, 1971.000000, 1673.000000, 1973.000000, 1734.000000, 1947.000000, 1734.000000,     small-vehicle,     1079
2257.000000, 1635.000000, 2283.000000, 1635.000000, 2283.000000, 1689.000000, 2258.000000, 1689.000000,     small-vehicle,     1086
2755.000000, 1773.000000, 2783.000000, 1772.000000, 2785.000000, 1839.000000, 2758.000000, 1840.000000,     small-vehicle,     1088
2129.000000, 3377.000000, 2165.000000, 3374.000000, 2168.000000, 3464.000000, 2130.000000, 3467.000000,     large-vehicle,     1091
1262.000000, 1651.000000, 1290.000000, 1651.000000, 1290.000000, 1716.000000, 1262.000000, 1717.000000,     small-vehicle,     1092
1794.000000, 1992.000000, 1849.000000, 1990.000000, 1850.000000, 2019.000000, 1795.000000, 2020.000000,     small-vehicle,     1099
1264.000000, 1594.000000, 1285.000000, 1594.000000, 1285.000000, 1639.000000, 1264.000000, 1639.000000,     small-vehicle,     1104
2398.000000, 3399.000000, 2421.000000, 3397.000000, 2421.000000, 3449.000000, 2399.000000, 3451.000000,     small-vehicle,     1105
2252.000000, 1568.000000, 2275.000000, 1567.000000, 2276.000000, 1618.000000, 2254.000000, 1618.000000,     small-vehicle,     1113
1941.000000, 1585.000000, 1967.000000, 1585.000000, 1968.000000, 1647.000000, 1942.000000, 1647.000000,     small-vehicle,     1115
1223.000000, 1560.000000, 1267.000000, 1559.000000, 1267.000000, 1589.000000, 1223.000000, 1590.000000,     small-vehicle,     1116
2403.000000, 1810.000000, 2425.000000, 1809.000000, 2427.000000, 1856.000000, 2404.000000, 1856.000000,     small-vehicle,     1117
2630.000000, 3283.000000, 2680.000000, 3279.000000, 2682.000000, 3310.000000, 2631.000000, 3313.000000,     small-vehicle,     1118
2145.000000, 3153.000000, 2174.000000, 3151.000000, 2176.000000, 3227.000000, 2146.000000, 3229.000000,     small-vehicle,     1120
853.000000, 1561.000000, 907.000000, 1560.000000, 907.000000, 1597.000000, 852.000000, 1597.000000,     small-vehicle,     1121
3447.000000, 2550.000000, 3475.000000, 2549.000000, 3479.000000, 2611.000000, 3450.000000, 2612.000000,     small-vehicle,     1122
2363.000000, 2996.000000, 2396.000000, 2994.000000, 2398.000000, 3106.000000, 2366.000000, 3108.000000,     large-vehicle,     1131
1135.000000, 1558.000000, 1186.000000, 1558.000000, 1186.000000, 1588.000000, 1135.000000, 1588.000000,     small-vehicle,     1135
2385.000000, 2471.000000, 2402.000000, 2471.000000, 2403.000000, 2497.000000, 2385.000000, 2498.000000,     small-vehicle,     1136
2046.000000, 2644.000000, 2076.000000, 2642.000000, 2077.000000, 2710.000000, 2048.000000, 2711.000000,     small-vehicle,     1138
780.000000, 1487.000000, 838.000000, 1486.000000, 838.000000, 1514.000000, 779.000000, 1514.000000,     small-vehicle,     1139
1932.000000, 1496.000000, 1961.000000, 1496.000000, 1962.000000, 1559.000000, 1933.000000, 1559.000000,     small-vehicle,     1140
1963.000000, 1465.000000, 2005.000000, 1464.000000, 2006.000000, 1594.000000, 1966.000000, 1595.000000,     large-vehicle,     1141
2218.000000, 1513.000000, 2245.000000, 1513.000000, 2246.000000, 1568.000000, 2219.000000, 1568.000000,     small-vehicle,     1142
3094.000000, 3226.000000, 3163.000000, 3221.000000, 3165.000000, 3256.000000, 3095.000000, 3261.000000,     large-vehicle,     1143
966.000000, 1553.000000, 1016.000000, 1553.000000, 1016.000000, 1578.000000, 966.000000, 1579.000000,     small-vehicle,     1144
2354.000000, 3485.000000, 2389.000000, 3482.000000, 2391.000000, 3562.000000, 2356.000000, 3564.000000,     small-vehicle,     1150
2828.000000, 2266.000000, 2879.000000, 2264.000000, 2879.000000, 2289.000000, 2829.000000, 2290.000000,     small-vehicle,     1151
766.000000, 1571.000000, 829.000000, 1570.000000, 829.000000, 1603.000000, 766.000000, 1602.000000,     small-vehicle,     1153
2217.000000, 1982.000000, 2240.000000, 1981.000000, 2240.000000, 2011.000000, 2218.000000, 2012.000000,     small-vehicle,     1154
1180.000000, 1478.000000, 1250.000000, 1478.000000, 1250.000000, 1510.000000, 1180.000000, 1510.000000,     small-vehicle,     1155
623.000000, 1500.000000, 674.000000, 1499.000000, 673.000000, 1525.000000, 622.000000, 1525.000000,     small-vehicle,     1156
685.000000, 1495.000000, 740.000000, 1495.000000, 740.000000, 1522.000000, 685.000000, 1522.000000,     small-vehicle,     1157
2353.000000, 3458.000000, 2386.000000, 3456.000000, 2387.000000, 3532.000000, 2355.000000, 3535.000000,     large-vehicle,     1158
1007.000000, 1479.000000, 1069.000000, 1478.000000, 1069.000000, 1509.000000, 1007.000000, 1509.000000,     small-vehicle,     1159
3097.000000, 3231.000000, 3164.000000, 3227.000000, 3165.000000, 3260.000000, 3098.000000, 3264.000000,     small-vehicle,     1161
2142.000000, 3111.000000, 2171.000000, 3109.000000, 2173.000000, 3185.000000, 2143.000000, 3187.000000,     large-vehicle,     1162
3038.000000, 2243.000000, 3086.000000, 2242.000000, 3087.000000, 2268.000000, 3038.000000, 2271.000000,     small-vehicle,     1164
