2080.000000, 3221.000000, 2103.000000, 3219.000000, 2104.000000, 3263.000000, 2081.000000, 3265.000000,     small-vehicle,     4
2285.000000, 2300.000000, 2342.000000, 2299.000000, 2343.000000, 2331.000000, 2284.000000, 2333.000000,     small-vehicle,     66
2308.000000, 3911.000000, 2336.000000, 3908.000000, 2338.000000, 3982.000000, 2309.000000, 3984.000000,     small-vehicle,     114
2070.000000, 3136.000000, 2099.000000, 3135.000000, 2101.000000, 3196.000000, 2071.000000, 3198.000000,     small-vehicle,     120
2225.000000, 2485.000000, 2252.000000, 2484.000000, 2254.000000, 2550.000000, 2226.000000, 2550.000000,     small-vehicle,     148
2183.000000, 2095.000000, 2216.000000, 2093.000000, 2219.000000, 2190.000000, 2185.000000, 2190.000000,     large-vehicle,     230
2037.000000, 3030.000000, 2066.000000, 3028.000000, 2067.000000, 3099.000000, 2038.000000, 3101.000000,     small-vehicle,     432
2067.000000, 3022.000000, 2098.000000, 3021.000000, 2098.000000, 3086.000000, 2068.000000, 3089.000000,     small-vehicle,     433
2312.000000, 2801.000000, 2340.000000, 2799.000000, 2341.000000, 2863.000000, 2313.000000, 2864.000000,     small-vehicle,     564
2348.000000, 2815.000000, 2378.000000, 2813.000000, 2380.000000, 2879.000000, 2350.000000, 2881.000000,     small-vehicle,     568
2043.000000, 2765.000000, 2075.000000, 2763.000000, 2077.000000, 2838.000000, 2045.000000, 2840.000000,     small-vehicle,     593
2325.000000, 2647.000000, 2354.000000, 2645.000000, 2356.000000, 2714.000000, 2327.000000, 2715.000000,     small-vehicle,     632
2010.000000, 2592.000000, 2038.000000, 2590.000000, 2040.000000, 2656.000000, 2010.000000, 2657.000000,     small-vehicle,     660
2291.000000, 3574.000000, 2321.000000, 3571.000000, 2323.000000, 3646.000000, 2292.000000, 3649.000000,     small-vehicle,     664
2325.000000, 2561.000000, 2356.000000, 2560.000000, 2357.000000, 2625.000000, 2327.000000, 2627.000000,     small-vehicle,     666
2004.000000, 2520.000000, 2031.000000, 2519.000000, 2031.000000, 2577.000000, 2005.000000, 2578.000000,     small-vehicle,     704
2321.000000, 2468.000000, 2351.000000, 2467.000000, 2354.000000, 2542.000000, 2324.000000, 2543.000000,     small-vehicle,     718
2279.000000, 2370.000000, 2312.000000, 2369.000000, 2314.000000, 2447.000000, 2281.000000, 2448.000000,     small-vehicle,     761
1998.000000, 2435.000000, 2028.000000, 2435.000000, 2030.000000, 2505.000000, 1999.000000, 2506.000000,     small-vehicle,     762
1985.000000, 2294.000000, 2016.000000, 2293.000000, 2017.000000, 2363.000000, 1986.000000, 2364.000000,     small-vehicle,     813
3421.000000, 2305.000000, 3444.000000, 2305.000000, 3447.000000, 2366.000000, 3424.000000, 2366.000000,     small-vehicle,     815
2113.000000, 2608.000000, 2140.000000, 2607.000000, 2142.000000, 2663.000000, 2114.000000, 2664.000000,     small-vehicle,     816
2505.000000, 2308.000000, 2556.000000, 2307.000000, 2557.000000, 2339.000000, 2506.000000, 2340.000000,     small-vehicle,     818
1995.000000, 2244.000000, 2019.000000, 2244.000000, 2020.000000, 2290.000000, 1996.000000, 2291.000000,     small-vehicle,     840
2488.000000, 2227.000000, 2541.000000, 2226.000000, 2542.000000, 2252.000000, 2488.000000, 2254.000000,     small-vehicle,     841
2550.000000, 2216.000000, 2606.000000, 2214.000000, 2607.000000, 2246.000000, 2551.000000, 2249.000000,     small-vehicle,     845
2108.000000, 2438.000000, 2134.000000, 2436.000000, 2135.000000, 2498.000000, 2109.000000, 2498.000000,     small-vehicle,     867
2825.000000, 2198.000000, 2860.000000, 2196.000000, 2860.000000, 2214.000000, 2825.000000, 2215.000000,     small-vehicle,     870
2685.000000, 2208.000000, 2738.000000, 2206.000000, 2739.000000, 2232.000000, 2686.000000, 2233.000000,     small-vehicle,     880
1972.000000, 2196.000000, 1992.000000, 2195.000000, 1992.000000, 2238.000000, 1973.000000, 2239.000000,     small-vehicle,     885
3480.000000, 2106.000000, 3527.000000, 2105.000000, 3529.000000, 2134.000000, 3480.000000, 2135.000000,     small-vehicle,     886
1973.000000, 2122.000000, 1998.000000, 2121.000000, 1999.000000, 2184.000000, 1974.000000, 2184.000000,     small-vehicle,     892
3247.000000, 2138.000000, 3300.000000, 2137.000000, 3301.000000, 2165.000000, 3249.000000, 2167.000000,     small-vehicle,     893
3422.000000, 2111.000000, 3475.000000, 2110.000000, 3476.000000, 2137.000000, 3423.000000, 2139.000000,     small-vehicle,     894
3585.000000, 2092.000000, 3632.000000, 2091.000000, 3634.000000, 2114.000000, 3587.000000, 2115.000000,     small-vehicle,     897
2882.000000, 2180.000000, 2931.000000, 2179.000000, 2932.000000, 2203.000000, 2883.000000, 2205.000000,     small-vehicle,     904
2284.000000, 2026.000000, 2316.000000, 2025.000000, 2318.000000, 2100.000000, 2286.000000, 2102.000000,     small-vehicle,     917
2264.000000, 2075.000000, 2296.000000, 2074.000000, 2298.000000, 2140.000000, 2265.000000, 2141.000000,     small-vehicle,     921
2064.000000, 2379.000000, 2093.000000, 2379.000000, 2094.000000, 2437.000000, 2066.000000, 2438.000000,     small-vehicle,     930
2278.000000, 1943.000000, 2308.000000, 1943.000000, 2310.000000, 2016.000000, 2280.000000, 2016.000000,     small-vehicle,     944
1965.000000, 1977.000000, 1993.000000, 1975.000000, 1994.000000, 2042.000000, 1966.000000, 2042.000000,     small-vehicle,     949
3170.000000, 2229.000000, 3221.000000, 2226.000000, 3223.000000, 2255.000000, 3172.000000, 2256.000000,     small-vehicle,     962
1087.000000, 1967.000000, 1137.000000, 1966.000000, 1137.000000, 2000.000000, 1087.000000, 2001.000000,     small-vehicle,     964
874.000000, 1982.000000, 938.000000, 1981.000000, 938.000000, 2015.000000, 874.000000, 2017.000000,     small-vehicle,     966
3579.000000, 2171.000000, 3626.000000, 2168.000000, 3628.000000, 2197.000000, 3580.000000, 2198.000000,     small-vehicle,     969
1263.000000, 1961.000000, 1291.000000, 1960.000000, 1290.000000, 2012.000000, 1263.000000, 2013.000000,     small-vehicle,     971
1661.000000, 2746.000000, 1721.000000, 2744.000000, 1721.000000, 2773.000000, 1661.000000, 2776.000000,     small-vehicle,     973
1259.000000, 2194.000000, 1298.000000, 2193.000000, 1298.000000, 2222.000000, 1259.000000, 2222.000000,     small-vehicle,     975
2081.000000, 2121.000000, 2110.000000, 2121.000000, 2112.000000, 2187.000000, 2081.000000, 2188.000000,     small-vehicle,     980
1959.000000, 1908.000000, 1985.000000, 1908.000000, 1986.000000, 1966.000000, 1960.000000, 1966.000000,     small-vehicle,     981
2244.000000, 1907.000000, 2272.000000, 1907.000000, 2274.000000, 1974.000000, 2244.000000, 1974.000000,     small-vehicle,     986
1011.000000, 1971.000000, 1071.000000, 1971.000000, 1070.000000, 2004.000000, 1011.000000, 2005.000000,     small-vehicle,     987
1164.000000, 1962.000000, 1224.000000, 1962.000000, 1224.000000, 1990.000000, 1164.000000, 1992.000000,     small-vehicle,     989
777.000000, 1898.000000, 837.000000, 1896.000000, 837.000000, 1930.000000, 777.000000, 1932.000000,     small-vehicle,     990
2656.000000, 2286.000000, 2709.000000, 2285.000000, 2709.000000, 2315.000000, 2657.000000, 2316.000000,     small-vehicle,     994
95.000000, 1983.000000, 159.000000, 1982.000000, 158.000000, 2007.000000, 94.000000, 2009.000000,     small-vehicle,     995
1983.000000, 1825.000000, 2009.000000, 1825.000000, 2011.000000, 1885.000000, 1984.000000, 1885.000000,     small-vehicle,     996
373.000000, 1945.000000, 435.000000, 1945.000000, 434.000000, 1976.000000, 372.000000, 1977.000000,     small-vehicle,     997
1957.000000, 1843.000000, 1982.000000, 1843.000000, 1982.000000, 1899.000000, 1958.000000, 1900.000000,     small-vehicle,     998
2275.000000, 1868.000000, 2303.000000, 1868.000000, 2305.000000, 1933.000000, 2276.000000, 1935.000000,     small-vehicle,     1001
445.000000, 1943.000000, 502.000000, 1941.000000, 502.000000, 1967.000000, 444.000000, 1969.000000,     small-vehicle,     1008
1148.000000, 1869.000000, 1222.000000, 1868.000000, 1222.000000, 1902.000000, 1148.000000, 1903.000000,     small-vehicle,     1009
2045.000000, 2180.000000, 2074.000000, 2180.000000, 2076.000000, 2256.000000, 2046.000000, 2257.000000,     small-vehicle,     1010
986.000000, 1881.000000, 1052.000000, 1880.000000, 1051.000000, 1914.000000, 985.000000, 1915.000000,     small-vehicle,     1012
683.000000, 1898.000000, 730.000000, 1897.000000, 729.000000, 1927.000000, 682.000000, 1928.000000,     small-vehicle,     1013
1066.000000, 1874.000000, 1124.000000, 1874.000000, 1124.000000, 1904.000000, 1066.000000, 1906.000000,     small-vehicle,     1014
2272.000000, 1803.000000, 2295.000000, 1803.000000, 2296.000000, 1850.000000, 2274.000000, 1851.000000,     small-vehicle,     1017
2036.000000, 1894.000000, 2066.000000, 1892.000000, 2066.000000, 1955.000000, 2037.000000, 1956.000000,     small-vehicle,     1032
2641.000000, 1788.000000, 2669.000000, 1788.000000, 2671.000000, 1848.000000, 2644.000000, 1849.000000,     small-vehicle,     1033
2618.000000, 2310.000000, 2653.000000, 2309.000000, 2655.000000, 2367.000000, 2619.000000, 2368.000000,     small-vehicle,     1038
1953.000000, 1757.000000, 1979.000000, 1757.000000, 1980.000000, 1816.000000, 1954.000000, 1817.000000,     small-vehicle,     1039
821.000000, 2781.000000, 890.000000, 2778.000000, 890.000000, 2809.000000, 821.000000, 2812.000000,     small-vehicle,     1042
2032.000000, 2964.000000, 2058.000000, 2963.000000, 2060.000000, 3023.000000, 2034.000000, 3024.000000,     small-vehicle,     1052
2230.000000, 1705.000000, 2257.000000, 1705.000000, 2258.000000, 1762.000000, 2232.000000, 1762.000000,     small-vehicle,     1056
3434.000000, 2405.000000, 3458.000000, 2404.000000, 3461.000000, 2461.000000, 3436.000000, 2461.000000,     small-vehicle,     1069
3113.000000, 2232.000000, 3161.000000, 2231.000000, 3163.000000, 2272.000000, 3114.000000, 2275.000000,     small-vehicle,     1071
534.000000, 1734.000000, 567.000000, 1734.000000, 566.000000, 1792.000000, 533.000000, 1792.000000,     small-vehicle,     1076
2214.000000, 2048.000000, 2247.000000, 2046.000000, 2250.000000, 2130.000000, 2216.000000, 2132.000000,     large-vehicle,     1078
1946.000000, 1667.000000, 1970.000000, 1666.000000, 1971.000000, 1729.000000, 1946.000000, 1729.000000,     small-vehicle,     1079
2257.000000, 1628.000000, 2281.000000, 1628.000000, 2281.000000, 1684.000000, 2258.000000, 1684.000000,     small-vehicle,     1086
2754.000000, 1776.000000, 2784.000000, 1776.000000, 2785.000000, 1839.000000, 2757.000000, 1840.000000,     small-vehicle,     1088
1261.000000, 1669.000000, 1291.000000, 1669.000000, 1291.000000, 1736.000000, 1261.000000, 1737.000000,     small-vehicle,     1092
1791.000000, 1990.000000, 1845.000000, 1988.000000, 1846.000000, 2015.000000, 1792.000000, 2016.000000,     small-vehicle,     1099
1263.000000, 1611.000000, 1286.000000, 1610.000000, 1286.000000, 1658.000000, 1263.000000, 1658.000000,     small-vehicle,     1104
2250.000000, 1561.000000, 2275.000000, 1561.000000, 2276.000000, 1614.000000, 2252.000000, 1614.000000,     small-vehicle,     1113
1939.000000, 1578.000000, 1966.000000, 1578.000000, 1967.000000, 1637.000000, 1941.000000, 1637.000000,     small-vehicle,     1115
1222.000000, 1579.000000, 1268.000000, 1579.000000, 1268.000000, 1608.000000, 1222.000000, 1608.000000,     small-vehicle,     1116
852.000000, 1587.000000, 909.000000, 1586.000000, 909.000000, 1618.000000, 851.000000, 1619.000000,     small-vehicle,     1121
3449.000000, 2568.000000, 3477.000000, 2567.000000, 3479.000000, 2629.000000, 3453.000000, 2630.000000,     small-vehicle,     1122
1134.000000, 1579.000000, 1189.000000, 1579.000000, 1189.000000, 1609.000000, 1134.000000, 1609.000000,     small-vehicle,     1135
783.000000, 1512.000000, 840.000000, 1512.000000, 840.000000, 1538.000000, 783.000000, 1539.000000,     small-vehicle,     1139
1930.000000, 1491.000000, 1960.000000, 1491.000000, 1961.000000, 1548.000000, 1931.000000, 1549.000000,     small-vehicle,     1140
1960.000000, 1462.000000, 2006.000000, 1462.000000, 2007.000000, 1592.000000, 1963.000000, 1593.000000,     large-vehicle,     1141
2216.000000, 1507.000000, 2243.000000, 1507.000000, 2243.000000, 1560.000000, 2218.000000, 1560.000000,     small-vehicle,     1142
968.000000, 1578.000000, 1017.000000, 1578.000000, 1017.000000, 1608.000000, 966.000000, 1609.000000,     small-vehicle,     1144
2824.000000, 2267.000000, 2881.000000, 2265.000000, 2883.000000, 2299.000000, 2826.000000, 2301.000000,     small-vehicle,     1151
1181.000000, 1499.000000, 1251.000000, 1500.000000, 1251.000000, 1529.000000, 1180.000000, 1529.000000,     small-vehicle,     1155
626.000000, 1522.000000, 678.000000, 1522.000000, 677.000000, 1547.000000, 625.000000, 1547.000000,     small-vehicle,     1156
687.000000, 1519.000000, 741.000000, 1518.000000, 741.000000, 1545.000000, 687.000000, 1545.000000,     small-vehicle,     1157
1010.000000, 1502.000000, 1066.000000, 1501.000000, 1066.000000, 1530.000000, 1010.000000, 1531.000000,     small-vehicle,     1159
3033.000000, 2251.000000, 3084.000000, 2250.000000, 3086.000000, 2279.000000, 3033.000000, 2282.000000,     small-vehicle,     1164
1930.000000, 1416.000000, 1958.000000, 1415.000000, 1958.000000, 1477.000000, 1931.000000, 1477.000000,     small-vehicle,     1168
251.000000, 2826.000000, 311.000000, 2823.000000, 310.000000, 2854.000000, 250.000000, 2857.000000,     small-vehicle,     1171
2211.000000, 1413.000000, 2240.000000, 1413.000000, 2242.000000, 1476.000000, 2213.000000, 1476.000000,     small-vehicle,     1175
1472.000000, 2775.000000, 1521.000000, 2773.000000, 1521.000000, 2795.000000, 1472.000000, 2798.000000,     small-vehicle,     1176
323.000000, 2822.000000, 384.000000, 2819.000000, 383.000000, 2856.000000, 322.000000, 2859.000000,     small-vehicle,     1177
1271.000000, 1439.000000, 1294.000000, 1439.000000, 1293.000000, 1492.000000, 1271.000000, 1492.000000,     small-vehicle,     1179
3426.000000, 2205.000000, 3479.000000, 2204.000000, 3481.000000, 2232.000000, 3427.000000, 2235.000000,     small-vehicle,     1182
1922.000000, 1324.000000, 1950.000000, 1324.000000, 1951.000000, 1392.000000, 1923.000000, 1391.000000,     small-vehicle,     1183
2087.000000, 2812.000000, 2119.000000, 2811.000000, 2120.000000, 2875.000000, 2087.000000, 2877.000000,     small-vehicle,     1191
2957.000000, 2258.000000, 3016.000000, 2256.000000, 3018.000000, 2288.000000, 2958.000000, 2289.000000,     small-vehicle,     1192
2763.000000, 2275.000000, 2816.000000, 2273.000000, 2818.000000, 2304.000000, 2764.000000, 2307.000000,     small-vehicle,     1195
524.000000, 1333.000000, 556.000000, 1333.000000, 555.000000, 1400.000000, 523.000000, 1399.000000,     small-vehicle,     1202
1947.000000, 1304.000000, 1977.000000, 1305.000000, 1979.000000, 1369.000000, 1948.000000, 1368.000000,     small-vehicle,     1205
1919.000000, 1239.000000, 1949.000000, 1240.000000, 1951.000000, 1304.000000, 1920.000000, 1304.000000,     small-vehicle,     1211
2613.000000, 1263.000000, 2660.000000, 1263.000000, 2661.000000, 1288.000000, 2614.000000, 1288.000000,     small-vehicle,     1212
2418.000000, 1277.000000, 2479.000000, 1278.000000, 2480.000000, 1312.000000, 2419.000000, 1311.000000,     small-vehicle,     1214
2361.000000, 1286.000000, 2411.000000, 1286.000000, 2412.000000, 1314.000000, 2361.000000, 1314.000000,     small-vehicle,     1216
2551.000000, 1267.000000, 2601.000000, 1268.000000, 2602.000000, 1292.000000, 2552.000000, 1293.000000,     small-vehicle,     1217
3462.000000, 2640.000000, 3486.000000, 2639.000000, 3490.000000, 2700.000000, 3465.000000, 2701.000000,     small-vehicle,     1218
2197.000000, 1238.000000, 2226.000000, 1239.000000, 2228.000000, 1297.000000, 2198.000000, 1297.000000,     small-vehicle,     1232
1921.000000, 1164.000000, 1951.000000, 1164.000000, 1952.000000, 1223.000000, 1922.000000, 1222.000000,     small-vehicle,     1236
2032.000000, 1700.000000, 2061.000000, 1700.000000, 2062.000000, 1767.000000, 2032.000000, 1767.000000,     small-vehicle,     1241
1766.000000, 2019.000000, 1834.000000, 2016.000000, 1835.000000, 2059.000000, 1767.000000, 2060.000000,     large-vehicle,     1242
1903.000000, 1174.000000, 1929.000000, 1174.000000, 1929.000000, 1233.000000, 1904.000000, 1233.000000,     small-vehicle,     1245
3299.000000, 1194.000000, 3353.000000, 1194.000000, 3355.000000, 1223.000000, 3300.000000, 1224.000000,     small-vehicle,     1248
3367.000000, 1187.000000, 3428.000000, 1187.000000, 3430.000000, 1217.000000, 3369.000000, 1216.000000,     small-vehicle,     1249
1257.000000, 1150.000000, 1284.000000, 1150.000000, 1284.000000, 1215.000000, 1257.000000, 1216.000000,     small-vehicle,     1250
3496.000000, 1174.000000, 3556.000000, 1175.000000, 3558.000000, 1204.000000, 3498.000000, 1204.000000,     small-vehicle,     1251
1905.000000, 1088.000000, 1936.000000, 1088.000000, 1937.000000, 1153.000000, 1907.000000, 1153.000000,     small-vehicle,     1254
2191.000000, 1059.000000, 2228.000000, 1060.000000, 2229.000000, 1127.000000, 2193.000000, 1127.000000,     small-vehicle,     1257
2213.000000, 1136.000000, 2249.000000, 1136.000000, 2251.000000, 1207.000000, 2215.000000, 1208.000000,     small-vehicle,     1258
3568.000000, 1169.000000, 3627.000000, 1169.000000, 3629.000000, 1203.000000, 3569.000000, 1203.000000,     small-vehicle,     1260
1113.000000, 2779.000000, 1166.000000, 2777.000000, 1166.000000, 2804.000000, 1113.000000, 2807.000000,     small-vehicle,     1265
291.000000, 2075.000000, 359.000000, 2072.000000, 359.000000, 2103.000000, 291.000000, 2104.000000,     small-vehicle,     1271
1253.000000, 1041.000000, 1283.000000, 1041.000000, 1283.000000, 1104.000000, 1252.000000, 1104.000000,     small-vehicle,     1273
2176.000000, 968.000000, 2198.000000, 970.000000, 2200.000000, 1028.000000, 2176.000000, 1028.000000,     small-vehicle,     1277
1187.000000, 2788.000000, 1256.000000, 2785.000000, 1256.000000, 2813.000000, 1187.000000, 2816.000000,     large-vehicle,     1278
1900.000000, 1003.000000, 1929.000000, 1003.000000, 1930.000000, 1070.000000, 1901.000000, 1070.000000,     small-vehicle,     1282
1067.000000, 1582.000000, 1122.000000, 1582.000000, 1121.000000, 1611.000000, 1067.000000, 1611.000000,     small-vehicle,     1284
2331.000000, 2932.000000, 2362.000000, 2930.000000, 2363.000000, 3016.000000, 2334.000000, 3017.000000,     small-vehicle,     1285
2380.000000, 2417.000000, 2398.000000, 2416.000000, 2399.000000, 2450.000000, 2381.000000, 2450.000000,     small-vehicle,     1286
2267.000000, 2722.000000, 2300.000000, 2721.000000, 2302.000000, 2800.000000, 2268.000000, 2802.000000,     small-vehicle,     1290
2340.000000, 2718.000000, 2369.000000, 2718.000000, 2370.000000, 2787.000000, 2342.000000, 2789.000000,     small-vehicle,     1291
1892.000000, 922.000000, 1925.000000, 922.000000, 1925.000000, 985.000000, 1893.000000, 984.000000,     small-vehicle,     1292
1248.000000, 962.000000, 1270.000000, 962.000000, 1270.000000, 1000.000000, 1248.000000, 1000.000000,     small-vehicle,     1293
652.000000, 2042.000000, 713.000000, 2040.000000, 713.000000, 2068.000000, 651.000000, 2070.000000,     small-vehicle,     1294
799.000000, 2027.000000, 854.000000, 2026.000000, 853.000000, 2052.000000, 799.000000, 2053.000000,     small-vehicle,     1295
2201.000000, 922.000000, 2227.000000, 922.000000, 2228.000000, 982.000000, 2202.000000, 981.000000,     small-vehicle,     1298
2328.000000, 2910.000000, 2359.000000, 2907.000000, 2360.000000, 2988.000000, 2330.000000, 2990.000000,     large-vehicle,     1299
2340.000000, 2727.000000, 2369.000000, 2726.000000, 2370.000000, 2799.000000, 2342.000000, 2800.000000,     large-vehicle,     1301
