2284.000000, 2300.000000, 2343.000000, 2299.000000, 2344.000000, 2330.000000, 2283.000000, 2332.000000,     small-vehicle,     66
2224.000000, 2484.000000, 2253.000000, 2483.000000, 2255.000000, 2552.000000, 2225.000000, 2553.000000,     small-vehicle,     148
2314.000000, 2801.000000, 2339.000000, 2799.000000, 2340.000000, 2863.000000, 2315.000000, 2864.000000,     small-vehicle,     564
2348.000000, 2815.000000, 2379.000000, 2813.000000, 2381.000000, 2879.000000, 2350.000000, 2881.000000,     small-vehicle,     568
2043.000000, 2764.000000, 2075.000000, 2762.000000, 2077.000000, 2838.000000, 2045.000000, 2840.000000,     small-vehicle,     593
2325.000000, 2646.000000, 2354.000000, 2644.000000, 2356.000000, 2714.000000, 2327.000000, 2715.000000,     small-vehicle,     632
2010.000000, 2591.000000, 2038.000000, 2589.000000, 2040.000000, 2657.000000, 2010.000000, 2658.000000,     small-vehicle,     660
2326.000000, 2560.000000, 2356.000000, 2559.000000, 2357.000000, 2626.000000, 2328.000000, 2628.000000,     small-vehicle,     666
2003.000000, 2520.000000, 2032.000000, 2519.000000, 2032.000000, 2577.000000, 2004.000000, 2578.000000,     small-vehicle,     704
2321.000000, 2469.000000, 2351.000000, 2468.000000, 2354.000000, 2541.000000, 2324.000000, 2542.000000,     small-vehicle,     718
2279.000000, 2369.000000, 2313.000000, 2368.000000, 2315.000000, 2448.000000, 2281.000000, 2450.000000,     small-vehicle,     761
1997.000000, 2433.000000, 2029.000000, 2433.000000, 2031.000000, 2508.000000, 1999.000000, 2509.000000,     small-vehicle,     762
1985.000000, 2294.000000, 2015.000000, 2293.000000, 2016.000000, 2364.000000, 1986.000000, 2364.000000,     small-vehicle,     813
3420.000000, 2304.000000, 3445.000000, 2304.000000, 3449.000000, 2366.000000, 3423.000000, 2366.000000,     small-vehicle,     815
2506.000000, 2308.000000, 2555.000000, 2307.000000, 2556.000000, 2339.000000, 2507.000000, 2340.000000,     small-vehicle,     818
1996.000000, 2244.000000, 2018.000000, 2244.000000, 2019.000000, 2290.000000, 1997.000000, 2291.000000,     small-vehicle,     840
1972.000000, 2196.000000, 1992.000000, 2195.000000, 1992.000000, 2238.000000, 1973.000000, 2239.000000,     small-vehicle,     885
3484.000000, 2107.000000, 3521.000000, 2107.000000, 3523.000000, 2132.000000, 3486.000000, 2133.000000,     small-vehicle,     886
1975.000000, 2123.000000, 1997.000000, 2123.000000, 1998.000000, 2184.000000, 1976.000000, 2184.000000,     small-vehicle,     892
3421.000000, 2111.000000, 3475.000000, 2110.000000, 3476.000000, 2136.000000, 3422.000000, 2138.000000,     small-vehicle,     894
2284.000000, 2025.000000, 2316.000000, 2024.000000, 2318.000000, 2100.000000, 2286.000000, 2102.000000,     small-vehicle,     917
2264.000000, 2075.000000, 2296.000000, 2074.000000, 2298.000000, 2140.000000, 2265.000000, 2141.000000,     small-vehicle,     921
2064.000000, 2377.000000, 2093.000000, 2376.000000, 2094.000000, 2439.000000, 2065.000000, 2441.000000,     small-vehicle,     930
2278.000000, 1944.000000, 2308.000000, 1944.000000, 2310.000000, 2016.000000, 2280.000000, 2016.000000,     small-vehicle,     944
1965.000000, 1978.000000, 1992.000000, 1976.000000, 1993.000000, 2041.000000, 1966.000000, 2041.000000,     small-vehicle,     949
3171.000000, 2231.000000, 3220.000000, 2229.000000, 3222.000000, 2254.000000, 3173.000000, 2255.000000,     small-vehicle,     962
1079.000000, 1964.000000, 1147.000000, 1963.000000, 1146.000000, 2001.000000, 1079.000000, 2003.000000,     small-vehicle,     964
876.000000, 1980.000000, 937.000000, 1979.000000, 937.000000, 2016.000000, 876.000000, 2018.000000,     small-vehicle,     966
3580.000000, 2168.000000, 3626.000000, 2166.000000, 3628.000000, 2198.000000, 3581.000000, 2199.000000,     small-vehicle,     969
1262.000000, 1958.000000, 1291.000000, 1956.000000, 1290.000000, 2015.000000, 1262.000000, 2016.000000,     small-vehicle,     971
1259.000000, 2194.000000, 1297.000000, 2193.000000, 1297.000000, 2221.000000, 1259.000000, 2221.000000,     small-vehicle,     975
2082.000000, 2128.000000, 2109.000000, 2127.000000, 2111.000000, 2179.000000, 2082.000000, 2180.000000,     small-vehicle,     980
1959.000000, 1908.000000, 1985.000000, 1908.000000, 1986.000000, 1966.000000, 1960.000000, 1966.000000,     small-vehicle,     981
2243.000000, 1909.000000, 2272.000000, 1908.000000, 2274.000000, 1974.000000, 2244.000000, 1974.000000,     small-vehicle,     986
1009.000000, 1970.000000, 1073.000000, 1968.000000, 1072.000000, 2006.000000, 1009.000000, 2007.000000,     small-vehicle,     987
1163.000000, 1960.000000, 1224.000000, 1959.000000, 1224.000000, 1995.000000, 1163.000000, 1995.000000,     small-vehicle,     989
774.000000, 1896.000000, 842.000000, 1895.000000, 841.000000, 1931.000000, 773.000000, 1933.000000,     small-vehicle,     990
2657.000000, 2286.000000, 2709.000000, 2285.000000, 2709.000000, 2315.000000, 2658.000000, 2316.000000,     small-vehicle,     994
1983.000000, 1825.000000, 2010.000000, 1825.000000, 2011.000000, 1884.000000, 1984.000000, 1884.000000,     small-vehicle,     996
373.000000, 1946.000000, 435.000000, 1946.000000, 435.000000, 1975.000000, 373.000000, 1976.000000,     small-vehicle,     997
1957.000000, 1843.000000, 1981.000000, 1843.000000, 1981.000000, 1900.000000, 1958.000000, 1901.000000,     small-vehicle,     998
2276.000000, 1868.000000, 2303.000000, 1868.000000, 2305.000000, 1932.000000, 2277.000000, 1934.000000,     small-vehicle,     1001
445.000000, 1943.000000, 501.000000, 1941.000000, 501.000000, 1967.000000, 444.000000, 1969.000000,     small-vehicle,     1008
1150.000000, 1868.000000, 1220.000000, 1867.000000, 1220.000000, 1903.000000, 1150.000000, 1904.000000,     small-vehicle,     1009
2044.000000, 2180.000000, 2074.000000, 2180.000000, 2076.000000, 2256.000000, 2045.000000, 2257.000000,     small-vehicle,     1010
983.000000, 1881.000000, 1056.000000, 1880.000000, 1055.000000, 1915.000000, 982.000000, 1916.000000,     small-vehicle,     1012
684.000000, 1898.000000, 729.000000, 1897.000000, 728.000000, 1928.000000, 683.000000, 1929.000000,     small-vehicle,     1013
1063.000000, 1872.000000, 1126.000000, 1871.000000, 1126.000000, 1905.000000, 1063.000000, 1907.000000,     small-vehicle,     1014
2273.000000, 1804.000000, 2294.000000, 1804.000000, 2295.000000, 1848.000000, 2274.000000, 1849.000000,     small-vehicle,     1017
2035.000000, 1894.000000, 2067.000000, 1892.000000, 2067.000000, 1955.000000, 2036.000000, 1956.000000,     small-vehicle,     1032
2642.000000, 1790.000000, 2668.000000, 1790.000000, 2670.000000, 1845.000000, 2644.000000, 1847.000000,     small-vehicle,     1033
2619.000000, 2311.000000, 2653.000000, 2310.000000, 2655.000000, 2366.000000, 2620.000000, 2367.000000,     small-vehicle,     1038
1953.000000, 1756.000000, 1980.000000, 1756.000000, 1981.000000, 1818.000000, 1954.000000, 1818.000000,     small-vehicle,     1039
2231.000000, 1703.000000, 2257.000000, 1703.000000, 2258.000000, 1762.000000, 2233.000000, 1762.000000,     small-vehicle,     1056
3432.000000, 2408.000000, 3458.000000, 2407.000000, 3460.000000, 2467.000000, 3435.000000, 2467.000000,     small-vehicle,     1069
3113.000000, 2237.000000, 3161.000000, 2235.000000, 3164.000000, 2278.000000, 3114.000000, 2279.000000,     small-vehicle,     1071
536.000000, 1741.000000, 567.000000, 1740.000000, 566.000000, 1802.000000, 535.000000, 1803.000000,     small-vehicle,     1076
2192.000000, 1713.000000, 2226.000000, 1713.000000, 2227.000000, 1797.000000, 2195.000000, 1797.000000,     large-vehicle,     1078
1946.000000, 1664.000000, 1971.000000, 1663.000000, 1972.000000, 1723.000000, 1946.000000, 1723.000000,     small-vehicle,     1079
2256.000000, 1625.000000, 2280.000000, 1625.000000, 2281.000000, 1680.000000, 2257.000000, 1682.000000,     small-vehicle,     1086
2754.000000, 1777.000000, 2783.000000, 1777.000000, 2785.000000, 1841.000000, 2757.000000, 1843.000000,     small-vehicle,     1088
1784.000000, 1992.000000, 1841.000000, 1991.000000, 1841.000000, 2013.000000, 1785.000000, 2015.000000,     small-vehicle,     1099
1266.000000, 1618.000000, 1287.000000, 1618.000000, 1287.000000, 1663.000000, 1266.000000, 1664.000000,     small-vehicle,     1104
2250.000000, 1554.000000, 2273.000000, 1554.000000, 2274.000000, 1610.000000, 2251.000000, 1610.000000,     small-vehicle,     1113
1939.000000, 1574.000000, 1965.000000, 1574.000000, 1967.000000, 1634.000000, 1941.000000, 1634.000000,     small-vehicle,     1115
1224.000000, 1587.000000, 1270.000000, 1587.000000, 1270.000000, 1616.000000, 1224.000000, 1616.000000,     small-vehicle,     1116
853.000000, 1600.000000, 910.000000, 1599.000000, 910.000000, 1628.000000, 853.000000, 1629.000000,     small-vehicle,     1121
3452.000000, 2575.000000, 3475.000000, 2574.000000, 3478.000000, 2634.000000, 3455.000000, 2635.000000,     small-vehicle,     1122
1137.000000, 1589.000000, 1188.000000, 1588.000000, 1188.000000, 1618.000000, 1137.000000, 1620.000000,     small-vehicle,     1135
783.000000, 1522.000000, 842.000000, 1522.000000, 842.000000, 1550.000000, 783.000000, 1551.000000,     small-vehicle,     1139
1930.000000, 1486.000000, 1960.000000, 1487.000000, 1961.000000, 1545.000000, 1931.000000, 1545.000000,     small-vehicle,     1140
1961.000000, 1457.000000, 2005.000000, 1457.000000, 2007.000000, 1581.000000, 1964.000000, 1582.000000,     large-vehicle,     1141
2216.000000, 1504.000000, 2244.000000, 1504.000000, 2244.000000, 1557.000000, 2218.000000, 1557.000000,     small-vehicle,     1142
968.000000, 1589.000000, 1021.000000, 1589.000000, 1021.000000, 1622.000000, 966.000000, 1622.000000,     small-vehicle,     1144
2823.000000, 2270.000000, 2881.000000, 2268.000000, 2883.000000, 2302.000000, 2824.000000, 2304.000000,     small-vehicle,     1151
1182.000000, 1508.000000, 1252.000000, 1508.000000, 1252.000000, 1538.000000, 1181.000000, 1538.000000,     small-vehicle,     1155
628.000000, 1532.000000, 677.000000, 1532.000000, 677.000000, 1557.000000, 628.000000, 1558.000000,     small-vehicle,     1156
688.000000, 1528.000000, 744.000000, 1528.000000, 743.000000, 1556.000000, 687.000000, 1557.000000,     small-vehicle,     1157
1008.000000, 1513.000000, 1070.000000, 1512.000000, 1070.000000, 1540.000000, 1008.000000, 1540.000000,     small-vehicle,     1159
3033.000000, 2253.000000, 3088.000000, 2251.000000, 3090.000000, 2283.000000, 3033.000000, 2285.000000,     small-vehicle,     1164
1930.000000, 1409.000000, 1958.000000, 1409.000000, 1959.000000, 1471.000000, 1931.000000, 1471.000000,     small-vehicle,     1168
252.000000, 2821.000000, 314.000000, 2819.000000, 313.000000, 2852.000000, 251.000000, 2855.000000,     small-vehicle,     1171
2212.000000, 1408.000000, 2240.000000, 1408.000000, 2242.000000, 1471.000000, 2214.000000, 1471.000000,     small-vehicle,     1175
324.000000, 2832.000000, 384.000000, 2829.000000, 383.000000, 2863.000000, 323.000000, 2866.000000,     small-vehicle,     1177
1271.000000, 1445.000000, 1296.000000, 1445.000000, 1295.000000, 1496.000000, 1271.000000, 1496.000000,     small-vehicle,     1179
3427.000000, 2211.000000, 3479.000000, 2210.000000, 3480.000000, 2240.000000, 3429.000000, 2241.000000,     small-vehicle,     1182
2958.000000, 2260.000000, 3016.000000, 2258.000000, 3018.000000, 2292.000000, 2960.000000, 2293.000000,     small-vehicle,     1192
526.000000, 1340.000000, 556.000000, 1340.000000, 555.000000, 1408.000000, 524.000000, 1409.000000,     small-vehicle,     1202
1948.000000, 1299.000000, 1979.000000, 1299.000000, 1980.000000, 1365.000000, 1949.000000, 1365.000000,     small-vehicle,     1205
1919.000000, 1234.000000, 1949.000000, 1235.000000, 1950.000000, 1297.000000, 1921.000000, 1298.000000,     small-vehicle,     1211
2614.000000, 1262.000000, 2661.000000, 1262.000000, 2662.000000, 1288.000000, 2615.000000, 1288.000000,     small-vehicle,     1212
2417.000000, 1276.000000, 2479.000000, 1277.000000, 2480.000000, 1308.000000, 2418.000000, 1307.000000,     small-vehicle,     1214
2362.000000, 1285.000000, 2411.000000, 1285.000000, 2412.000000, 1310.000000, 2362.000000, 1310.000000,     small-vehicle,     1216
2550.000000, 1266.000000, 2601.000000, 1267.000000, 2602.000000, 1294.000000, 2551.000000, 1294.000000,     small-vehicle,     1217
3461.000000, 2650.000000, 3488.000000, 2649.000000, 3492.000000, 2711.000000, 3464.000000, 2712.000000,     small-vehicle,     1218
2197.000000, 1233.000000, 2226.000000, 1234.000000, 2228.000000, 1293.000000, 2198.000000, 1294.000000,     small-vehicle,     1232
1922.000000, 1160.000000, 1952.000000, 1160.000000, 1953.000000, 1218.000000, 1923.000000, 1218.000000,     small-vehicle,     1236
2049.000000, 2075.000000, 2077.000000, 2074.000000, 2078.000000, 2142.000000, 2050.000000, 2144.000000,     small-vehicle,     1241
1904.000000, 1172.000000, 1929.000000, 1171.000000, 1929.000000, 1227.000000, 1905.000000, 1227.000000,     small-vehicle,     1245
3298.000000, 1204.000000, 3354.000000, 1204.000000, 3355.000000, 1229.000000, 3298.000000, 1228.000000,     small-vehicle,     1248
3369.000000, 1196.000000, 3427.000000, 1197.000000, 3428.000000, 1223.000000, 3371.000000, 1224.000000,     small-vehicle,     1249
1260.000000, 1154.000000, 1288.000000, 1154.000000, 1288.000000, 1221.000000, 1260.000000, 1221.000000,     small-vehicle,     1250
3494.000000, 1184.000000, 3544.000000, 1185.000000, 3546.000000, 1216.000000, 3496.000000, 1216.000000,     small-vehicle,     1251
1907.000000, 1083.000000, 1935.000000, 1083.000000, 1936.000000, 1147.000000, 1908.000000, 1146.000000,     small-vehicle,     1254
2192.000000, 1055.000000, 2228.000000, 1056.000000, 2229.000000, 1123.000000, 2194.000000, 1122.000000,     small-vehicle,     1257
2213.000000, 1132.000000, 2248.000000, 1132.000000, 2250.000000, 1204.000000, 2215.000000, 1204.000000,     small-vehicle,     1258
3568.000000, 1180.000000, 3626.000000, 1180.000000, 3628.000000, 1213.000000, 3569.000000, 1213.000000,     small-vehicle,     1260
295.000000, 2084.000000, 362.000000, 2082.000000, 361.000000, 2115.000000, 295.000000, 2117.000000,     small-vehicle,     1271
1256.000000, 1042.000000, 1286.000000, 1042.000000, 1286.000000, 1109.000000, 1255.000000, 1109.000000,     small-vehicle,     1273
2175.000000, 962.000000, 2197.000000, 963.000000, 2199.000000, 1023.000000, 2175.000000, 1023.000000,     small-vehicle,     1277
1900.000000, 997.000000, 1929.000000, 996.000000, 1931.000000, 1066.000000, 1901.000000, 1066.000000,     small-vehicle,     1282
1068.000000, 1595.000000, 1125.000000, 1595.000000, 1124.000000, 1622.000000, 1067.000000, 1623.000000,     small-vehicle,     1284
2235.000000, 2331.000000, 2267.000000, 2331.000000, 2268.000000, 2405.000000, 2237.000000, 2406.000000,     small-vehicle,     1290
1894.000000, 917.000000, 1925.000000, 917.000000, 1925.000000, 981.000000, 1895.000000, 981.000000,     small-vehicle,     1292
1251.000000, 966.000000, 1272.000000, 966.000000, 1272.000000, 1005.000000, 1251.000000, 1004.000000,     small-vehicle,     1293
654.000000, 2053.000000, 718.000000, 2051.000000, 718.000000, 2086.000000, 653.000000, 2087.000000,     small-vehicle,     1294
798.000000, 2037.000000, 861.000000, 2036.000000, 860.000000, 2068.000000, 798.000000, 2068.000000,     small-vehicle,     1295
2202.000000, 918.000000, 2228.000000, 919.000000, 2229.000000, 980.000000, 2203.000000, 980.000000,     small-vehicle,     1298
2011.000000, 1397.000000, 2038.000000, 1397.000000, 2039.000000, 1470.000000, 2012.000000, 1470.000000,     small-vehicle,     1302
2384.000000, 1360.000000, 2444.000000, 1359.000000, 2445.000000, 1391.000000, 2385.000000, 1392.000000,     small-vehicle,     1303
-14.000000, 2021.000000, 37.000000, 2020.000000, 36.000000, 2053.000000, -15.000000, 2055.000000,     small-vehicle,     1305
2405.000000, 1817.000000, 2425.000000, 1816.000000, 2427.000000, 1870.000000, 2405.000000, 1871.000000,     small-vehicle,     1306
768.000000, 1599.000000, 832.000000, 1598.000000, 831.000000, 1631.000000, 767.000000, 1632.000000,     small-vehicle,     1307
2340.000000, 2730.000000, 2369.000000, 2728.000000, 2370.000000, 2801.000000, 2342.000000, 2802.000000,     large-vehicle,     1308
1891.000000, 842.000000, 1918.000000, 843.000000, 1919.000000, 900.000000, 1892.000000, 900.000000,     small-vehicle,     1309
1246.000000, 831.000000, 1269.000000, 832.000000, 1269.000000, 885.000000, 1246.000000, 885.000000,     small-vehicle,     1312
2260.000000, 1702.000000, 2289.000000, 1701.000000, 2291.000000, 1749.000000, 2260.000000, 1749.000000,     small-vehicle,     1314
3349.000000, 1281.000000, 3413.000000, 1281.000000, 3414.000000, 1313.000000, 3351.000000, 1313.000000,     large-vehicle,     1317
723.000000, 2050.000000, 785.000000, 2050.000000, 785.000000, 2078.000000, 723.000000, 2079.000000,     small-vehicle,     1318
1764.000000, 2015.000000, 1834.000000, 2014.000000, 1834.000000, 2056.000000, 1764.000000, 2057.000000,     small-vehicle,     1320
2145.000000, 1581.000000, 2164.000000, 1582.000000, 2165.000000, 1609.000000, 2146.000000, 1609.000000,     small-vehicle,     1321
1261.000000, 1668.000000, 1293.000000, 1668.000000, 1293.000000, 1744.000000, 1261.000000, 1744.000000,     small-vehicle,     1329
1240.000000, 745.000000, 1269.000000, 746.000000, 1269.000000, 807.000000, 1240.000000, 807.000000,     small-vehicle,     1330
683.000000, 1607.000000, 726.000000, 1606.000000, 726.000000, 1632.000000, 683.000000, 1633.000000,     small-vehicle,     1331
1236.000000, 677.000000, 1266.000000, 678.000000, 1266.000000, 742.000000, 1236.000000, 741.000000,     small-vehicle,     1333
1921.000000, 1319.000000, 1949.000000, 1319.000000, 1950.000000, 1385.000000, 1922.000000, 1384.000000,     small-vehicle,     1335
1881.000000, 681.000000, 1908.000000, 682.000000, 1908.000000, 736.000000, 1882.000000, 736.000000,     small-vehicle,     1337
1470.000000, 2780.000000, 1523.000000, 2777.000000, 1523.000000, 2803.000000, 1470.000000, 2805.000000,     small-vehicle,     1340
2161.000000, 638.000000, 2183.000000, 638.000000, 2184.000000, 698.000000, 2162.000000, 698.000000,     small-vehicle,     1342
1187.000000, 2791.000000, 1254.000000, 2788.000000, 1253.000000, 2816.000000, 1187.000000, 2819.000000,     small-vehicle,     1343
2281.000000, 2138.000000, 2299.000000, 2137.000000, 2300.000000, 2168.000000, 2282.000000, 2169.000000,     small-vehicle,     1344
2340.000000, 2720.000000, 2368.000000, 2719.000000, 2369.000000, 2786.000000, 2342.000000, 2788.000000,     small-vehicle,     1346
2660.000000, 1340.000000, 2713.000000, 1340.000000, 2714.000000, 1367.000000, 2661.000000, 1368.000000,     small-vehicle,     1347
1231.000000, 617.000000, 1259.000000, 617.000000, 1259.000000, 668.000000, 1231.000000, 667.000000,     small-vehicle,     1348
2379.000000, 2409.000000, 2399.000000, 2408.000000, 2400.000000, 2444.000000, 2381.000000, 2444.000000,     small-vehicle,     1350
2140.000000, 1121.000000, 2158.000000, 1122.000000, 2159.000000, 1153.000000, 2141.000000, 1152.000000,     small-vehicle,     1351
2302.000000, 2110.000000, 2324.000000, 2110.000000, 2325.000000, 2150.000000, 2303.000000, 2151.000000,     small-vehicle,     1352
1764.000000, 2011.000000, 1836.000000, 2010.000000, 1837.000000, 2050.000000, 1764.000000, 2053.000000,     large-vehicle,     1353
2341.000000, 2730.000000, 2369.000000, 2728.000000, 2370.000000, 2801.000000, 2343.000000, 2802.000000,     small-vehicle,     1354
