2993.000000, 2836.000000, 3051.000000, 2832.000000, 3052.000000, 2858.000000, 2995.000000, 2862.000000,     small-vehicle,     66
2154.000000, 1417.000000, 2182.000000, 1416.000000, 2183.000000, 1478.000000, 2156.000000, 1479.000000,     small-vehicle,     148
2383.000000, 3460.000000, 2410.000000, 3458.000000, 2413.000000, 3523.000000, 2384.000000, 3525.000000,     small-vehicle,     564
2420.000000, 3470.000000, 2450.000000, 3467.000000, 2452.000000, 3526.000000, 2422.000000, 3529.000000,     small-vehicle,     568
2103.000000, 3417.000000, 2137.000000, 3415.000000, 2138.000000, 3492.000000, 2105.000000, 3494.000000,     small-vehicle,     593
2393.000000, 3291.000000, 2425.000000, 3288.000000, 2429.000000, 3363.000000, 2396.000000, 3366.000000,     small-vehicle,     632
2068.000000, 3240.000000, 2097.000000, 3237.000000, 2099.000000, 3304.000000, 2069.000000, 3306.000000,     small-vehicle,     660
2394.000000, 3199.000000, 2424.000000, 3197.000000, 2426.000000, 3266.000000, 2396.000000, 3269.000000,     small-vehicle,     666
2060.000000, 3161.000000, 2089.000000, 3160.000000, 2091.000000, 3224.000000, 2061.000000, 3226.000000,     small-vehicle,     704
2388.000000, 3096.000000, 2417.000000, 3094.000000, 2420.000000, 3167.000000, 2390.000000, 3170.000000,     small-vehicle,     718
2344.000000, 3001.000000, 2379.000000, 2998.000000, 2382.000000, 3084.000000, 2346.000000, 3086.000000,     small-vehicle,     761
2054.000000, 3075.000000, 2087.000000, 3073.000000, 2088.000000, 3149.000000, 2056.000000, 3152.000000,     small-vehicle,     762
2042.000000, 2932.000000, 2070.000000, 2929.000000, 2072.000000, 2994.000000, 2044.000000, 2996.000000,     small-vehicle,     813
3527.000000, 2917.000000, 3552.000000, 2915.000000, 3557.000000, 2981.000000, 3531.000000, 2983.000000,     small-vehicle,     815
2575.000000, 2930.000000, 2627.000000, 2926.000000, 2629.000000, 2961.000000, 2577.000000, 2965.000000,     small-vehicle,     818
2048.000000, 2873.000000, 2073.000000, 2871.000000, 2074.000000, 2922.000000, 2050.000000, 2923.000000,     small-vehicle,     840
2026.000000, 2818.000000, 2044.000000, 2817.000000, 2045.000000, 2859.000000, 2027.000000, 2859.000000,     small-vehicle,     885
3589.000000, 2703.000000, 3625.000000, 2701.000000, 3626.000000, 2727.000000, 3591.000000, 2728.000000,     small-vehicle,     886
2030.000000, 2743.000000, 2052.000000, 2741.000000, 2053.000000, 2801.000000, 2031.000000, 2803.000000,     small-vehicle,     892
3527.000000, 2716.000000, 3581.000000, 2713.000000, 3583.000000, 2740.000000, 3530.000000, 2744.000000,     small-vehicle,     894
2344.000000, 2636.000000, 2378.000000, 2634.000000, 2380.000000, 2711.000000, 2347.000000, 2713.000000,     small-vehicle,     917
2323.000000, 2685.000000, 2357.000000, 2682.000000, 2360.000000, 2753.000000, 2325.000000, 2756.000000,     small-vehicle,     921
2163.000000, 3464.000000, 2189.000000, 3463.000000, 2190.000000, 3520.000000, 2164.000000, 3522.000000,     small-vehicle,     930
2340.000000, 2551.000000, 2368.000000, 2548.000000, 2371.000000, 2621.000000, 2341.000000, 2623.000000,     small-vehicle,     944
2016.000000, 2592.000000, 2043.000000, 2590.000000, 2045.000000, 2657.000000, 2018.000000, 2658.000000,     small-vehicle,     949
3265.000000, 2839.000000, 3314.000000, 2836.000000, 3315.000000, 2858.000000, 3267.000000, 2862.000000,     small-vehicle,     962
1126.000000, 2675.000000, 1194.000000, 2671.000000, 1194.000000, 2712.000000, 1126.000000, 2716.000000,     small-vehicle,     964
915.000000, 2709.000000, 978.000000, 2705.000000, 977.000000, 2741.000000, 915.000000, 2744.000000,     small-vehicle,     966
3690.000000, 2780.000000, 3738.000000, 2776.000000, 3741.000000, 2809.000000, 3693.000000, 2812.000000,     small-vehicle,     969
1306.000000, 2656.000000, 1335.000000, 2654.000000, 1335.000000, 2711.000000, 1306.000000, 2713.000000,     small-vehicle,     971
1302.000000, 2898.000000, 1341.000000, 2895.000000, 1342.000000, 2930.000000, 1302.000000, 2931.000000,     small-vehicle,     975
2010.000000, 2517.000000, 2039.000000, 2515.000000, 2039.000000, 2582.000000, 2011.000000, 2583.000000,     small-vehicle,     981
2301.000000, 2514.000000, 2332.000000, 2513.000000, 2335.000000, 2582.000000, 2303.000000, 2584.000000,     small-vehicle,     986
1050.000000, 2691.000000, 1112.000000, 2687.000000, 1112.000000, 2723.000000, 1050.000000, 2727.000000,     small-vehicle,     987
1206.000000, 2668.000000, 1268.000000, 2664.000000, 1268.000000, 2697.000000, 1206.000000, 2701.000000,     small-vehicle,     989
807.000000, 2628.000000, 875.000000, 2624.000000, 874.000000, 2662.000000, 807.000000, 2667.000000,     small-vehicle,     990
2733.000000, 2910.000000, 2787.000000, 2906.000000, 2789.000000, 2939.000000, 2734.000000, 2942.000000,     small-vehicle,     994
2036.000000, 2435.000000, 2064.000000, 2432.000000, 2064.000000, 2496.000000, 2038.000000, 2498.000000,     small-vehicle,     996
407.000000, 2683.000000, 466.000000, 2680.000000, 465.000000, 2709.000000, 406.000000, 2712.000000,     small-vehicle,     997
2008.000000, 2448.000000, 2033.000000, 2446.000000, 2034.000000, 2509.000000, 2009.000000, 2510.000000,     small-vehicle,     998
2336.000000, 2473.000000, 2363.000000, 2471.000000, 2365.000000, 2539.000000, 2339.000000, 2540.000000,     small-vehicle,     1001
477.000000, 2678.000000, 535.000000, 2675.000000, 534.000000, 2700.000000, 476.000000, 2704.000000,     small-vehicle,     1008
1186.000000, 2572.000000, 1263.000000, 2567.000000, 1263.000000, 2604.000000, 1186.000000, 2609.000000,     small-vehicle,     1009
2143.000000, 3303.000000, 2176.000000, 3300.000000, 2177.000000, 3380.000000, 2146.000000, 3383.000000,     small-vehicle,     1010
1027.000000, 2598.000000, 1092.000000, 2595.000000, 1092.000000, 2631.000000, 1026.000000, 2635.000000,     small-vehicle,     1012
717.000000, 2636.000000, 767.000000, 2633.000000, 767.000000, 2666.000000, 717.000000, 2669.000000,     small-vehicle,     1013
1108.000000, 2584.000000, 1169.000000, 2581.000000, 1169.000000, 2619.000000, 1108.000000, 2623.000000,     small-vehicle,     1014
2332.000000, 2412.000000, 2355.000000, 2411.000000, 2357.000000, 2456.000000, 2334.000000, 2457.000000,     small-vehicle,     1017
2131.000000, 3124.000000, 2160.000000, 3122.000000, 2161.000000, 3184.000000, 2133.000000, 3186.000000,     small-vehicle,     1032
2711.000000, 2389.000000, 2737.000000, 2386.000000, 2739.000000, 2445.000000, 2715.000000, 2447.000000,     small-vehicle,     1033
2693.000000, 2924.000000, 2728.000000, 2922.000000, 2730.000000, 2983.000000, 2696.000000, 2984.000000,     small-vehicle,     1038
2003.000000, 2364.000000, 2031.000000, 2363.000000, 2033.000000, 2428.000000, 2005.000000, 2430.000000,     small-vehicle,     1039
2287.000000, 2313.000000, 2315.000000, 2310.000000, 2318.000000, 2371.000000, 2289.000000, 2373.000000,     small-vehicle,     1056
3538.000000, 3002.000000, 3564.000000, 3000.000000, 3569.000000, 3063.000000, 3542.000000, 3065.000000,     small-vehicle,     1069
3205.000000, 2835.000000, 3253.000000, 2832.000000, 3256.000000, 2874.000000, 3208.000000, 2877.000000,     small-vehicle,     1071
566.000000, 2421.000000, 600.000000, 2420.000000, 599.000000, 2483.000000, 565.000000, 2485.000000,     small-vehicle,     1076
2247.000000, 2281.000000, 2280.000000, 2279.000000, 2282.000000, 2363.000000, 2250.000000, 2364.000000,     large-vehicle,     1078
1998.000000, 2282.000000, 2023.000000, 2281.000000, 2024.000000, 2343.000000, 1999.000000, 2344.000000,     small-vehicle,     1079
2314.000000, 2230.000000, 2338.000000, 2229.000000, 2340.000000, 2286.000000, 2315.000000, 2287.000000,     small-vehicle,     1086
2827.000000, 2367.000000, 2856.000000, 2366.000000, 2860.000000, 2436.000000, 2830.000000, 2437.000000,     small-vehicle,     1088
1306.000000, 2267.000000, 1325.000000, 2266.000000, 1326.000000, 2312.000000, 1306.000000, 2313.000000,     small-vehicle,     1104
2306.000000, 2160.000000, 2332.000000, 2159.000000, 2333.000000, 2214.000000, 2308.000000, 2215.000000,     small-vehicle,     1113
1989.000000, 2191.000000, 2015.000000, 2190.000000, 2017.000000, 2251.000000, 1990.000000, 2252.000000,     small-vehicle,     1115
1261.000000, 2236.000000, 1310.000000, 2234.000000, 1310.000000, 2265.000000, 1261.000000, 2267.000000,     small-vehicle,     1116
886.000000, 2262.000000, 945.000000, 2258.000000, 945.000000, 2292.000000, 885.000000, 2295.000000,     small-vehicle,     1121
3561.000000, 3178.000000, 3585.000000, 3177.000000, 3591.000000, 3242.000000, 3565.000000, 3244.000000,     small-vehicle,     1122
1174.000000, 2240.000000, 1229.000000, 2238.000000, 1229.000000, 2269.000000, 1174.000000, 2272.000000,     small-vehicle,     1135
817.000000, 2186.000000, 877.000000, 2184.000000, 877.000000, 2213.000000, 816.000000, 2216.000000,     small-vehicle,     1139
1980.000000, 2100.000000, 2009.000000, 2099.000000, 2011.000000, 2162.000000, 1981.000000, 2164.000000,     small-vehicle,     1140
2010.000000, 2067.000000, 2055.000000, 2065.000000, 2059.000000, 2204.000000, 2013.000000, 2206.000000,     large-vehicle,     1141
2272.000000, 2108.000000, 2298.000000, 2107.000000, 2300.000000, 2163.000000, 2273.000000, 2164.000000,     small-vehicle,     1142
1001.000000, 2248.000000, 1056.000000, 2246.000000, 1056.000000, 2280.000000, 1001.000000, 2283.000000,     small-vehicle,     1144
2905.000000, 2881.000000, 2966.000000, 2877.000000, 2968.000000, 2911.000000, 2907.000000, 2916.000000,     small-vehicle,     1151
1219.000000, 2157.000000, 1290.000000, 2154.000000, 1290.000000, 2184.000000, 1219.000000, 2187.000000,     small-vehicle,     1155
658.000000, 2202.000000, 709.000000, 2200.000000, 709.000000, 2226.000000, 657.000000, 2229.000000,     small-vehicle,     1156
720.000000, 2198.000000, 775.000000, 2196.000000, 775.000000, 2223.000000, 719.000000, 2226.000000,     small-vehicle,     1157
1045.000000, 2167.000000, 1107.000000, 2165.000000, 1107.000000, 2194.000000, 1045.000000, 2197.000000,     small-vehicle,     1159
3121.000000, 2856.000000, 3174.000000, 2852.000000, 3175.000000, 2884.000000, 3123.000000, 2887.000000,     small-vehicle,     1164
1978.000000, 2021.000000, 2006.000000, 2019.000000, 2008.000000, 2086.000000, 1980.000000, 2087.000000,     small-vehicle,     1168
2266.000000, 2009.000000, 2295.000000, 2008.000000, 2297.000000, 2072.000000, 2269.000000, 2074.000000,     small-vehicle,     1175
349.000000, 3559.000000, 409.000000, 3554.000000, 408.000000, 3586.000000, 348.000000, 3591.000000,     small-vehicle,     1177
1309.000000, 2087.000000, 1335.000000, 2086.000000, 1335.000000, 2145.000000, 1310.000000, 2146.000000,     small-vehicle,     1179
3531.000000, 2797.000000, 3580.000000, 2794.000000, 3582.000000, 2824.000000, 3533.000000, 2827.000000,     small-vehicle,     1182
3045.000000, 2864.000000, 3105.000000, 2860.000000, 3106.000000, 2894.000000, 3048.000000, 2898.000000,     small-vehicle,     1192
558.000000, 2015.000000, 588.000000, 2014.000000, 586.000000, 2073.000000, 557.000000, 2074.000000,     small-vehicle,     1202
1995.000000, 1907.000000, 2027.000000, 1906.000000, 2029.000000, 1974.000000, 1997.000000, 1975.000000,     small-vehicle,     1205
1967.000000, 1842.000000, 1997.000000, 1840.000000, 1998.000000, 1907.000000, 1968.000000, 1907.000000,     small-vehicle,     1211
2675.000000, 1843.000000, 2723.000000, 1841.000000, 2725.000000, 1864.000000, 2676.000000, 1866.000000,     small-vehicle,     1212
2474.000000, 1863.000000, 2538.000000, 1860.000000, 2539.000000, 1893.000000, 2474.000000, 1896.000000,     small-vehicle,     1214
2418.000000, 1875.000000, 2467.000000, 1873.000000, 2468.000000, 1900.000000, 2419.000000, 1903.000000,     small-vehicle,     1216
2610.000000, 1848.000000, 2665.000000, 1846.000000, 2665.000000, 1874.000000, 2611.000000, 1877.000000,     small-vehicle,     1217
3573.000000, 3254.000000, 3600.000000, 3252.000000, 3605.000000, 3318.000000, 3577.000000, 3320.000000,     small-vehicle,     1218
2250.000000, 1830.000000, 2278.000000, 1828.000000, 2280.000000, 1889.000000, 2252.000000, 1890.000000,     small-vehicle,     1232
1967.000000, 1766.000000, 1998.000000, 1765.000000, 1999.000000, 1823.000000, 1968.000000, 1824.000000,     small-vehicle,     1236
2109.000000, 2757.000000, 2136.000000, 2756.000000, 2139.000000, 2826.000000, 2110.000000, 2828.000000,     small-vehicle,     1241
1949.000000, 1776.000000, 1974.000000, 1775.000000, 1975.000000, 1834.000000, 1951.000000, 1835.000000,     small-vehicle,     1245
3379.000000, 1750.000000, 3431.000000, 1748.000000, 3433.000000, 1778.000000, 3380.000000, 1780.000000,     small-vehicle,     1248
3448.000000, 1743.000000, 3509.000000, 1741.000000, 3511.000000, 1770.000000, 3450.000000, 1773.000000,     small-vehicle,     1249
1297.000000, 1791.000000, 1326.000000, 1790.000000, 1325.000000, 1854.000000, 1297.000000, 1855.000000,     small-vehicle,     1250
3579.000000, 1725.000000, 3631.000000, 1723.000000, 3634.000000, 1756.000000, 3582.000000, 1757.000000,     small-vehicle,     1251
1953.000000, 1688.000000, 1982.000000, 1688.000000, 1984.000000, 1751.000000, 1954.000000, 1752.000000,     small-vehicle,     1254
2242.000000, 1648.000000, 2278.000000, 1647.000000, 2280.000000, 1715.000000, 2245.000000, 1715.000000,     small-vehicle,     1257
2265.000000, 1726.000000, 2301.000000, 1724.000000, 2304.000000, 1796.000000, 2267.000000, 1797.000000,     small-vehicle,     1258
3654.000000, 1717.000000, 3714.000000, 1714.000000, 3717.000000, 1750.000000, 3657.000000, 1752.000000,     small-vehicle,     1260
321.000000, 2784.000000, 388.000000, 2779.000000, 387.000000, 2813.000000, 320.000000, 2818.000000,     small-vehicle,     1271
1292.000000, 1674.000000, 1323.000000, 1673.000000, 1323.000000, 1741.000000, 1292.000000, 1743.000000,     small-vehicle,     1273
2223.000000, 1554.000000, 2247.000000, 1554.000000, 2249.000000, 1614.000000, 2224.000000, 1614.000000,     small-vehicle,     1277
1945.000000, 1600.000000, 1975.000000, 1600.000000, 1976.000000, 1668.000000, 1947.000000, 1669.000000,     small-vehicle,     1282
1103.000000, 2250.000000, 1161.000000, 2247.000000, 1161.000000, 2277.000000, 1103.000000, 2280.000000,     small-vehicle,     1284
2293.000000, 2897.000000, 2327.000000, 2895.000000, 2330.000000, 2976.000000, 2295.000000, 2978.000000,     small-vehicle,     1290
1939.000000, 1519.000000, 1968.000000, 1518.000000, 1970.000000, 1581.000000, 1941.000000, 1582.000000,     small-vehicle,     1292
1288.000000, 1596.000000, 1309.000000, 1595.000000, 1309.000000, 1636.000000, 1288.000000, 1637.000000,     small-vehicle,     1293
687.000000, 2739.000000, 748.000000, 2735.000000, 747.000000, 2768.000000, 686.000000, 2772.000000,     small-vehicle,     1294
831.000000, 2717.000000, 897.000000, 2714.000000, 897.000000, 2747.000000, 831.000000, 2751.000000,     small-vehicle,     1295
2251.000000, 1507.000000, 2277.000000, 1506.000000, 2280.000000, 1568.000000, 2252.000000, 1569.000000,     small-vehicle,     1298
2067.000000, 2081.000000, 2093.000000, 2080.000000, 2095.000000, 2155.000000, 2069.000000, 2156.000000,     small-vehicle,     1302
2443.000000, 1955.000000, 2502.000000, 1952.000000, 2503.000000, 1973.000000, 2443.000000, 1976.000000,     small-vehicle,     1303
10.000000, 2721.000000, 61.000000, 2717.000000, 60.000000, 2750.000000, 9.000000, 2752.000000,     small-vehicle,     1305
2469.000000, 2421.000000, 2490.000000, 2420.000000, 2492.000000, 2473.000000, 2471.000000, 2474.000000,     small-vehicle,     1306
782.000000, 2268.000000, 846.000000, 2265.000000, 846.000000, 2301.000000, 782.000000, 2304.000000,     small-vehicle,     1307
2408.000000, 3360.000000, 2439.000000, 3357.000000, 2443.000000, 3434.000000, 2411.000000, 3437.000000,     large-vehicle,     1308
1934.000000, 1444.000000, 1961.000000, 1443.000000, 1963.000000, 1501.000000, 1935.000000, 1503.000000,     small-vehicle,     1309
1284.000000, 1461.000000, 1305.000000, 1460.000000, 1305.000000, 1514.000000, 1283.000000, 1515.000000,     small-vehicle,     1312
2316.000000, 2306.000000, 2351.000000, 2305.000000, 2352.000000, 2362.000000, 2319.000000, 2363.000000,     small-vehicle,     1314
3430.000000, 1831.000000, 3493.000000, 1828.000000, 3496.000000, 1860.000000, 3432.000000, 1863.000000,     large-vehicle,     1317
756.000000, 2733.000000, 818.000000, 2729.000000, 818.000000, 2759.000000, 755.000000, 2763.000000,     small-vehicle,     1318
1814.000000, 2654.000000, 1885.000000, 2649.000000, 1886.000000, 2692.000000, 1814.000000, 2696.000000,     small-vehicle,     1320
1302.000000, 2329.000000, 1333.000000, 2327.000000, 1333.000000, 2396.000000, 1302.000000, 2398.000000,     small-vehicle,     1329
1276.000000, 1374.000000, 1305.000000, 1372.000000, 1304.000000, 1434.000000, 1276.000000, 1434.000000,     small-vehicle,     1330
714.000000, 2279.000000, 754.000000, 2278.000000, 754.000000, 2304.000000, 714.000000, 2306.000000,     small-vehicle,     1331
1273.000000, 1304.000000, 1302.000000, 1304.000000, 1303.000000, 1368.000000, 1273.000000, 1370.000000,     small-vehicle,     1333
1970.000000, 1931.000000, 1998.000000, 1929.000000, 2000.000000, 1993.000000, 1971.000000, 1994.000000,     small-vehicle,     1335
1923.000000, 1280.000000, 1950.000000, 1279.000000, 1952.000000, 1334.000000, 1924.000000, 1334.000000,     small-vehicle,     1337
2205.000000, 1217.000000, 2228.000000, 1217.000000, 2231.000000, 1280.000000, 2207.000000, 1282.000000,     small-vehicle,     1342
1226.000000, 3459.000000, 1294.000000, 3454.000000, 1294.000000, 3486.000000, 1226.000000, 3492.000000,     small-vehicle,     1343
2720.000000, 1921.000000, 2779.000000, 1918.000000, 2781.000000, 1948.000000, 2721.000000, 1950.000000,     small-vehicle,     1347
1269.000000, 1242.000000, 1295.000000, 1242.000000, 1295.000000, 1292.000000, 1269.000000, 1292.000000,     small-vehicle,     1348
2448.000000, 3022.000000, 2467.000000, 3021.000000, 2468.000000, 3057.000000, 2449.000000, 3058.000000,     small-vehicle,     1350
2367.000000, 2735.000000, 2389.000000, 2734.000000, 2391.000000, 2783.000000, 2368.000000, 2784.000000,     small-vehicle,     1352
2411.000000, 3365.000000, 2441.000000, 3362.000000, 2444.000000, 3440.000000, 2414.000000, 3443.000000,     small-vehicle,     1354
1975.000000, 1989.000000, 2002.000000, 1988.000000, 2003.000000, 2009.000000, 1975.000000, 2010.000000,     small-vehicle,     1355
3329.000000, 2833.000000, 3382.000000, 2830.000000, 3384.000000, 2853.000000, 3331.000000, 2856.000000,     small-vehicle,     1356
1813.000000, 2646.000000, 1889.000000, 2642.000000, 1890.000000, 2683.000000, 1812.000000, 2688.000000,     large-vehicle,     1357
2412.000000, 3380.000000, 2441.000000, 3377.000000, 2444.000000, 3451.000000, 2414.000000, 3453.000000,     large-vehicle,     1358
1966.000000, 1834.000000, 1997.000000, 1833.000000, 1998.000000, 1899.000000, 1968.000000, 1900.000000,     large-vehicle,     1359
1940.000000, 1150.000000, 1967.000000, 1149.000000, 1969.000000, 1203.000000, 1941.000000, 1203.000000,     small-vehicle,     1360
2194.000000, 1148.000000, 2225.000000, 1147.000000, 2227.000000, 1211.000000, 2196.000000, 1213.000000,     small-vehicle,     1361
281.000000, 3562.000000, 333.000000, 3557.000000, 332.000000, 3589.000000, 280.000000, 3594.000000,     small-vehicle,     1362
1303.000000, 2314.000000, 1332.000000, 2312.000000, 1332.000000, 2389.000000, 1303.000000, 2390.000000,     small-vehicle,     1363
1364.000000, 1139.000000, 1417.000000, 1138.000000, 1417.000000, 1169.000000, 1364.000000, 1170.000000,     small-vehicle,     1364
2412.000000, 3377.000000, 2441.000000, 3375.000000, 2444.000000, 3451.000000, 2414.000000, 3453.000000,     small-vehicle,     1365
2183.000000, 1635.000000, 2200.000000, 1634.000000, 2202.000000, 1665.000000, 2183.000000, 1666.000000,     small-vehicle,     1366
540.000000, 2043.000000, 562.000000, 2042.000000, 561.000000, 2087.000000, 539.000000, 2088.000000,     small-vehicle,     1367
2344.000000, 2762.000000, 2364.000000, 2760.000000, 2366.000000, 2794.000000, 2346.000000, 2795.000000,     small-vehicle,     1368
532.000000, 1167.000000, 586.000000, 1166.000000, 585.000000, 1203.000000, 531.000000, 1204.000000,     small-vehicle,     1369
1816.000000, 2646.000000, 1884.000000, 2642.000000, 1885.000000, 2681.000000, 1815.000000, 2685.000000,     large-vehicle,     1370
1302.000000, 2320.000000, 1333.000000, 2319.000000, 1333.000000, 2399.000000, 1302.000000, 2401.000000,     large-vehicle,     1371
61.000000, 1157.000000, 111.000000, 1157.000000, 109.000000, 1197.000000, 59.000000, 1198.000000,     small-vehicle,     1372
