2078.000000, 3213.000000, 2105.000000, 3212.000000, 2107.000000, 3272.000000, 2079.000000, 3274.000000,     small-vehicle,     4
2391.000000, 3469.000000, 2421.000000, 3467.000000, 2423.000000, 3523.000000, 2392.000000, 3525.000000,     small-vehicle,     17
2089.000000, 3394.000000, 2121.000000, 3391.000000, 2123.000000, 3467.000000, 2091.000000, 3470.000000,     small-vehicle,     21
2326.000000, 3709.000000, 2357.000000, 3706.000000, 2360.000000, 3792.000000, 2329.000000, 3794.000000,     small-vehicle,     29
1385.000000, 3444.000000, 1445.000000, 3440.000000, 1446.000000, 3484.000000, 1386.000000, 3488.000000,     small-vehicle,     41
2356.000000, 3353.000000, 2381.000000, 3350.000000, 2384.000000, 3431.000000, 2357.000000, 3434.000000,     small-vehicle,     46
2285.000000, 2301.000000, 2342.000000, 2299.000000, 2343.000000, 2330.000000, 2285.000000, 2332.000000,     small-vehicle,     66
2307.000000, 3909.000000, 2337.000000, 3906.000000, 2339.000000, 3985.000000, 2308.000000, 3987.000000,     small-vehicle,     114
2070.000000, 3136.000000, 2098.000000, 3135.000000, 2100.000000, 3196.000000, 2071.000000, 3198.000000,     small-vehicle,     120
2224.000000, 2484.000000, 2252.000000, 2483.000000, 2254.000000, 2551.000000, 2225.000000, 2552.000000,     small-vehicle,     148
2183.000000, 2093.000000, 2216.000000, 2092.000000, 2219.000000, 2190.000000, 2185.000000, 2190.000000,     large-vehicle,     230
2892.000000, 3237.000000, 2949.000000, 3234.000000, 2951.000000, 3277.000000, 2894.000000, 3281.000000,     small-vehicle,     386
2037.000000, 3031.000000, 2066.000000, 3030.000000, 2067.000000, 3099.000000, 2038.000000, 3101.000000,     small-vehicle,     432
2067.000000, 3021.000000, 2098.000000, 3020.000000, 2098.000000, 3086.000000, 2068.000000, 3089.000000,     small-vehicle,     433
3138.000000, 3178.000000, 3177.000000, 3175.000000, 3178.000000, 3199.000000, 3139.000000, 3201.000000,     small-vehicle,     445
2313.000000, 2801.000000, 2339.000000, 2799.000000, 2340.000000, 2863.000000, 2314.000000, 2864.000000,     small-vehicle,     564
2348.000000, 2815.000000, 2379.000000, 2813.000000, 2381.000000, 2878.000000, 2350.000000, 2879.000000,     small-vehicle,     568
1689.000000, 3342.000000, 1749.000000, 3338.000000, 1749.000000, 3368.000000, 1689.000000, 3372.000000,     small-vehicle,     575
3603.000000, 3165.000000, 3657.000000, 3163.000000, 3659.000000, 3189.000000, 3605.000000, 3193.000000,     small-vehicle,     577
2342.000000, 2731.000000, 2370.000000, 2729.000000, 2371.000000, 2801.000000, 2344.000000, 2802.000000,     small-vehicle,     590
2042.000000, 2765.000000, 2076.000000, 2763.000000, 2078.000000, 2837.000000, 2044.000000, 2839.000000,     small-vehicle,     593
2324.000000, 2647.000000, 2354.000000, 2645.000000, 2356.000000, 2713.000000, 2326.000000, 2714.000000,     small-vehicle,     632
3020.000000, 3232.000000, 3079.000000, 3228.000000, 3080.000000, 3263.000000, 3022.000000, 3266.000000,     small-vehicle,     636
2011.000000, 2592.000000, 2038.000000, 2590.000000, 2040.000000, 2656.000000, 2011.000000, 2657.000000,     small-vehicle,     660
2291.000000, 3574.000000, 2321.000000, 3571.000000, 2323.000000, 3645.000000, 2292.000000, 3647.000000,     small-vehicle,     664
2326.000000, 2560.000000, 2355.000000, 2559.000000, 2356.000000, 2627.000000, 2328.000000, 2629.000000,     small-vehicle,     666
2004.000000, 2520.000000, 2031.000000, 2519.000000, 2031.000000, 2576.000000, 2005.000000, 2577.000000,     small-vehicle,     704
2321.000000, 2470.000000, 2350.000000, 2469.000000, 2353.000000, 2541.000000, 2324.000000, 2542.000000,     small-vehicle,     718
2562.000000, 3290.000000, 2618.000000, 3287.000000, 2620.000000, 3319.000000, 2563.000000, 3323.000000,     small-vehicle,     756
2279.000000, 2370.000000, 2312.000000, 2369.000000, 2314.000000, 2448.000000, 2281.000000, 2450.000000,     small-vehicle,     761
2000.000000, 2436.000000, 2027.000000, 2435.000000, 2029.000000, 2505.000000, 2001.000000, 2506.000000,     small-vehicle,     762
3292.000000, 3199.000000, 3347.000000, 3195.000000, 3349.000000, 3230.000000, 3294.000000, 3234.000000,     small-vehicle,     789
3739.000000, 3142.000000, 3800.000000, 3138.000000, 3802.000000, 3174.000000, 3741.000000, 3178.000000,     small-vehicle,     792
1985.000000, 2295.000000, 2016.000000, 2294.000000, 2017.000000, 2363.000000, 1986.000000, 2364.000000,     small-vehicle,     813
3421.000000, 2306.000000, 3443.000000, 2306.000000, 3447.000000, 2364.000000, 3423.000000, 2364.000000,     small-vehicle,     815
2112.000000, 2601.000000, 2140.000000, 2599.000000, 2142.000000, 2670.000000, 2113.000000, 2671.000000,     small-vehicle,     816
2505.000000, 2309.000000, 2556.000000, 2308.000000, 2557.000000, 2337.000000, 2506.000000, 2339.000000,     small-vehicle,     818
2700.000000, 3258.000000, 2750.000000, 3255.000000, 2753.000000, 3315.000000, 2702.000000, 3318.000000,     small-vehicle,     824
1995.000000, 2244.000000, 2018.000000, 2244.000000, 2019.000000, 2290.000000, 1996.000000, 2291.000000,     small-vehicle,     840
2489.000000, 2227.000000, 2541.000000, 2226.000000, 2542.000000, 2252.000000, 2489.000000, 2254.000000,     small-vehicle,     841
2550.000000, 2218.000000, 2606.000000, 2215.000000, 2607.000000, 2246.000000, 2551.000000, 2249.000000,     small-vehicle,     845
1792.000000, 2744.000000, 1855.000000, 2741.000000, 1855.000000, 2769.000000, 1792.000000, 2772.000000,     small-vehicle,     847
2106.000000, 2439.000000, 2136.000000, 2437.000000, 2137.000000, 2495.000000, 2107.000000, 2496.000000,     small-vehicle,     867
2816.000000, 2193.000000, 2869.000000, 2192.000000, 2870.000000, 2218.000000, 2817.000000, 2220.000000,     small-vehicle,     870
2935.000000, 2172.000000, 2999.000000, 2170.000000, 3000.000000, 2198.000000, 2937.000000, 2200.000000,     small-vehicle,     875
1639.000000, 3343.000000, 1659.000000, 3341.000000, 1660.000000, 3399.000000, 1639.000000, 3400.000000,     small-vehicle,     876
3414.000000, 2218.000000, 3438.000000, 2218.000000, 3441.000000, 2272.000000, 3416.000000, 2273.000000,     small-vehicle,     878
2682.000000, 2205.000000, 2740.000000, 2203.000000, 2740.000000, 2234.000000, 2683.000000, 2235.000000,     small-vehicle,     880
1972.000000, 2193.000000, 1991.000000, 2193.000000, 1992.000000, 2241.000000, 1973.000000, 2241.000000,     small-vehicle,     885
3480.000000, 2106.000000, 3527.000000, 2105.000000, 3529.000000, 2134.000000, 3480.000000, 2135.000000,     small-vehicle,     886
3120.000000, 2149.000000, 3181.000000, 2148.000000, 3183.000000, 2175.000000, 3122.000000, 2177.000000,     small-vehicle,     889
1974.000000, 2124.000000, 1998.000000, 2124.000000, 1999.000000, 2181.000000, 1975.000000, 2182.000000,     small-vehicle,     892
3245.000000, 2137.000000, 3301.000000, 2136.000000, 3303.000000, 2165.000000, 3247.000000, 2167.000000,     small-vehicle,     893
3423.000000, 2112.000000, 3474.000000, 2111.000000, 3474.000000, 2136.000000, 3424.000000, 2137.000000,     small-vehicle,     894
3034.000000, 2158.000000, 3091.000000, 2156.000000, 3093.000000, 2186.000000, 3036.000000, 2187.000000,     small-vehicle,     895
3583.000000, 2091.000000, 3636.000000, 2090.000000, 3637.000000, 2116.000000, 3584.000000, 2117.000000,     small-vehicle,     897
2882.000000, 2180.000000, 2932.000000, 2179.000000, 2933.000000, 2205.000000, 2883.000000, 2206.000000,     small-vehicle,     904
662.000000, 3174.000000, 729.000000, 3170.000000, 728.000000, 3208.000000, 662.000000, 3211.000000,     small-vehicle,     909
3230.000000, 2222.000000, 3286.000000, 2219.000000, 3288.000000, 2244.000000, 3231.000000, 2246.000000,     small-vehicle,     916
2284.000000, 2029.000000, 2316.000000, 2027.000000, 2318.000000, 2098.000000, 2285.000000, 2100.000000,     small-vehicle,     917
2265.000000, 2075.000000, 2295.000000, 2074.000000, 2297.000000, 2140.000000, 2266.000000, 2141.000000,     small-vehicle,     921
2065.000000, 2377.000000, 2093.000000, 2376.000000, 2094.000000, 2438.000000, 2066.000000, 2439.000000,     small-vehicle,     930
2278.000000, 1944.000000, 2308.000000, 1944.000000, 2310.000000, 2016.000000, 2280.000000, 2016.000000,     small-vehicle,     944
1966.000000, 1978.000000, 1992.000000, 1976.000000, 1993.000000, 2039.000000, 1967.000000, 2040.000000,     small-vehicle,     949
3583.000000, 3077.000000, 3627.000000, 3074.000000, 3628.000000, 3105.000000, 3585.000000, 3108.000000,     small-vehicle,     953
3168.000000, 2229.000000, 3224.000000, 2227.000000, 3226.000000, 2255.000000, 3170.000000, 2256.000000,     small-vehicle,     962
1083.000000, 1966.000000, 1143.000000, 1964.000000, 1142.000000, 1999.000000, 1083.000000, 2001.000000,     small-vehicle,     964
873.000000, 1982.000000, 940.000000, 1981.000000, 940.000000, 2014.000000, 872.000000, 2015.000000,     small-vehicle,     966
3581.000000, 2172.000000, 3625.000000, 2170.000000, 3627.000000, 2195.000000, 3582.000000, 2197.000000,     small-vehicle,     969
1262.000000, 1960.000000, 1291.000000, 1959.000000, 1290.000000, 2012.000000, 1262.000000, 2012.000000,     small-vehicle,     971
1662.000000, 2746.000000, 1720.000000, 2744.000000, 1720.000000, 2772.000000, 1662.000000, 2775.000000,     small-vehicle,     973
1257.000000, 2195.000000, 1300.000000, 2194.000000, 1300.000000, 2221.000000, 1257.000000, 2221.000000,     small-vehicle,     975
2014.000000, 2848.000000, 2039.000000, 2847.000000, 2040.000000, 2901.000000, 2014.000000, 2902.000000,     small-vehicle,     976
2081.000000, 2121.000000, 2110.000000, 2121.000000, 2112.000000, 2187.000000, 2081.000000, 2188.000000,     small-vehicle,     980
1958.000000, 1906.000000, 1986.000000, 1905.000000, 1987.000000, 1968.000000, 1959.000000, 1968.000000,     small-vehicle,     981
2244.000000, 1909.000000, 2272.000000, 1908.000000, 2274.000000, 1973.000000, 2244.000000, 1973.000000,     small-vehicle,     986
1011.000000, 1973.000000, 1070.000000, 1973.000000, 1069.000000, 2003.000000, 1011.000000, 2004.000000,     small-vehicle,     987
1164.000000, 1963.000000, 1223.000000, 1963.000000, 1223.000000, 1990.000000, 1164.000000, 1992.000000,     small-vehicle,     989
777.000000, 1898.000000, 840.000000, 1896.000000, 839.000000, 1930.000000, 775.000000, 1932.000000,     small-vehicle,     990
2658.000000, 2286.000000, 2707.000000, 2285.000000, 2707.000000, 2315.000000, 2659.000000, 2317.000000,     small-vehicle,     994
95.000000, 1982.000000, 158.000000, 1981.000000, 157.000000, 2010.000000, 94.000000, 2011.000000,     small-vehicle,     995
1983.000000, 1824.000000, 2010.000000, 1824.000000, 2012.000000, 1885.000000, 1984.000000, 1885.000000,     small-vehicle,     996
373.000000, 1945.000000, 434.000000, 1945.000000, 433.000000, 1975.000000, 373.000000, 1976.000000,     small-vehicle,     997
1957.000000, 1843.000000, 1981.000000, 1843.000000, 1981.000000, 1900.000000, 1958.000000, 1901.000000,     small-vehicle,     998
2275.000000, 1867.000000, 2304.000000, 1866.000000, 2306.000000, 1934.000000, 2276.000000, 1935.000000,     small-vehicle,     1001
443.000000, 1941.000000, 505.000000, 1939.000000, 504.000000, 1969.000000, 442.000000, 1971.000000,     small-vehicle,     1008
1150.000000, 1869.000000, 1221.000000, 1868.000000, 1221.000000, 1902.000000, 1150.000000, 1903.000000,     small-vehicle,     1009
2044.000000, 2179.000000, 2075.000000, 2178.000000, 2077.000000, 2258.000000, 2045.000000, 2259.000000,     small-vehicle,     1010
983.000000, 1881.000000, 1056.000000, 1880.000000, 1055.000000, 1915.000000, 982.000000, 1916.000000,     small-vehicle,     1012
683.000000, 1898.000000, 730.000000, 1897.000000, 729.000000, 1927.000000, 682.000000, 1928.000000,     small-vehicle,     1013
1067.000000, 1874.000000, 1123.000000, 1874.000000, 1123.000000, 1905.000000, 1067.000000, 1906.000000,     small-vehicle,     1014
2272.000000, 1805.000000, 2295.000000, 1805.000000, 2296.000000, 1847.000000, 2273.000000, 1848.000000,     small-vehicle,     1017
2034.000000, 1891.000000, 2067.000000, 1889.000000, 2067.000000, 1957.000000, 2035.000000, 1958.000000,     small-vehicle,     1032
2641.000000, 1787.000000, 2669.000000, 1787.000000, 2671.000000, 1849.000000, 2644.000000, 1850.000000,     small-vehicle,     1033
2617.000000, 2309.000000, 2655.000000, 2307.000000, 2657.000000, 2368.000000, 2618.000000, 2370.000000,     small-vehicle,     1038
1953.000000, 1756.000000, 1979.000000, 1755.000000, 1980.000000, 1818.000000, 1954.000000, 1818.000000,     small-vehicle,     1039
820.000000, 2778.000000, 893.000000, 2776.000000, 892.000000, 2810.000000, 820.000000, 2813.000000,     small-vehicle,     1042
2035.000000, 2959.000000, 2060.000000, 2957.000000, 2062.000000, 3018.000000, 2037.000000, 3020.000000,     small-vehicle,     1052
2232.000000, 1705.000000, 2258.000000, 1705.000000, 2259.000000, 1763.000000, 2234.000000, 1763.000000,     small-vehicle,     1056
3431.000000, 2396.000000, 3456.000000, 2395.000000, 3458.000000, 2449.000000, 3434.000000, 2450.000000,     small-vehicle,     1069
3198.000000, 3228.000000, 3259.000000, 3224.000000, 3259.000000, 3252.000000, 3198.000000, 3255.000000,     small-vehicle,     1070
3112.000000, 2228.000000, 3160.000000, 2227.000000, 3162.000000, 2267.000000, 3114.000000, 2269.000000,     small-vehicle,     1071
537.000000, 1719.000000, 568.000000, 1719.000000, 567.000000, 1779.000000, 535.000000, 1780.000000,     small-vehicle,     1076
2235.000000, 2327.000000, 2271.000000, 2325.000000, 2272.000000, 2412.000000, 2237.000000, 2413.000000,     large-vehicle,     1078
1947.000000, 1666.000000, 1972.000000, 1665.000000, 1973.000000, 1729.000000, 1947.000000, 1729.000000,     small-vehicle,     1079
2257.000000, 1628.000000, 2282.000000, 1628.000000, 2283.000000, 1683.000000, 2258.000000, 1683.000000,     small-vehicle,     1086
2754.000000, 1772.000000, 2784.000000, 1771.000000, 2786.000000, 1838.000000, 2757.000000, 1839.000000,     small-vehicle,     1088
1262.000000, 1660.000000, 1292.000000, 1660.000000, 1292.000000, 1728.000000, 1262.000000, 1728.000000,     small-vehicle,     1092
1792.000000, 1989.000000, 1848.000000, 1987.000000, 1849.000000, 2014.000000, 1793.000000, 2015.000000,     small-vehicle,     1099
1265.000000, 1600.000000, 1287.000000, 1600.000000, 1287.000000, 1648.000000, 1265.000000, 1648.000000,     small-vehicle,     1104
2395.000000, 3389.000000, 2418.000000, 3387.000000, 2419.000000, 3439.000000, 2397.000000, 3441.000000,     small-vehicle,     1105
2253.000000, 1562.000000, 2276.000000, 1561.000000, 2277.000000, 1615.000000, 2254.000000, 1615.000000,     small-vehicle,     1113
1941.000000, 1577.000000, 1966.000000, 1577.000000, 1968.000000, 1639.000000, 1943.000000, 1640.000000,     small-vehicle,     1115
1224.000000, 1568.000000, 1269.000000, 1567.000000, 1269.000000, 1597.000000, 1224.000000, 1598.000000,     small-vehicle,     1116
2404.000000, 1788.000000, 2424.000000, 1788.000000, 2426.000000, 1835.000000, 2404.000000, 1835.000000,     small-vehicle,     1117
2629.000000, 3287.000000, 2680.000000, 3284.000000, 2681.000000, 3312.000000, 2630.000000, 3314.000000,     small-vehicle,     1118
2162.000000, 3345.000000, 2191.000000, 3344.000000, 2192.000000, 3411.000000, 2162.000000, 3414.000000,     small-vehicle,     1120
854.000000, 1574.000000, 909.000000, 1574.000000, 909.000000, 1605.000000, 853.000000, 1605.000000,     small-vehicle,     1121
3448.000000, 2558.000000, 3476.000000, 2557.000000, 3480.000000, 2618.000000, 3452.000000, 2620.000000,     small-vehicle,     1122
1136.000000, 1568.000000, 1186.000000, 1566.000000, 1186.000000, 1597.000000, 1136.000000, 1597.000000,     small-vehicle,     1135
784.000000, 1497.000000, 839.000000, 1497.000000, 839.000000, 1526.000000, 783.000000, 1526.000000,     small-vehicle,     1139
1932.000000, 1492.000000, 1960.000000, 1492.000000, 1961.000000, 1550.000000, 1933.000000, 1551.000000,     small-vehicle,     1140
1961.000000, 1463.000000, 2006.000000, 1463.000000, 2008.000000, 1587.000000, 1964.000000, 1588.000000,     large-vehicle,     1141
2217.000000, 1507.000000, 2244.000000, 1507.000000, 2244.000000, 1561.000000, 2219.000000, 1561.000000,     small-vehicle,     1142
3095.000000, 3239.000000, 3163.000000, 3234.000000, 3165.000000, 3269.000000, 3097.000000, 3273.000000,     large-vehicle,     1143
968.000000, 1565.000000, 1017.000000, 1563.000000, 1017.000000, 1594.000000, 967.000000, 1594.000000,     small-vehicle,     1144
2826.000000, 2265.000000, 2880.000000, 2263.000000, 2882.000000, 2294.000000, 2828.000000, 2295.000000,     small-vehicle,     1151
1182.000000, 1489.000000, 1251.000000, 1488.000000, 1251.000000, 1517.000000, 1182.000000, 1518.000000,     small-vehicle,     1155
626.000000, 1509.000000, 675.000000, 1509.000000, 674.000000, 1534.000000, 625.000000, 1534.000000,     small-vehicle,     1156
686.000000, 1505.000000, 744.000000, 1504.000000, 744.000000, 1532.000000, 686.000000, 1533.000000,     small-vehicle,     1157
1009.000000, 1489.000000, 1069.000000, 1490.000000, 1069.000000, 1517.000000, 1009.000000, 1517.000000,     small-vehicle,     1159
3032.000000, 2247.000000, 3086.000000, 2245.000000, 3087.000000, 2273.000000, 3032.000000, 2275.000000,     small-vehicle,     1164
1932.000000, 1415.000000, 1958.000000, 1415.000000, 1959.000000, 1477.000000, 1932.000000, 1477.000000,     small-vehicle,     1168
242.000000, 2816.000000, 314.000000, 2812.000000, 313.000000, 2845.000000, 241.000000, 2849.000000,     small-vehicle,     1171
2213.000000, 1414.000000, 2241.000000, 1414.000000, 2243.000000, 1477.000000, 2215.000000, 1477.000000,     small-vehicle,     1175
1472.000000, 2770.000000, 1526.000000, 2768.000000, 1526.000000, 2795.000000, 1472.000000, 2798.000000,     small-vehicle,     1176
325.000000, 2815.000000, 384.000000, 2812.000000, 383.000000, 2844.000000, 324.000000, 2847.000000,     small-vehicle,     1177
1271.000000, 1430.000000, 1295.000000, 1429.000000, 1294.000000, 1483.000000, 1271.000000, 1483.000000,     small-vehicle,     1179
3425.000000, 2198.000000, 3478.000000, 2196.000000, 3480.000000, 2226.000000, 3426.000000, 2228.000000,     small-vehicle,     1182
1922.000000, 1324.000000, 1952.000000, 1324.000000, 1954.000000, 1410.000000, 1924.000000, 1410.000000,     small-vehicle,     1183
2332.000000, 2932.000000, 2362.000000, 2930.000000, 2363.000000, 3010.000000, 2335.000000, 3011.000000,     small-vehicle,     1190
2061.000000, 2701.000000, 2101.000000, 2699.000000, 2103.000000, 2771.000000, 2062.000000, 2773.000000,     small-vehicle,     1191
2959.000000, 2252.000000, 3017.000000, 2251.000000, 3019.000000, 2282.000000, 2959.000000, 2284.000000,     small-vehicle,     1192
2765.000000, 2275.000000, 2808.000000, 2273.000000, 2809.000000, 2297.000000, 2766.000000, 2298.000000,     small-vehicle,     1195
524.000000, 1317.000000, 558.000000, 1316.000000, 556.000000, 1387.000000, 523.000000, 1387.000000,     small-vehicle,     1202
1948.000000, 1306.000000, 1980.000000, 1307.000000, 1981.000000, 1370.000000, 1949.000000, 1369.000000,     small-vehicle,     1205
1921.000000, 1240.000000, 1951.000000, 1241.000000, 1952.000000, 1304.000000, 1922.000000, 1304.000000,     small-vehicle,     1211
2615.000000, 1261.000000, 2661.000000, 1261.000000, 2662.000000, 1284.000000, 2616.000000, 1284.000000,     small-vehicle,     1212
2416.000000, 1276.000000, 2482.000000, 1277.000000, 2483.000000, 1310.000000, 2417.000000, 1309.000000,     small-vehicle,     1214
2361.000000, 1284.000000, 2414.000000, 1284.000000, 2415.000000, 1313.000000, 2361.000000, 1313.000000,     small-vehicle,     1216
2552.000000, 1266.000000, 2603.000000, 1267.000000, 2604.000000, 1292.000000, 2553.000000, 1293.000000,     small-vehicle,     1217
3458.000000, 2629.000000, 3486.000000, 2627.000000, 3490.000000, 2692.000000, 3461.000000, 2693.000000,     small-vehicle,     1218
1032.000000, 2759.000000, 1097.000000, 2756.000000, 1097.000000, 2790.000000, 1032.000000, 2793.000000,     small-vehicle,     1219
1187.000000, 2781.000000, 1255.000000, 2778.000000, 1255.000000, 2799.000000, 1187.000000, 2802.000000,     large-vehicle,     1224
1112.000000, 2776.000000, 1168.000000, 2774.000000, 1168.000000, 2807.000000, 1112.000000, 2809.000000,     small-vehicle,     1228
2201.000000, 1243.000000, 2226.000000, 1243.000000, 2228.000000, 1300.000000, 2202.000000, 1300.000000,     small-vehicle,     1232
1922.000000, 1165.000000, 1952.000000, 1165.000000, 1953.000000, 1225.000000, 1922.000000, 1224.000000,     small-vehicle,     1236
945.000000, 2783.000000, 1013.000000, 2780.000000, 1013.000000, 2815.000000, 944.000000, 2818.000000,     small-vehicle,     1238
2008.000000, 1377.000000, 2037.000000, 1377.000000, 2038.000000, 1436.000000, 2010.000000, 1436.000000,     small-vehicle,     1241
1768.000000, 2018.000000, 1835.000000, 2016.000000, 1836.000000, 2059.000000, 1768.000000, 2060.000000,     large-vehicle,     1242
2746.000000, 2194.000000, 2790.000000, 2193.000000, 2791.000000, 2220.000000, 2747.000000, 2221.000000,     small-vehicle,     1243
1904.000000, 1177.000000, 1929.000000, 1177.000000, 1929.000000, 1232.000000, 1905.000000, 1232.000000,     small-vehicle,     1245
3298.000000, 1187.000000, 3354.000000, 1187.000000, 3355.000000, 1217.000000, 3299.000000, 1217.000000,     small-vehicle,     1248
3367.000000, 1181.000000, 3426.000000, 1181.000000, 3428.000000, 1209.000000, 3369.000000, 1209.000000,     small-vehicle,     1249
1257.000000, 1141.000000, 1287.000000, 1141.000000, 1287.000000, 1211.000000, 1257.000000, 1211.000000,     small-vehicle,     1250
3491.000000, 1165.000000, 3556.000000, 1165.000000, 3559.000000, 1198.000000, 3492.000000, 1198.000000,     small-vehicle,     1251
1062.000000, 2835.000000, 1138.000000, 2831.000000, 1138.000000, 2852.000000, 1061.000000, 2857.000000,     large-vehicle,     1252
3569.000000, 3149.000000, 3632.000000, 3145.000000, 3634.000000, 3180.000000, 3571.000000, 3184.000000,     large-vehicle,     1253
1905.000000, 1090.000000, 1939.000000, 1090.000000, 1940.000000, 1156.000000, 1907.000000, 1155.000000,     small-vehicle,     1254
2215.000000, 1136.000000, 2247.000000, 1136.000000, 2249.000000, 1208.000000, 2217.000000, 1209.000000,     large-vehicle,     1255
1919.000000, 1234.000000, 1950.000000, 1235.000000, 1951.000000, 1302.000000, 1921.000000, 1302.000000,     large-vehicle,     1256
2196.000000, 1072.000000, 2228.000000, 1073.000000, 2229.000000, 1127.000000, 2198.000000, 1127.000000,     small-vehicle,     1257
2216.000000, 1139.000000, 2250.000000, 1139.000000, 2251.000000, 1205.000000, 2218.000000, 1205.000000,     small-vehicle,     1258
2562.000000, 2297.000000, 2599.000000, 2296.000000, 2600.000000, 2326.000000, 2563.000000, 2328.000000,     small-vehicle,     1259
3566.000000, 1160.000000, 3627.000000, 1160.000000, 3629.000000, 1196.000000, 3568.000000, 1196.000000,     small-vehicle,     1260
3672.000000, 3174.000000, 3732.000000, 3170.000000, 3734.000000, 3199.000000, 3674.000000, 3203.000000,     small-vehicle,     1261
1186.000000, 2769.000000, 1259.000000, 2765.000000, 1259.000000, 2804.000000, 1186.000000, 2808.000000,     small-vehicle,     1262
3100.000000, 3233.000000, 3161.000000, 3229.000000, 3163.000000, 3265.000000, 3102.000000, 3269.000000,     small-vehicle,     1263
766.000000, 1580.000000, 830.000000, 1580.000000, 830.000000, 1610.000000, 765.000000, 1611.000000,     small-vehicle,     1264
