2013.000000, 2852.000000, 2041.000000, 2850.000000, 2042.000000, 2916.000000, 2014.000000, 2917.000000,     small-vehicle,     0
2343.000000, 2910.000000, 2370.000000, 2908.000000, 2372.000000, 2973.000000, 2345.000000, 2975.000000,     small-vehicle,     1
2021.000000, 2935.000000, 2047.000000, 2935.000000, 2047.000000, 2998.000000, 2022.000000, 2998.000000,     small-vehicle,     2
2218.000000, 3463.000000, 2244.000000, 3461.000000, 2245.000000, 3514.000000, 2219.000000, 3516.000000,     small-vehicle,     3
2023.000000, 2570.000000, 2050.000000, 2569.000000, 2051.000000, 2633.000000, 2025.000000, 2633.000000,     small-vehicle,     4
2365.000000, 3261.000000, 2393.000000, 3259.000000, 2396.000000, 3327.000000, 2368.000000, 3327.000000,     small-vehicle,     5
1381.000000, 3655.000000, 1413.000000, 3655.000000, 1412.000000, 3733.000000, 1381.000000, 3735.000000,     small-vehicle,     6
1704.000000, 3938.000000, 1755.000000, 3935.000000, 1755.000000, 3968.000000, 1704.000000, 3971.000000,     small-vehicle,     7
2336.000000, 3096.000000, 2362.000000, 3095.000000, 2365.000000, 3165.000000, 2339.000000, 3166.000000,     small-vehicle,     8
3366.000000, 3639.000000, 3410.000000, 3635.000000, 3413.000000, 3666.000000, 3367.000000, 3669.000000,     small-vehicle,     9
493.000000, 3872.000000, 554.000000, 3868.000000, 553.000000, 3904.000000, 492.000000, 3907.000000,     small-vehicle,     11
1406.000000, 2946.000000, 1437.000000, 2944.000000, 1437.000000, 3026.000000, 1406.000000, 3026.000000,     small-vehicle,     12
2853.000000, 3781.000000, 2906.000000, 3777.000000, 2907.000000, 3811.000000, 2854.000000, 3815.000000,     small-vehicle,     14
2334.000000, 2826.000000, 2364.000000, 2825.000000, 2367.000000, 2896.000000, 2336.000000, 2898.000000,     small-vehicle,     17
1817.000000, 3843.000000, 1873.000000, 3839.000000, 1874.000000, 3872.000000, 1818.000000, 3876.000000,     small-vehicle,     18
2312.000000, 3008.000000, 2365.000000, 3006.000000, 2368.000000, 3075.000000, 2314.000000, 3077.000000,     small-vehicle,     19
2039.000000, 2756.000000, 2068.000000, 2756.000000, 2070.000000, 2832.000000, 2041.000000, 2833.000000,     small-vehicle,     21
145.000000, 3896.000000, 214.000000, 3892.000000, 212.000000, 3932.000000, 144.000000, 3936.000000,     small-vehicle,     25
2377.000000, 3356.000000, 2405.000000, 3354.000000, 2408.000000, 3425.000000, 2379.000000, 3426.000000,     small-vehicle,     26
904.000000, 3837.000000, 967.000000, 3833.000000, 965.000000, 3867.000000, 904.000000, 3871.000000,     small-vehicle,     27
2449.000000, 4219.000000, 2486.000000, 4216.000000, 2491.000000, 4306.000000, 2453.000000, 4309.000000,     small-vehicle,     29
2352.000000, 3171.000000, 2387.000000, 3170.000000, 2390.000000, 3245.000000, 2354.000000, 3246.000000,     small-vehicle,     32
2096.000000, 3543.000000, 2159.000000, 3539.000000, 2160.000000, 3583.000000, 2096.000000, 3586.000000,     small-vehicle,     33
2927.000000, 3765.000000, 2985.000000, 3762.000000, 2987.000000, 3796.000000, 2929.000000, 3799.000000,     small-vehicle,     34
2383.000000, 3473.000000, 2414.000000, 3471.000000, 2418.000000, 3552.000000, 2386.000000, 3554.000000,     small-vehicle,     35
2096.000000, 2950.000000, 2122.000000, 2950.000000, 2123.000000, 3020.000000, 2099.000000, 3021.000000,     small-vehicle,     36
3165.000000, 3748.000000, 3222.000000, 3744.000000, 3223.000000, 3774.000000, 3167.000000, 3779.000000,     small-vehicle,     38
2341.000000, 3331.000000, 2370.000000, 3329.000000, 2372.000000, 3405.000000, 2344.000000, 3406.000000,     small-vehicle,     40
1411.000000, 2596.000000, 1467.000000, 2595.000000, 1466.000000, 2635.000000, 1412.000000, 2636.000000,     small-vehicle,     41
2814.000000, 3682.000000, 2864.000000, 3679.000000, 2867.000000, 3712.000000, 2816.000000, 3715.000000,     small-vehicle,     42
1406.000000, 2870.000000, 1429.000000, 2869.000000, 1429.000000, 2926.000000, 1405.000000, 2927.000000,     small-vehicle,     43
1859.000000, 3924.000000, 1926.000000, 3919.000000, 1927.000000, 3959.000000, 1860.000000, 3964.000000,     small-vehicle,     44
1549.000000, 3946.000000, 1605.000000, 3942.000000, 1605.000000, 3984.000000, 1549.000000, 3989.000000,     small-vehicle,     45
2298.000000, 2721.000000, 2325.000000, 2722.000000, 2328.000000, 2797.000000, 2301.000000, 2798.000000,     small-vehicle,     46
1046.000000, 3827.000000, 1109.000000, 3823.000000, 1109.000000, 3861.000000, 1046.000000, 3866.000000,     small-vehicle,     47
2363.000000, 3093.000000, 2388.000000, 3092.000000, 2390.000000, 3153.000000, 2365.000000, 3154.000000,     small-vehicle,     48
3163.000000, 3656.000000, 3214.000000, 3653.000000, 3216.000000, 3684.000000, 3166.000000, 3688.000000,     small-vehicle,     49
68.000000, 3907.000000, 135.000000, 3903.000000, 134.000000, 3941.000000, 65.000000, 3944.000000,     small-vehicle,     50
610.000000, 3860.000000, 671.000000, 3858.000000, 670.000000, 3890.000000, 608.000000, 3893.000000,     small-vehicle,     51
1553.000000, 4005.000000, 1604.000000, 4001.000000, 1604.000000, 4034.000000, 1554.000000, 4038.000000,     small-vehicle,     53
1251.000000, 3985.000000, 1318.000000, 3980.000000, 1317.000000, 4021.000000, 1251.000000, 4028.000000,     small-vehicle,     58
694.000000, 3851.000000, 752.000000, 3848.000000, 751.000000, 3882.000000, 694.000000, 3886.000000,     small-vehicle,     62
3502.000000, 3533.000000, 3533.000000, 3533.000000, 3538.000000, 3602.000000, 3507.000000, 3603.000000,     small-vehicle,     63
3279.000000, 3645.000000, 3331.000000, 3641.000000, 3334.000000, 3673.000000, 3282.000000, 3678.000000,     small-vehicle,     65
2279.000000, 2568.000000, 2318.000000, 2568.000000, 2321.000000, 2630.000000, 2282.000000, 2632.000000,     small-vehicle,     66
955.000000, 4015.000000, 1016.000000, 4011.000000, 1014.000000, 4050.000000, 955.000000, 4053.000000,     small-vehicle,     67
3438.000000, 3630.000000, 3491.000000, 3627.000000, 3493.000000, 3662.000000, 3441.000000, 3664.000000,     small-vehicle,     73
228.000000, 3892.000000, 284.000000, 3889.000000, 283.000000, 3920.000000, 226.000000, 3924.000000,     small-vehicle,     74
1399.000000, 3147.000000, 1430.000000, 3146.000000, 1430.000000, 3216.000000, 1399.000000, 3218.000000,     small-vehicle,     75
2140.000000, 3105.000000, 2168.000000, 3102.000000, 2171.000000, 3187.000000, 2142.000000, 3189.000000,     small-vehicle,     76
2066.000000, 3454.000000, 2094.000000, 3453.000000, 2096.000000, 3519.000000, 2069.000000, 3520.000000,     small-vehicle,     77
403.000000, 2825.000000, 468.000000, 2822.000000, 467.000000, 2849.000000, 403.000000, 2851.000000,     small-vehicle,     79
1712.000000, 3975.000000, 1786.000000, 3970.000000, 1785.000000, 4007.000000, 1713.000000, 4012.000000,     small-vehicle,     80
2801.000000, 3831.000000, 2871.000000, 3827.000000, 2874.000000, 3865.000000, 2802.000000, 3869.000000,     small-vehicle,     83
1357.000000, 3970.000000, 1427.000000, 3966.000000, 1427.000000, 3999.000000, 1357.000000, 4004.000000,     small-vehicle,     84
3029.000000, 2549.000000, 3068.000000, 2548.000000, 3070.000000, 2571.000000, 3030.000000, 2572.000000,     small-vehicle,     85
2294.000000, 2930.000000, 2321.000000, 2929.000000, 2324.000000, 3004.000000, 2296.000000, 3005.000000,     small-vehicle,     86
2598.000000, 3734.000000, 2657.000000, 3730.000000, 2658.000000, 3768.000000, 2600.000000, 3772.000000,     small-vehicle,     88
2207.000000, 3328.000000, 2237.000000, 3328.000000, 2240.000000, 3412.000000, 2211.000000, 3412.000000,     small-vehicle,     90
3657.000000, 3620.000000, 3718.000000, 3616.000000, 3722.000000, 3654.000000, 3660.000000, 3659.000000,     small-vehicle,     91
3092.000000, 3752.000000, 3147.000000, 3749.000000, 3149.000000, 3785.000000, 3093.000000, 3789.000000,     small-vehicle,     96
880.000000, 4015.000000, 946.000000, 4010.000000, 945.000000, 4057.000000, 878.000000, 4061.000000,     small-vehicle,     97
3837.000000, 3662.000000, 3897.000000, 3658.000000, 3901.000000, 3704.000000, 3841.000000, 3707.000000,     small-vehicle,     98
3021.000000, 3977.000000, 3084.000000, 3973.000000, 3087.000000, 4011.000000, 3023.000000, 4015.000000,     small-vehicle,     100
2111.000000, 3258.000000, 2141.000000, 3256.000000, 2144.000000, 3320.000000, 2113.000000, 3320.000000,     small-vehicle,     101
1848.000000, 3972.000000, 1917.000000, 3966.000000, 1917.000000, 4004.000000, 1849.000000, 4011.000000,     small-vehicle,     103
3118.000000, 3696.000000, 3173.000000, 3694.000000, 3175.000000, 3730.000000, 3119.000000, 3734.000000,     small-vehicle,     106
3277.000000, 3687.000000, 3345.000000, 3682.000000, 3347.000000, 3718.000000, 3279.000000, 3722.000000,     small-vehicle,     109
2085.000000, 3362.000000, 2114.000000, 3360.000000, 2115.000000, 3436.000000, 2086.000000, 3437.000000,     small-vehicle,     110
2686.000000, 3724.000000, 2752.000000, 3719.000000, 2754.000000, 3761.000000, 2688.000000, 3765.000000,     small-vehicle,     111
2425.000000, 4436.000000, 2462.000000, 4432.000000, 2465.000000, 4516.000000, 2429.000000, 4520.000000,     small-vehicle,     114
2585.000000, 3790.000000, 2648.000000, 3786.000000, 2651.000000, 3827.000000, 2586.000000, 3831.000000,     small-vehicle,     115
1624.000000, 3939.000000, 1688.000000, 3935.000000, 1688.000000, 3971.000000, 1624.000000, 3975.000000,     small-vehicle,     116
1139.000000, 3989.000000, 1202.000000, 3985.000000, 1202.000000, 4027.000000, 1137.000000, 4031.000000,     small-vehicle,     118
3545.000000, 3716.000000, 3610.000000, 3712.000000, 3613.000000, 3755.000000, 3548.000000, 3759.000000,     small-vehicle,     119
2015.000000, 2497.000000, 2045.000000, 2497.000000, 2047.000000, 2561.000000, 2016.000000, 2561.000000,     small-vehicle,     120
2909.000000, 2506.000000, 2961.000000, 2506.000000, 2963.000000, 2539.000000, 2911.000000, 2540.000000,     small-vehicle,     121
3199.000000, 3698.000000, 3255.000000, 3695.000000, 3258.000000, 3728.000000, 3202.000000, 3730.000000,     small-vehicle,     122
1953.000000, 3952.000000, 2017.000000, 3948.000000, 2019.000000, 4002.000000, 1954.000000, 4007.000000,     small-vehicle,     123
2095.000000, 2700.000000, 2126.000000, 2698.000000, 2128.000000, 2772.000000, 2097.000000, 2774.000000,     small-vehicle,     127
3044.000000, 2492.000000, 3097.000000, 2490.000000, 3100.000000, 2520.000000, 3046.000000, 2521.000000,     small-vehicle,     130
3105.000000, 3659.000000, 3155.000000, 3655.000000, 3157.000000, 3686.000000, 3108.000000, 3691.000000,     small-vehicle,     131
1396.000000, 3250.000000, 1423.000000, 3249.000000, 1424.000000, 3312.000000, 1396.000000, 3314.000000,     small-vehicle,     132
3562.000000, 3665.000000, 3623.000000, 3661.000000, 3626.000000, 3698.000000, 3565.000000, 3703.000000,     small-vehicle,     139
1390.000000, 3481.000000, 1419.000000, 3480.000000, 1420.000000, 3554.000000, 1390.000000, 3555.000000,     small-vehicle,     140
2064.000000, 3302.000000, 2087.000000, 3300.000000, 2088.000000, 3350.000000, 2065.000000, 3351.000000,     small-vehicle,     144
981.000000, 3824.000000, 1033.000000, 3819.000000, 1033.000000, 3848.000000, 981.000000, 3852.000000,     small-vehicle,     147
2356.000000, 3820.000000, 2388.000000, 3820.000000, 2391.000000, 3896.000000, 2359.000000, 3899.000000,     small-vehicle,     148
3458.000000, 3674.000000, 3511.000000, 3669.000000, 3515.000000, 3709.000000, 3461.000000, 3713.000000,     small-vehicle,     149
3828.000000, 3618.000000, 3888.000000, 3614.000000, 3893.000000, 3655.000000, 3833.000000, 3660.000000,     small-vehicle,     152
1626.000000, 3998.000000, 1694.000000, 3994.000000, 1695.000000, 4034.000000, 1627.000000, 4039.000000,     small-vehicle,     160
3580.000000, 3521.000000, 3613.000000, 3519.000000, 3619.000000, 3585.000000, 3585.000000, 3587.000000,     small-vehicle,     161
1448.000000, 3970.000000, 1518.000000, 3965.000000, 1518.000000, 4007.000000, 1448.000000, 4012.000000,     small-vehicle,     162
3639.000000, 3665.000000, 3704.000000, 3661.000000, 3708.000000, 3702.000000, 3642.000000, 3706.000000,     small-vehicle,     163
1767.000000, 2622.000000, 1827.000000, 2621.000000, 1826.000000, 2651.000000, 1768.000000, 2654.000000,     small-vehicle,     164
159.000000, 2821.000000, 225.000000, 2819.000000, 225.000000, 2849.000000, 158.000000, 2853.000000,     small-vehicle,     165
3483.000000, 3939.000000, 3551.000000, 3935.000000, 3555.000000, 3978.000000, 3486.000000, 3982.000000,     small-vehicle,     166
1052.000000, 3997.000000, 1119.000000, 3992.000000, 1118.000000, 4033.000000, 1051.000000, 4037.000000,     small-vehicle,     167
3379.000000, 3684.000000, 3439.000000, 3681.000000, 3441.000000, 3716.000000, 3382.000000, 3718.000000,     small-vehicle,     168
3280.000000, 3736.000000, 3339.000000, 3731.000000, 3341.000000, 3770.000000, 3282.000000, 3774.000000,     small-vehicle,     170
3640.000000, 3718.000000, 3702.000000, 3714.000000, 3706.000000, 3753.000000, 3644.000000, 3757.000000,     small-vehicle,     172
1763.000000, 3770.000000, 1828.000000, 3764.000000, 1829.000000, 3797.000000, 1762.000000, 3802.000000,     small-vehicle,     177
3039.000000, 3702.000000, 3105.000000, 3699.000000, 3108.000000, 3739.000000, 3042.000000, 3743.000000,     small-vehicle,     182
1604.000000, 2614.000000, 1663.000000, 2613.000000, 1664.000000, 2644.000000, 1605.000000, 2646.000000,     small-vehicle,     189
1440.000000, 4015.000000, 1508.000000, 4011.000000, 1508.000000, 4049.000000, 1440.000000, 4053.000000,     small-vehicle,     190
3748.000000, 3710.000000, 3820.000000, 3706.000000, 3824.000000, 3748.000000, 3751.000000, 3753.000000,     small-vehicle,     193
3515.000000, 3621.000000, 3567.000000, 3618.000000, 3573.000000, 3685.000000, 3521.000000, 3690.000000,     small-vehicle,     196
2922.000000, 2550.000000, 2986.000000, 2548.000000, 2987.000000, 2579.000000, 2924.000000, 2580.000000,     small-vehicle,     202
2037.000000, 3232.000000, 2061.000000, 3231.000000, 2063.000000, 3282.000000, 2037.000000, 3283.000000,     small-vehicle,     223
2310.000000, 3519.000000, 2347.000000, 3517.000000, 2351.000000, 3627.000000, 2313.000000, 3630.000000,     large-vehicle,     230
2053.000000, 3018.000000, 2094.000000, 3015.000000, 2096.000000, 3105.000000, 2056.000000, 3107.000000,     large-vehicle,     232
2409.000000, 3864.000000, 2441.000000, 3861.000000, 2445.000000, 3965.000000, 2414.000000, 3968.000000,     large-vehicle,     239
2953.000000, 3715.000000, 3027.000000, 3710.000000, 3028.000000, 3745.000000, 2955.000000, 3750.000000,     large-vehicle,     242
3179.000000, 2503.000000, 3231.000000, 2503.000000, 3234.000000, 2534.000000, 3181.000000, 2534.000000,     small-vehicle,     330
3804.000000, 3766.000000, 3880.000000, 3761.000000, 3884.000000, 3809.000000, 3807.000000, 3815.000000,     small-vehicle,     334
1115.000000, 3368.000000, 1179.000000, 3364.000000, 1179.000000, 3400.000000, 1115.000000, 3404.000000,     small-vehicle,     337
3410.000000, 2480.000000, 3475.000000, 2477.000000, 3479.000000, 2537.000000, 3414.000000, 2539.000000,     large-vehicle,     345
2111.000000, 3227.000000, 2141.000000, 3227.000000, 2142.000000, 3297.000000, 2111.000000, 3299.000000,     small-vehicle,     353
1277.000000, 3365.000000, 1341.000000, 3361.000000, 1341.000000, 3399.000000, 1277.000000, 3403.000000,     small-vehicle,     360
3559.000000, 2471.000000, 3624.000000, 2469.000000, 3626.000000, 2499.000000, 3561.000000, 2500.000000,     small-vehicle,     385
2820.000000, 2617.000000, 2879.000000, 2617.000000, 2882.000000, 2663.000000, 2823.000000, 2665.000000,     small-vehicle,     386
1247.000000, 3968.000000, 1320.000000, 3963.000000, 1320.000000, 3999.000000, 1247.000000, 4004.000000,     small-vehicle,     409
2184.000000, 3091.000000, 2214.000000, 3090.000000, 2217.000000, 3169.000000, 2187.000000, 3171.000000,     small-vehicle,     421
2196.000000, 3223.000000, 2225.000000, 3223.000000, 2227.000000, 3298.000000, 2197.000000, 3299.000000,     small-vehicle,     431
1988.000000, 2398.000000, 2014.000000, 2398.000000, 2017.000000, 2462.000000, 1988.000000, 2463.000000,     small-vehicle,     432
2016.000000, 2388.000000, 2045.000000, 2387.000000, 2046.000000, 2452.000000, 2019.000000, 2452.000000,     small-vehicle,     433
1201.000000, 3363.000000, 1260.000000, 3360.000000, 1260.000000, 3397.000000, 1201.000000, 3401.000000,     small-vehicle,     438
3066.000000, 2565.000000, 3124.000000, 2563.000000, 3127.000000, 2596.000000, 3069.000000, 2597.000000,     small-vehicle,     445
2151.000000, 3099.000000, 2176.000000, 3098.000000, 2178.000000, 3162.000000, 2151.000000, 3162.000000,     small-vehicle,     457
3347.000000, 3770.000000, 3415.000000, 3765.000000, 3418.000000, 3803.000000, 3350.000000, 3807.000000,     small-vehicle,     462
2274.000000, 2313.000000, 2300.000000, 2312.000000, 2304.000000, 2389.000000, 2276.000000, 2391.000000,     small-vehicle,     484
260.000000, 2892.000000, 336.000000, 2890.000000, 335.000000, 2914.000000, 259.000000, 2917.000000,     large-vehicle,     498
1985.000000, 2335.000000, 2012.000000, 2334.000000, 2012.000000, 2394.000000, 1987.000000, 2396.000000,     small-vehicle,     506
78.000000, 2812.000000, 134.000000, 2810.000000, 133.000000, 2840.000000, 77.000000, 2843.000000,     small-vehicle,     511
2107.000000, 2950.000000, 2136.000000, 2948.000000, 2138.000000, 3015.000000, 2110.000000, 3015.000000,     small-vehicle,     531
2869.000000, 3737.000000, 2938.000000, 3732.000000, 2940.000000, 3775.000000, 2871.000000, 3780.000000,     large-vehicle,     553
2251.000000, 2182.000000, 2276.000000, 2183.000000, 2279.000000, 2243.000000, 2253.000000, 2243.000000,     small-vehicle,     564
2287.000000, 2195.000000, 2316.000000, 2195.000000, 2317.000000, 2256.000000, 2290.000000, 2258.000000,     small-vehicle,     568
1649.000000, 2694.000000, 1705.000000, 2693.000000, 1705.000000, 2719.000000, 1649.000000, 2721.000000,     small-vehicle,     575
3513.000000, 2566.000000, 3570.000000, 2566.000000, 3571.000000, 2594.000000, 3515.000000, 2597.000000,     small-vehicle,     577
3629.000000, 2460.000000, 3691.000000, 2458.000000, 3693.000000, 2494.000000, 3631.000000, 2496.000000,     small-vehicle,     578
2580.000000, 3858.000000, 2645.000000, 3854.000000, 2646.000000, 3890.000000, 2581.000000, 3894.000000,     small-vehicle,     583
2280.000000, 2114.000000, 2307.000000, 2115.000000, 2310.000000, 2179.000000, 2283.000000, 2181.000000,     small-vehicle,     590
2037.000000, 3115.000000, 2076.000000, 3113.000000, 2077.000000, 3186.000000, 2039.000000, 3187.000000,     small-vehicle,     591
1991.000000, 2142.000000, 2021.000000, 2142.000000, 2023.000000, 2209.000000, 1992.000000, 2211.000000,     small-vehicle,     593
2687.000000, 2649.000000, 2746.000000, 2647.000000, 2747.000000, 2676.000000, 2689.000000, 2678.000000,     small-vehicle,     614
1126.000000, 3977.000000, 1187.000000, 3972.000000, 1187.000000, 4010.000000, 1125.000000, 4014.000000,     small-vehicle,     615
2262.000000, 2033.000000, 2291.000000, 2033.000000, 2293.000000, 2098.000000, 2265.000000, 2099.000000,     small-vehicle,     632
2063.000000, 2530.000000, 2093.000000, 2529.000000, 2094.000000, 2611.000000, 2066.000000, 2612.000000,     small-vehicle,     635
2946.000000, 2623.000000, 3007.000000, 2622.000000, 3009.000000, 2652.000000, 2949.000000, 2654.000000,     small-vehicle,     636
3727.000000, 3715.000000, 3799.000000, 3710.000000, 3803.000000, 3756.000000, 3730.000000, 3761.000000,     small-vehicle,     637
1956.000000, 1974.000000, 1983.000000, 1974.000000, 1985.000000, 2033.000000, 1957.000000, 2032.000000,     small-vehicle,     660
445.000000, 4022.000000, 511.000000, 4018.000000, 510.000000, 4056.000000, 444.000000, 4060.000000,     small-vehicle,     661
2094.000000, 2402.000000, 2126.000000, 2402.000000, 2128.000000, 2464.000000, 2097.000000, 2464.000000,     small-vehicle,     663
2261.000000, 3224.000000, 2290.000000, 3222.000000, 2292.000000, 3297.000000, 2263.000000, 3299.000000,     small-vehicle,     664
2262.000000, 1949.000000, 2291.000000, 1950.000000, 2294.000000, 2016.000000, 2265.000000, 2017.000000,     small-vehicle,     666
2170.000000, 2872.000000, 2197.000000, 2871.000000, 2200.000000, 2928.000000, 2172.000000, 2930.000000,     small-vehicle,     667
533.000000, 2023.000000, 590.000000, 2021.000000, 588.000000, 2052.000000, 532.000000, 2053.000000,     small-vehicle,     668
1785.000000, 3805.000000, 1851.000000, 3800.000000, 1851.000000, 3847.000000, 1786.000000, 3852.000000,     large-vehicle,     693
1950.000000, 1902.000000, 1978.000000, 1902.000000, 1978.000000, 1958.000000, 1952.000000, 1959.000000,     small-vehicle,     704
2101.000000, 3903.000000, 2174.000000, 3898.000000, 2176.000000, 3942.000000, 2103.000000, 3949.000000,     small-vehicle,     706
761.000000, 2848.000000, 819.000000, 2845.000000, 819.000000, 2882.000000, 761.000000, 2884.000000,     small-vehicle,     708
2261.000000, 1868.000000, 2285.000000, 1870.000000, 2286.000000, 1927.000000, 2263.000000, 1927.000000,     small-vehicle,     718
2697.000000, 2552.000000, 2757.000000, 2551.000000, 2759.000000, 2583.000000, 2698.000000, 2585.000000,     large-vehicle,     727
2301.000000, 2840.000000, 2332.000000, 2840.000000, 2336.000000, 2915.000000, 2304.000000, 2915.000000,     small-vehicle,     729
2565.000000, 2660.000000, 2617.000000, 2657.000000, 2618.000000, 2685.000000, 2567.000000, 2686.000000,     small-vehicle,     736
2043.000000, 2202.000000, 2076.000000, 2202.000000, 2078.000000, 2285.000000, 2045.000000, 2285.000000,     large-vehicle,     744
2500.000000, 2665.000000, 2556.000000, 2663.000000, 2558.000000, 2696.000000, 2501.000000, 2698.000000,     small-vehicle,     756
2217.000000, 1771.000000, 2246.000000, 1770.000000, 2249.000000, 1840.000000, 2219.000000, 1841.000000,     small-vehicle,     761
1945.000000, 1821.000000, 1972.000000, 1822.000000, 1975.000000, 1886.000000, 1946.000000, 1886.000000,     small-vehicle,     762
2310.000000, 3638.000000, 2352.000000, 3636.000000, 2356.000000, 3728.000000, 2314.000000, 3730.000000,     small-vehicle,     763
1853.000000, 2696.000000, 1905.000000, 2695.000000, 1906.000000, 2719.000000, 1853.000000, 2721.000000,     small-vehicle,     765
3723.000000, 2540.000000, 3777.000000, 2539.000000, 3779.000000, 2571.000000, 3726.000000, 2572.000000,     small-vehicle,     767
2054.000000, 2000.000000, 2080.000000, 2000.000000, 2082.000000, 2076.000000, 2056.000000, 2075.000000,     small-vehicle,     784
3211.000000, 2597.000000, 3268.000000, 2595.000000, 3271.000000, 2626.000000, 3213.000000, 2628.000000,     small-vehicle,     789
1824.000000, 3916.000000, 1886.000000, 3911.000000, 1886.000000, 3949.000000, 1826.000000, 3953.000000,     small-vehicle,     790
3647.000000, 2549.000000, 3708.000000, 2547.000000, 3711.000000, 2584.000000, 3649.000000, 2586.000000,     small-vehicle,     792
3020.000000, 2609.000000, 3082.000000, 2606.000000, 3084.000000, 2643.000000, 3022.000000, 2645.000000,     large-vehicle,     801
2775.000000, 3743.000000, 2851.000000, 3739.000000, 2854.000000, 3778.000000, 2778.000000, 3783.000000,     large-vehicle,     802
1932.000000, 1689.000000, 1960.000000, 1690.000000, 1962.000000, 1756.000000, 1933.000000, 1755.000000,     small-vehicle,     813
3318.000000, 1737.000000, 3338.000000, 1736.000000, 3344.000000, 1798.000000, 3323.000000, 1798.000000,     small-vehicle,     815
2042.000000, 1817.000000, 2069.000000, 1817.000000, 2072.000000, 1885.000000, 2044.000000, 1886.000000,     small-vehicle,     816
2433.000000, 1717.000000, 2480.000000, 1717.000000, 2481.000000, 1744.000000, 2434.000000, 1745.000000,     small-vehicle,     818
2633.000000, 2638.000000, 2683.000000, 2635.000000, 2686.000000, 2698.000000, 2636.000000, 2699.000000,     small-vehicle,     824
2564.000000, 2565.000000, 2615.000000, 2563.000000, 2616.000000, 2595.000000, 2565.000000, 2596.000000,     small-vehicle,     839
1942.000000, 1641.000000, 1961.000000, 1641.000000, 1961.000000, 1684.000000, 1942.000000, 1684.000000,     small-vehicle,     840
2416.000000, 1636.000000, 2469.000000, 1637.000000, 2470.000000, 1663.000000, 2417.000000, 1664.000000,     small-vehicle,     841
3020.000000, 2615.000000, 3084.000000, 2615.000000, 3087.000000, 2649.000000, 3023.000000, 2651.000000,     small-vehicle,     844
2476.000000, 1628.000000, 2530.000000, 1629.000000, 2531.000000, 1660.000000, 2478.000000, 1661.000000,     small-vehicle,     845
1282.000000, 2791.000000, 1338.000000, 2789.000000, 1338.000000, 2829.000000, 1282.000000, 2831.000000,     small-vehicle,     846
1752.000000, 2108.000000, 1806.000000, 2108.000000, 1806.000000, 2135.000000, 1754.000000, 2135.000000,     small-vehicle,     847
3270.000000, 2591.000000, 3332.000000, 2589.000000, 3335.000000, 2616.000000, 3272.000000, 2617.000000,     small-vehicle,     853
2111.000000, 2700.000000, 2153.000000, 2699.000000, 2156.000000, 2803.000000, 2114.000000, 2802.000000,     large-vehicle,     856
2327.000000, 3231.000000, 2360.000000, 3228.000000, 2363.000000, 3306.000000, 2329.000000, 3309.000000,     large-vehicle,     857
2770.000000, 2522.000000, 2828.000000, 2520.000000, 2830.000000, 2557.000000, 2772.000000, 2557.000000,     large-vehicle,     866
2036.000000, 1679.000000, 2065.000000, 1679.000000, 2065.000000, 1740.000000, 2038.000000, 1741.000000,     small-vehicle,     867
2697.000000, 2533.000000, 2755.000000, 2532.000000, 2756.000000, 2562.000000, 2699.000000, 2564.000000,     small-vehicle,     869
2730.000000, 1613.000000, 2786.000000, 1614.000000, 2787.000000, 1640.000000, 2731.000000, 1641.000000,     small-vehicle,     870
615.000000, 2031.000000, 711.000000, 2031.000000, 709.000000, 2064.000000, 614.000000, 2064.000000,     small-vehicle,     871
2777.000000, 3744.000000, 2824.000000, 3741.000000, 2827.000000, 3781.000000, 2780.000000, 3783.000000,     small-vehicle,     874
2850.000000, 1596.000000, 2908.000000, 1597.000000, 2909.000000, 1625.000000, 2851.000000, 1625.000000,     small-vehicle,     875
1579.000000, 2695.000000, 1637.000000, 2694.000000, 1637.000000, 2732.000000, 1579.000000, 2734.000000,     small-vehicle,     876
3099.000000, 2511.000000, 3155.000000, 2510.000000, 3158.000000, 2545.000000, 3102.000000, 2545.000000,     small-vehicle,     877
3309.000000, 1659.000000, 3334.000000, 1659.000000, 3338.000000, 1710.000000, 3314.000000, 1710.000000,     small-vehicle,     878
2663.000000, 1612.000000, 2707.000000, 1612.000000, 2709.000000, 1640.000000, 2664.000000, 1639.000000,     small-vehicle,     879
2603.000000, 1621.000000, 2657.000000, 1621.000000, 2658.000000, 1652.000000, 2605.000000, 1652.000000,     small-vehicle,     880
2067.000000, 3208.000000, 2096.000000, 3207.000000, 2098.000000, 3286.000000, 2069.000000, 3287.000000,     small-vehicle,     884
1916.000000, 1584.000000, 1938.000000, 1584.000000, 1940.000000, 1649.000000, 1918.000000, 1649.000000,     small-vehicle,     885
3365.000000, 1548.000000, 3419.000000, 1549.000000, 3420.000000, 1578.000000, 3367.000000, 1578.000000,     small-vehicle,     886
1994.000000, 2018.000000, 2018.000000, 2017.000000, 2020.000000, 2082.000000, 1995.000000, 2081.000000,     small-vehicle,     887
3025.000000, 1582.000000, 3084.000000, 1582.000000, 3087.000000, 1610.000000, 3026.000000, 1609.000000,     small-vehicle,     889
1161.000000, 2104.000000, 1215.000000, 2103.000000, 1215.000000, 2122.000000, 1160.000000, 2123.000000,     small-vehicle,     890
1125.000000, 3053.000000, 1161.000000, 3052.000000, 1161.000000, 3099.000000, 1125.000000, 3099.000000,     small-vehicle,     891
1915.000000, 1515.000000, 1945.000000, 1516.000000, 1947.000000, 1585.000000, 1916.000000, 1585.000000,     small-vehicle,     892
3145.000000, 1571.000000, 3201.000000, 1572.000000, 3203.000000, 1605.000000, 3146.000000, 1604.000000,     small-vehicle,     893
3314.000000, 1552.000000, 3363.000000, 1553.000000, 3365.000000, 1579.000000, 3317.000000, 1579.000000,     small-vehicle,     894
2942.000000, 1585.000000, 2999.000000, 1585.000000, 3000.000000, 1618.000000, 2944.000000, 1617.000000,     small-vehicle,     895
2668.000000, 3788.000000, 2742.000000, 3784.000000, 2744.000000, 3827.000000, 2670.000000, 3831.000000,     small-vehicle,     896
3466.000000, 1534.000000, 3520.000000, 1535.000000, 3523.000000, 1563.000000, 3469.000000, 1563.000000,     small-vehicle,     897
1868.000000, 3756.000000, 1918.000000, 3754.000000, 1919.000000, 3792.000000, 1868.000000, 3794.000000,     small-vehicle,     898
2329.000000, 3214.000000, 2357.000000, 3212.000000, 2361.000000, 3292.000000, 2331.000000, 3295.000000,     small-vehicle,     899
1818.000000, 3897.000000, 1881.000000, 3894.000000, 1882.000000, 3930.000000, 1818.000000, 3934.000000,     large-vehicle,     900
3320.000000, 1628.000000, 3363.000000, 1628.000000, 3365.000000, 1654.000000, 3321.000000, 1653.000000,     small-vehicle,     901
2663.000000, 3757.000000, 2742.000000, 3752.000000, 2744.000000, 3800.000000, 2665.000000, 3805.000000,     large-vehicle,     902
2793.000000, 1602.000000, 2845.000000, 1602.000000, 2846.000000, 1627.000000, 2795.000000, 1627.000000,     small-vehicle,     904
2052.000000, 1991.000000, 2079.000000, 1990.000000, 2081.000000, 2066.000000, 2054.000000, 2066.000000,     large-vehicle,     905
1161.000000, 2097.000000, 1223.000000, 2097.000000, 1223.000000, 2116.000000, 1160.000000, 2115.000000,     large-vehicle,     908
644.000000, 2484.000000, 710.000000, 2483.000000, 710.000000, 2519.000000, 642.000000, 2520.000000,     small-vehicle,     909
2773.000000, 2545.000000, 2828.000000, 2544.000000, 2829.000000, 2575.000000, 2776.000000, 2576.000000,     small-vehicle,     911
1994.000000, 2007.000000, 2017.000000, 2007.000000, 2017.000000, 2068.000000, 1996.000000, 2069.000000,     large-vehicle,     913
2486.000000, 1714.000000, 2524.000000, 1713.000000, 2525.000000, 1737.000000, 2488.000000, 1737.000000,     small-vehicle,     915
3133.000000, 1649.000000, 3184.000000, 1650.000000, 3185.000000, 1678.000000, 3135.000000, 1677.000000,     small-vehicle,     916
2222.000000, 1454.000000, 2247.000000, 1455.000000, 2250.000000, 1510.000000, 2224.000000, 1510.000000,     small-vehicle,     917
2301.000000, 2849.000000, 2335.000000, 2848.000000, 2338.000000, 2927.000000, 2304.000000, 2928.000000,     small-vehicle,     918
872.000000, 2876.000000, 934.000000, 2875.000000, 933.000000, 2912.000000, 871.000000, 2914.000000,     small-vehicle,     919
2703.000000, 2554.000000, 2757.000000, 2553.000000, 2758.000000, 2582.000000, 2704.000000, 2584.000000,     small-vehicle,     920
2198.000000, 1485.000000, 2228.000000, 1486.000000, 2231.000000, 1549.000000, 2200.000000, 1549.000000,     small-vehicle,     921
3258.000000, 2800.000000, 3279.000000, 2799.000000, 3282.000000, 2842.000000, 3261.000000, 2843.000000,     small-vehicle,     922
2329.000000, 3231.000000, 2361.000000, 3228.000000, 2364.000000, 3307.000000, 2332.000000, 3310.000000,     small-vehicle,     923
3600.000000, 1521.000000, 3644.000000, 1520.000000, 3647.000000, 1547.000000, 3603.000000, 1547.000000,     small-vehicle,     924
1784.000000, 3815.000000, 1851.000000, 3811.000000, 1852.000000, 3860.000000, 1785.000000, 3865.000000,     small-vehicle,     925
1713.000000, 3888.000000, 1760.000000, 3885.000000, 1761.000000, 3911.000000, 1714.000000, 3914.000000,     small-vehicle,     926
2768.000000, 3788.000000, 2834.000000, 3784.000000, 2837.000000, 3824.000000, 2770.000000, 3830.000000,     small-vehicle,     927
2304.000000, 2316.000000, 2331.000000, 2316.000000, 2334.000000, 2366.000000, 2307.000000, 2367.000000,     small-vehicle,     928
1963.000000, 2221.000000, 1986.000000, 2221.000000, 1988.000000, 2266.000000, 1964.000000, 2266.000000,     small-vehicle,     929
1988.000000, 1551.000000, 2014.000000, 1551.000000, 2016.000000, 1617.000000, 1988.000000, 1616.000000,     small-vehicle,     930
2668.000000, 3794.000000, 2745.000000, 3788.000000, 2747.000000, 3833.000000, 2670.000000, 3840.000000,     large-vehicle,     931
2770.000000, 3792.000000, 2837.000000, 3788.000000, 2840.000000, 3831.000000, 2771.000000, 3835.000000,     large-vehicle,     932
2301.000000, 2852.000000, 2334.000000, 2851.000000, 2337.000000, 2924.000000, 2303.000000, 2925.000000,     large-vehicle,     933
3018.000000, 2615.000000, 3084.000000, 2615.000000, 3087.000000, 2650.000000, 3021.000000, 2652.000000,     large-vehicle,     934
2774.000000, 2546.000000, 2827.000000, 2545.000000, 2829.000000, 2577.000000, 2776.000000, 2577.000000,     large-vehicle,     935
2052.000000, 2002.000000, 2080.000000, 2002.000000, 2082.000000, 2076.000000, 2055.000000, 2075.000000,     large-vehicle,     936
1784.000000, 3818.000000, 1850.000000, 3814.000000, 1851.000000, 3859.000000, 1785.000000, 3864.000000,     large-vehicle,     937
2309.000000, 2396.000000, 2336.000000, 2394.000000, 2338.000000, 2465.000000, 2312.000000, 2465.000000,     large-vehicle,     938
2308.000000, 3639.000000, 2351.000000, 3637.000000, 2355.000000, 3729.000000, 2312.000000, 3731.000000,     large-vehicle,     939
