2285.000000, 2299.000000, 2341.000000, 2298.000000, 2342.000000, 2332.000000, 2285.000000, 2333.000000,     small-vehicle,     66
2224.000000, 2485.000000, 2252.000000, 2484.000000, 2254.000000, 2551.000000, 2225.000000, 2552.000000,     small-vehicle,     148
2039.000000, 3038.000000, 2064.000000, 3037.000000, 2065.000000, 3091.000000, 2040.000000, 3092.000000,     small-vehicle,     432
2070.000000, 3033.000000, 2096.000000, 3032.000000, 2097.000000, 3076.000000, 2071.000000, 3078.000000,     small-vehicle,     433
2314.000000, 2802.000000, 2339.000000, 2800.000000, 2340.000000, 2863.000000, 2315.000000, 2864.000000,     small-vehicle,     564
2349.000000, 2815.000000, 2378.000000, 2813.000000, 2380.000000, 2878.000000, 2351.000000, 2879.000000,     small-vehicle,     568
2043.000000, 2765.000000, 2076.000000, 2763.000000, 2078.000000, 2838.000000, 2045.000000, 2840.000000,     small-vehicle,     593
2325.000000, 2646.000000, 2355.000000, 2644.000000, 2357.000000, 2714.000000, 2326.000000, 2715.000000,     small-vehicle,     632
2010.000000, 2591.000000, 2038.000000, 2589.000000, 2040.000000, 2657.000000, 2010.000000, 2658.000000,     small-vehicle,     660
2291.000000, 3578.000000, 2320.000000, 3577.000000, 2322.000000, 3642.000000, 2292.000000, 3644.000000,     small-vehicle,     664
2326.000000, 2561.000000, 2356.000000, 2560.000000, 2357.000000, 2626.000000, 2328.000000, 2628.000000,     small-vehicle,     666
2004.000000, 2521.000000, 2032.000000, 2520.000000, 2032.000000, 2576.000000, 2005.000000, 2577.000000,     small-vehicle,     704
2321.000000, 2470.000000, 2351.000000, 2469.000000, 2354.000000, 2541.000000, 2324.000000, 2542.000000,     small-vehicle,     718
2280.000000, 2370.000000, 2312.000000, 2369.000000, 2314.000000, 2448.000000, 2282.000000, 2450.000000,     small-vehicle,     761
1999.000000, 2437.000000, 2027.000000, 2436.000000, 2029.000000, 2505.000000, 2000.000000, 2506.000000,     small-vehicle,     762
1986.000000, 2295.000000, 2015.000000, 2294.000000, 2016.000000, 2364.000000, 1987.000000, 2364.000000,     small-vehicle,     813
3420.000000, 2305.000000, 3444.000000, 2305.000000, 3448.000000, 2365.000000, 3423.000000, 2365.000000,     small-vehicle,     815
2505.000000, 2308.000000, 2556.000000, 2307.000000, 2557.000000, 2339.000000, 2506.000000, 2340.000000,     small-vehicle,     818
1996.000000, 2245.000000, 2018.000000, 2245.000000, 2019.000000, 2289.000000, 1997.000000, 2290.000000,     small-vehicle,     840
2488.000000, 2229.000000, 2542.000000, 2228.000000, 2543.000000, 2249.000000, 2488.000000, 2252.000000,     small-vehicle,     841
2549.000000, 2220.000000, 2606.000000, 2218.000000, 2607.000000, 2243.000000, 2550.000000, 2245.000000,     small-vehicle,     845
1972.000000, 2197.000000, 1991.000000, 2196.000000, 1992.000000, 2238.000000, 1973.000000, 2239.000000,     small-vehicle,     885
3480.000000, 2107.000000, 3526.000000, 2106.000000, 3528.000000, 2133.000000, 3482.000000, 2134.000000,     small-vehicle,     886
1974.000000, 2121.000000, 1998.000000, 2120.000000, 1999.000000, 2185.000000, 1975.000000, 2185.000000,     small-vehicle,     892
3420.000000, 2110.000000, 3477.000000, 2109.000000, 3478.000000, 2137.000000, 3421.000000, 2139.000000,     small-vehicle,     894
2284.000000, 2027.000000, 2315.000000, 2026.000000, 2317.000000, 2098.000000, 2285.000000, 2100.000000,     small-vehicle,     917
2265.000000, 2074.000000, 2295.000000, 2073.000000, 2297.000000, 2140.000000, 2266.000000, 2141.000000,     small-vehicle,     921
2065.000000, 2377.000000, 2093.000000, 2376.000000, 2094.000000, 2439.000000, 2066.000000, 2441.000000,     small-vehicle,     930
2277.000000, 1942.000000, 2309.000000, 1942.000000, 2311.000000, 2018.000000, 2279.000000, 2018.000000,     small-vehicle,     944
1966.000000, 1978.000000, 1992.000000, 1976.000000, 1993.000000, 2039.000000, 1967.000000, 2040.000000,     small-vehicle,     949
3169.000000, 2230.000000, 3222.000000, 2228.000000, 3224.000000, 2255.000000, 3171.000000, 2256.000000,     small-vehicle,     962
1082.000000, 1966.000000, 1143.000000, 1964.000000, 1142.000000, 1999.000000, 1082.000000, 2001.000000,     small-vehicle,     964
875.000000, 1982.000000, 938.000000, 1981.000000, 938.000000, 2015.000000, 875.000000, 2017.000000,     small-vehicle,     966
3580.000000, 2169.000000, 3626.000000, 2167.000000, 3628.000000, 2197.000000, 3581.000000, 2198.000000,     small-vehicle,     969
1262.000000, 1959.000000, 1291.000000, 1957.000000, 1290.000000, 2014.000000, 1262.000000, 2015.000000,     small-vehicle,     971
1258.000000, 2193.000000, 1298.000000, 2192.000000, 1298.000000, 2223.000000, 1258.000000, 2223.000000,     small-vehicle,     975
2081.000000, 2121.000000, 2110.000000, 2121.000000, 2112.000000, 2186.000000, 2081.000000, 2187.000000,     small-vehicle,     980
1958.000000, 1906.000000, 1986.000000, 1905.000000, 1987.000000, 1968.000000, 1959.000000, 1968.000000,     small-vehicle,     981
2243.000000, 1909.000000, 2273.000000, 1908.000000, 2275.000000, 1974.000000, 2244.000000, 1974.000000,     small-vehicle,     986
1011.000000, 1971.000000, 1070.000000, 1970.000000, 1069.000000, 2004.000000, 1011.000000, 2005.000000,     small-vehicle,     987
1164.000000, 1962.000000, 1223.000000, 1962.000000, 1223.000000, 1990.000000, 1164.000000, 1992.000000,     small-vehicle,     989
775.000000, 1896.000000, 841.000000, 1895.000000, 840.000000, 1931.000000, 774.000000, 1933.000000,     small-vehicle,     990
2657.000000, 2285.000000, 2708.000000, 2284.000000, 2708.000000, 2315.000000, 2658.000000, 2316.000000,     small-vehicle,     994
95.000000, 1985.000000, 158.000000, 1983.000000, 157.000000, 2007.000000, 94.000000, 2009.000000,     small-vehicle,     995
1983.000000, 1825.000000, 2009.000000, 1825.000000, 2011.000000, 1885.000000, 1984.000000, 1885.000000,     small-vehicle,     996
373.000000, 1946.000000, 435.000000, 1946.000000, 435.000000, 1975.000000, 373.000000, 1976.000000,     small-vehicle,     997
1957.000000, 1843.000000, 1981.000000, 1843.000000, 1981.000000, 1900.000000, 1958.000000, 1901.000000,     small-vehicle,     998
2277.000000, 1869.000000, 2302.000000, 1869.000000, 2304.000000, 1931.000000, 2278.000000, 1932.000000,     small-vehicle,     1001
445.000000, 1942.000000, 502.000000, 1940.000000, 502.000000, 1967.000000, 444.000000, 1969.000000,     small-vehicle,     1008
1149.000000, 1868.000000, 1222.000000, 1867.000000, 1222.000000, 1902.000000, 1149.000000, 1903.000000,     small-vehicle,     1009
2044.000000, 2180.000000, 2075.000000, 2179.000000, 2077.000000, 2256.000000, 2045.000000, 2257.000000,     small-vehicle,     1010
983.000000, 1881.000000, 1055.000000, 1880.000000, 1053.000000, 1915.000000, 982.000000, 1916.000000,     small-vehicle,     1012
683.000000, 1898.000000, 730.000000, 1897.000000, 729.000000, 1928.000000, 682.000000, 1929.000000,     small-vehicle,     1013
1066.000000, 1872.000000, 1124.000000, 1872.000000, 1124.000000, 1906.000000, 1066.000000, 1907.000000,     small-vehicle,     1014
2274.000000, 1804.000000, 2293.000000, 1804.000000, 2294.000000, 1848.000000, 2275.000000, 1849.000000,     small-vehicle,     1017
2036.000000, 1894.000000, 2065.000000, 1892.000000, 2065.000000, 1955.000000, 2037.000000, 1956.000000,     small-vehicle,     1032
2641.000000, 1789.000000, 2668.000000, 1789.000000, 2670.000000, 1847.000000, 2644.000000, 1848.000000,     small-vehicle,     1033
2617.000000, 2309.000000, 2655.000000, 2307.000000, 2657.000000, 2368.000000, 2618.000000, 2370.000000,     small-vehicle,     1038
1953.000000, 1756.000000, 1979.000000, 1755.000000, 1980.000000, 1818.000000, 1954.000000, 1818.000000,     small-vehicle,     1039
837.000000, 2781.000000, 875.000000, 2779.000000, 874.000000, 2810.000000, 837.000000, 2811.000000,     small-vehicle,     1042
2031.000000, 2959.000000, 2059.000000, 2956.000000, 2060.000000, 3016.000000, 2033.000000, 3019.000000,     small-vehicle,     1052
2231.000000, 1706.000000, 2256.000000, 1706.000000, 2257.000000, 1763.000000, 2233.000000, 1764.000000,     small-vehicle,     1056
3432.000000, 2409.000000, 3459.000000, 2409.000000, 3462.000000, 2468.000000, 3435.000000, 2469.000000,     small-vehicle,     1069
3114.000000, 2238.000000, 3161.000000, 2236.000000, 3164.000000, 2278.000000, 3115.000000, 2279.000000,     small-vehicle,     1071
535.000000, 1741.000000, 570.000000, 1740.000000, 569.000000, 1801.000000, 534.000000, 1802.000000,     small-vehicle,     1076
2199.000000, 1810.000000, 2231.000000, 1809.000000, 2234.000000, 1891.000000, 2200.000000, 1891.000000,     large-vehicle,     1078
1944.000000, 1666.000000, 1970.000000, 1665.000000, 1971.000000, 1729.000000, 1944.000000, 1729.000000,     small-vehicle,     1079
2256.000000, 1627.000000, 2281.000000, 1627.000000, 2282.000000, 1684.000000, 2257.000000, 1684.000000,     small-vehicle,     1086
2754.000000, 1776.000000, 2785.000000, 1775.000000, 2787.000000, 1845.000000, 2756.000000, 1847.000000,     small-vehicle,     1088
1787.000000, 1989.000000, 1843.000000, 1987.000000, 1843.000000, 2014.000000, 1788.000000, 2015.000000,     small-vehicle,     1099
1266.000000, 1618.000000, 1287.000000, 1618.000000, 1287.000000, 1663.000000, 1266.000000, 1664.000000,     small-vehicle,     1104
2251.000000, 1562.000000, 2275.000000, 1561.000000, 2276.000000, 1614.000000, 2253.000000, 1614.000000,     small-vehicle,     1113
1939.000000, 1577.000000, 1966.000000, 1577.000000, 1967.000000, 1636.000000, 1941.000000, 1636.000000,     small-vehicle,     1115
1224.000000, 1589.000000, 1268.000000, 1588.000000, 1268.000000, 1617.000000, 1224.000000, 1618.000000,     small-vehicle,     1116
854.000000, 1596.000000, 913.000000, 1596.000000, 913.000000, 1630.000000, 853.000000, 1630.000000,     small-vehicle,     1121
3453.000000, 2575.000000, 3476.000000, 2574.000000, 3479.000000, 2634.000000, 3457.000000, 2635.000000,     small-vehicle,     1122
1135.000000, 1587.000000, 1190.000000, 1586.000000, 1190.000000, 1618.000000, 1135.000000, 1620.000000,     small-vehicle,     1135
783.000000, 1521.000000, 842.000000, 1521.000000, 842.000000, 1550.000000, 783.000000, 1551.000000,     small-vehicle,     1139
1930.000000, 1490.000000, 1960.000000, 1490.000000, 1961.000000, 1547.000000, 1931.000000, 1547.000000,     small-vehicle,     1140
1961.000000, 1460.000000, 2005.000000, 1460.000000, 2007.000000, 1587.000000, 1964.000000, 1588.000000,     large-vehicle,     1141
2216.000000, 1506.000000, 2245.000000, 1506.000000, 2245.000000, 1562.000000, 2218.000000, 1562.000000,     small-vehicle,     1142
966.000000, 1588.000000, 1019.000000, 1587.000000, 1019.000000, 1620.000000, 964.000000, 1620.000000,     small-vehicle,     1144
2825.000000, 2270.000000, 2883.000000, 2268.000000, 2885.000000, 2303.000000, 2827.000000, 2305.000000,     small-vehicle,     1151
1185.000000, 1509.000000, 1249.000000, 1508.000000, 1249.000000, 1538.000000, 1184.000000, 1538.000000,     small-vehicle,     1155
627.000000, 1531.000000, 675.000000, 1531.000000, 675.000000, 1556.000000, 627.000000, 1557.000000,     small-vehicle,     1156
687.000000, 1528.000000, 742.000000, 1528.000000, 741.000000, 1555.000000, 686.000000, 1555.000000,     small-vehicle,     1157
1007.000000, 1512.000000, 1066.000000, 1511.000000, 1066.000000, 1541.000000, 1007.000000, 1541.000000,     small-vehicle,     1159
3034.000000, 2255.000000, 3085.000000, 2254.000000, 3087.000000, 2284.000000, 3034.000000, 2286.000000,     small-vehicle,     1164
1930.000000, 1413.000000, 1957.000000, 1413.000000, 1958.000000, 1474.000000, 1931.000000, 1474.000000,     small-vehicle,     1168
253.000000, 2831.000000, 312.000000, 2828.000000, 311.000000, 2862.000000, 252.000000, 2865.000000,     small-vehicle,     1171
2211.000000, 1411.000000, 2240.000000, 1411.000000, 2242.000000, 1477.000000, 2213.000000, 1477.000000,     small-vehicle,     1175
321.000000, 2830.000000, 384.000000, 2827.000000, 383.000000, 2861.000000, 320.000000, 2864.000000,     small-vehicle,     1177
1271.000000, 1449.000000, 1296.000000, 1448.000000, 1295.000000, 1497.000000, 1271.000000, 1498.000000,     small-vehicle,     1179
3428.000000, 2212.000000, 3481.000000, 2210.000000, 3481.000000, 2240.000000, 3429.000000, 2241.000000,     small-vehicle,     1182
2100.000000, 2893.000000, 2136.000000, 2891.000000, 2137.000000, 2964.000000, 2101.000000, 2966.000000,     small-vehicle,     1191
2960.000000, 2261.000000, 3017.000000, 2259.000000, 3018.000000, 2293.000000, 2962.000000, 2294.000000,     small-vehicle,     1192
2760.000000, 2268.000000, 2817.000000, 2266.000000, 2818.000000, 2297.000000, 2761.000000, 2298.000000,     small-vehicle,     1195
526.000000, 1343.000000, 557.000000, 1343.000000, 556.000000, 1408.000000, 524.000000, 1409.000000,     small-vehicle,     1202
1949.000000, 1302.000000, 1979.000000, 1302.000000, 1980.000000, 1367.000000, 1950.000000, 1367.000000,     small-vehicle,     1205
1920.000000, 1236.000000, 1949.000000, 1237.000000, 1950.000000, 1301.000000, 1921.000000, 1301.000000,     small-vehicle,     1211
2614.000000, 1265.000000, 2660.000000, 1265.000000, 2661.000000, 1289.000000, 2615.000000, 1289.000000,     small-vehicle,     1212
2416.000000, 1277.000000, 2478.000000, 1278.000000, 2479.000000, 1311.000000, 2417.000000, 1310.000000,     small-vehicle,     1214
2361.000000, 1286.000000, 2410.000000, 1286.000000, 2411.000000, 1313.000000, 2360.000000, 1313.000000,     small-vehicle,     1216
2551.000000, 1268.000000, 2601.000000, 1268.000000, 2602.000000, 1295.000000, 2552.000000, 1295.000000,     small-vehicle,     1217
3463.000000, 2650.000000, 3488.000000, 2649.000000, 3492.000000, 2709.000000, 3465.000000, 2710.000000,     small-vehicle,     1218
2197.000000, 1235.000000, 2225.000000, 1236.000000, 2227.000000, 1296.000000, 2198.000000, 1296.000000,     small-vehicle,     1232
1921.000000, 1162.000000, 1952.000000, 1162.000000, 1953.000000, 1222.000000, 1922.000000, 1221.000000,     small-vehicle,     1236
2045.000000, 1971.000000, 2072.000000, 1971.000000, 2073.000000, 2041.000000, 2046.000000, 2042.000000,     small-vehicle,     1241
1902.000000, 1175.000000, 1928.000000, 1175.000000, 1928.000000, 1230.000000, 1903.000000, 1230.000000,     small-vehicle,     1245
3298.000000, 1203.000000, 3355.000000, 1202.000000, 3356.000000, 1230.000000, 3299.000000, 1229.000000,     small-vehicle,     1248
3369.000000, 1195.000000, 3427.000000, 1196.000000, 3429.000000, 1222.000000, 3371.000000, 1223.000000,     small-vehicle,     1249
1259.000000, 1157.000000, 1287.000000, 1158.000000, 1287.000000, 1222.000000, 1259.000000, 1222.000000,     small-vehicle,     1250
3498.000000, 1184.000000, 3546.000000, 1184.000000, 3548.000000, 1213.000000, 3500.000000, 1213.000000,     small-vehicle,     1251
1905.000000, 1086.000000, 1935.000000, 1086.000000, 1936.000000, 1152.000000, 1907.000000, 1152.000000,     small-vehicle,     1254
2191.000000, 1058.000000, 2228.000000, 1059.000000, 2229.000000, 1126.000000, 2193.000000, 1126.000000,     small-vehicle,     1257
2213.000000, 1134.000000, 2249.000000, 1134.000000, 2251.000000, 1206.000000, 2215.000000, 1207.000000,     small-vehicle,     1258
3568.000000, 1179.000000, 3627.000000, 1179.000000, 3629.000000, 1211.000000, 3570.000000, 1211.000000,     small-vehicle,     1260
292.000000, 2084.000000, 362.000000, 2082.000000, 362.000000, 2112.000000, 291.000000, 2113.000000,     small-vehicle,     1271
1255.000000, 1042.000000, 1284.000000, 1042.000000, 1284.000000, 1108.000000, 1254.000000, 1108.000000,     small-vehicle,     1273
2175.000000, 967.000000, 2195.000000, 968.000000, 2197.000000, 1024.000000, 2175.000000, 1024.000000,     small-vehicle,     1277
1899.000000, 1002.000000, 1929.000000, 1002.000000, 1931.000000, 1069.000000, 1900.000000, 1069.000000,     small-vehicle,     1282
1067.000000, 1594.000000, 1125.000000, 1594.000000, 1124.000000, 1622.000000, 1066.000000, 1623.000000,     small-vehicle,     1284
2332.000000, 2936.000000, 2362.000000, 2934.000000, 2363.000000, 3019.000000, 2335.000000, 3020.000000,     small-vehicle,     1285
2380.000000, 2417.000000, 2399.000000, 2416.000000, 2399.000000, 2452.000000, 2381.000000, 2453.000000,     small-vehicle,     1286
2243.000000, 2447.000000, 2276.000000, 2446.000000, 2278.000000, 2527.000000, 2245.000000, 2528.000000,     small-vehicle,     1290
1896.000000, 920.000000, 1924.000000, 920.000000, 1924.000000, 983.000000, 1897.000000, 983.000000,     small-vehicle,     1292
1250.000000, 968.000000, 1272.000000, 968.000000, 1272.000000, 1006.000000, 1250.000000, 1006.000000,     small-vehicle,     1293
655.000000, 2053.000000, 719.000000, 2051.000000, 719.000000, 2085.000000, 654.000000, 2086.000000,     small-vehicle,     1294
796.000000, 2038.000000, 860.000000, 2036.000000, 859.000000, 2066.000000, 796.000000, 2067.000000,     small-vehicle,     1295
2201.000000, 920.000000, 2228.000000, 920.000000, 2229.000000, 982.000000, 2201.000000, 981.000000,     small-vehicle,     1298
2002.000000, 1262.000000, 2030.000000, 1262.000000, 2032.000000, 1340.000000, 2003.000000, 1340.000000,     small-vehicle,     1302
2385.000000, 1363.000000, 2443.000000, 1362.000000, 2444.000000, 1388.000000, 2386.000000, 1389.000000,     small-vehicle,     1303
2341.000000, 2732.000000, 2370.000000, 2730.000000, 2371.000000, 2802.000000, 2343.000000, 2803.000000,     small-vehicle,     1304
-18.000000, 2023.000000, 37.000000, 2022.000000, 36.000000, 2051.000000, -19.000000, 2053.000000,     small-vehicle,     1305
2405.000000, 1813.000000, 2426.000000, 1812.000000, 2428.000000, 1864.000000, 2405.000000, 1865.000000,     small-vehicle,     1306
773.000000, 1601.000000, 787.000000, 1600.000000, 787.000000, 1631.000000, 772.000000, 1632.000000,     small-vehicle,     1307
2338.000000, 2713.000000, 2369.000000, 2711.000000, 2370.000000, 2784.000000, 2341.000000, 2786.000000,     large-vehicle,     1308
1891.000000, 845.000000, 1919.000000, 846.000000, 1920.000000, 906.000000, 1893.000000, 906.000000,     small-vehicle,     1309
1245.000000, 836.000000, 1269.000000, 836.000000, 1269.000000, 888.000000, 1245.000000, 888.000000,     small-vehicle,     1312
1922.000000, 1317.000000, 1951.000000, 1317.000000, 1952.000000, 1392.000000, 1923.000000, 1391.000000,     small-vehicle,     1313
2260.000000, 1703.000000, 2290.000000, 1702.000000, 2292.000000, 1753.000000, 2260.000000, 1754.000000,     small-vehicle,     1314
3349.000000, 1279.000000, 3413.000000, 1279.000000, 3415.000000, 1313.000000, 3351.000000, 1313.000000,     large-vehicle,     1317
723.000000, 2047.000000, 783.000000, 2046.000000, 783.000000, 2075.000000, 723.000000, 2077.000000,     small-vehicle,     1318
1765.000000, 2016.000000, 1835.000000, 2015.000000, 1836.000000, 2058.000000, 1765.000000, 2059.000000,     small-vehicle,     1320
2159.000000, 1758.000000, 2175.000000, 1758.000000, 2176.000000, 1784.000000, 2160.000000, 1784.000000,     small-vehicle,     1321
2299.000000, 2086.000000, 2323.000000, 2085.000000, 2325.000000, 2137.000000, 2301.000000, 2137.000000,     small-vehicle,     1322
2104.000000, 2904.000000, 2137.000000, 2903.000000, 2137.000000, 2972.000000, 2106.000000, 2973.000000,     large-vehicle,     1328
1263.000000, 1674.000000, 1293.000000, 1673.000000, 1293.000000, 1748.000000, 1263.000000, 1748.000000,     small-vehicle,     1329
1239.000000, 748.000000, 1267.000000, 749.000000, 1267.000000, 808.000000, 1239.000000, 808.000000,     small-vehicle,     1330
682.000000, 1601.000000, 720.000000, 1601.000000, 720.000000, 1626.000000, 682.000000, 1627.000000,     small-vehicle,     1331
2109.000000, 2948.000000, 2140.000000, 2945.000000, 2141.000000, 3017.000000, 2111.000000, 3019.000000,     small-vehicle,     1332
1236.000000, 679.000000, 1265.000000, 680.000000, 1265.000000, 745.000000, 1236.000000, 744.000000,     small-vehicle,     1333
2105.000000, 2464.000000, 2124.000000, 2464.000000, 2125.000000, 2493.000000, 2105.000000, 2494.000000,     small-vehicle,     1334
1922.000000, 1322.000000, 1951.000000, 1322.000000, 1953.000000, 1410.000000, 1924.000000, 1410.000000,     small-vehicle,     1335
1765.000000, 1993.000000, 1834.000000, 1992.000000, 1833.000000, 2032.000000, 1765.000000, 2033.000000,     large-vehicle,     1336
1881.000000, 685.000000, 1908.000000, 686.000000, 1908.000000, 742.000000, 1881.000000, 742.000000,     small-vehicle,     1337
2211.000000, 1113.000000, 2247.000000, 1113.000000, 2249.000000, 1193.000000, 2213.000000, 1194.000000,     large-vehicle,     1338
1998.000000, 1197.000000, 2028.000000, 1197.000000, 2028.000000, 1278.000000, 2000.000000, 1278.000000,     large-vehicle,     1339
