2176.000000, 1216.000000, 2238.000000, 1216.000000, 2238.000000, 1282.000000, 2176.000000, 1282.000000,   small-vehicle,   1290
1975.000000, 1704.000000, 1998.000000, 1704.000000, 1998.000000, 1742.000000, 1975.000000, 1742.000000,   small-vehicle,   1479
2000.000000, 1646.000000, 2024.000000, 1646.000000, 2024.000000, 1709.000000, 2000.000000, 1709.000000,   small-vehicle,   1499
1293.000000, 1582.000000, 1320.000000, 1582.000000, 1320.000000, 1625.000000, 1293.000000, 1625.000000,   small-vehicle,   1507
2255.000000, 1522.000000, 2288.000000, 1522.000000, 2288.000000, 1585.000000, 2255.000000, 1585.000000,   small-vehicle,   1509
2983.000000, 1571.000000, 3012.000000, 1571.000000, 3012.000000, 1637.000000, 2983.000000, 1637.000000,   small-vehicle,   1515
1292.000000, 1527.000000, 1320.000000, 1527.000000, 1320.000000, 1581.000000, 1292.000000, 1581.000000,   small-vehicle,   1517
1960.000000, 1475.000000, 1985.000000, 1475.000000, 1985.000000, 1527.000000, 1960.000000, 1527.000000,   small-vehicle,   1522
2278.000000, 1465.000000, 2310.000000, 1465.000000, 2310.000000, 1524.000000, 2278.000000, 1524.000000,   small-vehicle,   1529
2274.000000, 1392.000000, 2304.000000, 1392.000000, 2304.000000, 1446.000000, 2274.000000, 1446.000000,   small-vehicle,   1536
1956.000000, 1404.000000, 1985.000000, 1404.000000, 1985.000000, 1460.000000, 1956.000000, 1460.000000,   small-vehicle,   1537
1291.000000, 1367.000000, 1316.000000, 1367.000000, 1316.000000, 1420.000000, 1291.000000, 1420.000000,   small-vehicle,   1548
1960.000000, 1334.000000, 1987.000000, 1334.000000, 1987.000000, 1393.000000, 1960.000000, 1393.000000,   small-vehicle,   1549
2275.000000, 1315.000000, 2303.000000, 1315.000000, 2303.000000, 1375.000000, 2275.000000, 1375.000000,   small-vehicle,   1552
1285.000000, 1290.000000, 1310.000000, 1290.000000, 1310.000000, 1348.000000, 1285.000000, 1348.000000,   small-vehicle,   1554
1946.000000, 1268.000000, 1973.000000, 1268.000000, 1973.000000, 1318.000000, 1946.000000, 1318.000000,   small-vehicle,   1562
1973.000000, 1221.000000, 1998.000000, 1221.000000, 1998.000000, 1273.000000, 1973.000000, 1273.000000,   small-vehicle,   1566
2236.000000, 1219.000000, 2273.000000, 1219.000000, 2273.000000, 1288.000000, 2236.000000, 1288.000000,   small-vehicle,   1571
728.000000, 1184.000000, 785.000000, 1184.000000, 785.000000, 1205.000000, 728.000000, 1205.000000,   small-vehicle,   1573
440.000000, 1173.000000, 496.000000, 1173.000000, 496.000000, 1204.000000, 440.000000, 1204.000000,   small-vehicle,   1575
503.000000, 1182.000000, 569.000000, 1182.000000, 569.000000, 1209.000000, 503.000000, 1209.000000,   small-vehicle,   1578
796.000000, 1181.000000, 844.000000, 1181.000000, 844.000000, 1201.000000, 796.000000, 1201.000000,   small-vehicle,   1585
1512.000000, 1143.000000, 1561.000000, 1143.000000, 1561.000000, 1169.000000, 1512.000000, 1169.000000,   small-vehicle,   1590
387.000000, 1113.000000, 413.000000, 1113.000000, 413.000000, 1170.000000, 387.000000, 1170.000000,   small-vehicle,   1594
1959.000000, 1066.000000, 1990.000000, 1066.000000, 1990.000000, 1116.000000, 1959.000000, 1116.000000,   small-vehicle,   1602
2926.000000, 1062.000000, 2995.000000, 1062.000000, 2995.000000, 1094.000000, 2926.000000, 1094.000000,   small-vehicle,   1614
321.000000, 1035.000000, 368.000000, 1035.000000, 368.000000, 1092.000000, 321.000000, 1092.000000,   small-vehicle,   1615
2232.000000, 1040.000000, 2257.000000, 1040.000000, 2257.000000, 1095.000000, 2232.000000, 1095.000000,   small-vehicle,   1623
3493.000000, 1040.000000, 3556.000000, 1040.000000, 3556.000000, 1064.000000, 3493.000000, 1064.000000,   small-vehicle,   1628
3418.000000, 1042.000000, 3472.000000, 1042.000000, 3472.000000, 1066.000000, 3418.000000, 1066.000000,   small-vehicle,   1631
86.000000, 1091.000000, 138.000000, 1091.000000, 138.000000, 1130.000000, 86.000000, 1130.000000,   small-vehicle,   1632
2224.000000, 970.000000, 2256.000000, 970.000000, 2256.000000, 1035.000000, 2224.000000, 1035.000000,   small-vehicle,   1633
1929.000000, 900.000000, 1955.000000, 900.000000, 1955.000000, 955.000000, 1929.000000, 955.000000,   small-vehicle,   1637
3227.000000, 931.000000, 3262.000000, 931.000000, 3262.000000, 993.000000, 3227.000000, 993.000000,   small-vehicle,   1638
432.000000, 917.000000, 466.000000, 917.000000, 466.000000, 979.000000, 432.000000, 979.000000,   small-vehicle,   1643
504.000000, 899.000000, 554.000000, 899.000000, 554.000000, 943.000000, 504.000000, 943.000000,   small-vehicle,   1646
360.000000, 897.000000, 384.000000, 897.000000, 384.000000, 944.000000, 360.000000, 944.000000,   small-vehicle,   1650
2975.000000, 1439.000000, 3007.000000, 1439.000000, 3007.000000, 1500.000000, 2975.000000, 1500.000000,   small-vehicle,   1651
2246.000000, 846.000000, 2278.000000, 846.000000, 2278.000000, 906.000000, 2246.000000, 906.000000,   small-vehicle,   1656
1924.000000, 830.000000, 1954.000000, 830.000000, 1954.000000, 887.000000, 1924.000000, 887.000000,   small-vehicle,   1658
1040.000000, 1223.000000, 1090.000000, 1223.000000, 1090.000000, 1250.000000, 1040.000000, 1250.000000,   small-vehicle,   1659
3048.000000, 1690.000000, 3112.000000, 1690.000000, 3112.000000, 1721.000000, 3048.000000, 1721.000000,   small-vehicle,   1664
3223.000000, 853.000000, 3259.000000, 853.000000, 3259.000000, 910.000000, 3223.000000, 910.000000,   small-vehicle,   1665
358.000000, 836.000000, 388.000000, 836.000000, 388.000000, 887.000000, 358.000000, 887.000000,   small-vehicle,   1666
2971.000000, 1499.000000, 3011.000000, 1499.000000, 3011.000000, 1567.000000, 2971.000000, 1567.000000,   small-vehicle,   1667
2556.000000, 1662.000000, 2620.000000, 1662.000000, 2620.000000, 1694.000000, 2556.000000, 1694.000000,   small-vehicle,   1671
2208.000000, 779.000000, 2235.000000, 779.000000, 2235.000000, 834.000000, 2208.000000, 834.000000,   small-vehicle,   1680
1951.000000, 800.000000, 1978.000000, 800.000000, 1978.000000, 851.000000, 1951.000000, 851.000000,   small-vehicle,   1683
1925.000000, 773.000000, 1951.000000, 773.000000, 1951.000000, 822.000000, 1925.000000, 822.000000,   small-vehicle,   1687
3252.000000, 1117.000000, 3319.000000, 1117.000000, 3319.000000, 1149.000000, 3252.000000, 1149.000000,   small-vehicle,   1688
2961.000000, 1233.000000, 2991.000000, 1233.000000, 2991.000000, 1277.000000, 2961.000000, 1277.000000,   small-vehicle,   1689
2468.000000, 1159.000000, 2518.000000, 1159.000000, 2518.000000, 1181.000000, 2468.000000, 1181.000000,   small-vehicle,   1693
2241.000000, 762.000000, 2271.000000, 762.000000, 2271.000000, 815.000000, 2241.000000, 815.000000,   small-vehicle,   1697
1952.000000, 725.000000, 1981.000000, 725.000000, 1981.000000, 787.000000, 1952.000000, 787.000000,   small-vehicle,   1699
2863.000000, 1657.000000, 2918.000000, 1657.000000, 2918.000000, 1685.000000, 2863.000000, 1685.000000,   small-vehicle,   1702
2243.000000, 692.000000, 2269.000000, 692.000000, 2269.000000, 736.000000, 2243.000000, 736.000000,   small-vehicle,   1705
2153.000000, 482.000000, 2183.000000, 482.000000, 2183.000000, 549.000000, 2153.000000, 549.000000,   small-vehicle,   1706
1934.000000, 627.000000, 1964.000000, 627.000000, 1964.000000, 680.000000, 1934.000000, 680.000000,   small-vehicle,   1708
1915.000000, 690.000000, 1947.000000, 690.000000, 1947.000000, 748.000000, 1915.000000, 748.000000,   small-vehicle,   1709
233.000000, 1223.000000, 277.000000, 1223.000000, 277.000000, 1285.000000, 233.000000, 1285.000000,   small-vehicle,   1710
1956.000000, 1557.000000, 1989.000000, 1557.000000, 1989.000000, 1612.000000, 1956.000000, 1612.000000,   small-vehicle,   1712
3221.000000, 626.000000, 3253.000000, 626.000000, 3253.000000, 687.000000, 3221.000000, 687.000000,   small-vehicle,   1715
2284.000000, 1258.000000, 2306.000000, 1258.000000, 2306.000000, 1304.000000, 2284.000000, 1304.000000,   small-vehicle,   1719
2724.000000, 608.000000, 2751.000000, 608.000000, 2751.000000, 664.000000, 2724.000000, 664.000000,   small-vehicle,   1727
2641.000000, 599.000000, 2674.000000, 599.000000, 2674.000000, 662.000000, 2641.000000, 662.000000,   small-vehicle,   1728
2230.000000, 560.000000, 2256.000000, 560.000000, 2256.000000, 626.000000, 2230.000000, 626.000000,   small-vehicle,   1729
2536.000000, 1153.000000, 2592.000000, 1153.000000, 2592.000000, 1183.000000, 2536.000000, 1183.000000,   small-vehicle,   1730
2762.000000, 597.000000, 2794.000000, 597.000000, 2794.000000, 654.000000, 2762.000000, 654.000000,   small-vehicle,   1731
2608.000000, 606.000000, 2635.000000, 606.000000, 2635.000000, 654.000000, 2608.000000, 654.000000,   small-vehicle,   1737
2809.000000, 593.000000, 2838.000000, 593.000000, 2838.000000, 651.000000, 2809.000000, 651.000000,   small-vehicle,   1739
1918.000000, 534.000000, 1948.000000, 534.000000, 1948.000000, 592.000000, 1918.000000, 592.000000,   small-vehicle,   1742
2198.000000, 522.000000, 2226.000000, 522.000000, 2226.000000, 589.000000, 2198.000000, 589.000000,   small-vehicle,   1744
1460.000000, 1207.000000, 1503.000000, 1207.000000, 1503.000000, 1223.000000, 1460.000000, 1223.000000,   small-vehicle,   1747
543.000000, 1248.000000, 594.000000, 1248.000000, 594.000000, 1274.000000, 543.000000, 1274.000000,   small-vehicle,   1752
1898.000000, 421.000000, 1929.000000, 421.000000, 1929.000000, 483.000000, 1898.000000, 483.000000,   small-vehicle,   1760
3168.000000, 1121.000000, 3232.000000, 1121.000000, 3232.000000, 1149.000000, 3168.000000, 1149.000000,   small-vehicle,   1761
1517.000000, 1199.000000, 1579.000000, 1199.000000, 1579.000000, 1223.000000, 1517.000000, 1223.000000,   small-vehicle,   1762
3204.000000, 485.000000, 3230.000000, 485.000000, 3230.000000, 546.000000, 3204.000000, 546.000000,   small-vehicle,   1763
64.000000, 431.000000, 123.000000, 431.000000, 123.000000, 458.000000, 64.000000, 458.000000,   small-vehicle,   1765
3198.000000, 409.000000, 3229.000000, 409.000000, 3229.000000, 475.000000, 3198.000000, 475.000000,   small-vehicle,   1767
2372.000000, 657.000000, 2422.000000, 657.000000, 2422.000000, 681.000000, 2372.000000, 681.000000,   small-vehicle,   1769
1047.000000, 372.000000, 1104.000000, 372.000000, 1104.000000, 397.000000, 1047.000000, 397.000000,   small-vehicle,   1772
47.000000, 354.000000, 109.000000, 354.000000, 109.000000, 383.000000, 47.000000, 383.000000,   small-vehicle,   1773
2613.000000, 1152.000000, 2677.000000, 1152.000000, 2677.000000, 1179.000000, 2613.000000, 1179.000000,   small-vehicle,   1774
3710.000000, 1100.000000, 3769.000000, 1100.000000, 3769.000000, 1127.000000, 3710.000000, 1127.000000,   small-vehicle,   1776
1896.000000, 367.000000, 1921.000000, 367.000000, 1921.000000, 409.000000, 1896.000000, 409.000000,   small-vehicle,   1777
2003.000000, 726.000000, 2034.000000, 726.000000, 2034.000000, 794.000000, 2003.000000, 794.000000,   small-vehicle,   1783
2152.000000, 307.000000, 2177.000000, 307.000000, 2177.000000, 360.000000, 2152.000000, 360.000000,   small-vehicle,   1785
2221.000000, 366.000000, 2250.000000, 366.000000, 2250.000000, 420.000000, 2221.000000, 420.000000,   small-vehicle,   1787
562.000000, 321.000000, 612.000000, 321.000000, 612.000000, 346.000000, 562.000000, 346.000000,   small-vehicle,   1790
3553.000000, 1109.000000, 3611.000000, 1109.000000, 3611.000000, 1135.000000, 3553.000000, 1135.000000,   small-vehicle,   1791
499.000000, 326.000000, 549.000000, 326.000000, 549.000000, 350.000000, 499.000000, 350.000000,   small-vehicle,   1793
3194.000000, 326.000000, 3225.000000, 326.000000, 3225.000000, 383.000000, 3194.000000, 383.000000,   small-vehicle,   1794
695.000000, 347.000000, 758.000000, 347.000000, 758.000000, 376.000000, 695.000000, 376.000000,   small-vehicle,   1795
633.000000, 319.000000, 685.000000, 319.000000, 685.000000, 343.000000, 633.000000, 343.000000,   small-vehicle,   1799
700.000000, 312.000000, 758.000000, 312.000000, 758.000000, 336.000000, 700.000000, 336.000000,   small-vehicle,   1804
890.000000, 301.000000, 944.000000, 301.000000, 944.000000, 329.000000, 890.000000, 329.000000,   small-vehicle,   1805
1743.000000, 305.000000, 1800.000000, 305.000000, 1800.000000, 339.000000, 1743.000000, 339.000000,   small-vehicle,   1807
948.000000, 297.000000, 1008.000000, 297.000000, 1008.000000, 322.000000, 948.000000, 322.000000,   small-vehicle,   1808
766.000000, 308.000000, 817.000000, 308.000000, 817.000000, 333.000000, 766.000000, 333.000000,   small-vehicle,   1810
481.000000, 1249.000000, 537.000000, 1249.000000, 537.000000, 1276.000000, 481.000000, 1276.000000,   small-vehicle,   1813
349.000000, 280.000000, 380.000000, 280.000000, 380.000000, 337.000000, 349.000000, 337.000000,   small-vehicle,   1814
2664.000000, 497.000000, 2718.000000, 497.000000, 2718.000000, 525.000000, 2664.000000, 525.000000,   small-vehicle,   1815
1030.000000, 290.000000, 1081.000000, 290.000000, 1081.000000, 317.000000, 1030.000000, 317.000000,   small-vehicle,   1817
828.000000, 304.000000, 879.000000, 304.000000, 879.000000, 330.000000, 828.000000, 330.000000,   small-vehicle,   1818
2187.000000, 301.000000, 2212.000000, 301.000000, 2212.000000, 353.000000, 2187.000000, 353.000000,   small-vehicle,   1819
729.000000, 1234.000000, 791.000000, 1234.000000, 791.000000, 1261.000000, 729.000000, 1261.000000,   small-vehicle,   1821
1674.000000, 237.000000, 1732.000000, 237.000000, 1732.000000, 268.000000, 1674.000000, 268.000000,   small-vehicle,   1822
1163.000000, 280.000000, 1219.000000, 280.000000, 1219.000000, 311.000000, 1163.000000, 311.000000,   small-vehicle,   1825
1573.000000, 249.000000, 1625.000000, 249.000000, 1625.000000, 276.000000, 1573.000000, 276.000000,   small-vehicle,   1826
1397.000000, 265.000000, 1447.000000, 265.000000, 1447.000000, 287.000000, 1397.000000, 287.000000,   small-vehicle,   1827
1233.000000, 278.000000, 1285.000000, 278.000000, 1285.000000, 302.000000, 1233.000000, 302.000000,   small-vehicle,   1831
1739.000000, 231.000000, 1789.000000, 231.000000, 1789.000000, 260.000000, 1739.000000, 260.000000,   small-vehicle,   1833
3190.000000, 265.000000, 3218.000000, 265.000000, 3218.000000, 326.000000, 3190.000000, 326.000000,   small-vehicle,   1835
1339.000000, 269.000000, 1384.000000, 269.000000, 1384.000000, 293.000000, 1339.000000, 293.000000,   small-vehicle,   1836
2962.000000, 1281.000000, 2992.000000, 1281.000000, 2992.000000, 1335.000000, 2962.000000, 1335.000000,   small-vehicle,   1837
1800.000000, 226.000000, 1850.000000, 226.000000, 1850.000000, 253.000000, 1800.000000, 253.000000,   small-vehicle,   1838
431.000000, 992.000000, 458.000000, 992.000000, 458.000000, 1035.000000, 431.000000, 1035.000000,   small-vehicle,   1839
352.000000, 221.000000, 377.000000, 221.000000, 377.000000, 269.000000, 352.000000, 269.000000,   small-vehicle,   1845
3145.000000, 531.000000, 3165.000000, 531.000000, 3165.000000, 582.000000, 3145.000000, 582.000000,   small-vehicle,   1850
2678.000000, 165.000000, 2736.000000, 165.000000, 2736.000000, 189.000000, 2678.000000, 189.000000,   small-vehicle,   1854
2532.000000, 176.000000, 2585.000000, 176.000000, 2585.000000, 202.000000, 2532.000000, 202.000000,   small-vehicle,   1856
2477.000000, 181.000000, 2527.000000, 181.000000, 2527.000000, 207.000000, 2477.000000, 207.000000,   small-vehicle,   1858
2393.000000, 186.000000, 2463.000000, 186.000000, 2463.000000, 214.000000, 2393.000000, 214.000000,   small-vehicle,   1859
1770.000000, 173.000000, 1829.000000, 173.000000, 1829.000000, 201.000000, 1770.000000, 201.000000,   small-vehicle,   1860
408.000000, 1029.000000, 456.000000, 1029.000000, 456.000000, 1088.000000, 408.000000, 1088.000000,   small-vehicle,   1864
1969.000000, 287.000000, 1997.000000, 287.000000, 1997.000000, 356.000000, 1969.000000, 356.000000,   small-vehicle,   1866
352.000000, 132.000000, 378.000000, 132.000000, 378.000000, 178.000000, 352.000000, 178.000000,   small-vehicle,   1868
2961.000000, 141.000000, 3015.000000, 141.000000, 3015.000000, 168.000000, 2961.000000, 168.000000,   small-vehicle,   1869
3040.000000, 140.000000, 3101.000000, 140.000000, 3101.000000, 171.000000, 3040.000000, 171.000000,   small-vehicle,   1872
2821.000000, 155.000000, 2891.000000, 155.000000, 2891.000000, 184.000000, 2821.000000, 184.000000,   small-vehicle,   1874
2207.000000, 77.000000, 2236.000000, 77.000000, 2236.000000, 136.000000, 2207.000000, 136.000000,   small-vehicle,   1875
223.000000, 421.000000, 285.000000, 421.000000, 285.000000, 447.000000, 223.000000, 447.000000,   small-vehicle,   1876
349.000000, 68.000000, 374.000000, 68.000000, 374.000000, 120.000000, 349.000000, 120.000000,   small-vehicle,   1878
2815.000000, 189.000000, 2871.000000, 189.000000, 2871.000000, 217.000000, 2815.000000, 217.000000,   small-vehicle,   1882
3666.000000, 78.000000, 3714.000000, 78.000000, 3714.000000, 96.000000, 3666.000000, 96.000000,   small-vehicle,   1887
300.000000, 1251.000000, 346.000000, 1251.000000, 346.000000, 1308.000000, 300.000000, 1308.000000,   small-vehicle,   1888
2232.000000, 511.000000, 2264.000000, 511.000000, 2264.000000, 553.000000, 2232.000000, 553.000000,   small-vehicle,   1889
1949.000000, 84.000000, 1978.000000, 84.000000, 1978.000000, 139.000000, 1949.000000, 139.000000,   small-vehicle,   1893
982.000000, 374.000000, 1029.000000, 374.000000, 1029.000000, 398.000000, 982.000000, 398.000000,   small-vehicle,   1895
3110.000000, 23.000000, 3146.000000, 23.000000, 3146.000000, 89.000000, 3110.000000, 89.000000,   small-vehicle,   1898
1902.000000, -42.000000, 1928.000000, -42.000000, 1928.000000, 10.000000, 1902.000000, 10.000000,   small-vehicle,   1900
1876.000000, -11.000000, 1905.000000, -11.000000, 1905.000000, 43.000000, 1876.000000, 43.000000,   small-vehicle,   1902
379.000000, 385.000000, 416.000000, 385.000000, 416.000000, 437.000000, 379.000000, 437.000000,   small-vehicle,   1909
1928.000000, 430.000000, 1966.000000, 430.000000, 1966.000000, 514.000000, 1928.000000, 514.000000,   large-vehicle,   1917
2349.000000, 228.000000, 2400.000000, 228.000000, 2400.000000, 255.000000, 2349.000000, 255.000000,   small-vehicle,   1918
2193.000000, -85.000000, 2222.000000, -85.000000, 2222.000000, -32.000000, 2193.000000, -32.000000,   small-vehicle,   1921
-6.000000, 423.000000, 53.000000, 423.000000, 53.000000, 446.000000, -6.000000, 446.000000,   small-vehicle,   1922
624.000000, 1669.000000, 651.000000, 1669.000000, 651.000000, 1717.000000, 624.000000, 1717.000000,   small-vehicle,   1925
182.000000, 1335.000000, 229.000000, 1335.000000, 229.000000, 1396.000000, 182.000000, 1396.000000,   small-vehicle,   1927
1958.000000, 238.000000, 1989.000000, 238.000000, 1989.000000, 295.000000, 1958.000000, 295.000000,   small-vehicle,   1936
2171.000000, 1154.000000, 2204.000000, 1154.000000, 2204.000000, 1220.000000, 2171.000000, 1220.000000,   small-vehicle,   1937
1869.000000, -125.000000, 1893.000000, -125.000000, 1893.000000, -86.000000, 1869.000000, -86.000000,   small-vehicle,   1941
2190.000000, -168.000000, 2218.000000, -168.000000, 2218.000000, -111.000000, 2190.000000, -111.000000,   small-vehicle,   1945
909.000000, 368.000000, 962.000000, 368.000000, 962.000000, 390.000000, 909.000000, 390.000000,   small-vehicle,   1950
3146.000000, 167.000000, 3215.000000, 167.000000, 3215.000000, 200.000000, 3146.000000, 200.000000,   small-vehicle,   1951
1896.000000, -176.000000, 1920.000000, -176.000000, 1920.000000, -114.000000, 1896.000000, -114.000000,   small-vehicle,   1952
2813.000000, 226.000000, 2883.000000, 226.000000, 2883.000000, 256.000000, 2813.000000, 256.000000,   small-vehicle,   1954
1905.000000, 589.000000, 1926.000000, 589.000000, 1926.000000, 636.000000, 1905.000000, 636.000000,   small-vehicle,   1955
2178.000000, 1555.000000, 2195.000000, 1555.000000, 2195.000000, 1586.000000, 2178.000000, 1586.000000,   small-vehicle,   1956
285.000000, 401.000000, 333.000000, 401.000000, 333.000000, 426.000000, 285.000000, 426.000000,   small-vehicle,   1966
1862.000000, -216.000000, 1891.000000, -216.000000, 1891.000000, -156.000000, 1862.000000, -156.000000,   small-vehicle,   1967
3091.000000, -211.000000, 3122.000000, -211.000000, 3122.000000, -152.000000, 3091.000000, -152.000000,   small-vehicle,   1968
2657.000000, 239.000000, 2712.000000, 239.000000, 2712.000000, 268.000000, 2657.000000, 268.000000,   small-vehicle,   1970
1939.000000, -77.000000, 1970.000000, -77.000000, 1970.000000, -17.000000, 1939.000000, -17.000000,   small-vehicle,   1971
2185.000000, -246.000000, 2214.000000, -246.000000, 2214.000000, -186.000000, 2185.000000, -186.000000,   small-vehicle,   1972
1341.000000, 345.000000, 1403.000000, 345.000000, 1403.000000, 381.000000, 1341.000000, 381.000000,   small-vehicle,   1974
2157.000000, -229.000000, 2187.000000, -229.000000, 2187.000000, -170.000000, 2157.000000, -170.000000,   small-vehicle,   1977
2971.000000, 1384.000000, 2999.000000, 1384.000000, 2999.000000, 1439.000000, 2971.000000, 1439.000000,   small-vehicle,   1980
322.000000, 906.000000, 342.000000, 906.000000, 342.000000, 943.000000, 322.000000, 943.000000,   small-vehicle,   1981
1884.000000, 79.000000, 1908.000000, 79.000000, 1908.000000, 114.000000, 1884.000000, 114.000000,   small-vehicle,   1982
158.000000, 1399.000000, 199.000000, 1399.000000, 199.000000, 1455.000000, 158.000000, 1455.000000,   small-vehicle,   1983
2149.000000, -301.000000, 2177.000000, -301.000000, 2177.000000, -240.000000, 2149.000000, -240.000000,   small-vehicle,   1988
3230.000000, 195.000000, 3294.000000, 195.000000, 3294.000000, 221.000000, 3230.000000, 221.000000,   small-vehicle,   1992
2074.000000, 509.000000, 2105.000000, 509.000000, 2105.000000, 568.000000, 2074.000000, 568.000000,   small-vehicle,   1993
132.000000, 1456.000000, 175.000000, 1456.000000, 175.000000, 1513.000000, 132.000000, 1513.000000,   small-vehicle,   1995
1925.000000, -258.000000, 1953.000000, -258.000000, 1953.000000, -199.000000, 1925.000000, -199.000000,   small-vehicle,   1997
2024.000000, 675.000000, 2058.000000, 675.000000, 2058.000000, 743.000000, 2024.000000, 743.000000,   small-vehicle,   1998
349.000000, 946.000000, 385.000000, 946.000000, 385.000000, 1010.000000, 349.000000, 1010.000000,   large-vehicle,   2000
3085.000000, -290.000000, 3114.000000, -290.000000, 3114.000000, -231.000000, 3085.000000, -231.000000,   small-vehicle,   2005
2179.000000, -323.000000, 2208.000000, -323.000000, 2208.000000, -263.000000, 2179.000000, -263.000000,   small-vehicle,   2006
1381.000000, 1196.000000, 1442.000000, 1196.000000, 1442.000000, 1218.000000, 1381.000000, 1218.000000,   small-vehicle,   2007
252.000000, -324.000000, 303.000000, -324.000000, 303.000000, -276.000000, 252.000000, -276.000000,   small-vehicle,   2008
2615.000000, -397.000000, 2678.000000, -397.000000, 2678.000000, -367.000000, 2615.000000, -367.000000,   small-vehicle,   2013
397.000000, 1249.000000, 464.000000, 1249.000000, 464.000000, 1283.000000, 397.000000, 1283.000000,   small-vehicle,   2014
2682.000000, 577.000000, 2719.000000, 577.000000, 2719.000000, 647.000000, 2682.000000, 647.000000,   small-vehicle,   2015
3318.000000, 191.000000, 3377.000000, 191.000000, 3377.000000, 215.000000, 3318.000000, 215.000000,   small-vehicle,   2016
3447.000000, 188.000000, 3502.000000, 188.000000, 3502.000000, 209.000000, 3447.000000, 209.000000,   small-vehicle,   2017
56.000000, 1638.000000, 92.000000, 1638.000000, 92.000000, 1689.000000, 56.000000, 1689.000000,   small-vehicle,   2018
1341.000000, 328.000000, 1401.000000, 328.000000, 1401.000000, 362.000000, 1341.000000, 362.000000,   large-vehicle,   2020
3645.000000, 172.000000, 3693.000000, 172.000000, 3693.000000, 193.000000, 3645.000000, 193.000000,   small-vehicle,   2021
2685.000000, 606.000000, 2717.000000, 606.000000, 2717.000000, 673.000000, 2685.000000, 673.000000,   large-vehicle,   2022
1854.000000, -383.000000, 1883.000000, -383.000000, 1883.000000, -325.000000, 1854.000000, -325.000000,   small-vehicle,   2023
1332.000000, 334.000000, 1525.000000, 334.000000, 1525.000000, 372.000000, 1332.000000, 372.000000,   large-vehicle,   2026
2170.000000, 1158.000000, 2204.000000, 1158.000000, 2204.000000, 1225.000000, 2170.000000, 1225.000000,   large-vehicle,   2027
81.000000, -421.000000, 129.000000, -421.000000, 129.000000, -363.000000, 81.000000, -363.000000,   small-vehicle,   2028
311.000000, 180.000000, 337.000000, 180.000000, 337.000000, 237.000000, 311.000000, 237.000000,   small-vehicle,   2029
2949.000000, 211.000000, 3007.000000, 211.000000, 3007.000000, 232.000000, 2949.000000, 232.000000,   small-vehicle,   2030
242.000000, -422.000000, 292.000000, -422.000000, 292.000000, -378.000000, 242.000000, -378.000000,   small-vehicle,   2031
1926.000000, 425.000000, 1964.000000, 425.000000, 1964.000000, 501.000000, 1926.000000, 501.000000,   small-vehicle,   2032
1875.000000, -449.000000, 1903.000000, -449.000000, 1903.000000, -390.000000, 1875.000000, -390.000000,   small-vehicle,   2033
1512.000000, 325.000000, 1560.000000, 325.000000, 1560.000000, 354.000000, 1512.000000, 354.000000,   small-vehicle,   2034
2163.000000, -432.000000, 2186.000000, -432.000000, 2186.000000, -378.000000, 2163.000000, -378.000000,   small-vehicle,   2035
