2178.000000, 1214.000000, 2237.000000, 1214.000000, 2237.000000, 1284.000000, 2178.000000, 1284.000000,   small-vehicle,   1290
2304.000000, 1814.000000, 2338.000000, 1814.000000, 2338.000000, 1875.000000, 2304.000000, 1875.000000,   small-vehicle,   1458
2276.000000, 1817.000000, 2302.000000, 1817.000000, 2302.000000, 1863.000000, 2276.000000, 1863.000000,   small-vehicle,   1459
1316.000000, 1806.000000, 1338.000000, 1806.000000, 1338.000000, 1851.000000, 1316.000000, 1851.000000,   small-vehicle,   1462
2309.000000, 1766.000000, 2338.000000, 1766.000000, 2338.000000, 1810.000000, 2309.000000, 1810.000000,   small-vehicle,   1478
1974.000000, 1698.000000, 2000.000000, 1698.000000, 2000.000000, 1749.000000, 1974.000000, 1749.000000,   small-vehicle,   1479
2000.000000, 1647.000000, 2023.000000, 1647.000000, 2023.000000, 1707.000000, 2000.000000, 1707.000000,   small-vehicle,   1499
1295.000000, 1582.000000, 1319.000000, 1582.000000, 1319.000000, 1625.000000, 1295.000000, 1625.000000,   small-vehicle,   1507
2256.000000, 1524.000000, 2287.000000, 1524.000000, 2287.000000, 1582.000000, 2256.000000, 1582.000000,   small-vehicle,   1509
2984.000000, 1574.000000, 3012.000000, 1574.000000, 3012.000000, 1634.000000, 2984.000000, 1634.000000,   small-vehicle,   1515
1292.000000, 1527.000000, 1320.000000, 1527.000000, 1320.000000, 1580.000000, 1292.000000, 1580.000000,   small-vehicle,   1517
1960.000000, 1473.000000, 1986.000000, 1473.000000, 1986.000000, 1528.000000, 1960.000000, 1528.000000,   small-vehicle,   1522
2277.000000, 1465.000000, 2310.000000, 1465.000000, 2310.000000, 1523.000000, 2277.000000, 1523.000000,   small-vehicle,   1529
2276.000000, 1392.000000, 2303.000000, 1392.000000, 2303.000000, 1446.000000, 2276.000000, 1446.000000,   small-vehicle,   1536
1958.000000, 1402.000000, 1984.000000, 1402.000000, 1984.000000, 1461.000000, 1958.000000, 1461.000000,   small-vehicle,   1537
1291.000000, 1367.000000, 1316.000000, 1367.000000, 1316.000000, 1420.000000, 1291.000000, 1420.000000,   small-vehicle,   1548
1959.000000, 1333.000000, 1987.000000, 1333.000000, 1987.000000, 1395.000000, 1959.000000, 1395.000000,   small-vehicle,   1549
2276.000000, 1317.000000, 2301.000000, 1317.000000, 2301.000000, 1373.000000, 2276.000000, 1373.000000,   small-vehicle,   1552
1283.000000, 1291.000000, 1312.000000, 1291.000000, 1312.000000, 1348.000000, 1283.000000, 1348.000000,   small-vehicle,   1554
1946.000000, 1269.000000, 1973.000000, 1269.000000, 1973.000000, 1318.000000, 1946.000000, 1318.000000,   small-vehicle,   1562
1972.000000, 1221.000000, 1999.000000, 1221.000000, 1999.000000, 1272.000000, 1972.000000, 1272.000000,   small-vehicle,   1566
2236.000000, 1222.000000, 2272.000000, 1222.000000, 2272.000000, 1286.000000, 2236.000000, 1286.000000,   small-vehicle,   1571
728.000000, 1183.000000, 785.000000, 1183.000000, 785.000000, 1206.000000, 728.000000, 1206.000000,   small-vehicle,   1573
854.000000, 1180.000000, 909.000000, 1180.000000, 909.000000, 1203.000000, 854.000000, 1203.000000,   small-vehicle,   1574
439.000000, 1173.000000, 497.000000, 1173.000000, 497.000000, 1204.000000, 439.000000, 1204.000000,   small-vehicle,   1575
927.000000, 1178.000000, 973.000000, 1178.000000, 973.000000, 1197.000000, 927.000000, 1197.000000,   small-vehicle,   1576
508.000000, 1182.000000, 564.000000, 1182.000000, 564.000000, 1210.000000, 508.000000, 1210.000000,   small-vehicle,   1578
797.000000, 1180.000000, 844.000000, 1180.000000, 844.000000, 1201.000000, 797.000000, 1201.000000,   small-vehicle,   1585
1773.000000, 1130.000000, 1830.000000, 1130.000000, 1830.000000, 1155.000000, 1773.000000, 1155.000000,   small-vehicle,   1586
1509.000000, 1142.000000, 1564.000000, 1142.000000, 1564.000000, 1169.000000, 1509.000000, 1169.000000,   small-vehicle,   1590
387.000000, 1114.000000, 413.000000, 1114.000000, 413.000000, 1170.000000, 387.000000, 1170.000000,   small-vehicle,   1594
1960.000000, 1065.000000, 1990.000000, 1065.000000, 1990.000000, 1116.000000, 1960.000000, 1116.000000,   small-vehicle,   1602
2926.000000, 1062.000000, 2995.000000, 1062.000000, 2995.000000, 1093.000000, 2926.000000, 1093.000000,   small-vehicle,   1614
322.000000, 1036.000000, 367.000000, 1036.000000, 367.000000, 1092.000000, 322.000000, 1092.000000,   small-vehicle,   1615
2232.000000, 1041.000000, 2256.000000, 1041.000000, 2256.000000, 1094.000000, 2232.000000, 1094.000000,   small-vehicle,   1623
3491.000000, 1038.000000, 3557.000000, 1038.000000, 3557.000000, 1067.000000, 3491.000000, 1067.000000,   small-vehicle,   1628
3417.000000, 1041.000000, 3474.000000, 1041.000000, 3474.000000, 1068.000000, 3417.000000, 1068.000000,   small-vehicle,   1631
86.000000, 1092.000000, 139.000000, 1092.000000, 139.000000, 1129.000000, 86.000000, 1129.000000,   small-vehicle,   1632
2225.000000, 972.000000, 2255.000000, 972.000000, 2255.000000, 1033.000000, 2225.000000, 1033.000000,   small-vehicle,   1633
1928.000000, 900.000000, 1955.000000, 900.000000, 1955.000000, 956.000000, 1928.000000, 956.000000,   small-vehicle,   1637
3227.000000, 931.000000, 3262.000000, 931.000000, 3262.000000, 992.000000, 3227.000000, 992.000000,   small-vehicle,   1638
433.000000, 916.000000, 465.000000, 916.000000, 465.000000, 981.000000, 433.000000, 981.000000,   small-vehicle,   1643
503.000000, 900.000000, 556.000000, 900.000000, 556.000000, 942.000000, 503.000000, 942.000000,   small-vehicle,   1646
359.000000, 897.000000, 384.000000, 897.000000, 384.000000, 944.000000, 359.000000, 944.000000,   small-vehicle,   1650
2974.000000, 1439.000000, 3007.000000, 1439.000000, 3007.000000, 1500.000000, 2974.000000, 1500.000000,   small-vehicle,   1651
2247.000000, 845.000000, 2278.000000, 845.000000, 2278.000000, 907.000000, 2247.000000, 907.000000,   small-vehicle,   1656
1924.000000, 830.000000, 1954.000000, 830.000000, 1954.000000, 888.000000, 1924.000000, 888.000000,   small-vehicle,   1658
1039.000000, 1223.000000, 1090.000000, 1223.000000, 1090.000000, 1251.000000, 1039.000000, 1251.000000,   small-vehicle,   1659
3050.000000, 1690.000000, 3109.000000, 1690.000000, 3109.000000, 1720.000000, 3050.000000, 1720.000000,   small-vehicle,   1664
3222.000000, 853.000000, 3260.000000, 853.000000, 3260.000000, 910.000000, 3222.000000, 910.000000,   small-vehicle,   1665
357.000000, 836.000000, 388.000000, 836.000000, 388.000000, 887.000000, 357.000000, 887.000000,   small-vehicle,   1666
2972.000000, 1498.000000, 3011.000000, 1498.000000, 3011.000000, 1568.000000, 2972.000000, 1568.000000,   small-vehicle,   1667
2556.000000, 1663.000000, 2619.000000, 1663.000000, 2619.000000, 1693.000000, 2556.000000, 1693.000000,   small-vehicle,   1671
2208.000000, 779.000000, 2236.000000, 779.000000, 2236.000000, 835.000000, 2208.000000, 835.000000,   small-vehicle,   1680
1952.000000, 800.000000, 1978.000000, 800.000000, 1978.000000, 852.000000, 1952.000000, 852.000000,   small-vehicle,   1683
1925.000000, 772.000000, 1951.000000, 772.000000, 1951.000000, 823.000000, 1925.000000, 823.000000,   small-vehicle,   1687
3252.000000, 1117.000000, 3318.000000, 1117.000000, 3318.000000, 1149.000000, 3252.000000, 1149.000000,   small-vehicle,   1688
2962.000000, 1234.000000, 2990.000000, 1234.000000, 2990.000000, 1277.000000, 2962.000000, 1277.000000,   small-vehicle,   1689
2466.000000, 1160.000000, 2520.000000, 1160.000000, 2520.000000, 1181.000000, 2466.000000, 1181.000000,   small-vehicle,   1693
2243.000000, 762.000000, 2270.000000, 762.000000, 2270.000000, 815.000000, 2243.000000, 815.000000,   small-vehicle,   1697
1952.000000, 724.000000, 1981.000000, 724.000000, 1981.000000, 788.000000, 1952.000000, 788.000000,   small-vehicle,   1699
2861.000000, 1655.000000, 2921.000000, 1655.000000, 2921.000000, 1686.000000, 2861.000000, 1686.000000,   small-vehicle,   1702
2243.000000, 692.000000, 2269.000000, 692.000000, 2269.000000, 737.000000, 2243.000000, 737.000000,   small-vehicle,   1705
2154.000000, 483.000000, 2181.000000, 483.000000, 2181.000000, 549.000000, 2154.000000, 549.000000,   small-vehicle,   1706
1935.000000, 627.000000, 1963.000000, 627.000000, 1963.000000, 681.000000, 1935.000000, 681.000000,   small-vehicle,   1708
1915.000000, 691.000000, 1946.000000, 691.000000, 1946.000000, 747.000000, 1915.000000, 747.000000,   small-vehicle,   1709
232.000000, 1223.000000, 277.000000, 1223.000000, 277.000000, 1285.000000, 232.000000, 1285.000000,   small-vehicle,   1710
1960.000000, 1562.000000, 1984.000000, 1562.000000, 1984.000000, 1606.000000, 1960.000000, 1606.000000,   small-vehicle,   1712
3223.000000, 627.000000, 3252.000000, 627.000000, 3252.000000, 686.000000, 3223.000000, 686.000000,   small-vehicle,   1715
2284.000000, 1257.000000, 2305.000000, 1257.000000, 2305.000000, 1304.000000, 2284.000000, 1304.000000,   small-vehicle,   1719
2724.000000, 609.000000, 2752.000000, 609.000000, 2752.000000, 663.000000, 2724.000000, 663.000000,   small-vehicle,   1727
2642.000000, 600.000000, 2673.000000, 600.000000, 2673.000000, 661.000000, 2642.000000, 661.000000,   small-vehicle,   1728
2231.000000, 562.000000, 2256.000000, 562.000000, 2256.000000, 624.000000, 2231.000000, 624.000000,   small-vehicle,   1729
2536.000000, 1154.000000, 2593.000000, 1154.000000, 2593.000000, 1181.000000, 2536.000000, 1181.000000,   small-vehicle,   1730
2762.000000, 596.000000, 2794.000000, 596.000000, 2794.000000, 655.000000, 2762.000000, 655.000000,   small-vehicle,   1731
401.000000, 1251.000000, 465.000000, 1251.000000, 465.000000, 1282.000000, 401.000000, 1282.000000,   small-vehicle,   1732
2609.000000, 602.000000, 2635.000000, 602.000000, 2635.000000, 657.000000, 2609.000000, 657.000000,   small-vehicle,   1737
2809.000000, 593.000000, 2838.000000, 593.000000, 2838.000000, 651.000000, 2809.000000, 651.000000,   small-vehicle,   1739
1917.000000, 533.000000, 1948.000000, 533.000000, 1948.000000, 594.000000, 1917.000000, 594.000000,   small-vehicle,   1742
2197.000000, 522.000000, 2226.000000, 522.000000, 2226.000000, 589.000000, 2197.000000, 589.000000,   small-vehicle,   1744
1460.000000, 1204.000000, 1503.000000, 1204.000000, 1503.000000, 1226.000000, 1460.000000, 1226.000000,   small-vehicle,   1747
542.000000, 1246.000000, 594.000000, 1246.000000, 594.000000, 1275.000000, 542.000000, 1275.000000,   small-vehicle,   1752
1897.000000, 419.000000, 1930.000000, 419.000000, 1930.000000, 485.000000, 1897.000000, 485.000000,   small-vehicle,   1760
3168.000000, 1121.000000, 3232.000000, 1121.000000, 3232.000000, 1149.000000, 3168.000000, 1149.000000,   small-vehicle,   1761
1519.000000, 1201.000000, 1577.000000, 1201.000000, 1577.000000, 1222.000000, 1519.000000, 1222.000000,   small-vehicle,   1762
3205.000000, 484.000000, 3230.000000, 484.000000, 3230.000000, 548.000000, 3205.000000, 548.000000,   small-vehicle,   1763
65.000000, 431.000000, 123.000000, 431.000000, 123.000000, 457.000000, 65.000000, 457.000000,   small-vehicle,   1765
3198.000000, 410.000000, 3229.000000, 410.000000, 3229.000000, 475.000000, 3198.000000, 475.000000,   small-vehicle,   1767
2372.000000, 657.000000, 2421.000000, 657.000000, 2421.000000, 681.000000, 2372.000000, 681.000000,   small-vehicle,   1769
1047.000000, 372.000000, 1104.000000, 372.000000, 1104.000000, 397.000000, 1047.000000, 397.000000,   small-vehicle,   1772
47.000000, 355.000000, 109.000000, 355.000000, 109.000000, 382.000000, 47.000000, 382.000000,   small-vehicle,   1773
2613.000000, 1151.000000, 2678.000000, 1151.000000, 2678.000000, 1179.000000, 2613.000000, 1179.000000,   small-vehicle,   1774
3710.000000, 1099.000000, 3768.000000, 1099.000000, 3768.000000, 1129.000000, 3710.000000, 1129.000000,   small-vehicle,   1776
1897.000000, 366.000000, 1921.000000, 366.000000, 1921.000000, 409.000000, 1897.000000, 409.000000,   small-vehicle,   1777
1978.000000, 1764.000000, 2002.000000, 1764.000000, 2002.000000, 1807.000000, 1978.000000, 1807.000000,   small-vehicle,   1780
2004.000000, 726.000000, 2033.000000, 726.000000, 2033.000000, 794.000000, 2004.000000, 794.000000,   small-vehicle,   1783
2152.000000, 306.000000, 2178.000000, 306.000000, 2178.000000, 360.000000, 2152.000000, 360.000000,   small-vehicle,   1785
2222.000000, 367.000000, 2249.000000, 367.000000, 2249.000000, 419.000000, 2222.000000, 419.000000,   small-vehicle,   1787
2685.000000, 592.000000, 2718.000000, 592.000000, 2718.000000, 661.000000, 2685.000000, 661.000000,   large-vehicle,   1788
562.000000, 321.000000, 612.000000, 321.000000, 612.000000, 346.000000, 562.000000, 346.000000,   small-vehicle,   1790
3548.000000, 1108.000000, 3616.000000, 1108.000000, 3616.000000, 1136.000000, 3548.000000, 1136.000000,   small-vehicle,   1791
499.000000, 326.000000, 549.000000, 326.000000, 549.000000, 350.000000, 499.000000, 350.000000,   small-vehicle,   1793
3193.000000, 325.000000, 3227.000000, 325.000000, 3227.000000, 384.000000, 3193.000000, 384.000000,   small-vehicle,   1794
698.000000, 348.000000, 755.000000, 348.000000, 755.000000, 375.000000, 698.000000, 375.000000,   small-vehicle,   1795
633.000000, 318.000000, 685.000000, 318.000000, 685.000000, 343.000000, 633.000000, 343.000000,   small-vehicle,   1799
700.000000, 313.000000, 759.000000, 313.000000, 759.000000, 336.000000, 700.000000, 336.000000,   small-vehicle,   1804
891.000000, 302.000000, 943.000000, 302.000000, 943.000000, 328.000000, 891.000000, 328.000000,   small-vehicle,   1805
1742.000000, 305.000000, 1801.000000, 305.000000, 1801.000000, 338.000000, 1742.000000, 338.000000,   small-vehicle,   1807
948.000000, 296.000000, 1008.000000, 296.000000, 1008.000000, 323.000000, 948.000000, 323.000000,   small-vehicle,   1808
767.000000, 308.000000, 816.000000, 308.000000, 816.000000, 332.000000, 767.000000, 332.000000,   small-vehicle,   1810
477.000000, 1249.000000, 540.000000, 1249.000000, 540.000000, 1277.000000, 477.000000, 1277.000000,   small-vehicle,   1813
349.000000, 284.000000, 381.000000, 284.000000, 381.000000, 333.000000, 349.000000, 333.000000,   small-vehicle,   1814
2662.000000, 495.000000, 2719.000000, 495.000000, 2719.000000, 527.000000, 2662.000000, 527.000000,   small-vehicle,   1815
1032.000000, 289.000000, 1079.000000, 289.000000, 1079.000000, 317.000000, 1032.000000, 317.000000,   small-vehicle,   1817
828.000000, 304.000000, 880.000000, 304.000000, 880.000000, 330.000000, 828.000000, 330.000000,   small-vehicle,   1818
2186.000000, 301.000000, 2212.000000, 301.000000, 2212.000000, 352.000000, 2186.000000, 352.000000,   small-vehicle,   1819
729.000000, 1233.000000, 792.000000, 1233.000000, 792.000000, 1262.000000, 729.000000, 1262.000000,   small-vehicle,   1821
1673.000000, 238.000000, 1732.000000, 238.000000, 1732.000000, 268.000000, 1673.000000, 268.000000,   small-vehicle,   1822
1164.000000, 281.000000, 1218.000000, 281.000000, 1218.000000, 310.000000, 1164.000000, 310.000000,   small-vehicle,   1825
1573.000000, 249.000000, 1626.000000, 249.000000, 1626.000000, 276.000000, 1573.000000, 276.000000,   small-vehicle,   1826
1397.000000, 265.000000, 1447.000000, 265.000000, 1447.000000, 288.000000, 1397.000000, 288.000000,   small-vehicle,   1827
2444.000000, 1093.000000, 2503.000000, 1093.000000, 2503.000000, 1113.000000, 2444.000000, 1113.000000,   small-vehicle,   1828
1235.000000, 278.000000, 1283.000000, 278.000000, 1283.000000, 301.000000, 1235.000000, 301.000000,   small-vehicle,   1831
1739.000000, 230.000000, 1788.000000, 230.000000, 1788.000000, 260.000000, 1739.000000, 260.000000,   small-vehicle,   1833
3191.000000, 266.000000, 3218.000000, 266.000000, 3218.000000, 325.000000, 3191.000000, 325.000000,   small-vehicle,   1835
1339.000000, 269.000000, 1384.000000, 269.000000, 1384.000000, 292.000000, 1339.000000, 292.000000,   small-vehicle,   1836
2962.000000, 1281.000000, 2993.000000, 1281.000000, 2993.000000, 1336.000000, 2962.000000, 1336.000000,   small-vehicle,   1837
1798.000000, 225.000000, 1851.000000, 225.000000, 1851.000000, 254.000000, 1798.000000, 254.000000,   small-vehicle,   1838
431.000000, 993.000000, 458.000000, 993.000000, 458.000000, 1035.000000, 431.000000, 1035.000000,   small-vehicle,   1839
351.000000, 221.000000, 377.000000, 221.000000, 377.000000, 268.000000, 351.000000, 268.000000,   small-vehicle,   1845
3145.000000, 532.000000, 3165.000000, 532.000000, 3165.000000, 581.000000, 3145.000000, 581.000000,   small-vehicle,   1850
2678.000000, 164.000000, 2736.000000, 164.000000, 2736.000000, 191.000000, 2678.000000, 191.000000,   small-vehicle,   1854
2531.000000, 175.000000, 2586.000000, 175.000000, 2586.000000, 202.000000, 2531.000000, 202.000000,   small-vehicle,   1856
2477.000000, 180.000000, 2528.000000, 180.000000, 2528.000000, 208.000000, 2477.000000, 208.000000,   small-vehicle,   1858
2394.000000, 187.000000, 2462.000000, 187.000000, 2462.000000, 213.000000, 2394.000000, 213.000000,   small-vehicle,   1859
1771.000000, 173.000000, 1829.000000, 173.000000, 1829.000000, 201.000000, 1771.000000, 201.000000,   small-vehicle,   1860
409.000000, 1030.000000, 454.000000, 1030.000000, 454.000000, 1086.000000, 409.000000, 1086.000000,   small-vehicle,   1864
1969.000000, 287.000000, 1997.000000, 287.000000, 1997.000000, 355.000000, 1969.000000, 355.000000,   small-vehicle,   1866
351.000000, 132.000000, 379.000000, 132.000000, 379.000000, 179.000000, 351.000000, 179.000000,   small-vehicle,   1868
2960.000000, 140.000000, 3016.000000, 140.000000, 3016.000000, 169.000000, 2960.000000, 169.000000,   small-vehicle,   1869
3039.000000, 141.000000, 3102.000000, 141.000000, 3102.000000, 170.000000, 3039.000000, 170.000000,   small-vehicle,   1872
2820.000000, 153.000000, 2892.000000, 153.000000, 2892.000000, 186.000000, 2820.000000, 186.000000,   small-vehicle,   1874
2208.000000, 77.000000, 2236.000000, 77.000000, 2236.000000, 136.000000, 2208.000000, 136.000000,   small-vehicle,   1875
227.000000, 419.000000, 281.000000, 419.000000, 281.000000, 448.000000, 227.000000, 448.000000,   small-vehicle,   1876
349.000000, 70.000000, 374.000000, 70.000000, 374.000000, 118.000000, 349.000000, 118.000000,   small-vehicle,   1878
350.000000, 954.000000, 388.000000, 954.000000, 388.000000, 1015.000000, 350.000000, 1015.000000,   large-vehicle,   1879
2814.000000, 187.000000, 2872.000000, 187.000000, 2872.000000, 218.000000, 2814.000000, 218.000000,   small-vehicle,   1882
3666.000000, 77.000000, 3714.000000, 77.000000, 3714.000000, 98.000000, 3666.000000, 98.000000,   small-vehicle,   1887
301.000000, 1252.000000, 345.000000, 1252.000000, 345.000000, 1307.000000, 301.000000, 1307.000000,   small-vehicle,   1888
2232.000000, 510.000000, 2263.000000, 510.000000, 2263.000000, 553.000000, 2232.000000, 553.000000,   small-vehicle,   1889
1950.000000, 85.000000, 1978.000000, 85.000000, 1978.000000, 138.000000, 1950.000000, 138.000000,   small-vehicle,   1893
981.000000, 375.000000, 1031.000000, 375.000000, 1031.000000, 396.000000, 981.000000, 396.000000,   small-vehicle,   1895
3111.000000, 23.000000, 3146.000000, 23.000000, 3146.000000, 86.000000, 3111.000000, 86.000000,   small-vehicle,   1898
1902.000000, -41.000000, 1930.000000, -41.000000, 1930.000000, 9.000000, 1902.000000, 9.000000,   small-vehicle,   1900
1876.000000, -9.000000, 1906.000000, -9.000000, 1906.000000, 43.000000, 1876.000000, 43.000000,   small-vehicle,   1902
384.000000, 399.000000, 420.000000, 399.000000, 420.000000, 448.000000, 384.000000, 448.000000,   small-vehicle,   1909
1927.000000, 434.000000, 1965.000000, 434.000000, 1965.000000, 517.000000, 1927.000000, 517.000000,   large-vehicle,   1917
2350.000000, 229.000000, 2401.000000, 229.000000, 2401.000000, 255.000000, 2350.000000, 255.000000,   small-vehicle,   1918
2194.000000, -86.000000, 2224.000000, -86.000000, 2224.000000, -31.000000, 2194.000000, -31.000000,   small-vehicle,   1921
-5.000000, 427.000000, 53.000000, 427.000000, 53.000000, 447.000000, -5.000000, 447.000000,   small-vehicle,   1922
625.000000, 1677.000000, 655.000000, 1677.000000, 655.000000, 1737.000000, 625.000000, 1737.000000,   small-vehicle,   1925
185.000000, 1335.000000, 228.000000, 1335.000000, 228.000000, 1394.000000, 185.000000, 1394.000000,   small-vehicle,   1927
3423.000000, 1694.000000, 3491.000000, 1694.000000, 3491.000000, 1720.000000, 3423.000000, 1720.000000,   small-vehicle,   1930
2079.000000, -313.000000, 2098.000000, -313.000000, 2098.000000, -285.000000, 2079.000000, -285.000000,   small-vehicle,   1935
1950.000000, 108.000000, 1979.000000, 108.000000, 1979.000000, 163.000000, 1950.000000, 163.000000,   small-vehicle,   1936
2185.000000, 1366.000000, 2219.000000, 1366.000000, 2219.000000, 1436.000000, 2185.000000, 1436.000000,   small-vehicle,   1937
1869.000000, -125.000000, 1893.000000, -125.000000, 1893.000000, -83.000000, 1869.000000, -83.000000,   small-vehicle,   1941
2191.000000, -170.000000, 2218.000000, -170.000000, 2218.000000, -111.000000, 2191.000000, -111.000000,   small-vehicle,   1945
910.000000, 371.000000, 962.000000, 371.000000, 962.000000, 393.000000, 910.000000, 393.000000,   small-vehicle,   1950
3244.000000, 154.000000, 3319.000000, 154.000000, 3319.000000, 189.000000, 3244.000000, 189.000000,   small-vehicle,   1951
1895.000000, -175.000000, 1920.000000, -175.000000, 1920.000000, -114.000000, 1895.000000, -114.000000,   small-vehicle,   1952
2815.000000, 226.000000, 2880.000000, 226.000000, 2880.000000, 254.000000, 2815.000000, 254.000000,   small-vehicle,   1954
1905.000000, 589.000000, 1926.000000, 589.000000, 1926.000000, 631.000000, 1905.000000, 631.000000,   small-vehicle,   1955
2276.000000, 1744.000000, 2305.000000, 1744.000000, 2305.000000, 1808.000000, 2276.000000, 1808.000000,   small-vehicle,   1956
487.000000, 1457.000000, 550.000000, 1457.000000, 550.000000, 1482.000000, 487.000000, 1482.000000,   large-vehicle,   1961
284.000000, 404.000000, 333.000000, 404.000000, 333.000000, 429.000000, 284.000000, 429.000000,   small-vehicle,   1966
1863.000000, -216.000000, 1891.000000, -216.000000, 1891.000000, -158.000000, 1863.000000, -158.000000,   small-vehicle,   1967
3092.000000, -213.000000, 3122.000000, -213.000000, 3122.000000, -154.000000, 3092.000000, -154.000000,   small-vehicle,   1968
2661.000000, 240.000000, 2714.000000, 240.000000, 2714.000000, 264.000000, 2661.000000, 264.000000,   small-vehicle,   1970
1934.000000, -175.000000, 1964.000000, -175.000000, 1964.000000, -115.000000, 1934.000000, -115.000000,   small-vehicle,   1971
2185.000000, -246.000000, 2214.000000, -246.000000, 2214.000000, -186.000000, 2185.000000, -186.000000,   small-vehicle,   1972
1343.000000, 346.000000, 1403.000000, 346.000000, 1403.000000, 383.000000, 1343.000000, 383.000000,   small-vehicle,   1974
2159.000000, -230.000000, 2188.000000, -230.000000, 2188.000000, -171.000000, 2159.000000, -171.000000,   small-vehicle,   1977
2973.000000, 1390.000000, 2999.000000, 1390.000000, 2999.000000, 1436.000000, 2973.000000, 1436.000000,   small-vehicle,   1980
322.000000, 904.000000, 343.000000, 904.000000, 343.000000, 948.000000, 322.000000, 948.000000,   small-vehicle,   1981
1887.000000, 102.000000, 1909.000000, 102.000000, 1909.000000, 138.000000, 1887.000000, 138.000000,   small-vehicle,   1982
159.000000, 1407.000000, 192.000000, 1407.000000, 192.000000, 1456.000000, 159.000000, 1456.000000,   small-vehicle,   1983
2012.000000, 489.000000, 2045.000000, 489.000000, 2045.000000, 555.000000, 2012.000000, 555.000000,   small-vehicle,   1984
2150.000000, -302.000000, 2178.000000, -302.000000, 2178.000000, -243.000000, 2150.000000, -243.000000,   small-vehicle,   1988
3255.000000, 138.000000, 3331.000000, 138.000000, 3331.000000, 174.000000, 3255.000000, 174.000000,   large-vehicle,   1989
1341.000000, 320.000000, 1399.000000, 320.000000, 1399.000000, 357.000000, 1341.000000, 357.000000,   large-vehicle,   1990
3228.000000, 194.000000, 3295.000000, 194.000000, 3295.000000, 218.000000, 3228.000000, 218.000000,   small-vehicle,   1992
2074.000000, 511.000000, 2105.000000, 511.000000, 2105.000000, 570.000000, 2074.000000, 570.000000,   small-vehicle,   1993
487.000000, 1443.000000, 548.000000, 1443.000000, 548.000000, 1471.000000, 487.000000, 1471.000000,   small-vehicle,   1994
132.000000, 1458.000000, 173.000000, 1458.000000, 173.000000, 1509.000000, 132.000000, 1509.000000,   small-vehicle,   1995
348.000000, 950.000000, 382.000000, 950.000000, 382.000000, 1010.000000, 348.000000, 1010.000000,   small-vehicle,   1996
1920.000000, -337.000000, 1950.000000, -337.000000, 1950.000000, -276.000000, 1920.000000, -276.000000,   small-vehicle,   1997
2014.000000, 511.000000, 2047.000000, 511.000000, 2047.000000, 578.000000, 2014.000000, 578.000000,   small-vehicle,   1998
1337.000000, 344.000000, 1498.000000, 344.000000, 1498.000000, 379.000000, 1337.000000, 379.000000,   large-vehicle,   1999
348.000000, 948.000000, 389.000000, 948.000000, 389.000000, 1011.000000, 348.000000, 1011.000000,   large-vehicle,   2000
2075.000000, 515.000000, 2105.000000, 515.000000, 2105.000000, 573.000000, 2075.000000, 573.000000,   large-vehicle,   2001
3249.000000, 150.000000, 3320.000000, 150.000000, 3320.000000, 183.000000, 3249.000000, 183.000000,   large-vehicle,   2002
2012.000000, 499.000000, 2046.000000, 499.000000, 2046.000000, 566.000000, 2012.000000, 566.000000,   large-vehicle,   2003
2205.000000, 411.000000, 2222.000000, 411.000000, 2222.000000, 480.000000, 2205.000000, 480.000000,   large-vehicle,   2004
3089.000000, -288.000000, 3116.000000, -288.000000, 3116.000000, -238.000000, 3089.000000, -238.000000,   small-vehicle,   2005
2181.000000, -322.000000, 2209.000000, -322.000000, 2209.000000, -262.000000, 2181.000000, -262.000000,   small-vehicle,   2006
1385.000000, 1205.000000, 1444.000000, 1205.000000, 1444.000000, 1226.000000, 1385.000000, 1226.000000,   small-vehicle,   2007
252.000000, -319.000000, 303.000000, -319.000000, 303.000000, -270.000000, 252.000000, -270.000000,   small-vehicle,   2008
766.000000, 379.000000, 822.000000, 379.000000, 822.000000, 402.000000, 766.000000, 402.000000,   small-vehicle,   2009
3654.000000, 163.000000, 3713.000000, 163.000000, 3713.000000, 181.000000, 3654.000000, 181.000000,   small-vehicle,   2010
486.000000, 1456.000000, 551.000000, 1456.000000, 551.000000, 1485.000000, 486.000000, 1485.000000,   small-vehicle,   2011
3447.000000, 179.000000, 3510.000000, 179.000000, 3510.000000, 198.000000, 3447.000000, 198.000000,   small-vehicle,   2012
