2176.000000, 1218.000000, 2239.000000, 1218.000000, 2239.000000, 1281.000000, 2176.000000, 1281.000000,   small-vehicle,   1290
2256.000000, 1526.000000, 2286.000000, 1526.000000, 2286.000000, 1580.000000, 2256.000000, 1580.000000,   small-vehicle,   1509
1291.000000, 1527.000000, 1321.000000, 1527.000000, 1321.000000, 1580.000000, 1291.000000, 1580.000000,   small-vehicle,   1517
1960.000000, 1474.000000, 1986.000000, 1474.000000, 1986.000000, 1527.000000, 1960.000000, 1527.000000,   small-vehicle,   1522
2278.000000, 1464.000000, 2310.000000, 1464.000000, 2310.000000, 1525.000000, 2278.000000, 1525.000000,   small-vehicle,   1529
2274.000000, 1391.000000, 2304.000000, 1391.000000, 2304.000000, 1448.000000, 2274.000000, 1448.000000,   small-vehicle,   1536
1958.000000, 1404.000000, 1984.000000, 1404.000000, 1984.000000, 1460.000000, 1958.000000, 1460.000000,   small-vehicle,   1537
1291.000000, 1367.000000, 1315.000000, 1367.000000, 1315.000000, 1420.000000, 1291.000000, 1420.000000,   small-vehicle,   1548
1959.000000, 1334.000000, 1988.000000, 1334.000000, 1988.000000, 1394.000000, 1959.000000, 1394.000000,   small-vehicle,   1549
2273.000000, 1313.000000, 2304.000000, 1313.000000, 2304.000000, 1377.000000, 2273.000000, 1377.000000,   small-vehicle,   1552
1284.000000, 1289.000000, 1311.000000, 1289.000000, 1311.000000, 1349.000000, 1284.000000, 1349.000000,   small-vehicle,   1554
1945.000000, 1268.000000, 1974.000000, 1268.000000, 1974.000000, 1318.000000, 1945.000000, 1318.000000,   small-vehicle,   1562
1973.000000, 1222.000000, 1999.000000, 1222.000000, 1999.000000, 1271.000000, 1973.000000, 1271.000000,   small-vehicle,   1566
2237.000000, 1221.000000, 2272.000000, 1221.000000, 2272.000000, 1286.000000, 2237.000000, 1286.000000,   small-vehicle,   1571
725.000000, 1185.000000, 787.000000, 1185.000000, 787.000000, 1205.000000, 725.000000, 1205.000000,   small-vehicle,   1573
438.000000, 1172.000000, 498.000000, 1172.000000, 498.000000, 1206.000000, 438.000000, 1206.000000,   small-vehicle,   1575
512.000000, 1183.000000, 561.000000, 1183.000000, 561.000000, 1209.000000, 512.000000, 1209.000000,   small-vehicle,   1578
799.000000, 1183.000000, 841.000000, 1183.000000, 841.000000, 1199.000000, 799.000000, 1199.000000,   small-vehicle,   1585
386.000000, 1112.000000, 414.000000, 1112.000000, 414.000000, 1172.000000, 386.000000, 1172.000000,   small-vehicle,   1594
1960.000000, 1065.000000, 1989.000000, 1065.000000, 1989.000000, 1116.000000, 1960.000000, 1116.000000,   small-vehicle,   1602
2925.000000, 1061.000000, 2995.000000, 1061.000000, 2995.000000, 1095.000000, 2925.000000, 1095.000000,   small-vehicle,   1614
320.000000, 1034.000000, 369.000000, 1034.000000, 369.000000, 1094.000000, 320.000000, 1094.000000,   small-vehicle,   1615
2232.000000, 1042.000000, 2256.000000, 1042.000000, 2256.000000, 1093.000000, 2232.000000, 1093.000000,   small-vehicle,   1623
3494.000000, 1042.000000, 3554.000000, 1042.000000, 3554.000000, 1062.000000, 3494.000000, 1062.000000,   small-vehicle,   1628
3418.000000, 1042.000000, 3473.000000, 1042.000000, 3473.000000, 1067.000000, 3418.000000, 1067.000000,   small-vehicle,   1631
86.000000, 1090.000000, 138.000000, 1090.000000, 138.000000, 1130.000000, 86.000000, 1130.000000,   small-vehicle,   1632
2226.000000, 970.000000, 2255.000000, 970.000000, 2255.000000, 1034.000000, 2226.000000, 1034.000000,   small-vehicle,   1633
1928.000000, 900.000000, 1955.000000, 900.000000, 1955.000000, 955.000000, 1928.000000, 955.000000,   small-vehicle,   1637
3226.000000, 931.000000, 3262.000000, 931.000000, 3262.000000, 992.000000, 3226.000000, 992.000000,   small-vehicle,   1638
432.000000, 916.000000, 465.000000, 916.000000, 465.000000, 981.000000, 432.000000, 981.000000,   small-vehicle,   1643
508.000000, 902.000000, 551.000000, 902.000000, 551.000000, 940.000000, 508.000000, 940.000000,   small-vehicle,   1646
357.000000, 892.000000, 387.000000, 892.000000, 387.000000, 948.000000, 357.000000, 948.000000,   small-vehicle,   1650
2974.000000, 1438.000000, 3007.000000, 1438.000000, 3007.000000, 1500.000000, 2974.000000, 1500.000000,   small-vehicle,   1651
2247.000000, 846.000000, 2277.000000, 846.000000, 2277.000000, 905.000000, 2247.000000, 905.000000,   small-vehicle,   1656
1924.000000, 831.000000, 1954.000000, 831.000000, 1954.000000, 887.000000, 1924.000000, 887.000000,   small-vehicle,   1658
1035.000000, 1222.000000, 1094.000000, 1222.000000, 1094.000000, 1251.000000, 1035.000000, 1251.000000,   small-vehicle,   1659
3223.000000, 853.000000, 3259.000000, 853.000000, 3259.000000, 910.000000, 3223.000000, 910.000000,   small-vehicle,   1665
358.000000, 835.000000, 388.000000, 835.000000, 388.000000, 887.000000, 358.000000, 887.000000,   small-vehicle,   1666
2208.000000, 779.000000, 2236.000000, 779.000000, 2236.000000, 834.000000, 2208.000000, 834.000000,   small-vehicle,   1680
1953.000000, 801.000000, 1977.000000, 801.000000, 1977.000000, 850.000000, 1953.000000, 850.000000,   small-vehicle,   1683
1926.000000, 773.000000, 1951.000000, 773.000000, 1951.000000, 822.000000, 1926.000000, 822.000000,   small-vehicle,   1687
3251.000000, 1118.000000, 3319.000000, 1118.000000, 3319.000000, 1149.000000, 3251.000000, 1149.000000,   small-vehicle,   1688
2963.000000, 1232.000000, 2990.000000, 1232.000000, 2990.000000, 1279.000000, 2963.000000, 1279.000000,   small-vehicle,   1689
2467.000000, 1160.000000, 2518.000000, 1160.000000, 2518.000000, 1181.000000, 2467.000000, 1181.000000,   small-vehicle,   1693
2241.000000, 764.000000, 2271.000000, 764.000000, 2271.000000, 814.000000, 2241.000000, 814.000000,   small-vehicle,   1697
1951.000000, 724.000000, 1982.000000, 724.000000, 1982.000000, 788.000000, 1951.000000, 788.000000,   small-vehicle,   1699
2244.000000, 691.000000, 2268.000000, 691.000000, 2268.000000, 737.000000, 2244.000000, 737.000000,   small-vehicle,   1705
2154.000000, 484.000000, 2181.000000, 484.000000, 2181.000000, 548.000000, 2154.000000, 548.000000,   small-vehicle,   1706
1935.000000, 628.000000, 1963.000000, 628.000000, 1963.000000, 679.000000, 1935.000000, 679.000000,   small-vehicle,   1708
1916.000000, 690.000000, 1945.000000, 690.000000, 1945.000000, 747.000000, 1916.000000, 747.000000,   small-vehicle,   1709
232.000000, 1224.000000, 277.000000, 1224.000000, 277.000000, 1285.000000, 232.000000, 1285.000000,   small-vehicle,   1710
1960.000000, 1565.000000, 1985.000000, 1565.000000, 1985.000000, 1604.000000, 1960.000000, 1604.000000,   small-vehicle,   1712
3222.000000, 626.000000, 3252.000000, 626.000000, 3252.000000, 687.000000, 3222.000000, 687.000000,   small-vehicle,   1715
2284.000000, 1258.000000, 2305.000000, 1258.000000, 2305.000000, 1303.000000, 2284.000000, 1303.000000,   small-vehicle,   1719
2724.000000, 607.000000, 2751.000000, 607.000000, 2751.000000, 665.000000, 2724.000000, 665.000000,   small-vehicle,   1727
2640.000000, 598.000000, 2675.000000, 598.000000, 2675.000000, 663.000000, 2640.000000, 663.000000,   small-vehicle,   1728
2229.000000, 560.000000, 2257.000000, 560.000000, 2257.000000, 626.000000, 2229.000000, 626.000000,   small-vehicle,   1729
2536.000000, 1153.000000, 2593.000000, 1153.000000, 2593.000000, 1183.000000, 2536.000000, 1183.000000,   small-vehicle,   1730
2762.000000, 595.000000, 2794.000000, 595.000000, 2794.000000, 656.000000, 2762.000000, 656.000000,   small-vehicle,   1731
2809.000000, 592.000000, 2838.000000, 592.000000, 2838.000000, 652.000000, 2809.000000, 652.000000,   small-vehicle,   1739
1917.000000, 533.000000, 1948.000000, 533.000000, 1948.000000, 593.000000, 1917.000000, 593.000000,   small-vehicle,   1742
2198.000000, 523.000000, 2225.000000, 523.000000, 2225.000000, 588.000000, 2198.000000, 588.000000,   small-vehicle,   1744
1458.000000, 1207.000000, 1505.000000, 1207.000000, 1505.000000, 1223.000000, 1458.000000, 1223.000000,   small-vehicle,   1747
543.000000, 1247.000000, 593.000000, 1247.000000, 593.000000, 1275.000000, 543.000000, 1275.000000,   small-vehicle,   1752
1898.000000, 420.000000, 1930.000000, 420.000000, 1930.000000, 485.000000, 1898.000000, 485.000000,   small-vehicle,   1760
3168.000000, 1121.000000, 3232.000000, 1121.000000, 3232.000000, 1149.000000, 3168.000000, 1149.000000,   small-vehicle,   1761
1519.000000, 1200.000000, 1576.000000, 1200.000000, 1576.000000, 1222.000000, 1519.000000, 1222.000000,   small-vehicle,   1762
3204.000000, 486.000000, 3231.000000, 486.000000, 3231.000000, 546.000000, 3204.000000, 546.000000,   small-vehicle,   1763
65.000000, 431.000000, 123.000000, 431.000000, 123.000000, 458.000000, 65.000000, 458.000000,   small-vehicle,   1765
3198.000000, 410.000000, 3229.000000, 410.000000, 3229.000000, 475.000000, 3198.000000, 475.000000,   small-vehicle,   1767
2372.000000, 657.000000, 2422.000000, 657.000000, 2422.000000, 681.000000, 2372.000000, 681.000000,   small-vehicle,   1769
1047.000000, 372.000000, 1104.000000, 372.000000, 1104.000000, 397.000000, 1047.000000, 397.000000,   small-vehicle,   1772
48.000000, 353.000000, 109.000000, 353.000000, 109.000000, 383.000000, 48.000000, 383.000000,   small-vehicle,   1773
2612.000000, 1153.000000, 2678.000000, 1153.000000, 2678.000000, 1178.000000, 2612.000000, 1178.000000,   small-vehicle,   1774
1896.000000, 366.000000, 1921.000000, 366.000000, 1921.000000, 409.000000, 1896.000000, 409.000000,   small-vehicle,   1777
2151.000000, 306.000000, 2179.000000, 306.000000, 2179.000000, 361.000000, 2151.000000, 361.000000,   small-vehicle,   1785
2220.000000, 367.000000, 2250.000000, 367.000000, 2250.000000, 420.000000, 2220.000000, 420.000000,   small-vehicle,   1787
562.000000, 320.000000, 612.000000, 320.000000, 612.000000, 346.000000, 562.000000, 346.000000,   small-vehicle,   1790
3551.000000, 1111.000000, 3614.000000, 1111.000000, 3614.000000, 1133.000000, 3551.000000, 1133.000000,   small-vehicle,   1791
498.000000, 326.000000, 550.000000, 326.000000, 550.000000, 350.000000, 498.000000, 350.000000,   small-vehicle,   1793
3194.000000, 326.000000, 3226.000000, 326.000000, 3226.000000, 383.000000, 3194.000000, 383.000000,   small-vehicle,   1794
696.000000, 347.000000, 757.000000, 347.000000, 757.000000, 377.000000, 696.000000, 377.000000,   small-vehicle,   1795
632.000000, 320.000000, 686.000000, 320.000000, 686.000000, 342.000000, 632.000000, 342.000000,   small-vehicle,   1799
701.000000, 312.000000, 758.000000, 312.000000, 758.000000, 337.000000, 701.000000, 337.000000,   small-vehicle,   1804
889.000000, 302.000000, 944.000000, 302.000000, 944.000000, 328.000000, 889.000000, 328.000000,   small-vehicle,   1805
1743.000000, 306.000000, 1800.000000, 306.000000, 1800.000000, 338.000000, 1743.000000, 338.000000,   small-vehicle,   1807
948.000000, 296.000000, 1008.000000, 296.000000, 1008.000000, 323.000000, 948.000000, 323.000000,   small-vehicle,   1808
767.000000, 308.000000, 816.000000, 308.000000, 816.000000, 332.000000, 767.000000, 332.000000,   small-vehicle,   1810
477.000000, 1246.000000, 540.000000, 1246.000000, 540.000000, 1280.000000, 477.000000, 1280.000000,   small-vehicle,   1813
349.000000, 280.000000, 380.000000, 280.000000, 380.000000, 337.000000, 349.000000, 337.000000,   small-vehicle,   1814
2663.000000, 497.000000, 2718.000000, 497.000000, 2718.000000, 524.000000, 2663.000000, 524.000000,   small-vehicle,   1815
1030.000000, 290.000000, 1081.000000, 290.000000, 1081.000000, 316.000000, 1030.000000, 316.000000,   small-vehicle,   1817
827.000000, 304.000000, 880.000000, 304.000000, 880.000000, 330.000000, 827.000000, 330.000000,   small-vehicle,   1818
2186.000000, 300.000000, 2213.000000, 300.000000, 2213.000000, 354.000000, 2186.000000, 354.000000,   small-vehicle,   1819
728.000000, 1234.000000, 793.000000, 1234.000000, 793.000000, 1261.000000, 728.000000, 1261.000000,   small-vehicle,   1821
1675.000000, 238.000000, 1731.000000, 238.000000, 1731.000000, 268.000000, 1675.000000, 268.000000,   small-vehicle,   1822
1163.000000, 280.000000, 1218.000000, 280.000000, 1218.000000, 311.000000, 1163.000000, 311.000000,   small-vehicle,   1825
1572.000000, 250.000000, 1626.000000, 250.000000, 1626.000000, 276.000000, 1572.000000, 276.000000,   small-vehicle,   1826
1397.000000, 265.000000, 1447.000000, 265.000000, 1447.000000, 288.000000, 1397.000000, 288.000000,   small-vehicle,   1827
1233.000000, 277.000000, 1286.000000, 277.000000, 1286.000000, 303.000000, 1233.000000, 303.000000,   small-vehicle,   1831
1738.000000, 231.000000, 1790.000000, 231.000000, 1790.000000, 259.000000, 1738.000000, 259.000000,   small-vehicle,   1833
3192.000000, 268.000000, 3216.000000, 268.000000, 3216.000000, 324.000000, 3192.000000, 324.000000,   small-vehicle,   1835
1338.000000, 268.000000, 1385.000000, 268.000000, 1385.000000, 293.000000, 1338.000000, 293.000000,   small-vehicle,   1836
2962.000000, 1281.000000, 2992.000000, 1281.000000, 2992.000000, 1335.000000, 2962.000000, 1335.000000,   small-vehicle,   1837
1799.000000, 227.000000, 1851.000000, 227.000000, 1851.000000, 253.000000, 1799.000000, 253.000000,   small-vehicle,   1838
432.000000, 992.000000, 458.000000, 992.000000, 458.000000, 1035.000000, 432.000000, 1035.000000,   small-vehicle,   1839
350.000000, 220.000000, 378.000000, 220.000000, 378.000000, 269.000000, 350.000000, 269.000000,   small-vehicle,   1845
3145.000000, 532.000000, 3166.000000, 532.000000, 3166.000000, 581.000000, 3145.000000, 581.000000,   small-vehicle,   1850
2679.000000, 168.000000, 2735.000000, 168.000000, 2735.000000, 186.000000, 2679.000000, 186.000000,   small-vehicle,   1854
2531.000000, 175.000000, 2587.000000, 175.000000, 2587.000000, 202.000000, 2531.000000, 202.000000,   small-vehicle,   1856
2477.000000, 181.000000, 2528.000000, 181.000000, 2528.000000, 207.000000, 2477.000000, 207.000000,   small-vehicle,   1858
2394.000000, 186.000000, 2463.000000, 186.000000, 2463.000000, 213.000000, 2394.000000, 213.000000,   small-vehicle,   1859
1770.000000, 174.000000, 1830.000000, 174.000000, 1830.000000, 200.000000, 1770.000000, 200.000000,   small-vehicle,   1860
408.000000, 1030.000000, 455.000000, 1030.000000, 455.000000, 1086.000000, 408.000000, 1086.000000,   small-vehicle,   1864
1969.000000, 287.000000, 1997.000000, 287.000000, 1997.000000, 355.000000, 1969.000000, 355.000000,   small-vehicle,   1866
352.000000, 130.000000, 378.000000, 130.000000, 378.000000, 181.000000, 352.000000, 181.000000,   small-vehicle,   1868
2961.000000, 141.000000, 3015.000000, 141.000000, 3015.000000, 169.000000, 2961.000000, 169.000000,   small-vehicle,   1869
3041.000000, 142.000000, 3101.000000, 142.000000, 3101.000000, 170.000000, 3041.000000, 170.000000,   small-vehicle,   1872
2823.000000, 157.000000, 2888.000000, 157.000000, 2888.000000, 182.000000, 2823.000000, 182.000000,   small-vehicle,   1874
2208.000000, 80.000000, 2235.000000, 80.000000, 2235.000000, 134.000000, 2208.000000, 134.000000,   small-vehicle,   1875
223.000000, 421.000000, 286.000000, 421.000000, 286.000000, 446.000000, 223.000000, 446.000000,   small-vehicle,   1876
349.000000, 69.000000, 373.000000, 69.000000, 373.000000, 119.000000, 349.000000, 119.000000,   small-vehicle,   1878
2813.000000, 187.000000, 2872.000000, 187.000000, 2872.000000, 219.000000, 2813.000000, 219.000000,   small-vehicle,   1882
300.000000, 1250.000000, 347.000000, 1250.000000, 347.000000, 1309.000000, 300.000000, 1309.000000,   small-vehicle,   1888
2234.000000, 512.000000, 2261.000000, 512.000000, 2261.000000, 551.000000, 2234.000000, 551.000000,   small-vehicle,   1889
1950.000000, 84.000000, 1978.000000, 84.000000, 1978.000000, 138.000000, 1950.000000, 138.000000,   small-vehicle,   1893
982.000000, 375.000000, 1030.000000, 375.000000, 1030.000000, 397.000000, 982.000000, 397.000000,   small-vehicle,   1895
3110.000000, 28.000000, 3148.000000, 28.000000, 3148.000000, 93.000000, 3110.000000, 93.000000,   small-vehicle,   1898
1902.000000, -43.000000, 1930.000000, -43.000000, 1930.000000, 11.000000, 1902.000000, 11.000000,   small-vehicle,   1900
1876.000000, -10.000000, 1906.000000, -10.000000, 1906.000000, 44.000000, 1876.000000, 44.000000,   small-vehicle,   1902
352.000000, 359.000000, 400.000000, 359.000000, 400.000000, 410.000000, 352.000000, 410.000000,   small-vehicle,   1909
1931.000000, 443.000000, 1965.000000, 443.000000, 1965.000000, 518.000000, 1931.000000, 518.000000,   large-vehicle,   1917
2351.000000, 230.000000, 2401.000000, 230.000000, 2401.000000, 255.000000, 2351.000000, 255.000000,   small-vehicle,   1918
2195.000000, -84.000000, 2224.000000, -84.000000, 2224.000000, -30.000000, 2195.000000, -30.000000,   small-vehicle,   1921
-8.000000, 418.000000, 53.000000, 418.000000, 53.000000, 444.000000, -8.000000, 444.000000,   small-vehicle,   1922
183.000000, 1336.000000, 227.000000, 1336.000000, 227.000000, 1395.000000, 183.000000, 1395.000000,   small-vehicle,   1927
1972.000000, 410.000000, 1999.000000, 410.000000, 1999.000000, 461.000000, 1972.000000, 461.000000,   small-vehicle,   1936
1869.000000, -124.000000, 1892.000000, -124.000000, 1892.000000, -83.000000, 1869.000000, -83.000000,   small-vehicle,   1941
2191.000000, -169.000000, 2218.000000, -169.000000, 2218.000000, -111.000000, 2191.000000, -111.000000,   small-vehicle,   1945
910.000000, 366.000000, 961.000000, 366.000000, 961.000000, 386.000000, 910.000000, 386.000000,   small-vehicle,   1950
1894.000000, -176.000000, 1920.000000, -176.000000, 1920.000000, -113.000000, 1894.000000, -113.000000,   small-vehicle,   1952
2814.000000, 232.000000, 2882.000000, 232.000000, 2882.000000, 259.000000, 2814.000000, 259.000000,   small-vehicle,   1954
1906.000000, 589.000000, 1927.000000, 589.000000, 1927.000000, 631.000000, 1906.000000, 631.000000,   small-vehicle,   1955
2160.000000, 1254.000000, 2178.000000, 1254.000000, 2178.000000, 1286.000000, 2160.000000, 1286.000000,   small-vehicle,   1956
279.000000, 397.000000, 334.000000, 397.000000, 334.000000, 423.000000, 279.000000, 423.000000,   small-vehicle,   1966
1863.000000, -217.000000, 1890.000000, -217.000000, 1890.000000, -163.000000, 1863.000000, -163.000000,   small-vehicle,   1967
3092.000000, -204.000000, 3123.000000, -204.000000, 3123.000000, -146.000000, 3092.000000, -146.000000,   small-vehicle,   1968
2656.000000, 243.000000, 2714.000000, 243.000000, 2714.000000, 270.000000, 2656.000000, 270.000000,   small-vehicle,   1970
1945.000000, 60.000000, 1977.000000, 60.000000, 1977.000000, 118.000000, 1945.000000, 118.000000,   small-vehicle,   1971
2186.000000, -246.000000, 2214.000000, -246.000000, 2214.000000, -186.000000, 2186.000000, -186.000000,   small-vehicle,   1972
1341.000000, 344.000000, 1401.000000, 344.000000, 1401.000000, 377.000000, 1341.000000, 377.000000,   small-vehicle,   1974
2158.000000, -229.000000, 2188.000000, -229.000000, 2188.000000, -169.000000, 2158.000000, -169.000000,   small-vehicle,   1977
2968.000000, 1362.000000, 3000.000000, 1362.000000, 3000.000000, 1424.000000, 2968.000000, 1424.000000,   small-vehicle,   1980
321.000000, 892.000000, 344.000000, 892.000000, 344.000000, 944.000000, 321.000000, 944.000000,   small-vehicle,   1981
156.000000, 1404.000000, 197.000000, 1404.000000, 197.000000, 1458.000000, 156.000000, 1458.000000,   small-vehicle,   1983
2151.000000, -303.000000, 2178.000000, -303.000000, 2178.000000, -242.000000, 2151.000000, -242.000000,   small-vehicle,   1988
3231.000000, 203.000000, 3293.000000, 203.000000, 3293.000000, 226.000000, 3231.000000, 226.000000,   small-vehicle,   1992
2075.000000, 509.000000, 2106.000000, 509.000000, 2106.000000, 569.000000, 2075.000000, 569.000000,   small-vehicle,   1993
131.000000, 1457.000000, 176.000000, 1457.000000, 176.000000, 1514.000000, 131.000000, 1514.000000,   small-vehicle,   1995
1930.000000, -144.000000, 1960.000000, -144.000000, 1960.000000, -87.000000, 1930.000000, -87.000000,   small-vehicle,   1997
2039.000000, 895.000000, 2072.000000, 895.000000, 2072.000000, 963.000000, 2039.000000, 963.000000,   small-vehicle,   1998
3088.000000, -282.000000, 3115.000000, -282.000000, 3115.000000, -229.000000, 3088.000000, -229.000000,   small-vehicle,   2005
2181.000000, -322.000000, 2208.000000, -322.000000, 2208.000000, -260.000000, 2181.000000, -260.000000,   small-vehicle,   2006
1384.000000, 1205.000000, 1442.000000, 1205.000000, 1442.000000, 1228.000000, 1384.000000, 1228.000000,   small-vehicle,   2007
252.000000, -330.000000, 304.000000, -330.000000, 304.000000, -281.000000, 252.000000, -281.000000,   small-vehicle,   2008
2618.000000, -393.000000, 2677.000000, -393.000000, 2677.000000, -364.000000, 2618.000000, -364.000000,   small-vehicle,   2013
398.000000, 1251.000000, 462.000000, 1251.000000, 462.000000, 1283.000000, 398.000000, 1283.000000,   small-vehicle,   2014
3317.000000, 201.000000, 3378.000000, 201.000000, 3378.000000, 227.000000, 3317.000000, 227.000000,   small-vehicle,   2016
3447.000000, 194.000000, 3511.000000, 194.000000, 3511.000000, 217.000000, 3447.000000, 217.000000,   small-vehicle,   2017
3644.000000, 181.000000, 3716.000000, 181.000000, 3716.000000, 201.000000, 3644.000000, 201.000000,   small-vehicle,   2021
2684.000000, 610.000000, 2719.000000, 610.000000, 2719.000000, 677.000000, 2684.000000, 677.000000,   large-vehicle,   2022
1853.000000, -382.000000, 1885.000000, -382.000000, 1885.000000, -324.000000, 1853.000000, -324.000000,   small-vehicle,   2023
2160.000000, 910.000000, 2192.000000, 910.000000, 2192.000000, 974.000000, 2160.000000, 974.000000,   large-vehicle,   2027
187.000000, -471.000000, 247.000000, -471.000000, 247.000000, -416.000000, 187.000000, -416.000000,   small-vehicle,   2028
2948.000000, 220.000000, 3011.000000, 220.000000, 3011.000000, 252.000000, 2948.000000, 252.000000,   small-vehicle,   2030
242.000000, -426.000000, 291.000000, -426.000000, 291.000000, -383.000000, 242.000000, -383.000000,   small-vehicle,   2031
1876.000000, -449.000000, 1902.000000, -449.000000, 1902.000000, -390.000000, 1876.000000, -390.000000,   small-vehicle,   2033
2162.000000, -425.000000, 2186.000000, -425.000000, 2186.000000, -377.000000, 2162.000000, -377.000000,   small-vehicle,   2035
1334.000000, 339.000000, 1497.000000, 339.000000, 1497.000000, 376.000000, 1334.000000, 376.000000,   large-vehicle,   2036
40.000000, -506.000000, 100.000000, -506.000000, 100.000000, -454.000000, 40.000000, -454.000000,   small-vehicle,   2038
2158.000000, -484.000000, 2183.000000, -484.000000, 2183.000000, -436.000000, 2158.000000, -436.000000,   small-vehicle,   2039
2160.000000, 887.000000, 2193.000000, 887.000000, 2193.000000, 954.000000, 2160.000000, 954.000000,   small-vehicle,   2040
1918.000000, -425.000000, 1948.000000, -425.000000, 1948.000000, -354.000000, 1918.000000, -354.000000,   small-vehicle,   2041
1971.000000, -261.000000, 2001.000000, -261.000000, 2001.000000, -201.000000, 1971.000000, -201.000000,   small-vehicle,   2042
83.000000, -428.000000, 129.000000, -428.000000, 129.000000, -368.000000, 83.000000, -368.000000,   small-vehicle,   2043
347.000000, 943.000000, 387.000000, 943.000000, 387.000000, 1009.000000, 347.000000, 1009.000000,   large-vehicle,   2047
1871.000000, -522.000000, 1905.000000, -522.000000, 1905.000000, -455.000000, 1871.000000, -455.000000,   small-vehicle,   2050
3024.000000, 175.000000, 3094.000000, 175.000000, 3094.000000, 211.000000, 3024.000000, 211.000000,   small-vehicle,   2053
3082.000000, -356.000000, 3112.000000, -356.000000, 3112.000000, -303.000000, 3082.000000, -303.000000,   small-vehicle,   2054
1850.000000, -318.000000, 1873.000000, -318.000000, 1873.000000, -277.000000, 1850.000000, -277.000000,   small-vehicle,   2055
1928.000000, 433.000000, 1964.000000, 433.000000, 1964.000000, 510.000000, 1928.000000, 510.000000,   small-vehicle,   2056
3000.000000, -500.000000, 3027.000000, -500.000000, 3027.000000, -447.000000, 3000.000000, -447.000000,   small-vehicle,   2057
-15.000000, -545.000000, 45.000000, -545.000000, 45.000000, -495.000000, -15.000000, -495.000000,   small-vehicle,   2060
1971.000000, 410.000000, 2002.000000, 410.000000, 2002.000000, 505.000000, 1971.000000, 505.000000,   large-vehicle,   2061
2075.000000, 515.000000, 2106.000000, 515.000000, 2106.000000, 578.000000, 2075.000000, 578.000000,   large-vehicle,   2062
3017.000000, 180.000000, 3090.000000, 180.000000, 3090.000000, 214.000000, 3017.000000, 214.000000,   large-vehicle,   2063
2475.000000, 253.000000, 2528.000000, 253.000000, 2528.000000, 276.000000, 2475.000000, 276.000000,   small-vehicle,   2064
2162.000000, -549.000000, 2190.000000, -549.000000, 2190.000000, -502.000000, 2162.000000, -502.000000,   small-vehicle,   2065
48.000000, -585.000000, 114.000000, -585.000000, 114.000000, -525.000000, 48.000000, -525.000000,   small-vehicle,   2066
3018.000000, 181.000000, 3090.000000, 181.000000, 3090.000000, 216.000000, 3018.000000, 216.000000,   small-vehicle,   2067
2618.000000, -355.000000, 2669.000000, -355.000000, 2669.000000, -330.000000, 2618.000000, -330.000000,   small-vehicle,   2068
1887.000000, 103.000000, 1907.000000, 103.000000, 1907.000000, 134.000000, 1887.000000, 134.000000,   small-vehicle,   2069
1927.000000, 442.000000, 1965.000000, 442.000000, 1965.000000, 520.000000, 1927.000000, 520.000000,   small-vehicle,   2070
722.000000, 1187.000000, 782.000000, 1187.000000, 782.000000, 1205.000000, 722.000000, 1205.000000,   large-vehicle,   2071
1395.000000, -533.000000, 1449.000000, -533.000000, 1449.000000, -505.000000, 1395.000000, -505.000000,   small-vehicle,   2072
2035.000000, 680.000000, 2052.000000, 680.000000, 2052.000000, 714.000000, 2035.000000, 714.000000,   small-vehicle,   2073
2074.000000, 515.000000, 2106.000000, 515.000000, 2106.000000, 578.000000, 2074.000000, 578.000000,   small-vehicle,   2074
