2013.000000, 2853.000000, 2041.000000, 2851.000000, 2042.000000, 2915.000000, 2014.000000, 2916.000000,     small-vehicle,     0
2341.000000, 2909.000000, 2372.000000, 2907.000000, 2374.000000, 2974.000000, 2344.000000, 2977.000000,     small-vehicle,     1
2021.000000, 2935.000000, 2046.000000, 2933.000000, 2047.000000, 2998.000000, 2023.000000, 2999.000000,     small-vehicle,     2
2218.000000, 3461.000000, 2243.000000, 3460.000000, 2245.000000, 3515.000000, 2220.000000, 3517.000000,     small-vehicle,     3
2023.000000, 2571.000000, 2050.000000, 2571.000000, 2051.000000, 2631.000000, 2025.000000, 2632.000000,     small-vehicle,     4
2365.000000, 3260.000000, 2392.000000, 3259.000000, 2395.000000, 3327.000000, 2368.000000, 3328.000000,     small-vehicle,     5
1381.000000, 3656.000000, 1413.000000, 3656.000000, 1412.000000, 3732.000000, 1381.000000, 3734.000000,     small-vehicle,     6
2335.000000, 3092.000000, 2362.000000, 3092.000000, 2364.000000, 3168.000000, 2338.000000, 3169.000000,     small-vehicle,     8
3369.000000, 3640.000000, 3407.000000, 3637.000000, 3410.000000, 3665.000000, 3370.000000, 3668.000000,     small-vehicle,     9
492.000000, 3874.000000, 555.000000, 3869.000000, 553.000000, 3901.000000, 492.000000, 3905.000000,     small-vehicle,     11
1406.000000, 2949.000000, 1436.000000, 2946.000000, 1436.000000, 3024.000000, 1406.000000, 3025.000000,     small-vehicle,     12
2844.000000, 3776.000000, 2913.000000, 3771.000000, 2915.000000, 3815.000000, 2846.000000, 3821.000000,     small-vehicle,     14
2334.000000, 2826.000000, 2364.000000, 2826.000000, 2367.000000, 2896.000000, 2336.000000, 2897.000000,     small-vehicle,     17
1817.000000, 3843.000000, 1873.000000, 3839.000000, 1875.000000, 3872.000000, 1817.000000, 3876.000000,     small-vehicle,     18
2312.000000, 3008.000000, 2365.000000, 3005.000000, 2368.000000, 3076.000000, 2315.000000, 3078.000000,     small-vehicle,     19
2041.000000, 2760.000000, 2066.000000, 2760.000000, 2068.000000, 2827.000000, 2042.000000, 2828.000000,     small-vehicle,     21
147.000000, 3897.000000, 212.000000, 3894.000000, 210.000000, 3931.000000, 146.000000, 3934.000000,     small-vehicle,     25
2377.000000, 3355.000000, 2405.000000, 3353.000000, 2409.000000, 3426.000000, 2379.000000, 3427.000000,     small-vehicle,     26
902.000000, 3838.000000, 969.000000, 3834.000000, 969.000000, 3865.000000, 901.000000, 3870.000000,     small-vehicle,     27
2451.000000, 4219.000000, 2485.000000, 4217.000000, 2489.000000, 4304.000000, 2454.000000, 4308.000000,     small-vehicle,     29
2351.000000, 3169.000000, 2388.000000, 3168.000000, 2391.000000, 3247.000000, 2353.000000, 3247.000000,     small-vehicle,     32
2097.000000, 3544.000000, 2158.000000, 3540.000000, 2159.000000, 3582.000000, 2097.000000, 3585.000000,     small-vehicle,     33
2096.000000, 2952.000000, 2122.000000, 2951.000000, 2123.000000, 3017.000000, 2099.000000, 3018.000000,     small-vehicle,     36
2341.000000, 3332.000000, 2370.000000, 3331.000000, 2372.000000, 3405.000000, 2344.000000, 3405.000000,     small-vehicle,     40
1412.000000, 2596.000000, 1466.000000, 2595.000000, 1465.000000, 2635.000000, 1413.000000, 2636.000000,     small-vehicle,     41
2814.000000, 3682.000000, 2864.000000, 3679.000000, 2867.000000, 3712.000000, 2816.000000, 3715.000000,     small-vehicle,     42
1405.000000, 2870.000000, 1431.000000, 2869.000000, 1431.000000, 2926.000000, 1404.000000, 2927.000000,     small-vehicle,     43
2298.000000, 2721.000000, 2325.000000, 2722.000000, 2328.000000, 2797.000000, 2301.000000, 2798.000000,     small-vehicle,     46
1046.000000, 3827.000000, 1109.000000, 3823.000000, 1109.000000, 3861.000000, 1046.000000, 3866.000000,     small-vehicle,     47
2362.000000, 3093.000000, 2388.000000, 3093.000000, 2390.000000, 3153.000000, 2364.000000, 3153.000000,     small-vehicle,     48
3163.000000, 3655.000000, 3214.000000, 3653.000000, 3216.000000, 3685.000000, 3166.000000, 3688.000000,     small-vehicle,     49
68.000000, 3907.000000, 135.000000, 3903.000000, 134.000000, 3941.000000, 65.000000, 3944.000000,     small-vehicle,     50
606.000000, 3861.000000, 674.000000, 3857.000000, 674.000000, 3888.000000, 605.000000, 3892.000000,     small-vehicle,     51
694.000000, 3853.000000, 752.000000, 3849.000000, 751.000000, 3881.000000, 694.000000, 3884.000000,     small-vehicle,     62
3502.000000, 3534.000000, 3532.000000, 3534.000000, 3537.000000, 3601.000000, 3507.000000, 3602.000000,     small-vehicle,     63
3274.000000, 3645.000000, 3336.000000, 3640.000000, 3338.000000, 3674.000000, 3276.000000, 3678.000000,     small-vehicle,     65
2275.000000, 2570.000000, 2323.000000, 2567.000000, 2326.000000, 2630.000000, 2277.000000, 2631.000000,     small-vehicle,     66
3437.000000, 3632.000000, 3492.000000, 3628.000000, 3494.000000, 3661.000000, 3439.000000, 3663.000000,     small-vehicle,     73
229.000000, 3891.000000, 283.000000, 3889.000000, 281.000000, 3922.000000, 228.000000, 3924.000000,     small-vehicle,     74
1399.000000, 3148.000000, 1430.000000, 3146.000000, 1430.000000, 3216.000000, 1399.000000, 3216.000000,     small-vehicle,     75
2141.000000, 3107.000000, 2168.000000, 3105.000000, 2170.000000, 3186.000000, 2142.000000, 3187.000000,     small-vehicle,     76
2067.000000, 3453.000000, 2094.000000, 3452.000000, 2095.000000, 3520.000000, 2069.000000, 3522.000000,     small-vehicle,     77
403.000000, 2824.000000, 468.000000, 2821.000000, 467.000000, 2850.000000, 403.000000, 2852.000000,     small-vehicle,     79
2800.000000, 3832.000000, 2872.000000, 3828.000000, 2874.000000, 3864.000000, 2802.000000, 3868.000000,     small-vehicle,     83
3027.000000, 2546.000000, 3070.000000, 2545.000000, 3072.000000, 2573.000000, 3028.000000, 2575.000000,     small-vehicle,     85
2293.000000, 2929.000000, 2322.000000, 2929.000000, 2325.000000, 3005.000000, 2295.000000, 3005.000000,     small-vehicle,     86
2597.000000, 3734.000000, 2658.000000, 3730.000000, 2660.000000, 3768.000000, 2598.000000, 3772.000000,     small-vehicle,     88
2207.000000, 3329.000000, 2237.000000, 3328.000000, 2240.000000, 3411.000000, 2211.000000, 3412.000000,     small-vehicle,     90
3656.000000, 3620.000000, 3718.000000, 3616.000000, 3722.000000, 3654.000000, 3660.000000, 3659.000000,     small-vehicle,     91
3839.000000, 3664.000000, 3896.000000, 3661.000000, 3899.000000, 3701.000000, 3842.000000, 3705.000000,     small-vehicle,     98
2112.000000, 3257.000000, 2141.000000, 3255.000000, 2143.000000, 3321.000000, 2113.000000, 3321.000000,     small-vehicle,     101
3117.000000, 3695.000000, 3173.000000, 3691.000000, 3175.000000, 3733.000000, 3119.000000, 3736.000000,     small-vehicle,     106
3278.000000, 3688.000000, 3344.000000, 3682.000000, 3346.000000, 3718.000000, 3280.000000, 3722.000000,     small-vehicle,     109
2084.000000, 3360.000000, 2114.000000, 3359.000000, 2117.000000, 3437.000000, 2086.000000, 3438.000000,     small-vehicle,     110
2686.000000, 3721.000000, 2752.000000, 3717.000000, 2754.000000, 3764.000000, 2688.000000, 3767.000000,     small-vehicle,     111
2426.000000, 4436.000000, 2461.000000, 4432.000000, 2464.000000, 4516.000000, 2430.000000, 4520.000000,     small-vehicle,     114
2586.000000, 3791.000000, 2647.000000, 3788.000000, 2650.000000, 3825.000000, 2587.000000, 3829.000000,     small-vehicle,     115
2015.000000, 2497.000000, 2045.000000, 2498.000000, 2047.000000, 2559.000000, 2016.000000, 2561.000000,     small-vehicle,     120
2909.000000, 2506.000000, 2961.000000, 2506.000000, 2962.000000, 2539.000000, 2911.000000, 2540.000000,     small-vehicle,     121
3196.000000, 3695.000000, 3258.000000, 3692.000000, 3261.000000, 3730.000000, 3199.000000, 3734.000000,     small-vehicle,     122
2095.000000, 2699.000000, 2126.000000, 2698.000000, 2128.000000, 2773.000000, 2097.000000, 2774.000000,     small-vehicle,     127
3046.000000, 2494.000000, 3096.000000, 2492.000000, 3098.000000, 2518.000000, 3048.000000, 2519.000000,     small-vehicle,     130
3100.000000, 3656.000000, 3160.000000, 3651.000000, 3163.000000, 3691.000000, 3103.000000, 3694.000000,     small-vehicle,     131
1396.000000, 3250.000000, 1422.000000, 3249.000000, 1423.000000, 3312.000000, 1396.000000, 3314.000000,     small-vehicle,     132
3561.000000, 3665.000000, 3625.000000, 3661.000000, 3628.000000, 3698.000000, 3564.000000, 3704.000000,     small-vehicle,     139
1390.000000, 3481.000000, 1419.000000, 3478.000000, 1420.000000, 3554.000000, 1390.000000, 3556.000000,     small-vehicle,     140
2064.000000, 3302.000000, 2087.000000, 3300.000000, 2088.000000, 3350.000000, 2065.000000, 3351.000000,     small-vehicle,     144
2357.000000, 3822.000000, 2387.000000, 3821.000000, 2390.000000, 3895.000000, 2360.000000, 3897.000000,     small-vehicle,     148
3457.000000, 3675.000000, 3513.000000, 3670.000000, 3516.000000, 3708.000000, 3459.000000, 3712.000000,     small-vehicle,     149
3831.000000, 3619.000000, 3886.000000, 3616.000000, 3890.000000, 3655.000000, 3834.000000, 3659.000000,     small-vehicle,     152
3580.000000, 3521.000000, 3612.000000, 3518.000000, 3618.000000, 3585.000000, 3586.000000, 3588.000000,     small-vehicle,     161
3639.000000, 3660.000000, 3704.000000, 3657.000000, 3708.000000, 3707.000000, 3642.000000, 3710.000000,     small-vehicle,     163
1766.000000, 2622.000000, 1828.000000, 2621.000000, 1827.000000, 2652.000000, 1767.000000, 2654.000000,     small-vehicle,     164
159.000000, 2822.000000, 225.000000, 2819.000000, 225.000000, 2849.000000, 158.000000, 2850.000000,     small-vehicle,     165
3380.000000, 3681.000000, 3436.000000, 3677.000000, 3440.000000, 3719.000000, 3384.000000, 3723.000000,     small-vehicle,     168
1764.000000, 3770.000000, 1827.000000, 3765.000000, 1828.000000, 3797.000000, 1763.000000, 3801.000000,     small-vehicle,     177
3045.000000, 3704.000000, 3100.000000, 3701.000000, 3102.000000, 3737.000000, 3048.000000, 3741.000000,     small-vehicle,     182
3515.000000, 3621.000000, 3566.000000, 3618.000000, 3572.000000, 3685.000000, 3521.000000, 3690.000000,     small-vehicle,     196
2920.000000, 2550.000000, 2987.000000, 2548.000000, 2989.000000, 2579.000000, 2923.000000, 2580.000000,     small-vehicle,     202
2037.000000, 3232.000000, 2061.000000, 3231.000000, 2063.000000, 3282.000000, 2037.000000, 3283.000000,     small-vehicle,     223
2309.000000, 3519.000000, 2348.000000, 3517.000000, 2351.000000, 3627.000000, 2313.000000, 3630.000000,     large-vehicle,     230
2052.000000, 3016.000000, 2095.000000, 3015.000000, 2097.000000, 3107.000000, 2055.000000, 3107.000000,     large-vehicle,     232
2410.000000, 3868.000000, 2442.000000, 3865.000000, 2445.000000, 3961.000000, 2414.000000, 3962.000000,     large-vehicle,     239
2954.000000, 3716.000000, 3026.000000, 3712.000000, 3028.000000, 3745.000000, 2956.000000, 3749.000000,     large-vehicle,     242
3175.000000, 2512.000000, 3232.000000, 2510.000000, 3235.000000, 2536.000000, 3178.000000, 2536.000000,     small-vehicle,     330
1116.000000, 3365.000000, 1181.000000, 3362.000000, 1181.000000, 3397.000000, 1116.000000, 3400.000000,     small-vehicle,     337
3411.000000, 2482.000000, 3477.000000, 2480.000000, 3481.000000, 2541.000000, 3415.000000, 2542.000000,     large-vehicle,     345
2113.000000, 3230.000000, 2141.000000, 3229.000000, 2143.000000, 3300.000000, 2114.000000, 3300.000000,     small-vehicle,     353
1279.000000, 3363.000000, 1339.000000, 3360.000000, 1339.000000, 3397.000000, 1279.000000, 3400.000000,     small-vehicle,     360
3559.000000, 2473.000000, 3625.000000, 2471.000000, 3627.000000, 2504.000000, 3562.000000, 2505.000000,     small-vehicle,     385
2822.000000, 2619.000000, 2880.000000, 2619.000000, 2883.000000, 2663.000000, 2825.000000, 2665.000000,     small-vehicle,     386
2186.000000, 3101.000000, 2216.000000, 3101.000000, 2217.000000, 3179.000000, 2190.000000, 3180.000000,     small-vehicle,     421
2198.000000, 3222.000000, 2224.000000, 3221.000000, 2228.000000, 3298.000000, 2200.000000, 3298.000000,     small-vehicle,     431
1988.000000, 2398.000000, 2015.000000, 2399.000000, 2016.000000, 2461.000000, 1988.000000, 2461.000000,     small-vehicle,     432
2016.000000, 2388.000000, 2046.000000, 2387.000000, 2048.000000, 2451.000000, 2018.000000, 2452.000000,     small-vehicle,     433
1200.000000, 3363.000000, 1259.000000, 3361.000000, 1259.000000, 3394.000000, 1200.000000, 3396.000000,     small-vehicle,     438
3063.000000, 2567.000000, 3122.000000, 2565.000000, 3124.000000, 2597.000000, 3066.000000, 2598.000000,     small-vehicle,     445
2152.000000, 3135.000000, 2180.000000, 3134.000000, 2183.000000, 3202.000000, 2154.000000, 3204.000000,     small-vehicle,     457
2274.000000, 2311.000000, 2302.000000, 2310.000000, 2305.000000, 2386.000000, 2276.000000, 2386.000000,     small-vehicle,     484
254.000000, 2892.000000, 339.000000, 2889.000000, 339.000000, 2913.000000, 253.000000, 2916.000000,     large-vehicle,     498
1983.000000, 2333.000000, 2012.000000, 2332.000000, 2013.000000, 2393.000000, 1984.000000, 2394.000000,     small-vehicle,     506
90.000000, 2803.000000, 134.000000, 2801.000000, 133.000000, 2829.000000, 88.000000, 2829.000000,     small-vehicle,     511
2112.000000, 3008.000000, 2139.000000, 3005.000000, 2142.000000, 3071.000000, 2114.000000, 3072.000000,     small-vehicle,     531
2870.000000, 3731.000000, 2939.000000, 3727.000000, 2941.000000, 3772.000000, 2872.000000, 3776.000000,     large-vehicle,     553
2253.000000, 2182.000000, 2278.000000, 2182.000000, 2281.000000, 2241.000000, 2255.000000, 2242.000000,     small-vehicle,     564
2289.000000, 2196.000000, 2316.000000, 2197.000000, 2318.000000, 2257.000000, 2292.000000, 2258.000000,     small-vehicle,     568
1650.000000, 2693.000000, 1707.000000, 2690.000000, 1707.000000, 2718.000000, 1650.000000, 2719.000000,     small-vehicle,     575
3512.000000, 2569.000000, 3570.000000, 2569.000000, 3572.000000, 2597.000000, 3515.000000, 2599.000000,     small-vehicle,     577
3629.000000, 2463.000000, 3690.000000, 2462.000000, 3692.000000, 2495.000000, 3632.000000, 2497.000000,     small-vehicle,     578
2280.000000, 2116.000000, 2308.000000, 2116.000000, 2311.000000, 2181.000000, 2283.000000, 2182.000000,     small-vehicle,     590
2037.000000, 3114.000000, 2076.000000, 3113.000000, 2077.000000, 3183.000000, 2039.000000, 3186.000000,     small-vehicle,     591
1991.000000, 2141.000000, 2022.000000, 2140.000000, 2024.000000, 2209.000000, 1993.000000, 2210.000000,     small-vehicle,     593
2689.000000, 2650.000000, 2747.000000, 2648.000000, 2749.000000, 2676.000000, 2690.000000, 2677.000000,     small-vehicle,     614
2265.000000, 2034.000000, 2291.000000, 2034.000000, 2293.000000, 2095.000000, 2267.000000, 2095.000000,     small-vehicle,     632
2069.000000, 2610.000000, 2099.000000, 2610.000000, 2101.000000, 2690.000000, 2071.000000, 2691.000000,     small-vehicle,     635
2946.000000, 2622.000000, 3006.000000, 2621.000000, 3008.000000, 2653.000000, 2949.000000, 2655.000000,     small-vehicle,     636
1957.000000, 1973.000000, 1985.000000, 1973.000000, 1986.000000, 2031.000000, 1959.000000, 2031.000000,     small-vehicle,     660
2098.000000, 2448.000000, 2128.000000, 2447.000000, 2128.000000, 2512.000000, 2101.000000, 2513.000000,     small-vehicle,     663
2254.000000, 3128.000000, 2284.000000, 3126.000000, 2286.000000, 3197.000000, 2257.000000, 3198.000000,     small-vehicle,     664
2264.000000, 1950.000000, 2291.000000, 1950.000000, 2294.000000, 2016.000000, 2266.000000, 2016.000000,     small-vehicle,     666
2173.000000, 2893.000000, 2202.000000, 2891.000000, 2203.000000, 2948.000000, 2175.000000, 2949.000000,     small-vehicle,     667
536.000000, 2027.000000, 592.000000, 2027.000000, 590.000000, 2057.000000, 535.000000, 2056.000000,     small-vehicle,     668
1952.000000, 1903.000000, 1978.000000, 1902.000000, 1979.000000, 1958.000000, 1953.000000, 1958.000000,     small-vehicle,     704
808.000000, 2845.000000, 865.000000, 2842.000000, 865.000000, 2878.000000, 807.000000, 2880.000000,     small-vehicle,     708
2261.000000, 1866.000000, 2286.000000, 1866.000000, 2288.000000, 1926.000000, 2262.000000, 1926.000000,     small-vehicle,     718
2698.000000, 2550.000000, 2759.000000, 2549.000000, 2762.000000, 2582.000000, 2699.000000, 2585.000000,     large-vehicle,     727
2565.000000, 2659.000000, 2618.000000, 2657.000000, 2618.000000, 2686.000000, 2567.000000, 2688.000000,     small-vehicle,     736
2047.000000, 2274.000000, 2082.000000, 2273.000000, 2085.000000, 2362.000000, 2050.000000, 2363.000000,     large-vehicle,     744
2500.000000, 2664.000000, 2556.000000, 2662.000000, 2558.000000, 2695.000000, 2502.000000, 2698.000000,     small-vehicle,     756
2217.000000, 1768.000000, 2247.000000, 1769.000000, 2250.000000, 1843.000000, 2219.000000, 1843.000000,     small-vehicle,     761
1945.000000, 1820.000000, 1974.000000, 1820.000000, 1977.000000, 1892.000000, 1947.000000, 1892.000000,     small-vehicle,     762
1850.000000, 2694.000000, 1906.000000, 2694.000000, 1906.000000, 2716.000000, 1851.000000, 2717.000000,     small-vehicle,     765
3723.000000, 2544.000000, 3778.000000, 2542.000000, 3780.000000, 2575.000000, 3726.000000, 2576.000000,     small-vehicle,     767
2058.000000, 2049.000000, 2085.000000, 2049.000000, 2088.000000, 2122.000000, 2059.000000, 2122.000000,     small-vehicle,     784
3211.000000, 2597.000000, 3268.000000, 2595.000000, 3271.000000, 2628.000000, 3213.000000, 2630.000000,     small-vehicle,     789
3647.000000, 2551.000000, 3710.000000, 2549.000000, 3713.000000, 2586.000000, 3649.000000, 2588.000000,     small-vehicle,     792
2776.000000, 3741.000000, 2850.000000, 3737.000000, 2853.000000, 3768.000000, 2779.000000, 3773.000000,     large-vehicle,     802
1933.000000, 1690.000000, 1961.000000, 1690.000000, 1962.000000, 1754.000000, 1934.000000, 1754.000000,     small-vehicle,     813
3318.000000, 1738.000000, 3339.000000, 1737.000000, 3344.000000, 1798.000000, 3322.000000, 1798.000000,     small-vehicle,     815
2046.000000, 1868.000000, 2075.000000, 1867.000000, 2076.000000, 1931.000000, 2048.000000, 1931.000000,     small-vehicle,     816
2435.000000, 1717.000000, 2480.000000, 1716.000000, 2481.000000, 1743.000000, 2436.000000, 1743.000000,     small-vehicle,     818
2637.000000, 2638.000000, 2686.000000, 2637.000000, 2688.000000, 2694.000000, 2639.000000, 2696.000000,     small-vehicle,     824
2564.000000, 2562.000000, 2616.000000, 2559.000000, 2618.000000, 2595.000000, 2565.000000, 2596.000000,     small-vehicle,     839
1942.000000, 1640.000000, 1963.000000, 1640.000000, 1964.000000, 1681.000000, 1942.000000, 1682.000000,     small-vehicle,     840
2417.000000, 1637.000000, 2470.000000, 1638.000000, 2471.000000, 1661.000000, 2418.000000, 1662.000000,     small-vehicle,     841
3018.000000, 2607.000000, 3084.000000, 2605.000000, 3085.000000, 2639.000000, 3020.000000, 2640.000000,     small-vehicle,     844
2475.000000, 1628.000000, 2530.000000, 1629.000000, 2532.000000, 1662.000000, 2477.000000, 1661.000000,     small-vehicle,     845
1282.000000, 2790.000000, 1341.000000, 2788.000000, 1341.000000, 2831.000000, 1281.000000, 2833.000000,     small-vehicle,     846
1754.000000, 2108.000000, 1805.000000, 2107.000000, 1805.000000, 2135.000000, 1755.000000, 2135.000000,     small-vehicle,     847
3244.000000, 2511.000000, 3294.000000, 2509.000000, 3296.000000, 2534.000000, 3246.000000, 2535.000000,     small-vehicle,     853
2118.000000, 2775.000000, 2158.000000, 2775.000000, 2162.000000, 2875.000000, 2120.000000, 2877.000000,     large-vehicle,     856
2329.000000, 3230.000000, 2361.000000, 3227.000000, 2364.000000, 3310.000000, 2332.000000, 3311.000000,     large-vehicle,     857
2042.000000, 1728.000000, 2069.000000, 1727.000000, 2071.000000, 1788.000000, 2043.000000, 1788.000000,     small-vehicle,     867
2730.000000, 1615.000000, 2784.000000, 1616.000000, 2785.000000, 1639.000000, 2731.000000, 1640.000000,     small-vehicle,     870
616.000000, 2035.000000, 702.000000, 2034.000000, 701.000000, 2064.000000, 615.000000, 2065.000000,     small-vehicle,     871
2851.000000, 1599.000000, 2907.000000, 1600.000000, 2909.000000, 1624.000000, 2852.000000, 1625.000000,     small-vehicle,     875
1579.000000, 2695.000000, 1637.000000, 2693.000000, 1637.000000, 2732.000000, 1579.000000, 2733.000000,     small-vehicle,     876
3100.000000, 2518.000000, 3159.000000, 2517.000000, 3160.000000, 2547.000000, 3101.000000, 2547.000000,     small-vehicle,     877
3309.000000, 1660.000000, 3334.000000, 1660.000000, 3338.000000, 1712.000000, 3314.000000, 1712.000000,     small-vehicle,     878
2663.000000, 1613.000000, 2708.000000, 1613.000000, 2710.000000, 1641.000000, 2664.000000, 1640.000000,     small-vehicle,     879
2607.000000, 1622.000000, 2656.000000, 1622.000000, 2658.000000, 1655.000000, 2608.000000, 1655.000000,     small-vehicle,     880
2067.000000, 3205.000000, 2096.000000, 3204.000000, 2099.000000, 3284.000000, 2070.000000, 3284.000000,     small-vehicle,     884
1917.000000, 1584.000000, 1938.000000, 1585.000000, 1940.000000, 1639.000000, 1918.000000, 1637.000000,     small-vehicle,     885
3366.000000, 1550.000000, 3418.000000, 1551.000000, 3419.000000, 1580.000000, 3369.000000, 1580.000000,     small-vehicle,     886
1994.000000, 2016.000000, 2019.000000, 2015.000000, 2021.000000, 2081.000000, 1995.000000, 2081.000000,     small-vehicle,     887
3026.000000, 1582.000000, 3084.000000, 1582.000000, 3087.000000, 1612.000000, 3028.000000, 1611.000000,     small-vehicle,     889
1366.000000, 1863.000000, 1389.000000, 1863.000000, 1389.000000, 1908.000000, 1366.000000, 1909.000000,     small-vehicle,     890
1125.000000, 3045.000000, 1160.000000, 3044.000000, 1160.000000, 3090.000000, 1125.000000, 3092.000000,     small-vehicle,     891
1917.000000, 1517.000000, 1946.000000, 1517.000000, 1947.000000, 1586.000000, 1919.000000, 1585.000000,     small-vehicle,     892
3145.000000, 1573.000000, 3199.000000, 1574.000000, 3202.000000, 1606.000000, 3147.000000, 1607.000000,     small-vehicle,     893
3315.000000, 1555.000000, 3364.000000, 1556.000000, 3367.000000, 1583.000000, 3316.000000, 1583.000000,     small-vehicle,     894
2941.000000, 1586.000000, 2999.000000, 1586.000000, 3001.000000, 1620.000000, 2943.000000, 1620.000000,     small-vehicle,     895
3471.000000, 1537.000000, 3521.000000, 1538.000000, 3524.000000, 1566.000000, 3472.000000, 1566.000000,     small-vehicle,     897
1873.000000, 3760.000000, 1920.000000, 3756.000000, 1922.000000, 3785.000000, 1873.000000, 3789.000000,     small-vehicle,     898
1780.000000, 3796.000000, 1846.000000, 3791.000000, 1847.000000, 3840.000000, 1781.000000, 3844.000000,     large-vehicle,     900
3315.000000, 1631.000000, 3356.000000, 1631.000000, 3359.000000, 1655.000000, 3318.000000, 1655.000000,     small-vehicle,     901
2795.000000, 1602.000000, 2845.000000, 1603.000000, 2847.000000, 1629.000000, 2797.000000, 1630.000000,     small-vehicle,     904
647.000000, 2483.000000, 708.000000, 2482.000000, 708.000000, 2520.000000, 646.000000, 2522.000000,     small-vehicle,     909
2490.000000, 1715.000000, 2525.000000, 1715.000000, 2526.000000, 1740.000000, 2491.000000, 1740.000000,     small-vehicle,     915
3133.000000, 1651.000000, 3186.000000, 1652.000000, 3188.000000, 1682.000000, 3135.000000, 1681.000000,     small-vehicle,     916
2219.000000, 1446.000000, 2249.000000, 1446.000000, 2251.000000, 1511.000000, 2222.000000, 1510.000000,     small-vehicle,     917
872.000000, 2876.000000, 933.000000, 2875.000000, 933.000000, 2911.000000, 872.000000, 2912.000000,     small-vehicle,     919
2703.000000, 2543.000000, 2755.000000, 2542.000000, 2756.000000, 2571.000000, 2704.000000, 2572.000000,     small-vehicle,     920
2199.000000, 1485.000000, 2230.000000, 1486.000000, 2232.000000, 1551.000000, 2201.000000, 1550.000000,     small-vehicle,     921
3600.000000, 1523.000000, 3645.000000, 1524.000000, 3648.000000, 1550.000000, 3602.000000, 1550.000000,     small-vehicle,     924
2774.000000, 3723.000000, 2848.000000, 3719.000000, 2850.000000, 3751.000000, 2775.000000, 3756.000000,     small-vehicle,     927
1996.000000, 1632.000000, 2023.000000, 1631.000000, 2024.000000, 1693.000000, 1998.000000, 1693.000000,     small-vehicle,     930
2773.000000, 2545.000000, 2832.000000, 2544.000000, 2834.000000, 2576.000000, 2775.000000, 2578.000000,     large-vehicle,     935
2301.000000, 3583.000000, 2343.000000, 3581.000000, 2345.000000, 3667.000000, 2304.000000, 3670.000000,     large-vehicle,     939
2382.000000, 3463.000000, 2415.000000, 3462.000000, 2419.000000, 3552.000000, 2385.000000, 3553.000000,     small-vehicle,     940
2301.000000, 2849.000000, 2335.000000, 2847.000000, 2338.000000, 2924.000000, 2303.000000, 2926.000000,     small-vehicle,     941
3307.000000, 2504.000000, 3359.000000, 2502.000000, 3361.000000, 2528.000000, 3309.000000, 2529.000000,     small-vehicle,     942
3577.000000, 2563.000000, 3642.000000, 2561.000000, 3644.000000, 2591.000000, 3580.000000, 2591.000000,     small-vehicle,     943
2213.000000, 1368.000000, 2240.000000, 1367.000000, 2243.000000, 1434.000000, 2215.000000, 1433.000000,     small-vehicle,     944
2300.000000, 3579.000000, 2341.000000, 3576.000000, 2344.000000, 3666.000000, 2304.000000, 3669.000000,     small-vehicle,     945
2329.000000, 3215.000000, 2359.000000, 3214.000000, 2363.000000, 3289.000000, 2331.000000, 3291.000000,     small-vehicle,     946
1391.000000, 3559.000000, 1409.000000, 3557.000000, 1409.000000, 3615.000000, 1391.000000, 3616.000000,     small-vehicle,     947
1781.000000, 3815.000000, 1847.000000, 3812.000000, 1847.000000, 3855.000000, 1782.000000, 3859.000000,     small-vehicle,     948
1909.000000, 1381.000000, 1937.000000, 1381.000000, 1938.000000, 1447.000000, 1910.000000, 1446.000000,     small-vehicle,     949
2632.000000, 2566.000000, 2689.000000, 2563.000000, 2691.000000, 2585.000000, 2632.000000, 2588.000000,     small-vehicle,     950
3269.000000, 2594.000000, 3334.000000, 2591.000000, 3336.000000, 2618.000000, 3271.000000, 2620.000000,     small-vehicle,     951
1781.000000, 2694.000000, 1835.000000, 2693.000000, 1835.000000, 2713.000000, 1781.000000, 2713.000000,     small-vehicle,     952
3485.000000, 2480.000000, 3551.000000, 2479.000000, 3553.000000, 2510.000000, 3487.000000, 2512.000000,     small-vehicle,     953
2306.000000, 2315.000000, 2329.000000, 2316.000000, 2332.000000, 2366.000000, 2308.000000, 2366.000000,     small-vehicle,     954
2494.000000, 2575.000000, 2553.000000, 2574.000000, 2554.000000, 2598.000000, 2495.000000, 2599.000000,     small-vehicle,     955
2205.000000, 2334.000000, 2222.000000, 2333.000000, 2223.000000, 2367.000000, 2207.000000, 2366.000000,     small-vehicle,     956
3020.000000, 2616.000000, 3083.000000, 2616.000000, 3086.000000, 2648.000000, 3023.000000, 2650.000000,     large-vehicle,     957
2056.000000, 2067.000000, 2087.000000, 2066.000000, 2089.000000, 2141.000000, 2059.000000, 2142.000000,     large-vehicle,     959
1994.000000, 2009.000000, 2018.000000, 2010.000000, 2019.000000, 2073.000000, 1995.000000, 2074.000000,     large-vehicle,     961
3074.000000, 1657.000000, 3124.000000, 1658.000000, 3127.000000, 1687.000000, 3075.000000, 1686.000000,     small-vehicle,     962
1977.000000, 1421.000000, 2005.000000, 1421.000000, 2007.000000, 1495.000000, 1979.000000, 1494.000000,     small-vehicle,     963
