2191.000000, 1216.000000, 2224.000000, 1216.000000, 2224.000000, 1283.000000, 2191.000000, 1283.000000,   small-vehicle,   1290
1323.000000, 1896.000000, 1349.000000, 1896.000000, 1349.000000, 1950.000000, 1323.000000, 1950.000000,   small-vehicle,   1451
2010.000000, 1895.000000, 2038.000000, 1895.000000, 2038.000000, 1950.000000, 2010.000000, 1950.000000,   small-vehicle,   1452
3004.000000, 1917.000000, 3040.000000, 1917.000000, 3040.000000, 1981.000000, 3004.000000, 1981.000000,   small-vehicle,   1453
2305.000000, 1815.000000, 2338.000000, 1815.000000, 2338.000000, 1873.000000, 2305.000000, 1873.000000,   small-vehicle,   1458
2276.000000, 1812.000000, 2302.000000, 1812.000000, 2302.000000, 1868.000000, 2276.000000, 1868.000000,   small-vehicle,   1459
1316.000000, 1804.000000, 1339.000000, 1804.000000, 1339.000000, 1852.000000, 1316.000000, 1852.000000,   small-vehicle,   1462
2276.000000, 1741.000000, 2302.000000, 1741.000000, 2302.000000, 1804.000000, 2276.000000, 1804.000000,   small-vehicle,   1467
2309.000000, 1765.000000, 2339.000000, 1765.000000, 2339.000000, 1810.000000, 2309.000000, 1810.000000,   small-vehicle,   1478
1975.000000, 1698.000000, 1999.000000, 1698.000000, 1999.000000, 1749.000000, 1975.000000, 1749.000000,   small-vehicle,   1479
2000.000000, 1652.000000, 2023.000000, 1652.000000, 2023.000000, 1703.000000, 2000.000000, 1703.000000,   small-vehicle,   1499
1295.000000, 1582.000000, 1319.000000, 1582.000000, 1319.000000, 1624.000000, 1295.000000, 1624.000000,   small-vehicle,   1507
2256.000000, 1525.000000, 2287.000000, 1525.000000, 2287.000000, 1582.000000, 2256.000000, 1582.000000,   small-vehicle,   1509
2655.000000, 1605.000000, 2704.000000, 1605.000000, 2704.000000, 1626.000000, 2655.000000, 1626.000000,   small-vehicle,   1511
2983.000000, 1572.000000, 3012.000000, 1572.000000, 3012.000000, 1637.000000, 2983.000000, 1637.000000,   small-vehicle,   1515
1292.000000, 1527.000000, 1320.000000, 1527.000000, 1320.000000, 1580.000000, 1292.000000, 1580.000000,   small-vehicle,   1517
1959.000000, 1473.000000, 1986.000000, 1473.000000, 1986.000000, 1529.000000, 1959.000000, 1529.000000,   small-vehicle,   1522
2277.000000, 1465.000000, 2310.000000, 1465.000000, 2310.000000, 1524.000000, 2277.000000, 1524.000000,   small-vehicle,   1529
2522.000000, 1614.000000, 2560.000000, 1614.000000, 2560.000000, 1629.000000, 2522.000000, 1629.000000,   small-vehicle,   1532
2275.000000, 1393.000000, 2303.000000, 1393.000000, 2303.000000, 1446.000000, 2275.000000, 1446.000000,   small-vehicle,   1536
1957.000000, 1402.000000, 1985.000000, 1402.000000, 1985.000000, 1461.000000, 1957.000000, 1461.000000,   small-vehicle,   1537
1291.000000, 1368.000000, 1315.000000, 1368.000000, 1315.000000, 1420.000000, 1291.000000, 1420.000000,   small-vehicle,   1548
1960.000000, 1334.000000, 1987.000000, 1334.000000, 1987.000000, 1394.000000, 1960.000000, 1394.000000,   small-vehicle,   1549
2275.000000, 1317.000000, 2303.000000, 1317.000000, 2303.000000, 1374.000000, 2275.000000, 1374.000000,   small-vehicle,   1552
1284.000000, 1290.000000, 1311.000000, 1290.000000, 1311.000000, 1349.000000, 1284.000000, 1349.000000,   small-vehicle,   1554
1946.000000, 1268.000000, 1973.000000, 1268.000000, 1973.000000, 1319.000000, 1946.000000, 1319.000000,   small-vehicle,   1562
1973.000000, 1221.000000, 1999.000000, 1221.000000, 1999.000000, 1273.000000, 1973.000000, 1273.000000,   small-vehicle,   1566
2972.000000, 1378.000000, 2998.000000, 1378.000000, 2998.000000, 1422.000000, 2972.000000, 1422.000000,   small-vehicle,   1567
2238.000000, 1225.000000, 2270.000000, 1225.000000, 2270.000000, 1283.000000, 2238.000000, 1283.000000,   small-vehicle,   1571
730.000000, 1183.000000, 782.000000, 1183.000000, 782.000000, 1206.000000, 730.000000, 1206.000000,   small-vehicle,   1573
855.000000, 1179.000000, 909.000000, 1179.000000, 909.000000, 1204.000000, 855.000000, 1204.000000,   small-vehicle,   1574
440.000000, 1174.000000, 495.000000, 1174.000000, 495.000000, 1204.000000, 440.000000, 1204.000000,   small-vehicle,   1575
923.000000, 1175.000000, 977.000000, 1175.000000, 977.000000, 1200.000000, 923.000000, 1200.000000,   small-vehicle,   1576
511.000000, 1183.000000, 561.000000, 1183.000000, 561.000000, 1208.000000, 511.000000, 1208.000000,   small-vehicle,   1578
797.000000, 1179.000000, 844.000000, 1179.000000, 844.000000, 1202.000000, 797.000000, 1202.000000,   small-vehicle,   1585
1774.000000, 1129.000000, 1828.000000, 1129.000000, 1828.000000, 1156.000000, 1774.000000, 1156.000000,   small-vehicle,   1586
1662.000000, 1130.000000, 1714.000000, 1130.000000, 1714.000000, 1156.000000, 1662.000000, 1156.000000,   small-vehicle,   1588
1275.000000, 1158.000000, 1324.000000, 1158.000000, 1324.000000, 1179.000000, 1275.000000, 1179.000000,   small-vehicle,   1589
1510.000000, 1142.000000, 1563.000000, 1142.000000, 1563.000000, 1169.000000, 1510.000000, 1169.000000,   small-vehicle,   1590
389.000000, 1120.000000, 412.000000, 1120.000000, 412.000000, 1163.000000, 389.000000, 1163.000000,   small-vehicle,   1594
694.000000, 1873.000000, 723.000000, 1873.000000, 723.000000, 1930.000000, 694.000000, 1930.000000,   small-vehicle,   1601
1959.000000, 1065.000000, 1990.000000, 1065.000000, 1990.000000, 1116.000000, 1959.000000, 1116.000000,   small-vehicle,   1602
2928.000000, 1061.000000, 2993.000000, 1061.000000, 2993.000000, 1094.000000, 2928.000000, 1094.000000,   small-vehicle,   1614
320.000000, 1034.000000, 368.000000, 1034.000000, 368.000000, 1093.000000, 320.000000, 1093.000000,   small-vehicle,   1615
2232.000000, 1041.000000, 2257.000000, 1041.000000, 2257.000000, 1093.000000, 2232.000000, 1093.000000,   small-vehicle,   1623
3491.000000, 1038.000000, 3557.000000, 1038.000000, 3557.000000, 1066.000000, 3491.000000, 1066.000000,   small-vehicle,   1628
3415.000000, 1041.000000, 3475.000000, 1041.000000, 3475.000000, 1068.000000, 3415.000000, 1068.000000,   small-vehicle,   1631
85.000000, 1091.000000, 140.000000, 1091.000000, 140.000000, 1129.000000, 85.000000, 1129.000000,   small-vehicle,   1632
2224.000000, 970.000000, 2256.000000, 970.000000, 2256.000000, 1035.000000, 2224.000000, 1035.000000,   small-vehicle,   1633
3704.000000, 1024.000000, 3759.000000, 1024.000000, 3759.000000, 1052.000000, 3704.000000, 1052.000000,   small-vehicle,   1636
1929.000000, 900.000000, 1955.000000, 900.000000, 1955.000000, 956.000000, 1929.000000, 956.000000,   small-vehicle,   1637
3227.000000, 932.000000, 3262.000000, 932.000000, 3262.000000, 992.000000, 3227.000000, 992.000000,   small-vehicle,   1638
438.000000, 923.000000, 460.000000, 923.000000, 460.000000, 974.000000, 438.000000, 974.000000,   small-vehicle,   1643
502.000000, 899.000000, 556.000000, 899.000000, 556.000000, 943.000000, 502.000000, 943.000000,   small-vehicle,   1646
357.000000, 893.000000, 386.000000, 893.000000, 386.000000, 947.000000, 357.000000, 947.000000,   small-vehicle,   1650
2974.000000, 1440.000000, 3007.000000, 1440.000000, 3007.000000, 1498.000000, 2974.000000, 1498.000000,   small-vehicle,   1651
2247.000000, 846.000000, 2277.000000, 846.000000, 2277.000000, 905.000000, 2247.000000, 905.000000,   small-vehicle,   1656
1924.000000, 831.000000, 1953.000000, 831.000000, 1953.000000, 887.000000, 1924.000000, 887.000000,   small-vehicle,   1658
1040.000000, 1223.000000, 1089.000000, 1223.000000, 1089.000000, 1250.000000, 1040.000000, 1250.000000,   small-vehicle,   1659
3047.000000, 1691.000000, 3113.000000, 1691.000000, 3113.000000, 1720.000000, 3047.000000, 1720.000000,   small-vehicle,   1664
3223.000000, 854.000000, 3260.000000, 854.000000, 3260.000000, 910.000000, 3223.000000, 910.000000,   small-vehicle,   1665
359.000000, 836.000000, 387.000000, 836.000000, 387.000000, 887.000000, 359.000000, 887.000000,   small-vehicle,   1666
2972.000000, 1500.000000, 3011.000000, 1500.000000, 3011.000000, 1566.000000, 2972.000000, 1566.000000,   small-vehicle,   1667
556.000000, 1456.000000, 610.000000, 1456.000000, 610.000000, 1482.000000, 556.000000, 1482.000000,   small-vehicle,   1669
2556.000000, 1664.000000, 2619.000000, 1664.000000, 2619.000000, 1693.000000, 2556.000000, 1693.000000,   small-vehicle,   1671
2207.000000, 779.000000, 2236.000000, 779.000000, 2236.000000, 834.000000, 2207.000000, 834.000000,   small-vehicle,   1680
1952.000000, 799.000000, 1978.000000, 799.000000, 1978.000000, 852.000000, 1952.000000, 852.000000,   small-vehicle,   1683
1926.000000, 772.000000, 1951.000000, 772.000000, 1951.000000, 823.000000, 1926.000000, 823.000000,   small-vehicle,   1687
3251.000000, 1117.000000, 3320.000000, 1117.000000, 3320.000000, 1149.000000, 3251.000000, 1149.000000,   small-vehicle,   1688
2961.000000, 1233.000000, 2991.000000, 1233.000000, 2991.000000, 1277.000000, 2961.000000, 1277.000000,   small-vehicle,   1689
363.000000, 777.000000, 387.000000, 777.000000, 387.000000, 824.000000, 363.000000, 824.000000,   small-vehicle,   1690
490.000000, 1459.000000, 552.000000, 1459.000000, 552.000000, 1485.000000, 490.000000, 1485.000000,   small-vehicle,   1691
2468.000000, 1159.000000, 2517.000000, 1159.000000, 2517.000000, 1182.000000, 2468.000000, 1182.000000,   small-vehicle,   1693
2243.000000, 763.000000, 2269.000000, 763.000000, 2269.000000, 814.000000, 2243.000000, 814.000000,   small-vehicle,   1697
1951.000000, 724.000000, 1982.000000, 724.000000, 1982.000000, 787.000000, 1951.000000, 787.000000,   small-vehicle,   1699
2863.000000, 1658.000000, 2919.000000, 1658.000000, 2919.000000, 1684.000000, 2863.000000, 1684.000000,   small-vehicle,   1702
2242.000000, 692.000000, 2270.000000, 692.000000, 2270.000000, 736.000000, 2242.000000, 736.000000,   small-vehicle,   1705
2152.000000, 482.000000, 2184.000000, 482.000000, 2184.000000, 549.000000, 2152.000000, 549.000000,   small-vehicle,   1706
1935.000000, 628.000000, 1964.000000, 628.000000, 1964.000000, 680.000000, 1935.000000, 680.000000,   small-vehicle,   1708
1916.000000, 691.000000, 1946.000000, 691.000000, 1946.000000, 746.000000, 1916.000000, 746.000000,   small-vehicle,   1709
234.000000, 1223.000000, 276.000000, 1223.000000, 276.000000, 1286.000000, 234.000000, 1286.000000,   small-vehicle,   1710
1956.000000, 1559.000000, 1989.000000, 1559.000000, 1989.000000, 1610.000000, 1956.000000, 1610.000000,   small-vehicle,   1712
3222.000000, 628.000000, 3252.000000, 628.000000, 3252.000000, 685.000000, 3222.000000, 685.000000,   small-vehicle,   1715
2284.000000, 1259.000000, 2306.000000, 1259.000000, 2306.000000, 1303.000000, 2284.000000, 1303.000000,   small-vehicle,   1719
2723.000000, 608.000000, 2752.000000, 608.000000, 2752.000000, 664.000000, 2723.000000, 664.000000,   small-vehicle,   1727
2642.000000, 601.000000, 2673.000000, 601.000000, 2673.000000, 661.000000, 2642.000000, 661.000000,   small-vehicle,   1728
2231.000000, 560.000000, 2256.000000, 560.000000, 2256.000000, 626.000000, 2231.000000, 626.000000,   small-vehicle,   1729
2535.000000, 1153.000000, 2593.000000, 1153.000000, 2593.000000, 1182.000000, 2535.000000, 1182.000000,   small-vehicle,   1730
2763.000000, 597.000000, 2794.000000, 597.000000, 2794.000000, 653.000000, 2763.000000, 653.000000,   small-vehicle,   1731
400.000000, 1251.000000, 465.000000, 1251.000000, 465.000000, 1283.000000, 400.000000, 1283.000000,   small-vehicle,   1732
2609.000000, 603.000000, 2635.000000, 603.000000, 2635.000000, 656.000000, 2609.000000, 656.000000,   small-vehicle,   1737
2808.000000, 593.000000, 2838.000000, 593.000000, 2838.000000, 650.000000, 2808.000000, 650.000000,   small-vehicle,   1739
1918.000000, 533.000000, 1947.000000, 533.000000, 1947.000000, 594.000000, 1918.000000, 594.000000,   small-vehicle,   1742
2196.000000, 524.000000, 2227.000000, 524.000000, 2227.000000, 588.000000, 2196.000000, 588.000000,   small-vehicle,   1744
396.000000, 861.000000, 428.000000, 861.000000, 428.000000, 914.000000, 396.000000, 914.000000,   small-vehicle,   1745
1463.000000, 1206.000000, 1500.000000, 1206.000000, 1500.000000, 1225.000000, 1463.000000, 1225.000000,   small-vehicle,   1747
1933.000000, 470.000000, 1979.000000, 470.000000, 1979.000000, 549.000000, 1933.000000, 549.000000,   large-vehicle,   1748
545.000000, 1248.000000, 592.000000, 1248.000000, 592.000000, 1274.000000, 545.000000, 1274.000000,   small-vehicle,   1752
1898.000000, 421.000000, 1929.000000, 421.000000, 1929.000000, 483.000000, 1898.000000, 483.000000,   small-vehicle,   1760
3168.000000, 1121.000000, 3231.000000, 1121.000000, 3231.000000, 1149.000000, 3168.000000, 1149.000000,   small-vehicle,   1761
1520.000000, 1200.000000, 1576.000000, 1200.000000, 1576.000000, 1223.000000, 1520.000000, 1223.000000,   small-vehicle,   1762
3203.000000, 485.000000, 3231.000000, 485.000000, 3231.000000, 546.000000, 3203.000000, 546.000000,   small-vehicle,   1763
66.000000, 432.000000, 122.000000, 432.000000, 122.000000, 456.000000, 66.000000, 456.000000,   small-vehicle,   1765
3196.000000, 408.000000, 3231.000000, 408.000000, 3231.000000, 476.000000, 3196.000000, 476.000000,   small-vehicle,   1767
2372.000000, 657.000000, 2421.000000, 657.000000, 2421.000000, 681.000000, 2372.000000, 681.000000,   small-vehicle,   1769
1048.000000, 372.000000, 1104.000000, 372.000000, 1104.000000, 397.000000, 1048.000000, 397.000000,   small-vehicle,   1772
46.000000, 353.000000, 110.000000, 353.000000, 110.000000, 383.000000, 46.000000, 383.000000,   small-vehicle,   1773
2613.000000, 1152.000000, 2678.000000, 1152.000000, 2678.000000, 1179.000000, 2613.000000, 1179.000000,   small-vehicle,   1774
3708.000000, 1099.000000, 3771.000000, 1099.000000, 3771.000000, 1128.000000, 3708.000000, 1128.000000,   small-vehicle,   1776
1897.000000, 366.000000, 1921.000000, 366.000000, 1921.000000, 409.000000, 1897.000000, 409.000000,   small-vehicle,   1777
34.000000, 394.000000, 75.000000, 394.000000, 75.000000, 416.000000, 34.000000, 416.000000,   small-vehicle,   1779
1976.000000, 1762.000000, 2003.000000, 1762.000000, 2003.000000, 1808.000000, 1976.000000, 1808.000000,   small-vehicle,   1780
2004.000000, 725.000000, 2033.000000, 725.000000, 2033.000000, 794.000000, 2004.000000, 794.000000,   small-vehicle,   1783
2148.000000, 305.000000, 2181.000000, 305.000000, 2181.000000, 362.000000, 2148.000000, 362.000000,   small-vehicle,   1785
2222.000000, 368.000000, 2249.000000, 368.000000, 2249.000000, 418.000000, 2222.000000, 418.000000,   small-vehicle,   1787
2685.000000, 592.000000, 2718.000000, 592.000000, 2718.000000, 662.000000, 2685.000000, 662.000000,   large-vehicle,   1788
562.000000, 321.000000, 612.000000, 321.000000, 612.000000, 346.000000, 562.000000, 346.000000,   small-vehicle,   1790
3550.000000, 1110.000000, 3615.000000, 1110.000000, 3615.000000, 1133.000000, 3550.000000, 1133.000000,   small-vehicle,   1791
499.000000, 327.000000, 549.000000, 327.000000, 549.000000, 350.000000, 499.000000, 350.000000,   small-vehicle,   1793
3194.000000, 325.000000, 3225.000000, 325.000000, 3225.000000, 384.000000, 3194.000000, 384.000000,   small-vehicle,   1794
697.000000, 348.000000, 755.000000, 348.000000, 755.000000, 375.000000, 697.000000, 375.000000,   small-vehicle,   1795
633.000000, 318.000000, 685.000000, 318.000000, 685.000000, 343.000000, 633.000000, 343.000000,   small-vehicle,   1799
2074.000000, 516.000000, 2106.000000, 516.000000, 2106.000000, 576.000000, 2074.000000, 576.000000,   large-vehicle,   1802
701.000000, 313.000000, 758.000000, 313.000000, 758.000000, 336.000000, 701.000000, 336.000000,   small-vehicle,   1804
889.000000, 301.000000, 945.000000, 301.000000, 945.000000, 330.000000, 889.000000, 330.000000,   small-vehicle,   1805
1743.000000, 307.000000, 1799.000000, 307.000000, 1799.000000, 337.000000, 1743.000000, 337.000000,   small-vehicle,   1807
949.000000, 295.000000, 1008.000000, 295.000000, 1008.000000, 323.000000, 949.000000, 323.000000,   small-vehicle,   1808
767.000000, 308.000000, 817.000000, 308.000000, 817.000000, 333.000000, 767.000000, 333.000000,   small-vehicle,   1810
482.000000, 1248.000000, 536.000000, 1248.000000, 536.000000, 1278.000000, 482.000000, 1278.000000,   small-vehicle,   1813
349.000000, 282.000000, 380.000000, 282.000000, 380.000000, 336.000000, 349.000000, 336.000000,   small-vehicle,   1814
2663.000000, 494.000000, 2719.000000, 494.000000, 2719.000000, 527.000000, 2663.000000, 527.000000,   small-vehicle,   1815
1030.000000, 289.000000, 1080.000000, 289.000000, 1080.000000, 317.000000, 1030.000000, 317.000000,   small-vehicle,   1817
828.000000, 305.000000, 879.000000, 305.000000, 879.000000, 330.000000, 828.000000, 330.000000,   small-vehicle,   1818
2186.000000, 300.000000, 2212.000000, 300.000000, 2212.000000, 353.000000, 2186.000000, 353.000000,   small-vehicle,   1819
730.000000, 1232.000000, 790.000000, 1232.000000, 790.000000, 1263.000000, 730.000000, 1263.000000,   small-vehicle,   1821
1674.000000, 237.000000, 1732.000000, 237.000000, 1732.000000, 268.000000, 1674.000000, 268.000000,   small-vehicle,   1822
1164.000000, 281.000000, 1218.000000, 281.000000, 1218.000000, 311.000000, 1164.000000, 311.000000,   small-vehicle,   1825
1573.000000, 249.000000, 1625.000000, 249.000000, 1625.000000, 276.000000, 1573.000000, 276.000000,   small-vehicle,   1826
1397.000000, 264.000000, 1447.000000, 264.000000, 1447.000000, 288.000000, 1397.000000, 288.000000,   small-vehicle,   1827
2442.000000, 1089.000000, 2504.000000, 1089.000000, 2504.000000, 1118.000000, 2442.000000, 1118.000000,   small-vehicle,   1828
1234.000000, 278.000000, 1285.000000, 278.000000, 1285.000000, 302.000000, 1234.000000, 302.000000,   small-vehicle,   1831
1738.000000, 230.000000, 1789.000000, 230.000000, 1789.000000, 260.000000, 1738.000000, 260.000000,   small-vehicle,   1833
3192.000000, 265.000000, 3216.000000, 265.000000, 3216.000000, 327.000000, 3192.000000, 327.000000,   small-vehicle,   1835
1338.000000, 268.000000, 1384.000000, 268.000000, 1384.000000, 293.000000, 1338.000000, 293.000000,   small-vehicle,   1836
2961.000000, 1280.000000, 2993.000000, 1280.000000, 2993.000000, 1336.000000, 2961.000000, 1336.000000,   small-vehicle,   1837
1797.000000, 225.000000, 1852.000000, 225.000000, 1852.000000, 254.000000, 1797.000000, 254.000000,   small-vehicle,   1838
431.000000, 994.000000, 458.000000, 994.000000, 458.000000, 1034.000000, 431.000000, 1034.000000,   small-vehicle,   1839
349.000000, 219.000000, 379.000000, 219.000000, 379.000000, 270.000000, 349.000000, 270.000000,   small-vehicle,   1845
907.000000, 379.000000, 963.000000, 379.000000, 963.000000, 407.000000, 907.000000, 407.000000,   small-vehicle,   1849
3145.000000, 531.000000, 3165.000000, 531.000000, 3165.000000, 582.000000, 3145.000000, 582.000000,   small-vehicle,   1850
2679.000000, 163.000000, 2736.000000, 163.000000, 2736.000000, 191.000000, 2679.000000, 191.000000,   small-vehicle,   1854
2530.000000, 173.000000, 2587.000000, 173.000000, 2587.000000, 204.000000, 2530.000000, 204.000000,   small-vehicle,   1856
2476.000000, 180.000000, 2528.000000, 180.000000, 2528.000000, 207.000000, 2476.000000, 207.000000,   small-vehicle,   1858
2394.000000, 185.000000, 2462.000000, 185.000000, 2462.000000, 214.000000, 2394.000000, 214.000000,   small-vehicle,   1859
1771.000000, 172.000000, 1829.000000, 172.000000, 1829.000000, 201.000000, 1771.000000, 201.000000,   small-vehicle,   1860
1647.000000, 1194.000000, 1712.000000, 1194.000000, 1712.000000, 1223.000000, 1647.000000, 1223.000000,   small-vehicle,   1861
407.000000, 1029.000000, 456.000000, 1029.000000, 456.000000, 1088.000000, 407.000000, 1088.000000,   small-vehicle,   1864
1966.000000, 286.000000, 1999.000000, 286.000000, 1999.000000, 356.000000, 1966.000000, 356.000000,   small-vehicle,   1866
2726.000000, 1144.000000, 2783.000000, 1144.000000, 2783.000000, 1165.000000, 2726.000000, 1165.000000,   small-vehicle,   1867
352.000000, 131.000000, 378.000000, 131.000000, 378.000000, 180.000000, 352.000000, 180.000000,   small-vehicle,   1868
2961.000000, 139.000000, 3015.000000, 139.000000, 3015.000000, 170.000000, 2961.000000, 170.000000,   small-vehicle,   1869
3041.000000, 126.000000, 3101.000000, 126.000000, 3101.000000, 185.000000, 3041.000000, 185.000000,   small-vehicle,   1872
2820.000000, 153.000000, 2891.000000, 153.000000, 2891.000000, 185.000000, 2820.000000, 185.000000,   small-vehicle,   1874
2208.000000, 78.000000, 2235.000000, 78.000000, 2235.000000, 135.000000, 2208.000000, 135.000000,   small-vehicle,   1875
230.000000, 420.000000, 278.000000, 420.000000, 278.000000, 448.000000, 230.000000, 448.000000,   small-vehicle,   1876
3595.000000, 111.000000, 3670.000000, 111.000000, 3670.000000, 146.000000, 3595.000000, 146.000000,   small-vehicle,   1877
348.000000, 70.000000, 374.000000, 70.000000, 374.000000, 117.000000, 348.000000, 117.000000,   small-vehicle,   1878
350.000000, 954.000000, 389.000000, 954.000000, 389.000000, 1015.000000, 350.000000, 1015.000000,   large-vehicle,   1879
2813.000000, 186.000000, 2873.000000, 186.000000, 2873.000000, 220.000000, 2813.000000, 220.000000,   small-vehicle,   1882
2075.000000, 510.000000, 2106.000000, 510.000000, 2106.000000, 571.000000, 2075.000000, 571.000000,   small-vehicle,   1886
3666.000000, 75.000000, 3714.000000, 75.000000, 3714.000000, 100.000000, 3666.000000, 100.000000,   small-vehicle,   1887
301.000000, 1253.000000, 346.000000, 1253.000000, 346.000000, 1306.000000, 301.000000, 1306.000000,   small-vehicle,   1888
2236.000000, 514.000000, 2260.000000, 514.000000, 2260.000000, 549.000000, 2236.000000, 549.000000,   small-vehicle,   1889
2228.000000, 1973.000000, 2263.000000, 1973.000000, 2263.000000, 2042.000000, 2228.000000, 2042.000000,   small-vehicle,   1891
1949.000000, 83.000000, 1978.000000, 83.000000, 1978.000000, 140.000000, 1949.000000, 140.000000,   small-vehicle,   1893
321.000000, 905.000000, 347.000000, 905.000000, 347.000000, 945.000000, 321.000000, 945.000000,   small-vehicle,   1894
981.000000, 374.000000, 1030.000000, 374.000000, 1030.000000, 397.000000, 981.000000, 397.000000,   small-vehicle,   1895
1992.000000, 128.000000, 2026.000000, 128.000000, 2026.000000, 198.000000, 1992.000000, 198.000000,   small-vehicle,   1897
3110.000000, 13.000000, 3147.000000, 13.000000, 3147.000000, 77.000000, 3110.000000, 77.000000,   small-vehicle,   1898
3329.000000, 1095.000000, 3388.000000, 1095.000000, 3388.000000, 1124.000000, 3329.000000, 1124.000000,   small-vehicle,   1899
1901.000000, -43.000000, 1931.000000, -43.000000, 1931.000000, 13.000000, 1901.000000, 13.000000,   small-vehicle,   1900
628.000000, 1674.000000, 653.000000, 1674.000000, 653.000000, 1720.000000, 628.000000, 1720.000000,   small-vehicle,   1901
1876.000000, -10.000000, 1907.000000, -10.000000, 1907.000000, 46.000000, 1876.000000, 46.000000,   small-vehicle,   1902
2290.000000, 1527.000000, 2314.000000, 1527.000000, 2314.000000, 1559.000000, 2290.000000, 1559.000000,   small-vehicle,   1903
1930.000000, 442.000000, 1978.000000, 442.000000, 1978.000000, 523.000000, 1930.000000, 523.000000,   small-vehicle,   1904
1931.000000, 462.000000, 1977.000000, 462.000000, 1977.000000, 542.000000, 1931.000000, 542.000000,   large-vehicle,   1905
1343.000000, 353.000000, 1402.000000, 353.000000, 1402.000000, 386.000000, 1343.000000, 386.000000,   large-vehicle,   1906
3540.000000, 117.000000, 3616.000000, 117.000000, 3616.000000, 153.000000, 3540.000000, 153.000000,   large-vehicle,   1907
1989.000000, 97.000000, 2024.000000, 97.000000, 2024.000000, 167.000000, 1989.000000, 167.000000,   large-vehicle,   1908
387.000000, 410.000000, 416.000000, 410.000000, 416.000000, 450.000000, 387.000000, 450.000000,   small-vehicle,   1909
2223.000000, 1890.000000, 2257.000000, 1890.000000, 2257.000000, 1957.000000, 2223.000000, 1957.000000,   large-vehicle,   1910
3170.000000, 1098.000000, 3233.000000, 1098.000000, 3233.000000, 1128.000000, 3170.000000, 1128.000000,   large-vehicle,   1911
