2013.000000, 2851.000000, 2041.000000, 2850.000000, 2042.000000, 2917.000000, 2014.000000, 2917.000000,     small-vehicle,     0
2342.000000, 2910.000000, 2371.000000, 2908.000000, 2373.000000, 2973.000000, 2345.000000, 2975.000000,     small-vehicle,     1
2020.000000, 2935.000000, 2047.000000, 2935.000000, 2048.000000, 2998.000000, 2022.000000, 2998.000000,     small-vehicle,     2
2217.000000, 3456.000000, 2245.000000, 3455.000000, 2247.000000, 3521.000000, 2218.000000, 3523.000000,     small-vehicle,     3
2024.000000, 2570.000000, 2049.000000, 2570.000000, 2051.000000, 2632.000000, 2025.000000, 2633.000000,     small-vehicle,     4
2364.000000, 3261.000000, 2393.000000, 3259.000000, 2396.000000, 3327.000000, 2367.000000, 3327.000000,     small-vehicle,     5
1381.000000, 3658.000000, 1413.000000, 3657.000000, 1412.000000, 3731.000000, 1381.000000, 3732.000000,     small-vehicle,     6
1701.000000, 3937.000000, 1757.000000, 3933.000000, 1757.000000, 3969.000000, 1702.000000, 3972.000000,     small-vehicle,     7
2334.000000, 3093.000000, 2363.000000, 3092.000000, 2365.000000, 3168.000000, 2337.000000, 3168.000000,     small-vehicle,     8
3365.000000, 3641.000000, 3411.000000, 3638.000000, 3413.000000, 3664.000000, 3366.000000, 3667.000000,     small-vehicle,     9
491.000000, 3873.000000, 556.000000, 3868.000000, 555.000000, 3903.000000, 489.000000, 3906.000000,     small-vehicle,     11
1407.000000, 2952.000000, 1436.000000, 2951.000000, 1436.000000, 3020.000000, 1407.000000, 3022.000000,     small-vehicle,     12
2853.000000, 3782.000000, 2906.000000, 3779.000000, 2907.000000, 3810.000000, 2854.000000, 3813.000000,     small-vehicle,     14
2258.000000, 4145.000000, 2284.000000, 4143.000000, 2286.000000, 4200.000000, 2259.000000, 4201.000000,     small-vehicle,     15
2334.000000, 2825.000000, 2364.000000, 2823.000000, 2367.000000, 2897.000000, 2336.000000, 2899.000000,     small-vehicle,     17
1818.000000, 3844.000000, 1872.000000, 3840.000000, 1874.000000, 3871.000000, 1818.000000, 3874.000000,     small-vehicle,     18
2311.000000, 3008.000000, 2366.000000, 3005.000000, 2369.000000, 3076.000000, 2314.000000, 3078.000000,     small-vehicle,     19
2040.000000, 2767.000000, 2067.000000, 2766.000000, 2068.000000, 2823.000000, 2041.000000, 2823.000000,     small-vehicle,     21
1822.000000, 4029.000000, 1888.000000, 4024.000000, 1888.000000, 4063.000000, 1823.000000, 4067.000000,     small-vehicle,     22
2673.000000, 4009.000000, 2730.000000, 4005.000000, 2731.000000, 4035.000000, 2675.000000, 4039.000000,     small-vehicle,     23
145.000000, 3902.000000, 214.000000, 3896.000000, 212.000000, 3927.000000, 144.000000, 3932.000000,     small-vehicle,     25
2377.000000, 3356.000000, 2405.000000, 3354.000000, 2408.000000, 3425.000000, 2379.000000, 3426.000000,     small-vehicle,     26
907.000000, 3838.000000, 965.000000, 3833.000000, 964.000000, 3867.000000, 905.000000, 3871.000000,     small-vehicle,     27
2448.000000, 4219.000000, 2487.000000, 4215.000000, 2492.000000, 4305.000000, 2452.000000, 4309.000000,     small-vehicle,     29
2352.000000, 3171.000000, 2387.000000, 3170.000000, 2390.000000, 3245.000000, 2354.000000, 3246.000000,     small-vehicle,     32
2096.000000, 3540.000000, 2159.000000, 3537.000000, 2161.000000, 3585.000000, 2096.000000, 3590.000000,     small-vehicle,     33
2928.000000, 3766.000000, 2985.000000, 3762.000000, 2987.000000, 3796.000000, 2929.000000, 3799.000000,     small-vehicle,     34
2383.000000, 3473.000000, 2413.000000, 3471.000000, 2417.000000, 3552.000000, 2386.000000, 3552.000000,     small-vehicle,     35
2096.000000, 2949.000000, 2121.000000, 2949.000000, 2123.000000, 3021.000000, 2099.000000, 3022.000000,     small-vehicle,     36
3166.000000, 3748.000000, 3222.000000, 3744.000000, 3222.000000, 3775.000000, 3168.000000, 3779.000000,     small-vehicle,     38
2341.000000, 3332.000000, 2370.000000, 3331.000000, 2372.000000, 3403.000000, 2344.000000, 3405.000000,     small-vehicle,     40
1424.000000, 2588.000000, 1454.000000, 2588.000000, 1455.000000, 2642.000000, 1424.000000, 2643.000000,     small-vehicle,     41
2813.000000, 3681.000000, 2866.000000, 3677.000000, 2868.000000, 3714.000000, 2814.000000, 3716.000000,     small-vehicle,     42
1406.000000, 2868.000000, 1430.000000, 2868.000000, 1430.000000, 2929.000000, 1404.000000, 2929.000000,     small-vehicle,     43
1860.000000, 3925.000000, 1925.000000, 3920.000000, 1926.000000, 3958.000000, 1860.000000, 3963.000000,     small-vehicle,     44
1549.000000, 3949.000000, 1605.000000, 3944.000000, 1605.000000, 3981.000000, 1549.000000, 3985.000000,     small-vehicle,     45
2299.000000, 2721.000000, 2324.000000, 2722.000000, 2327.000000, 2797.000000, 2302.000000, 2798.000000,     small-vehicle,     46
1044.000000, 3828.000000, 1111.000000, 3825.000000, 1111.000000, 3861.000000, 1044.000000, 3865.000000,     small-vehicle,     47
2362.000000, 3093.000000, 2389.000000, 3092.000000, 2391.000000, 3153.000000, 2364.000000, 3154.000000,     small-vehicle,     48
3162.000000, 3656.000000, 3215.000000, 3654.000000, 3217.000000, 3684.000000, 3165.000000, 3687.000000,     small-vehicle,     49
66.000000, 3908.000000, 138.000000, 3903.000000, 136.000000, 3939.000000, 63.000000, 3945.000000,     small-vehicle,     50
604.000000, 3860.000000, 676.000000, 3855.000000, 675.000000, 3890.000000, 604.000000, 3893.000000,     small-vehicle,     51
1549.000000, 4004.000000, 1608.000000, 3999.000000, 1609.000000, 4036.000000, 1549.000000, 4040.000000,     small-vehicle,     53
327.000000, 4199.000000, 395.000000, 4195.000000, 394.000000, 4231.000000, 326.000000, 4237.000000,     small-vehicle,     55
3106.000000, 3972.000000, 3160.000000, 3969.000000, 3163.000000, 4006.000000, 3107.000000, 4010.000000,     small-vehicle,     56
1251.000000, 3987.000000, 1318.000000, 3982.000000, 1317.000000, 4020.000000, 1251.000000, 4026.000000,     small-vehicle,     58
693.000000, 3853.000000, 753.000000, 3848.000000, 752.000000, 3881.000000, 693.000000, 3886.000000,     small-vehicle,     62
3502.000000, 3534.000000, 3533.000000, 3533.000000, 3538.000000, 3601.000000, 3507.000000, 3603.000000,     small-vehicle,     63
1259.000000, 4130.000000, 1310.000000, 4126.000000, 1310.000000, 4164.000000, 1258.000000, 4167.000000,     small-vehicle,     64
3280.000000, 3646.000000, 3330.000000, 3642.000000, 3333.000000, 3672.000000, 3283.000000, 3677.000000,     small-vehicle,     65
2284.000000, 2569.000000, 2314.000000, 2569.000000, 2316.000000, 2629.000000, 2287.000000, 2631.000000,     small-vehicle,     66
958.000000, 4016.000000, 1013.000000, 4012.000000, 1012.000000, 4048.000000, 957.000000, 4052.000000,     small-vehicle,     67
2773.000000, 2521.000000, 2827.000000, 2519.000000, 2827.000000, 2554.000000, 2776.000000, 2554.000000,     small-vehicle,     69
3437.000000, 3633.000000, 3493.000000, 3629.000000, 3495.000000, 3659.000000, 3439.000000, 3662.000000,     small-vehicle,     73
227.000000, 3891.000000, 285.000000, 3889.000000, 283.000000, 3921.000000, 226.000000, 3924.000000,     small-vehicle,     74
1399.000000, 3148.000000, 1429.000000, 3146.000000, 1429.000000, 3216.000000, 1399.000000, 3216.000000,     small-vehicle,     75
2141.000000, 3106.000000, 2168.000000, 3104.000000, 2170.000000, 3186.000000, 2142.000000, 3188.000000,     small-vehicle,     76
2067.000000, 3454.000000, 2093.000000, 3453.000000, 2095.000000, 3519.000000, 2070.000000, 3520.000000,     small-vehicle,     77
2925.000000, 3987.000000, 2993.000000, 3982.000000, 2996.000000, 4017.000000, 2928.000000, 4023.000000,     small-vehicle,     78
407.000000, 2819.000000, 466.000000, 2816.000000, 464.000000, 2855.000000, 405.000000, 2856.000000,     small-vehicle,     79
1714.000000, 3976.000000, 1784.000000, 3972.000000, 1783.000000, 4006.000000, 1714.000000, 4011.000000,     small-vehicle,     80
1342.000000, 4028.000000, 1400.000000, 4024.000000, 1400.000000, 4058.000000, 1342.000000, 4062.000000,     small-vehicle,     82
2802.000000, 3832.000000, 2870.000000, 3827.000000, 2873.000000, 3865.000000, 2803.000000, 3869.000000,     small-vehicle,     83
1358.000000, 3971.000000, 1426.000000, 3967.000000, 1425.000000, 3998.000000, 1358.000000, 4003.000000,     small-vehicle,     84
3028.000000, 2548.000000, 3069.000000, 2547.000000, 3071.000000, 2572.000000, 3029.000000, 2573.000000,     small-vehicle,     85
2293.000000, 2930.000000, 2322.000000, 2929.000000, 2325.000000, 3004.000000, 2295.000000, 3005.000000,     small-vehicle,     86
2599.000000, 3735.000000, 2656.000000, 3730.000000, 2657.000000, 3768.000000, 2601.000000, 3772.000000,     small-vehicle,     88
3567.000000, 3941.000000, 3616.000000, 3937.000000, 3618.000000, 3969.000000, 3569.000000, 3972.000000,     small-vehicle,     89
2206.000000, 3329.000000, 2237.000000, 3328.000000, 2240.000000, 3411.000000, 2210.000000, 3412.000000,     small-vehicle,     90
3656.000000, 3619.000000, 3719.000000, 3615.000000, 3723.000000, 3656.000000, 3659.000000, 3660.000000,     small-vehicle,     91
3281.000000, 3959.000000, 3334.000000, 3955.000000, 3337.000000, 3986.000000, 3284.000000, 3991.000000,     small-vehicle,     92
3092.000000, 3753.000000, 3148.000000, 3751.000000, 3149.000000, 3784.000000, 3093.000000, 3787.000000,     small-vehicle,     96
882.000000, 4018.000000, 943.000000, 4013.000000, 943.000000, 4054.000000, 880.000000, 4058.000000,     small-vehicle,     97
3838.000000, 3662.000000, 3897.000000, 3658.000000, 3900.000000, 3704.000000, 3841.000000, 3707.000000,     small-vehicle,     98
3029.000000, 3978.000000, 3077.000000, 3975.000000, 3079.000000, 4010.000000, 3031.000000, 4014.000000,     small-vehicle,     100
2111.000000, 3256.000000, 2142.000000, 3254.000000, 2144.000000, 3321.000000, 2112.000000, 3322.000000,     small-vehicle,     101
3703.000000, 3933.000000, 3771.000000, 3929.000000, 3774.000000, 3963.000000, 3706.000000, 3970.000000,     small-vehicle,     102
1850.000000, 3974.000000, 1915.000000, 3970.000000, 1916.000000, 4002.000000, 1850.000000, 4006.000000,     small-vehicle,     103
3118.000000, 3697.000000, 3172.000000, 3694.000000, 3174.000000, 3731.000000, 3119.000000, 3734.000000,     small-vehicle,     106
3277.000000, 3689.000000, 3345.000000, 3683.000000, 3347.000000, 3717.000000, 3279.000000, 3721.000000,     small-vehicle,     109
2084.000000, 3360.000000, 2114.000000, 3360.000000, 2117.000000, 3437.000000, 2086.000000, 3437.000000,     small-vehicle,     110
2687.000000, 3725.000000, 2752.000000, 3720.000000, 2753.000000, 3760.000000, 2688.000000, 3764.000000,     small-vehicle,     111
1159.000000, 4089.000000, 1222.000000, 4085.000000, 1222.000000, 4119.000000, 1159.000000, 4126.000000,     small-vehicle,     113
2423.000000, 4435.000000, 2464.000000, 4431.000000, 2467.000000, 4517.000000, 2427.000000, 4521.000000,     small-vehicle,     114
2584.000000, 3790.000000, 2648.000000, 3786.000000, 2651.000000, 3826.000000, 2586.000000, 3831.000000,     small-vehicle,     115
1623.000000, 3938.000000, 1689.000000, 3934.000000, 1689.000000, 3972.000000, 1623.000000, 3976.000000,     small-vehicle,     116
1137.000000, 3992.000000, 1204.000000, 3988.000000, 1203.000000, 4024.000000, 1137.000000, 4028.000000,     small-vehicle,     118
3547.000000, 3717.000000, 3609.000000, 3713.000000, 3612.000000, 3754.000000, 3550.000000, 3758.000000,     small-vehicle,     119
2015.000000, 2497.000000, 2045.000000, 2498.000000, 2046.000000, 2559.000000, 2017.000000, 2561.000000,     small-vehicle,     120
2908.000000, 2507.000000, 2961.000000, 2506.000000, 2963.000000, 2538.000000, 2910.000000, 2540.000000,     small-vehicle,     121
3197.000000, 3697.000000, 3258.000000, 3694.000000, 3261.000000, 3727.000000, 3199.000000, 3731.000000,     small-vehicle,     122
1956.000000, 3961.000000, 2014.000000, 3956.000000, 2015.000000, 3994.000000, 1957.000000, 3998.000000,     small-vehicle,     123
1249.000000, 4078.000000, 1311.000000, 4073.000000, 1311.000000, 4110.000000, 1249.000000, 4114.000000,     small-vehicle,     126
2096.000000, 2700.000000, 2125.000000, 2699.000000, 2127.000000, 2772.000000, 2098.000000, 2773.000000,     small-vehicle,     127
3044.000000, 2488.000000, 3097.000000, 2487.000000, 3100.000000, 2522.000000, 3046.000000, 2524.000000,     small-vehicle,     130
3103.000000, 3659.000000, 3157.000000, 3657.000000, 3159.000000, 3686.000000, 3106.000000, 3690.000000,     small-vehicle,     131
1397.000000, 3250.000000, 1422.000000, 3249.000000, 1423.000000, 3312.000000, 1398.000000, 3313.000000,     small-vehicle,     132
286.000000, 2818.000000, 352.000000, 2817.000000, 350.000000, 2845.000000, 284.000000, 2848.000000,     small-vehicle,     134
411.000000, 4192.000000, 481.000000, 4188.000000, 480.000000, 4217.000000, 410.000000, 4223.000000,     small-vehicle,     135
1560.000000, 4103.000000, 1616.000000, 4100.000000, 1616.000000, 4133.000000, 1560.000000, 4137.000000,     small-vehicle,     136
626.000000, 4184.000000, 697.000000, 4179.000000, 695.000000, 4214.000000, 625.000000, 4219.000000,     small-vehicle,     137
3562.000000, 3665.000000, 3624.000000, 3661.000000, 3627.000000, 3698.000000, 3565.000000, 3703.000000,     small-vehicle,     139
1390.000000, 3482.000000, 1419.000000, 3480.000000, 1420.000000, 3553.000000, 1390.000000, 3555.000000,     small-vehicle,     140
2064.000000, 3301.000000, 2087.000000, 3299.000000, 2088.000000, 3351.000000, 2065.000000, 3352.000000,     small-vehicle,     144
902.000000, 4109.000000, 967.000000, 4102.000000, 965.000000, 4139.000000, 901.000000, 4143.000000,     small-vehicle,     145
982.000000, 3821.000000, 1032.000000, 3817.000000, 1032.000000, 3851.000000, 982.000000, 3854.000000,     small-vehicle,     147
2357.000000, 3822.000000, 2387.000000, 3821.000000, 2390.000000, 3895.000000, 2360.000000, 3897.000000,     small-vehicle,     148
3458.000000, 3675.000000, 3512.000000, 3670.000000, 3515.000000, 3708.000000, 3460.000000, 3712.000000,     small-vehicle,     149
2731.000000, 3995.000000, 2798.000000, 3991.000000, 2801.000000, 4028.000000, 2734.000000, 4032.000000,     small-vehicle,     150
3829.000000, 3619.000000, 3888.000000, 3616.000000, 3892.000000, 3654.000000, 3832.000000, 3659.000000,     small-vehicle,     152
3102.000000, 2487.000000, 3157.000000, 2486.000000, 3159.000000, 2514.000000, 3104.000000, 2514.000000,     small-vehicle,     153
1738.000000, 4035.000000, 1788.000000, 4030.000000, 1788.000000, 4067.000000, 1739.000000, 4070.000000,     small-vehicle,     158
1626.000000, 3998.000000, 1694.000000, 3994.000000, 1694.000000, 4034.000000, 1627.000000, 4039.000000,     small-vehicle,     160
3578.000000, 3520.000000, 3614.000000, 3517.000000, 3620.000000, 3586.000000, 3584.000000, 3589.000000,     small-vehicle,     161
1449.000000, 3971.000000, 1517.000000, 3967.000000, 1517.000000, 4005.000000, 1449.000000, 4011.000000,     small-vehicle,     162
3640.000000, 3665.000000, 3703.000000, 3660.000000, 3707.000000, 3703.000000, 3643.000000, 3707.000000,     small-vehicle,     163
1768.000000, 2621.000000, 1826.000000, 2620.000000, 1825.000000, 2652.000000, 1769.000000, 2655.000000,     small-vehicle,     164
158.000000, 2817.000000, 228.000000, 2815.000000, 226.000000, 2853.000000, 156.000000, 2856.000000,     small-vehicle,     165
3491.000000, 3945.000000, 3545.000000, 3942.000000, 3548.000000, 3973.000000, 3493.000000, 3977.000000,     small-vehicle,     166
1053.000000, 3996.000000, 1118.000000, 3992.000000, 1117.000000, 4033.000000, 1052.000000, 4039.000000,     small-vehicle,     167
3379.000000, 3683.000000, 3438.000000, 3680.000000, 3442.000000, 3717.000000, 3382.000000, 3720.000000,     small-vehicle,     168
1083.000000, 4143.000000, 1149.000000, 4139.000000, 1149.000000, 4179.000000, 1081.000000, 4184.000000,     small-vehicle,     169
3279.000000, 3736.000000, 3339.000000, 3732.000000, 3341.000000, 3769.000000, 3281.000000, 3773.000000,     small-vehicle,     170
1058.000000, 4093.000000, 1136.000000, 4087.000000, 1136.000000, 4126.000000, 1056.000000, 4133.000000,     small-vehicle,     171
3640.000000, 3717.000000, 3701.000000, 3713.000000, 3705.000000, 3755.000000, 3644.000000, 3758.000000,     small-vehicle,     172
2628.000000, 2545.000000, 2688.000000, 2543.000000, 2689.000000, 2572.000000, 2630.000000, 2573.000000,     small-vehicle,     173
1517.000000, 4047.000000, 1578.000000, 4043.000000, 1580.000000, 4082.000000, 1517.000000, 4087.000000,     small-vehicle,     175
1764.000000, 3771.000000, 1827.000000, 3765.000000, 1828.000000, 3796.000000, 1763.000000, 3801.000000,     small-vehicle,     177
3005.000000, 3762.000000, 3081.000000, 3757.000000, 3084.000000, 3794.000000, 3007.000000, 3799.000000,     small-vehicle,     178
1404.000000, 4113.000000, 1474.000000, 4108.000000, 1475.000000, 4146.000000, 1404.000000, 4152.000000,     small-vehicle,     179
3038.000000, 3702.000000, 3106.000000, 3699.000000, 3109.000000, 3738.000000, 3041.000000, 3743.000000,     small-vehicle,     182
1498.000000, 4106.000000, 1560.000000, 4102.000000, 1560.000000, 4140.000000, 1498.000000, 4145.000000,     small-vehicle,     186
1604.000000, 2614.000000, 1664.000000, 2613.000000, 1665.000000, 2644.000000, 1604.000000, 2646.000000,     small-vehicle,     189
1443.000000, 4016.000000, 1505.000000, 4012.000000, 1505.000000, 4048.000000, 1443.000000, 4052.000000,     small-vehicle,     190
3749.000000, 3711.000000, 3818.000000, 3707.000000, 3822.000000, 3747.000000, 3753.000000, 3752.000000,     small-vehicle,     193
3516.000000, 3622.000000, 3565.000000, 3619.000000, 3571.000000, 3684.000000, 3522.000000, 3688.000000,     small-vehicle,     196
1665.000000, 4087.000000, 1728.000000, 4083.000000, 1729.000000, 4118.000000, 1666.000000, 4122.000000,     small-vehicle,     198
2919.000000, 2548.000000, 2988.000000, 2546.000000, 2990.000000, 2581.000000, 2922.000000, 2582.000000,     small-vehicle,     202
1420.000000, 4061.000000, 1476.000000, 4056.000000, 1476.000000, 4095.000000, 1419.000000, 4097.000000,     small-vehicle,     203
2493.000000, 2563.000000, 2552.000000, 2561.000000, 2554.000000, 2591.000000, 2494.000000, 2592.000000,     small-vehicle,     212
124.000000, 4128.000000, 195.000000, 4124.000000, 194.000000, 4161.000000, 123.000000, 4167.000000,     small-vehicle,     213
1171.000000, 4141.000000, 1227.000000, 4137.000000, 1227.000000, 4171.000000, 1171.000000, 4175.000000,     small-vehicle,     214
984.000000, 4095.000000, 1048.000000, 4090.000000, 1046.000000, 4131.000000, 984.000000, 4135.000000,     small-vehicle,     217
2037.000000, 3233.000000, 2060.000000, 3232.000000, 2062.000000, 3281.000000, 2038.000000, 3282.000000,     small-vehicle,     223
2310.000000, 3518.000000, 2346.000000, 3516.000000, 2351.000000, 3628.000000, 2314.000000, 3631.000000,     large-vehicle,     230
1910.000000, 4016.000000, 2009.000000, 4009.000000, 2011.000000, 4067.000000, 1910.000000, 4074.000000,     large-vehicle,     231
2054.000000, 3016.000000, 2094.000000, 3015.000000, 2095.000000, 3107.000000, 2056.000000, 3107.000000,     large-vehicle,     232
707.000000, 4172.000000, 789.000000, 4167.000000, 789.000000, 4217.000000, 706.000000, 4223.000000,     large-vehicle,     236
939.000000, 4153.000000, 1043.000000, 4145.000000, 1042.000000, 4197.000000, 937.000000, 4204.000000,     large-vehicle,     237
2406.000000, 3866.000000, 2445.000000, 3864.000000, 2448.000000, 3962.000000, 2412.000000, 3966.000000,     large-vehicle,     239
1651.000000, 4037.000000, 1717.000000, 4033.000000, 1718.000000, 4077.000000, 1651.000000, 4082.000000,     large-vehicle,     240
2952.000000, 3715.000000, 3028.000000, 3710.000000, 3030.000000, 3745.000000, 2954.000000, 3751.000000,     large-vehicle,     242
557.000000, 4150.000000, 619.000000, 4146.000000, 619.000000, 4182.000000, 557.000000, 4186.000000,     small-vehicle,     317
3177.000000, 2499.000000, 3233.000000, 2499.000000, 3236.000000, 2532.000000, 3180.000000, 2533.000000,     small-vehicle,     330
3806.000000, 3756.000000, 3879.000000, 3751.000000, 3884.000000, 3795.000000, 3810.000000, 3802.000000,     small-vehicle,     334
1115.000000, 3372.000000, 1179.000000, 3369.000000, 1179.000000, 3404.000000, 1114.000000, 3408.000000,     small-vehicle,     337
3410.000000, 2471.000000, 3479.000000, 2470.000000, 3483.000000, 2533.000000, 3415.000000, 2535.000000,     large-vehicle,     345
2106.000000, 3179.000000, 2137.000000, 3176.000000, 2139.000000, 3252.000000, 2109.000000, 3255.000000,     small-vehicle,     353
1273.000000, 3370.000000, 1338.000000, 3366.000000, 1338.000000, 3403.000000, 1273.000000, 3407.000000,     small-vehicle,     360
3485.000000, 2476.000000, 3551.000000, 2476.000000, 3553.000000, 2507.000000, 3487.000000, 2509.000000,     small-vehicle,     382
825.000000, 4083.000000, 888.000000, 4078.000000, 887.000000, 4116.000000, 823.000000, 4120.000000,     small-vehicle,     383
3560.000000, 2462.000000, 3622.000000, 2462.000000, 3624.000000, 2495.000000, 3562.000000, 2496.000000,     small-vehicle,     385
2817.000000, 2606.000000, 2876.000000, 2604.000000, 2880.000000, 2659.000000, 2820.000000, 2660.000000,     small-vehicle,     386
1221.000000, 4011.000000, 1292.000000, 4007.000000, 1292.000000, 4041.000000, 1221.000000, 4047.000000,     small-vehicle,     409
2178.000000, 3038.000000, 2212.000000, 3038.000000, 2215.000000, 3116.000000, 2180.000000, 3118.000000,     small-vehicle,     421
2196.000000, 3225.000000, 2224.000000, 3225.000000, 2226.000000, 3299.000000, 2197.000000, 3300.000000,     small-vehicle,     431
1988.000000, 2399.000000, 2013.000000, 2399.000000, 2015.000000, 2464.000000, 1988.000000, 2465.000000,     small-vehicle,     432
2015.000000, 2389.000000, 2043.000000, 2388.000000, 2044.000000, 2454.000000, 2018.000000, 2455.000000,     small-vehicle,     433
1201.000000, 3374.000000, 1260.000000, 3371.000000, 1260.000000, 3398.000000, 1201.000000, 3402.000000,     small-vehicle,     438
3066.000000, 2560.000000, 3126.000000, 2560.000000, 3129.000000, 2592.000000, 3068.000000, 2594.000000,     small-vehicle,     445
2141.000000, 2956.000000, 2166.000000, 2954.000000, 2169.000000, 3022.000000, 2144.000000, 3023.000000,     small-vehicle,     457
3348.000000, 3764.000000, 3415.000000, 3759.000000, 3418.000000, 3796.000000, 3351.000000, 3800.000000,     small-vehicle,     462
1852.000000, 4054.000000, 1913.000000, 4051.000000, 1914.000000, 4098.000000, 1852.000000, 4103.000000,     small-vehicle,     463
3117.000000, 2601.000000, 3177.000000, 2601.000000, 3180.000000, 2631.000000, 3120.000000, 2633.000000,     small-vehicle,     465
2274.000000, 2313.000000, 2300.000000, 2312.000000, 2304.000000, 2389.000000, 2276.000000, 2391.000000,     small-vehicle,     484
255.000000, 2896.000000, 336.000000, 2893.000000, 335.000000, 2915.000000, 255.000000, 2918.000000,     large-vehicle,     498
1981.000000, 2337.000000, 2010.000000, 2335.000000, 2011.000000, 2396.000000, 1983.000000, 2397.000000,     small-vehicle,     506
79.000000, 2811.000000, 134.000000, 2809.000000, 132.000000, 2842.000000, 78.000000, 2845.000000,     small-vehicle,     511
2094.000000, 2792.000000, 2122.000000, 2790.000000, 2124.000000, 2858.000000, 2096.000000, 2859.000000,     small-vehicle,     531
1556.000000, 4179.000000, 1609.000000, 4176.000000, 1609.000000, 4234.000000, 1557.000000, 4238.000000,     small-vehicle,     537
2869.000000, 3736.000000, 2939.000000, 3731.000000, 2941.000000, 3774.000000, 2871.000000, 3779.000000,     large-vehicle,     553
2253.000000, 2185.000000, 2276.000000, 2185.000000, 2279.000000, 2243.000000, 2255.000000, 2243.000000,     small-vehicle,     564
2286.000000, 2195.000000, 2316.000000, 2195.000000, 2317.000000, 2258.000000, 2289.000000, 2260.000000,     small-vehicle,     568
501.000000, 4053.000000, 571.000000, 4048.000000, 570.000000, 4086.000000, 499.000000, 4090.000000,     small-vehicle,     569
1645.000000, 2696.000000, 1704.000000, 2695.000000, 1704.000000, 2719.000000, 1645.000000, 2721.000000,     small-vehicle,     575
3506.000000, 2559.000000, 3571.000000, 2557.000000, 3573.000000, 2588.000000, 3508.000000, 2589.000000,     small-vehicle,     577
3629.000000, 2451.000000, 3691.000000, 2449.000000, 3694.000000, 2487.000000, 3632.000000, 2488.000000,     small-vehicle,     578
2582.000000, 3860.000000, 2644.000000, 3856.000000, 2644.000000, 3889.000000, 2583.000000, 3893.000000,     small-vehicle,     583
2279.000000, 2116.000000, 2306.000000, 2117.000000, 2309.000000, 2180.000000, 2282.000000, 2182.000000,     small-vehicle,     590
2036.000000, 3117.000000, 2075.000000, 3115.000000, 2076.000000, 3186.000000, 2038.000000, 3187.000000,     small-vehicle,     591
1989.000000, 2139.000000, 2020.000000, 2140.000000, 2022.000000, 2211.000000, 1989.000000, 2212.000000,     small-vehicle,     593
2689.000000, 2646.000000, 2742.000000, 2644.000000, 2744.000000, 2675.000000, 2690.000000, 2677.000000,     small-vehicle,     614
1060.000000, 4021.000000, 1118.000000, 4016.000000, 1118.000000, 4056.000000, 1059.000000, 4060.000000,     small-vehicle,     615
2262.000000, 2035.000000, 2290.000000, 2035.000000, 2292.000000, 2096.000000, 2265.000000, 2097.000000,     small-vehicle,     632
2047.000000, 2339.000000, 2077.000000, 2338.000000, 2079.000000, 2420.000000, 2049.000000, 2420.000000,     small-vehicle,     635
2946.000000, 2618.000000, 3007.000000, 2615.000000, 3009.000000, 2649.000000, 2949.000000, 2649.000000,     small-vehicle,     636
3728.000000, 3705.000000, 3799.000000, 3701.000000, 3803.000000, 3744.000000, 3732.000000, 3749.000000,     small-vehicle,     637
1991.000000, 2017.000000, 2019.000000, 2015.000000, 2021.000000, 2084.000000, 1992.000000, 2084.000000,     small-vehicle,     638
1955.000000, 1974.000000, 1983.000000, 1974.000000, 1985.000000, 2035.000000, 1956.000000, 2034.000000,     small-vehicle,     660
299.000000, 4060.000000, 361.000000, 4056.000000, 360.000000, 4096.000000, 297.000000, 4101.000000,     small-vehicle,     661
2082.000000, 2212.000000, 2108.000000, 2212.000000, 2111.000000, 2278.000000, 2084.000000, 2278.000000,     small-vehicle,     663
2279.000000, 3415.000000, 2313.000000, 3413.000000, 2316.000000, 3489.000000, 2281.000000, 3491.000000,     small-vehicle,     664
1771.000000, 4070.000000, 1837.000000, 4065.000000, 1838.000000, 4102.000000, 1773.000000, 4107.000000,     small-vehicle,     665
2263.000000, 1952.000000, 2290.000000, 1953.000000, 2293.000000, 2016.000000, 2266.000000, 2017.000000,     small-vehicle,     666
2158.000000, 2779.000000, 2188.000000, 2778.000000, 2190.000000, 2838.000000, 2161.000000, 2838.000000,     small-vehicle,     667
525.000000, 2017.000000, 588.000000, 2017.000000, 586.000000, 2047.000000, 523.000000, 2047.000000,     small-vehicle,     668
74.000000, 4133.000000, 158.000000, 4126.000000, 157.000000, 4172.000000, 73.000000, 4178.000000,     small-vehicle,     672
211.000000, 4166.000000, 287.000000, 4160.000000, 285.000000, 4204.000000, 210.000000, 4208.000000,     large-vehicle,     676
3781.000000, 3901.000000, 3849.000000, 3896.000000, 3852.000000, 3933.000000, 3784.000000, 3938.000000,     small-vehicle,     686
436.000000, 2903.000000, 499.000000, 2900.000000, 497.000000, 2932.000000, 435.000000, 2934.000000,     small-vehicle,     687
2776.000000, 3743.000000, 2850.000000, 3739.000000, 2853.000000, 3776.000000, 2779.000000, 3781.000000,     large-vehicle,     692
1804.000000, 3810.000000, 1867.000000, 3807.000000, 1868.000000, 3851.000000, 1805.000000, 3856.000000,     large-vehicle,     693
2669.000000, 3843.000000, 2779.000000, 3836.000000, 2780.000000, 3884.000000, 2672.000000, 3890.000000,     large-vehicle,     697
1949.000000, 1903.000000, 1976.000000, 1903.000000, 1976.000000, 1959.000000, 1951.000000, 1960.000000,     small-vehicle,     704
2015.000000, 3951.000000, 2081.000000, 3946.000000, 2082.000000, 3984.000000, 2015.000000, 3988.000000,     small-vehicle,     706
684.000000, 2850.000000, 750.000000, 2848.000000, 749.000000, 2908.000000, 682.000000, 2911.000000,     small-vehicle,     708
2258.000000, 1864.000000, 2284.000000, 1864.000000, 2285.000000, 1926.000000, 2260.000000, 1926.000000,     small-vehicle,     718
2328.000000, 3234.000000, 2360.000000, 3233.000000, 2363.000000, 3308.000000, 2331.000000, 3310.000000,     large-vehicle,     720
1336.000000, 4035.000000, 1406.000000, 4030.000000, 1406.000000, 4068.000000, 1336.000000, 4073.000000,     large-vehicle,     724
2696.000000, 2550.000000, 2756.000000, 2549.000000, 2757.000000, 2584.000000, 2697.000000, 2586.000000,     large-vehicle,     727
2301.000000, 2854.000000, 2334.000000, 2854.000000, 2337.000000, 2926.000000, 2303.000000, 2927.000000,     small-vehicle,     729
609.000000, 2012.000000, 705.000000, 2011.000000, 704.000000, 2047.000000, 608.000000, 2046.000000,     small-vehicle,     732
2564.000000, 2659.000000, 2617.000000, 2656.000000, 2618.000000, 2684.000000, 2566.000000, 2684.000000,     small-vehicle,     736
3023.000000, 2611.000000, 3086.000000, 2609.000000, 3089.000000, 2644.000000, 3025.000000, 2646.000000,     small-vehicle,     737
1391.000000, 3542.000000, 1409.000000, 3540.000000, 1409.000000, 3579.000000, 1391.000000, 3580.000000,     small-vehicle,     739
2032.000000, 2036.000000, 2065.000000, 2037.000000, 2068.000000, 2121.000000, 2035.000000, 2123.000000,     large-vehicle,     744
-32.000000, 4180.000000, 32.000000, 4175.000000, 31.000000, 4212.000000, -33.000000, 4216.000000,     small-vehicle,     755
2500.000000, 2664.000000, 2556.000000, 2662.000000, 2558.000000, 2696.000000, 2501.000000, 2698.000000,     small-vehicle,     756
2612.000000, 3933.000000, 2672.000000, 3929.000000, 2675.000000, 3969.000000, 2613.000000, 3975.000000,     small-vehicle,     757
142.000000, 4085.000000, 212.000000, 4081.000000, 211.000000, 4119.000000, 140.000000, 4124.000000,     small-vehicle,     759
3439.000000, 3756.000000, 3507.000000, 3750.000000, 3510.000000, 3792.000000, 3441.000000, 3797.000000,     small-vehicle,     760
2216.000000, 1765.000000, 2245.000000, 1765.000000, 2248.000000, 1839.000000, 2218.000000, 1840.000000,     small-vehicle,     761
1943.000000, 1820.000000, 1971.000000, 1821.000000, 1974.000000, 1885.000000, 1944.000000, 1885.000000,     small-vehicle,     762
2343.000000, 3809.000000, 2390.000000, 3807.000000, 2393.000000, 3900.000000, 2346.000000, 3904.000000,     small-vehicle,     763
1850.000000, 2700.000000, 1906.000000, 2697.000000, 1907.000000, 2722.000000, 1850.000000, 2723.000000,     small-vehicle,     765
3724.000000, 2528.000000, 3784.000000, 2526.000000, 3787.000000, 2565.000000, 3727.000000, 2567.000000,     small-vehicle,     767
613.000000, 2019.000000, 706.000000, 2019.000000, 705.000000, 2061.000000, 612.000000, 2060.000000,     large-vehicle,     772
2040.000000, 1849.000000, 2071.000000, 1848.000000, 2073.000000, 1926.000000, 2042.000000, 1925.000000,     large-vehicle,     774
2663.000000, 3782.000000, 2744.000000, 3776.000000, 2747.000000, 3820.000000, 2665.000000, 3825.000000,     large-vehicle,     775
2560.000000, 2530.000000, 2611.000000, 2530.000000, 2613.000000, 2563.000000, 2562.000000, 2565.000000,     large-vehicle,     778
2065.000000, 3210.000000, 2095.000000, 3210.000000, 2097.000000, 3286.000000, 2067.000000, 3287.000000,     large-vehicle,     780
2065.000000, 3182.000000, 2094.000000, 3181.000000, 2097.000000, 3257.000000, 2066.000000, 3258.000000,     small-vehicle,     782
2563.000000, 2563.000000, 2615.000000, 2561.000000, 2616.000000, 2595.000000, 2564.000000, 2596.000000,     small-vehicle,     783
2045.000000, 1878.000000, 2072.000000, 1878.000000, 2073.000000, 1954.000000, 2048.000000, 1954.000000,     small-vehicle,     784
3002.000000, 3780.000000, 3065.000000, 3776.000000, 3068.000000, 3813.000000, 3005.000000, 3818.000000,     small-vehicle,     785
1335.000000, 4059.000000, 1402.000000, 4053.000000, 1403.000000, 4092.000000, 1335.000000, 4096.000000,     small-vehicle,     786
2327.000000, 3211.000000, 2357.000000, 3209.000000, 2361.000000, 3287.000000, 2329.000000, 3288.000000,     small-vehicle,     787
3216.000000, 2594.000000, 3266.000000, 2592.000000, 3268.000000, 2617.000000, 3217.000000, 2617.000000,     small-vehicle,     789
1779.000000, 3926.000000, 1839.000000, 3921.000000, 1841.000000, 3952.000000, 1779.000000, 3957.000000,     small-vehicle,     790
3647.000000, 2540.000000, 3711.000000, 2538.000000, 3715.000000, 2576.000000, 3650.000000, 2577.000000,     small-vehicle,     792
2768.000000, 3788.000000, 2834.000000, 3784.000000, 2837.000000, 3822.000000, 2770.000000, 3828.000000,     small-vehicle,     793
1799.000000, 3818.000000, 1867.000000, 3815.000000, 1868.000000, 3862.000000, 1800.000000, 3867.000000,     small-vehicle,     796
76.000000, 4127.000000, 159.000000, 4121.000000, 157.000000, 4167.000000, 74.000000, 4173.000000,     small-vehicle,     798
2666.000000, 3779.000000, 2743.000000, 3773.000000, 2745.000000, 3814.000000, 2667.000000, 3820.000000,     small-vehicle,     799
2299.000000, 2827.000000, 2332.000000, 2825.000000, 2334.000000, 2898.000000, 2302.000000, 2899.000000,     large-vehicle,     800
3020.000000, 2607.000000, 3086.000000, 2605.000000, 3087.000000, 2641.000000, 3022.000000, 2642.000000,     large-vehicle,     801
2766.000000, 3763.000000, 2835.000000, 3758.000000, 2836.000000, 3796.000000, 2769.000000, 3801.000000,     large-vehicle,     802
1780.000000, 3898.000000, 1836.000000, 3894.000000, 1837.000000, 3929.000000, 1781.000000, 3934.000000,     large-vehicle,     804
2619.000000, 3950.000000, 2684.000000, 3945.000000, 2685.000000, 3987.000000, 2621.000000, 3991.000000,     large-vehicle,     807
1337.000000, 4039.000000, 1407.000000, 4034.000000, 1407.000000, 4074.000000, 1337.000000, 4078.000000,     large-vehicle,     808
2344.000000, 3812.000000, 2390.000000, 3809.000000, 2393.000000, 3905.000000, 2347.000000, 3908.000000,     large-vehicle,     809
3436.000000, 3739.000000, 3506.000000, 3735.000000, 3509.000000, 3772.000000, 3438.000000, 3777.000000,     large-vehicle,     810
3001.000000, 3764.000000, 3061.000000, 3759.000000, 3064.000000, 3799.000000, 3003.000000, 3803.000000,     large-vehicle,     811
2193.000000, 3209.000000, 2224.000000, 3206.000000, 2226.000000, 3285.000000, 2194.000000, 3287.000000,     large-vehicle,     812
1930.000000, 1688.000000, 1958.000000, 1688.000000, 1960.000000, 1755.000000, 1931.000000, 1755.000000,     small-vehicle,     813
2694.000000, 2534.000000, 2756.000000, 2533.000000, 2757.000000, 2571.000000, 2697.000000, 2571.000000,     small-vehicle,     814
3318.000000, 1731.000000, 3340.000000, 1731.000000, 3345.000000, 1786.000000, 3323.000000, 1785.000000,     small-vehicle,     815
2028.000000, 1703.000000, 2058.000000, 1703.000000, 2060.000000, 1767.000000, 2030.000000, 1766.000000,     small-vehicle,     816
2065.000000, 3198.000000, 2096.000000, 3195.000000, 2098.000000, 3275.000000, 2066.000000, 3277.000000,     small-vehicle,     817
2434.000000, 1712.000000, 2480.000000, 1713.000000, 2481.000000, 1735.000000, 2435.000000, 1736.000000,     small-vehicle,     818
3020.000000, 2602.000000, 3086.000000, 2599.000000, 3087.000000, 2633.000000, 3022.000000, 2635.000000,     small-vehicle,     819
2631.000000, 3968.000000, 2693.000000, 3963.000000, 2696.000000, 4003.000000, 2633.000000, 4008.000000,     small-vehicle,     820
2328.000000, 3225.000000, 2358.000000, 3224.000000, 2361.000000, 3303.000000, 2329.000000, 3305.000000,     small-vehicle,     821
211.000000, 4154.000000, 287.000000, 4149.000000, 286.000000, 4191.000000, 210.000000, 4196.000000,     small-vehicle,     822
3598.000000, 2553.000000, 3643.000000, 2550.000000, 3645.000000, 2577.000000, 3601.000000, 2579.000000,     small-vehicle,     823
2634.000000, 2639.000000, 2681.000000, 2636.000000, 2685.000000, 2698.000000, 2637.000000, 2699.000000,     small-vehicle,     824
531.000000, 2887.000000, 574.000000, 2886.000000, 573.000000, 2913.000000, 529.000000, 2915.000000,     small-vehicle,     825
2777.000000, 3745.000000, 2851.000000, 3741.000000, 2853.000000, 3774.000000, 2780.000000, 3779.000000,     small-vehicle,     826
1540.000000, 2614.000000, 1592.000000, 2613.000000, 1593.000000, 2641.000000, 1541.000000, 2642.000000,     small-vehicle,     827
2041.000000, 1864.000000, 2072.000000, 1864.000000, 2073.000000, 1941.000000, 2044.000000, 1940.000000,     large-vehicle,     828
2767.000000, 3787.000000, 2837.000000, 3782.000000, 2839.000000, 3820.000000, 2769.000000, 3825.000000,     large-vehicle,     829
2299.000000, 2848.000000, 2333.000000, 2847.000000, 2336.000000, 2923.000000, 2302.000000, 2924.000000,     large-vehicle,     830
