2221.000000, 2026.000000, 2252.000000, 2025.000000, 2252.000000, 2095.000000, 2220.000000, 2096.000000,     small-vehicle,     1290
1302.000000, 1923.000000, 1329.000000, 1922.000000, 1329.000000, 1984.000000, 1301.000000, 1986.000000,     small-vehicle,     1333
1966.000000, 1856.000000, 1993.000000, 1855.000000, 1992.000000, 1906.000000, 1966.000000, 1907.000000,     small-vehicle,     1337
2264.000000, 1793.000000, 2289.000000, 1792.000000, 2289.000000, 1857.000000, 2264.000000, 1858.000000,     small-vehicle,     1342
1299.000000, 1854.000000, 1322.000000, 1853.000000, 1322.000000, 1912.000000, 1299.000000, 1914.000000,     small-vehicle,     1348
1987.000000, 1725.000000, 2018.000000, 1723.000000, 2018.000000, 1779.000000, 1987.000000, 1780.000000,     small-vehicle,     1360
2255.000000, 1724.000000, 2288.000000, 1723.000000, 2288.000000, 1789.000000, 2254.000000, 1790.000000,     small-vehicle,     1361
563.000000, 1810.000000, 616.000000, 1807.000000, 616.000000, 1839.000000, 563.000000, 1842.000000,     small-vehicle,     1369
1387.000000, 1752.000000, 1449.000000, 1749.000000, 1449.000000, 1780.000000, 1387.000000, 1783.000000,     small-vehicle,     1379
1259.000000, 1689.000000, 1321.000000, 1686.000000, 1321.000000, 1728.000000, 1259.000000, 1731.000000,     small-vehicle,     1387
1292.000000, 1616.000000, 1319.000000, 1615.000000, 1319.000000, 1677.000000, 1292.000000, 1679.000000,     small-vehicle,     1399
2797.000000, 1668.000000, 2853.000000, 1665.000000, 2853.000000, 1693.000000, 2797.000000, 1695.000000,     small-vehicle,     1416
1468.000000, 1748.000000, 1512.000000, 1746.000000, 1512.000000, 1775.000000, 1467.000000, 1777.000000,     small-vehicle,     1423
1282.000000, 1358.000000, 1308.000000, 1357.000000, 1308.000000, 1413.000000, 1282.000000, 1414.000000,     small-vehicle,     1451
1964.000000, 1334.000000, 1991.000000, 1333.000000, 1990.000000, 1387.000000, 1964.000000, 1388.000000,     small-vehicle,     1452
2944.000000, 1278.000000, 2978.000000, 1277.000000, 2978.000000, 1346.000000, 2943.000000, 1347.000000,     small-vehicle,     1453
2256.000000, 1229.000000, 2288.000000, 1228.000000, 2288.000000, 1293.000000, 2255.000000, 1294.000000,     small-vehicle,     1458
2227.000000, 1232.000000, 2253.000000, 1230.000000, 2252.000000, 1292.000000, 2227.000000, 1293.000000,     small-vehicle,     1459
1649.000000, 1735.000000, 1704.000000, 1732.000000, 1704.000000, 1759.000000, 1649.000000, 1761.000000,     small-vehicle,     1460
1273.000000, 1265.000000, 1297.000000, 1264.000000, 1297.000000, 1318.000000, 1273.000000, 1319.000000,     small-vehicle,     1462
2226.000000, 1155.000000, 2255.000000, 1154.000000, 2255.000000, 1218.000000, 2226.000000, 1219.000000,     small-vehicle,     1467
1722.000000, 1728.000000, 1786.000000, 1725.000000, 1786.000000, 1752.000000, 1722.000000, 1755.000000,     small-vehicle,     1468
2260.000000, 1176.000000, 2289.000000, 1174.000000, 2288.000000, 1219.000000, 2260.000000, 1221.000000,     small-vehicle,     1478
1929.000000, 1125.000000, 1953.000000, 1123.000000, 1952.000000, 1178.000000, 1929.000000, 1179.000000,     small-vehicle,     1479
1954.000000, 1068.000000, 1977.000000, 1067.000000, 1976.000000, 1137.000000, 1954.000000, 1138.000000,     small-vehicle,     1499
2360.000000, 1004.000000, 2427.000000, 1001.000000, 2427.000000, 1029.000000, 2360.000000, 1032.000000,     small-vehicle,     1500
1255.000000, 1032.000000, 1278.000000, 1031.000000, 1278.000000, 1079.000000, 1254.000000, 1080.000000,     small-vehicle,     1507
1572.000000, 1740.000000, 1638.000000, 1737.000000, 1638.000000, 1764.000000, 1572.000000, 1767.000000,     small-vehicle,     1508
2208.000000, 930.000000, 2237.000000, 928.000000, 2237.000000, 985.000000, 2208.000000, 986.000000,     small-vehicle,     1509
2593.000000, 977.000000, 2648.000000, 975.000000, 2648.000000, 999.000000, 2593.000000, 1002.000000,     small-vehicle,     1511
2929.000000, 922.000000, 2957.000000, 921.000000, 2957.000000, 988.000000, 2929.000000, 989.000000,     small-vehicle,     1515
1251.000000, 979.000000, 1280.000000, 978.000000, 1279.000000, 1030.000000, 1251.000000, 1031.000000,     small-vehicle,     1517
255.000000, 1788.000000, 311.000000, 1785.000000, 311.000000, 1828.000000, 255.000000, 1830.000000,     small-vehicle,     1518
1915.000000, 887.000000, 1942.000000, 886.000000, 1941.000000, 944.000000, 1915.000000, 945.000000,     small-vehicle,     1522
2232.000000, 868.000000, 2262.000000, 866.000000, 2262.000000, 926.000000, 2232.000000, 927.000000,     small-vehicle,     1529
2492.000000, 1677.000000, 2548.000000, 1675.000000, 2548.000000, 1705.000000, 2492.000000, 1707.000000,     small-vehicle,     1530
2616.000000, 1676.000000, 2670.000000, 1673.000000, 2670.000000, 1702.000000, 2616.000000, 1705.000000,     small-vehicle,     1531
2446.000000, 996.000000, 2507.000000, 993.000000, 2507.000000, 1021.000000, 2446.000000, 1023.000000,     small-vehicle,     1532
2517.000000, 987.000000, 2576.000000, 985.000000, 2576.000000, 1011.000000, 2516.000000, 1014.000000,     small-vehicle,     1533
2230.000000, 786.000000, 2258.000000, 784.000000, 2257.000000, 839.000000, 2230.000000, 840.000000,     small-vehicle,     1536
1912.000000, 814.000000, 1942.000000, 812.000000, 1942.000000, 877.000000, 1912.000000, 879.000000,     small-vehicle,     1537
1251.000000, 810.000000, 1274.000000, 809.000000, 1274.000000, 862.000000, 1251.000000, 863.000000,     small-vehicle,     1548
1919.000000, 745.000000, 1945.000000, 744.000000, 1945.000000, 805.000000, 1919.000000, 806.000000,     small-vehicle,     1549
2228.000000, 708.000000, 2257.000000, 706.000000, 2257.000000, 766.000000, 2228.000000, 767.000000,     small-vehicle,     1552
1243.000000, 728.000000, 1270.000000, 727.000000, 1270.000000, 787.000000, 1243.000000, 788.000000,     small-vehicle,     1554
1903.000000, 670.000000, 1929.000000, 669.000000, 1929.000000, 723.000000, 1902.000000, 724.000000,     small-vehicle,     1562
1929.000000, 617.000000, 1954.000000, 616.000000, 1954.000000, 672.000000, 1928.000000, 673.000000,     small-vehicle,     1566
2916.000000, 692.000000, 2943.000000, 691.000000, 2942.000000, 751.000000, 2915.000000, 752.000000,     small-vehicle,     1567
2192.000000, 603.000000, 2226.000000, 602.000000, 2225.000000, 665.000000, 2192.000000, 666.000000,     small-vehicle,     1571
686.000000, 634.000000, 741.000000, 631.000000, 741.000000, 659.000000, 686.000000, 662.000000,     small-vehicle,     1573
817.000000, 622.000000, 871.000000, 619.000000, 871.000000, 647.000000, 817.000000, 649.000000,     small-vehicle,     1574
397.000000, 640.000000, 454.000000, 638.000000, 454.000000, 669.000000, 398.000000, 671.000000,     small-vehicle,     1575
886.000000, 618.000000, 940.000000, 616.000000, 940.000000, 643.000000, 886.000000, 645.000000,     small-vehicle,     1576
472.000000, 643.000000, 519.000000, 641.000000, 519.000000, 668.000000, 472.000000, 670.000000,     small-vehicle,     1578
754.000000, 626.000000, 803.000000, 624.000000, 803.000000, 651.000000, 754.000000, 653.000000,     small-vehicle,     1585
1732.000000, 529.000000, 1788.000000, 526.000000, 1788.000000, 557.000000, 1732.000000, 560.000000,     small-vehicle,     1586
1620.000000, 535.000000, 1670.000000, 532.000000, 1670.000000, 560.000000, 1620.000000, 562.000000,     small-vehicle,     1588
1235.000000, 583.000000, 1284.000000, 581.000000, 1284.000000, 605.000000, 1235.000000, 607.000000,     small-vehicle,     1589
1470.000000, 557.000000, 1520.000000, 555.000000, 1520.000000, 584.000000, 1470.000000, 586.000000,     small-vehicle,     1590
351.000000, 580.000000, 374.000000, 579.000000, 374.000000, 623.000000, 351.000000, 624.000000,     small-vehicle,     1594
2395.000000, 450.000000, 2459.000000, 447.000000, 2459.000000, 479.000000, 2395.000000, 482.000000,     small-vehicle,     1600
656.000000, 1364.000000, 686.000000, 1363.000000, 686.000000, 1423.000000, 656.000000, 1424.000000,     small-vehicle,     1601
1916.000000, 450.000000, 1947.000000, 448.000000, 1947.000000, 502.000000, 1916.000000, 503.000000,     small-vehicle,     1602
3506.000000, 369.000000, 3564.000000, 366.000000, 3564.000000, 398.000000, 3505.000000, 401.000000,     small-vehicle,     1610
2590.000000, 433.000000, 2651.000000, 430.000000, 2651.000000, 455.000000, 2590.000000, 457.000000,     small-vehicle,     1612
2876.000000, 393.000000, 2941.000000, 391.000000, 2941.000000, 426.000000, 2876.000000, 429.000000,     small-vehicle,     1614
281.000000, 491.000000, 330.000000, 489.000000, 330.000000, 551.000000, 281.000000, 553.000000,     small-vehicle,     1615
2663.000000, 426.000000, 2712.000000, 424.000000, 2712.000000, 444.000000, 2663.000000, 446.000000,     small-vehicle,     1621
2191.000000, 411.000000, 2213.000000, 410.000000, 2212.000000, 463.000000, 2191.000000, 464.000000,     small-vehicle,     1623
3435.000000, 336.000000, 3503.000000, 333.000000, 3503.000000, 367.000000, 3435.000000, 370.000000,     small-vehicle,     1628
3360.000000, 342.000000, 3421.000000, 340.000000, 3420.000000, 372.000000, 3360.000000, 374.000000,     small-vehicle,     1631
48.000000, 564.000000, 101.000000, 562.000000, 101.000000, 600.000000, 48.000000, 602.000000,     small-vehicle,     1632
2180.000000, 335.000000, 2210.000000, 334.000000, 2210.000000, 403.000000, 2180.000000, 404.000000,     small-vehicle,     1633
3649.000000, 309.000000, 3700.000000, 307.000000, 3700.000000, 339.000000, 3648.000000, 341.000000,     small-vehicle,     1636
1886.000000, 273.000000, 1914.000000, 272.000000, 1914.000000, 332.000000, 1886.000000, 333.000000,     small-vehicle,     1637
3177.000000, 241.000000, 3210.000000, 240.000000, 3210.000000, 303.000000, 3177.000000, 304.000000,     small-vehicle,     1638
399.000000, 370.000000, 421.000000, 369.000000, 421.000000, 425.000000, 399.000000, 426.000000,     small-vehicle,     1643
463.000000, 338.000000, 516.000000, 336.000000, 516.000000, 382.000000, 463.000000, 384.000000,     small-vehicle,     1646
321.000000, 348.000000, 344.000000, 347.000000, 344.000000, 394.000000, 321.000000, 395.000000,     small-vehicle,     1650
2922.000000, 796.000000, 2954.000000, 795.000000, 2953.000000, 857.000000, 2922.000000, 858.000000,     small-vehicle,     1651
2203.000000, 199.000000, 2233.000000, 198.000000, 2233.000000, 262.000000, 2202.000000, 264.000000,     small-vehicle,     1656
3359.000000, 1027.000000, 3429.000000, 1024.000000, 3429.000000, 1047.000000, 3359.000000, 1050.000000,     small-vehicle,     1657
1882.000000, 203.000000, 1911.000000, 202.000000, 1911.000000, 260.000000, 1882.000000, 262.000000,     small-vehicle,     1658
1001.000000, 660.000000, 1048.000000, 658.000000, 1048.000000, 686.000000, 1001.000000, 688.000000,     small-vehicle,     1659
2990.000000, 1056.000000, 3056.000000, 1053.000000, 3056.000000, 1086.000000, 2990.000000, 1089.000000,     small-vehicle,     1664
3173.000000, 157.000000, 3210.000000, 155.000000, 3209.000000, 216.000000, 3173.000000, 218.000000,     small-vehicle,     1665
321.000000, 277.000000, 348.000000, 275.000000, 348.000000, 331.000000, 321.000000, 333.000000,     small-vehicle,     1666
2921.000000, 863.000000, 2954.000000, 861.000000, 2954.000000, 927.000000, 2920.000000, 929.000000,     small-vehicle,     1667
515.000000, 928.000000, 572.000000, 926.000000, 572.000000, 955.000000, 515.000000, 957.000000,     small-vehicle,     1669
2506.000000, 1056.000000, 2570.000000, 1053.000000, 2570.000000, 1084.000000, 2506.000000, 1087.000000,     small-vehicle,     1671
2166.000000, 131.000000, 2193.000000, 130.000000, 2193.000000, 188.000000, 2166.000000, 189.000000,     small-vehicle,     1680
1911.000000, 164.000000, 1934.000000, 163.000000, 1934.000000, 220.000000, 1911.000000, 221.000000,     small-vehicle,     1683
1885.000000, 135.000000, 1909.000000, 134.000000, 1909.000000, 191.000000, 1884.000000, 192.000000,     small-vehicle,     1687
3200.000000, 436.000000, 3264.000000, 433.000000, 3264.000000, 466.000000, 3200.000000, 469.000000,     small-vehicle,     1688
2910.000000, 576.000000, 2937.000000, 575.000000, 2937.000000, 619.000000, 2909.000000, 621.000000,     small-vehicle,     1689
322.000000, 214.000000, 351.000000, 213.000000, 351.000000, 266.000000, 322.000000, 267.000000,     small-vehicle,     1690
450.000000, 935.000000, 512.000000, 933.000000, 512.000000, 957.000000, 450.000000, 960.000000,     small-vehicle,     1691
2420.000000, 524.000000, 2471.000000, 522.000000, 2471.000000, 544.000000, 2420.000000, 546.000000,     small-vehicle,     1693
2199.000000, 110.000000, 2227.000000, 108.000000, 2227.000000, 165.000000, 2199.000000, 166.000000,     small-vehicle,     1697
1910.000000, 83.000000, 1939.000000, 81.000000, 1938.000000, 150.000000, 1909.000000, 151.000000,     small-vehicle,     1699
2809.000000, 1035.000000, 2867.000000, 1032.000000, 2867.000000, 1059.000000, 2809.000000, 1062.000000,     small-vehicle,     1702
2198.000000, 37.000000, 2227.000000, 35.000000, 2227.000000, 85.000000, 2198.000000, 86.000000,     small-vehicle,     1705
2144.000000, -59.000000, 2190.000000, -61.000000, 2189.000000, 15.000000, 2144.000000, 17.000000,     small-vehicle,     1706
1894.000000, -21.000000, 1922.000000, -22.000000, 1922.000000, 38.000000, 1894.000000, 39.000000,     small-vehicle,     1708
1874.000000, 50.000000, 1903.000000, 49.000000, 1903.000000, 109.000000, 1874.000000, 110.000000,     small-vehicle,     1709
196.000000, 696.000000, 239.000000, 694.000000, 239.000000, 758.000000, 196.000000, 759.000000,     small-vehicle,     1710
1912.000000, 977.000000, 1941.000000, 976.000000, 1941.000000, 1021.000000, 1912.000000, 1022.000000,     small-vehicle,     1712
3357.000000, 1664.000000, 3405.000000, 1662.000000, 3405.000000, 1686.000000, 3357.000000, 1688.000000,     small-vehicle,     1714
3175.000000, -86.000000, 3206.000000, -88.000000, 3206.000000, -26.000000, 3174.000000, -24.000000,     small-vehicle,     1715
353.000000, 1843.000000, 412.000000, 1840.000000, 412.000000, 1861.000000, 353.000000, 1864.000000,     small-vehicle,     1716
2239.000000, 640.000000, 2258.000000, 639.000000, 2258.000000, 687.000000, 2239.000000, 688.000000,     small-vehicle,     1719
2679.000000, -80.000000, 2708.000000, -81.000000, 2708.000000, -22.000000, 2679.000000, -21.000000,     small-vehicle,     1727
2601.000000, -79.000000, 2628.000000, -80.000000, 2628.000000, -16.000000, 2600.000000, -15.000000,     small-vehicle,     1728
2189.000000, -107.000000, 2214.000000, -108.000000, 2214.000000, -36.000000, 2189.000000, -35.000000,     small-vehicle,     1729
2489.000000, 510.000000, 2544.000000, 508.000000, 2544.000000, 536.000000, 2489.000000, 539.000000,     small-vehicle,     1730
2719.000000, -95.000000, 2748.000000, -97.000000, 2747.000000, -33.000000, 2719.000000, -32.000000,     small-vehicle,     1731
363.000000, 718.000000, 425.000000, 715.000000, 425.000000, 748.000000, 363.000000, 751.000000,     small-vehicle,     1732
2294.000000, 1792.000000, 2317.000000, 1790.000000, 2316.000000, 1851.000000, 2294.000000, 1852.000000,     large-vehicle,     1736
2566.000000, -78.000000, 2589.000000, -79.000000, 2588.000000, -23.000000, 2565.000000, -22.000000,     small-vehicle,     1737
3282.000000, 427.000000, 3332.000000, 425.000000, 3332.000000, 454.000000, 3282.000000, 456.000000,     small-vehicle,     1738
2763.000000, -101.000000, 2793.000000, -102.000000, 2793.000000, -42.000000, 2762.000000, -41.000000,     small-vehicle,     1739
1878.000000, -120.000000, 1908.000000, -121.000000, 1908.000000, -54.000000, 1877.000000, -52.000000,     small-vehicle,     1742
2154.000000, -142.000000, 2183.000000, -143.000000, 2183.000000, -74.000000, 2154.000000, -73.000000,     small-vehicle,     1744
298.000000, 566.000000, 346.000000, 564.000000, 346.000000, 631.000000, 298.000000, 633.000000,     small-vehicle,     1745
1422.000000, 616.000000, 1461.000000, 614.000000, 1461.000000, 633.000000, 1421.000000, 634.000000,     small-vehicle,     1747
1902.000000, -147.000000, 1947.000000, -149.000000, 1947.000000, -60.000000, 1902.000000, -58.000000,     large-vehicle,     1748
2639.000000, -92.000000, 2673.000000, -94.000000, 2673.000000, -18.000000, 2639.000000, -17.000000,     large-vehicle,     1749
3421.000000, 1668.000000, 3496.000000, 1664.000000, 3495.000000, 1693.000000, 3420.000000, 1697.000000,     small-vehicle,     1751
507.000000, 707.000000, 555.000000, 705.000000, 555.000000, 734.000000, 507.000000, 736.000000,     small-vehicle,     1752
311.000000, 402.000000, 347.000000, 400.000000, 347.000000, 462.000000, 311.000000, 464.000000,     small-vehicle,     1756
2970.000000, 1531.000000, 2997.000000, 1530.000000, 2996.000000, 1580.000000, 2970.000000, 1581.000000,     small-vehicle,     1757
1859.000000, -237.000000, 1889.000000, -239.000000, 1889.000000, -170.000000, 1859.000000, -169.000000,     small-vehicle,     1760
3117.000000, 448.000000, 3179.000000, 445.000000, 3179.000000, 473.000000, 3116.000000, 476.000000,     small-vehicle,     1761
1477.000000, 605.000000, 1530.000000, 603.000000, 1530.000000, 621.000000, 1477.000000, 623.000000,     small-vehicle,     1762
3158.000000, -238.000000, 3187.000000, -239.000000, 3186.000000, -175.000000, 3157.000000, -174.000000,     small-vehicle,     1763
28.000000, -140.000000, 80.000000, -142.000000, 80.000000, -116.000000, 28.000000, -114.000000,     small-vehicle,     1765
2907.000000, 610.000000, 2938.000000, 609.000000, 2938.000000, 670.000000, 2907.000000, 671.000000,     small-vehicle,     1766
3149.000000, -320.000000, 3185.000000, -322.000000, 3185.000000, -248.000000, 3149.000000, -246.000000,     small-vehicle,     1767
3420.000000, 1647.000000, 3494.000000, 1643.000000, 3494.000000, 1674.000000, 3420.000000, 1678.000000,     large-vehicle,     1768
2328.000000, -8.000000, 2378.000000, -10.000000, 2377.000000, 15.000000, 2328.000000, 17.000000,     small-vehicle,     1769
2035.000000, -147.000000, 2065.000000, -149.000000, 2065.000000, -80.000000, 2035.000000, -79.000000,     small-vehicle,     1771
1008.000000, -249.000000, 1066.000000, -251.000000, 1066.000000, -224.000000, 1008.000000, -222.000000,     small-vehicle,     1772
6.000000, -221.000000, 70.000000, -224.000000, 70.000000, -195.000000, 6.000000, -192.000000,     small-vehicle,     1773
2569.000000, 509.000000, 2631.000000, 506.000000, 2631.000000, 534.000000, 2569.000000, 536.000000,     small-vehicle,     1774
2618.000000, -208.000000, 2675.000000, -210.000000, 2675.000000, -173.000000, 2618.000000, -170.000000,     small-vehicle,     1775
3653.000000, 392.000000, 3713.000000, 390.000000, 3713.000000, 415.000000, 3653.000000, 418.000000,     small-vehicle,     1776
1856.000000, -297.000000, 1882.000000, -298.000000, 1882.000000, -253.000000, 1856.000000, -252.000000,     small-vehicle,     1777
2191.000000, -179.000000, 2219.000000, -180.000000, 2219.000000, -140.000000, 2191.000000, -139.000000,     small-vehicle,     1778
360.000000, -223.000000, 411.000000, -225.000000, 411.000000, -197.000000, 360.000000, -195.000000,     small-vehicle,     1779
1931.000000, 1194.000000, 1954.000000, 1193.000000, 1954.000000, 1226.000000, 1930.000000, 1227.000000,     small-vehicle,     1780
2241.000000, 924.000000, 2267.000000, 923.000000, 2267.000000, 965.000000, 2241.000000, 967.000000,     small-vehicle,     1781
1934.000000, -300.000000, 1967.000000, -301.000000, 1966.000000, -224.000000, 1934.000000, -222.000000,     small-vehicle,     1783
3121.000000, 1680.000000, 3182.000000, 1678.000000, 3181.000000, 1704.000000, 3121.000000, 1707.000000,     small-vehicle,     1784
2138.000000, -314.000000, 2175.000000, -315.000000, 2175.000000, -254.000000, 2138.000000, -253.000000,     small-vehicle,     1785
311.000000, 403.000000, 348.000000, 401.000000, 348.000000, 467.000000, 311.000000, 468.000000,     large-vehicle,     1786
2181.000000, -311.000000, 2208.000000, -313.000000, 2208.000000, -259.000000, 2181.000000, -258.000000,     small-vehicle,     1787
