2153.000000, 1416.000000, 2183.000000, 1415.000000, 2184.000000, 1479.000000, 2155.000000, 1480.000000,     small-vehicle,     148
2041.000000, 2929.000000, 2071.000000, 2927.000000, 2073.000000, 2997.000000, 2043.000000, 2999.000000,     small-vehicle,     813
2575.000000, 2931.000000, 2627.000000, 2927.000000, 2629.000000, 2961.000000, 2577.000000, 2965.000000,     small-vehicle,     818
2049.000000, 2872.000000, 2072.000000, 2870.000000, 2073.000000, 2923.000000, 2051.000000, 2924.000000,     small-vehicle,     840
2025.000000, 2813.000000, 2045.000000, 2812.000000, 2046.000000, 2863.000000, 2026.000000, 2865.000000,     small-vehicle,     885
2030.000000, 2742.000000, 2052.000000, 2741.000000, 2054.000000, 2802.000000, 2031.000000, 2803.000000,     small-vehicle,     892
3526.000000, 2715.000000, 3582.000000, 2712.000000, 3585.000000, 2741.000000, 3529.000000, 2745.000000,     small-vehicle,     894
2343.000000, 2635.000000, 2379.000000, 2634.000000, 2381.000000, 2712.000000, 2347.000000, 2714.000000,     small-vehicle,     917
2323.000000, 2684.000000, 2357.000000, 2682.000000, 2360.000000, 2754.000000, 2325.000000, 2756.000000,     small-vehicle,     921
2339.000000, 2549.000000, 2369.000000, 2546.000000, 2372.000000, 2623.000000, 2341.000000, 2626.000000,     small-vehicle,     944
2016.000000, 2591.000000, 2044.000000, 2589.000000, 2046.000000, 2658.000000, 2018.000000, 2659.000000,     small-vehicle,     949
1127.000000, 2675.000000, 1192.000000, 2671.000000, 1192.000000, 2713.000000, 1127.000000, 2717.000000,     small-vehicle,     964
914.000000, 2706.000000, 979.000000, 2702.000000, 979.000000, 2743.000000, 913.000000, 2747.000000,     small-vehicle,     966
3688.000000, 2782.000000, 3740.000000, 2778.000000, 3743.000000, 2807.000000, 3690.000000, 2810.000000,     small-vehicle,     969
1305.000000, 2653.000000, 1336.000000, 2652.000000, 1336.000000, 2713.000000, 1305.000000, 2715.000000,     small-vehicle,     971
2010.000000, 2518.000000, 2038.000000, 2517.000000, 2039.000000, 2580.000000, 2012.000000, 2581.000000,     small-vehicle,     981
2300.000000, 2515.000000, 2333.000000, 2513.000000, 2335.000000, 2583.000000, 2303.000000, 2584.000000,     small-vehicle,     986
1050.000000, 2689.000000, 1112.000000, 2685.000000, 1112.000000, 2725.000000, 1050.000000, 2729.000000,     small-vehicle,     987
1205.000000, 2665.000000, 1269.000000, 2661.000000, 1269.000000, 2700.000000, 1205.000000, 2704.000000,     small-vehicle,     989
806.000000, 2627.000000, 876.000000, 2623.000000, 876.000000, 2663.000000, 805.000000, 2668.000000,     small-vehicle,     990
2734.000000, 2910.000000, 2786.000000, 2906.000000, 2788.000000, 2939.000000, 2734.000000, 2942.000000,     small-vehicle,     994
2035.000000, 2436.000000, 2065.000000, 2434.000000, 2065.000000, 2495.000000, 2037.000000, 2497.000000,     small-vehicle,     996
2007.000000, 2450.000000, 2034.000000, 2449.000000, 2035.000000, 2507.000000, 2008.000000, 2509.000000,     small-vehicle,     998
2336.000000, 2471.000000, 2362.000000, 2468.000000, 2364.000000, 2542.000000, 2339.000000, 2543.000000,     small-vehicle,     1001
1190.000000, 2571.000000, 1259.000000, 2567.000000, 1259.000000, 2604.000000, 1190.000000, 2608.000000,     small-vehicle,     1009
1024.000000, 2597.000000, 1095.000000, 2593.000000, 1095.000000, 2633.000000, 1023.000000, 2636.000000,     small-vehicle,     1012
719.000000, 2637.000000, 765.000000, 2635.000000, 765.000000, 2665.000000, 719.000000, 2668.000000,     small-vehicle,     1013
1109.000000, 2584.000000, 1169.000000, 2580.000000, 1168.000000, 2619.000000, 1109.000000, 2623.000000,     small-vehicle,     1014
2333.000000, 2413.000000, 2354.000000, 2413.000000, 2356.000000, 2455.000000, 2335.000000, 2456.000000,     small-vehicle,     1017
2711.000000, 2389.000000, 2738.000000, 2387.000000, 2740.000000, 2444.000000, 2714.000000, 2447.000000,     small-vehicle,     1033
2003.000000, 2365.000000, 2031.000000, 2364.000000, 2033.000000, 2427.000000, 2005.000000, 2430.000000,     small-vehicle,     1039
2288.000000, 2312.000000, 2314.000000, 2309.000000, 2317.000000, 2372.000000, 2290.000000, 2374.000000,     small-vehicle,     1056
3203.000000, 2834.000000, 3254.000000, 2831.000000, 3258.000000, 2875.000000, 3206.000000, 2878.000000,     small-vehicle,     1071
568.000000, 2422.000000, 598.000000, 2421.000000, 597.000000, 2482.000000, 566.000000, 2484.000000,     small-vehicle,     1076
2244.000000, 2279.000000, 2282.000000, 2276.000000, 2284.000000, 2365.000000, 2248.000000, 2367.000000,     large-vehicle,     1078
1998.000000, 2283.000000, 2023.000000, 2282.000000, 2024.000000, 2342.000000, 1999.000000, 2343.000000,     small-vehicle,     1079
2313.000000, 2228.000000, 2338.000000, 2227.000000, 2341.000000, 2288.000000, 2314.000000, 2289.000000,     small-vehicle,     1086
2827.000000, 2371.000000, 2856.000000, 2368.000000, 2860.000000, 2432.000000, 2830.000000, 2434.000000,     small-vehicle,     1088
1305.000000, 2266.000000, 1326.000000, 2265.000000, 1326.000000, 2313.000000, 1306.000000, 2314.000000,     small-vehicle,     1104
2307.000000, 2160.000000, 2331.000000, 2158.000000, 2332.000000, 2215.000000, 2309.000000, 2216.000000,     small-vehicle,     1113
1989.000000, 2191.000000, 2015.000000, 2190.000000, 2017.000000, 2251.000000, 1990.000000, 2252.000000,     small-vehicle,     1115
1260.000000, 2238.000000, 1311.000000, 2235.000000, 1311.000000, 2262.000000, 1260.000000, 2265.000000,     small-vehicle,     1116
886.000000, 2261.000000, 945.000000, 2258.000000, 945.000000, 2292.000000, 885.000000, 2295.000000,     small-vehicle,     1121
1175.000000, 2238.000000, 1229.000000, 2235.000000, 1228.000000, 2271.000000, 1174.000000, 2273.000000,     small-vehicle,     1135
818.000000, 2186.000000, 876.000000, 2184.000000, 876.000000, 2214.000000, 818.000000, 2216.000000,     small-vehicle,     1139
1980.000000, 2101.000000, 2009.000000, 2100.000000, 2011.000000, 2161.000000, 1981.000000, 2163.000000,     small-vehicle,     1140
2011.000000, 2069.000000, 2055.000000, 2067.000000, 2059.000000, 2201.000000, 2013.000000, 2205.000000,     large-vehicle,     1141
2271.000000, 2107.000000, 2299.000000, 2106.000000, 2301.000000, 2164.000000, 2273.000000, 2165.000000,     small-vehicle,     1142
1000.000000, 2249.000000, 1057.000000, 2247.000000, 1057.000000, 2279.000000, 1000.000000, 2282.000000,     small-vehicle,     1144
2908.000000, 2879.000000, 2964.000000, 2876.000000, 2966.000000, 2913.000000, 2910.000000, 2916.000000,     small-vehicle,     1151
1227.000000, 2159.000000, 1282.000000, 2157.000000, 1282.000000, 2182.000000, 1227.000000, 2185.000000,     small-vehicle,     1155
658.000000, 2201.000000, 709.000000, 2199.000000, 709.000000, 2228.000000, 657.000000, 2230.000000,     small-vehicle,     1156
720.000000, 2199.000000, 775.000000, 2197.000000, 775.000000, 2222.000000, 719.000000, 2225.000000,     small-vehicle,     1157
1047.000000, 2169.000000, 1106.000000, 2167.000000, 1106.000000, 2192.000000, 1047.000000, 2195.000000,     small-vehicle,     1159
3121.000000, 2857.000000, 3174.000000, 2853.000000, 3175.000000, 2883.000000, 3123.000000, 2886.000000,     small-vehicle,     1164
1977.000000, 2022.000000, 2007.000000, 2020.000000, 2009.000000, 2085.000000, 1979.000000, 2086.000000,     small-vehicle,     1168
2267.000000, 2007.000000, 2294.000000, 2007.000000, 2296.000000, 2074.000000, 2270.000000, 2075.000000,     small-vehicle,     1175
1310.000000, 2088.000000, 1334.000000, 2087.000000, 1335.000000, 2142.000000, 1310.000000, 2144.000000,     small-vehicle,     1179
3528.000000, 2796.000000, 3583.000000, 2792.000000, 3585.000000, 2827.000000, 3531.000000, 2830.000000,     small-vehicle,     1182
3047.000000, 2863.000000, 3103.000000, 2860.000000, 3105.000000, 2894.000000, 3049.000000, 2898.000000,     small-vehicle,     1192
559.000000, 2017.000000, 587.000000, 2015.000000, 585.000000, 2072.000000, 558.000000, 2073.000000,     small-vehicle,     1202
1995.000000, 1906.000000, 2027.000000, 1905.000000, 2029.000000, 1974.000000, 1997.000000, 1975.000000,     small-vehicle,     1205
1967.000000, 1842.000000, 1997.000000, 1840.000000, 1998.000000, 1907.000000, 1968.000000, 1907.000000,     small-vehicle,     1211
2674.000000, 1843.000000, 2725.000000, 1841.000000, 2726.000000, 1864.000000, 2675.000000, 1866.000000,     small-vehicle,     1212
2481.000000, 1866.000000, 2530.000000, 1864.000000, 2531.000000, 1890.000000, 2482.000000, 1892.000000,     small-vehicle,     1214
2417.000000, 1875.000000, 2468.000000, 1873.000000, 2468.000000, 1900.000000, 2418.000000, 1903.000000,     small-vehicle,     1216
2609.000000, 1848.000000, 2665.000000, 1846.000000, 2665.000000, 1874.000000, 2611.000000, 1877.000000,     small-vehicle,     1217
2249.000000, 1831.000000, 2278.000000, 1829.000000, 2280.000000, 1888.000000, 2251.000000, 1889.000000,     small-vehicle,     1232
1967.000000, 1765.000000, 1998.000000, 1764.000000, 1999.000000, 1824.000000, 1968.000000, 1826.000000,     small-vehicle,     1236
1948.000000, 1774.000000, 1975.000000, 1773.000000, 1976.000000, 1836.000000, 1950.000000, 1837.000000,     small-vehicle,     1245
3381.000000, 1751.000000, 3429.000000, 1749.000000, 3431.000000, 1777.000000, 3382.000000, 1779.000000,     small-vehicle,     1248
3449.000000, 1746.000000, 3509.000000, 1745.000000, 3511.000000, 1767.000000, 3449.000000, 1770.000000,     small-vehicle,     1249
1297.000000, 1789.000000, 1326.000000, 1788.000000, 1325.000000, 1856.000000, 1297.000000, 1857.000000,     small-vehicle,     1250
3581.000000, 1731.000000, 3630.000000, 1729.000000, 3632.000000, 1750.000000, 3583.000000, 1752.000000,     small-vehicle,     1251
1953.000000, 1687.000000, 1982.000000, 1686.000000, 1983.000000, 1753.000000, 1954.000000, 1754.000000,     small-vehicle,     1254
2242.000000, 1647.000000, 2278.000000, 1647.000000, 2280.000000, 1715.000000, 2245.000000, 1716.000000,     small-vehicle,     1257
2264.000000, 1725.000000, 2301.000000, 1723.000000, 2304.000000, 1797.000000, 2267.000000, 1798.000000,     small-vehicle,     1258
3658.000000, 1721.000000, 3711.000000, 1718.000000, 3713.000000, 1746.000000, 3660.000000, 1747.000000,     small-vehicle,     1260
319.000000, 2784.000000, 390.000000, 2779.000000, 389.000000, 2813.000000, 318.000000, 2818.000000,     small-vehicle,     1271
1293.000000, 1673.000000, 1322.000000, 1672.000000, 1322.000000, 1742.000000, 1294.000000, 1744.000000,     small-vehicle,     1273
2224.000000, 1555.000000, 2246.000000, 1554.000000, 2249.000000, 1613.000000, 2225.000000, 1614.000000,     small-vehicle,     1277
1947.000000, 1600.000000, 1974.000000, 1600.000000, 1975.000000, 1668.000000, 1949.000000, 1669.000000,     small-vehicle,     1282
1102.000000, 2250.000000, 1162.000000, 2247.000000, 1162.000000, 2278.000000, 1102.000000, 2281.000000,     small-vehicle,     1284
2294.000000, 2899.000000, 2325.000000, 2896.000000, 2328.000000, 2974.000000, 2296.000000, 2977.000000,     small-vehicle,     1290
1938.000000, 1519.000000, 1969.000000, 1519.000000, 1971.000000, 1581.000000, 1940.000000, 1582.000000,     small-vehicle,     1292
1287.000000, 1595.000000, 1309.000000, 1594.000000, 1309.000000, 1637.000000, 1287.000000, 1638.000000,     small-vehicle,     1293
685.000000, 2737.000000, 749.000000, 2733.000000, 749.000000, 2770.000000, 684.000000, 2774.000000,     small-vehicle,     1294
832.000000, 2717.000000, 897.000000, 2714.000000, 896.000000, 2747.000000, 831.000000, 2751.000000,     small-vehicle,     1295
2251.000000, 1506.000000, 2277.000000, 1505.000000, 2280.000000, 1569.000000, 2252.000000, 1570.000000,     small-vehicle,     1298
2065.000000, 2080.000000, 2095.000000, 2079.000000, 2096.000000, 2155.000000, 2068.000000, 2157.000000,     small-vehicle,     1302
2440.000000, 1949.000000, 2504.000000, 1947.000000, 2505.000000, 1978.000000, 2442.000000, 1981.000000,     small-vehicle,     1303
2468.000000, 2421.000000, 2492.000000, 2419.000000, 2493.000000, 2473.000000, 2470.000000, 2474.000000,     small-vehicle,     1306
802.000000, 2268.000000, 826.000000, 2267.000000, 826.000000, 2301.000000, 802.000000, 2303.000000,     small-vehicle,     1307
1935.000000, 1443.000000, 1960.000000, 1442.000000, 1962.000000, 1501.000000, 1935.000000, 1503.000000,     small-vehicle,     1309
1283.000000, 1460.000000, 1305.000000, 1460.000000, 1305.000000, 1514.000000, 1283.000000, 1515.000000,     small-vehicle,     1312
2320.000000, 2306.000000, 2347.000000, 2305.000000, 2349.000000, 2362.000000, 2322.000000, 2363.000000,     small-vehicle,     1314
3430.000000, 1831.000000, 3493.000000, 1828.000000, 3495.000000, 1861.000000, 3433.000000, 1863.000000,     large-vehicle,     1317
760.000000, 2734.000000, 814.000000, 2731.000000, 814.000000, 2758.000000, 759.000000, 2761.000000,     small-vehicle,     1318
1276.000000, 1373.000000, 1305.000000, 1371.000000, 1304.000000, 1435.000000, 1276.000000, 1435.000000,     small-vehicle,     1330
709.000000, 2279.000000, 760.000000, 2276.000000, 759.000000, 2306.000000, 709.000000, 2308.000000,     small-vehicle,     1331
1274.000000, 1307.000000, 1301.000000, 1306.000000, 1302.000000, 1366.000000, 1274.000000, 1367.000000,     small-vehicle,     1333
1923.000000, 1278.000000, 1950.000000, 1278.000000, 1952.000000, 1335.000000, 1924.000000, 1336.000000,     small-vehicle,     1337
2205.000000, 1218.000000, 2228.000000, 1218.000000, 2230.000000, 1279.000000, 2208.000000, 1280.000000,     small-vehicle,     1342
2720.000000, 1919.000000, 2779.000000, 1916.000000, 2781.000000, 1950.000000, 2722.000000, 1952.000000,     small-vehicle,     1347
1270.000000, 1241.000000, 1294.000000, 1240.000000, 1294.000000, 1293.000000, 1270.000000, 1294.000000,     small-vehicle,     1348
3327.000000, 2829.000000, 3384.000000, 2825.000000, 3386.000000, 2857.000000, 3329.000000, 2861.000000,     small-vehicle,     1356
1940.000000, 1150.000000, 1967.000000, 1149.000000, 1969.000000, 1203.000000, 1941.000000, 1203.000000,     small-vehicle,     1360
2194.000000, 1149.000000, 2225.000000, 1149.000000, 2227.000000, 1210.000000, 2196.000000, 1212.000000,     small-vehicle,     1361
1360.000000, 1078.000000, 1412.000000, 1076.000000, 1411.000000, 1105.000000, 1360.000000, 1106.000000,     small-vehicle,     1364
537.000000, 1170.000000, 583.000000, 1169.000000, 582.000000, 1200.000000, 536.000000, 1201.000000,     small-vehicle,     1369
167.000000, 1103.000000, 226.000000, 1102.000000, 225.000000, 1136.000000, 167.000000, 1137.000000,     small-vehicle,     1373
409.000000, 1101.000000, 470.000000, 1100.000000, 469.000000, 1127.000000, 408.000000, 1129.000000,     small-vehicle,     1375
331.000000, 1099.000000, 396.000000, 1098.000000, 395.000000, 1131.000000, 330.000000, 1133.000000,     small-vehicle,     1377
1100.000000, 1086.000000, 1148.000000, 1085.000000, 1148.000000, 1111.000000, 1100.000000, 1112.000000,     small-vehicle,     1378
1359.000000, 1138.000000, 1420.000000, 1138.000000, 1420.000000, 1168.000000, 1359.000000, 1169.000000,     small-vehicle,     1379
3578.000000, 1830.000000, 3634.000000, 1828.000000, 3635.000000, 1854.000000, 3580.000000, 1857.000000,     small-vehicle,     1381
1179.000000, 1082.000000, 1229.000000, 1081.000000, 1229.000000, 1108.000000, 1179.000000, 1108.000000,     small-vehicle,     1384
955.000000, 1088.000000, 1006.000000, 1088.000000, 1006.000000, 1113.000000, 954.000000, 1114.000000,     small-vehicle,     1385
1029.000000, 1087.000000, 1074.000000, 1086.000000, 1074.000000, 1112.000000, 1029.000000, 1113.000000,     small-vehicle,     1386
1233.000000, 1073.000000, 1295.000000, 1072.000000, 1295.000000, 1109.000000, 1233.000000, 1111.000000,     small-vehicle,     1387
1482.000000, 1081.000000, 1541.000000, 1079.000000, 1542.000000, 1107.000000, 1482.000000, 1107.000000,     small-vehicle,     1388
479.000000, 1097.000000, 524.000000, 1096.000000, 523.000000, 1121.000000, 478.000000, 1122.000000,     small-vehicle,     1389
105.000000, 1088.000000, 163.000000, 1086.000000, 163.000000, 1127.000000, 104.000000, 1127.000000,     small-vehicle,     1395
2726.000000, 1003.000000, 2780.000000, 1002.000000, 2781.000000, 1029.000000, 2727.000000, 1030.000000,     small-vehicle,     1397
3142.000000, 1775.000000, 3183.000000, 1773.000000, 3184.000000, 1793.000000, 3144.000000, 1794.000000,     small-vehicle,     1398
1266.000000, 1009.000000, 1291.000000, 1008.000000, 1291.000000, 1066.000000, 1265.000000, 1066.000000,     small-vehicle,     1399
1573.000000, 1106.000000, 1629.000000, 1106.000000, 1629.000000, 1133.000000, 1573.000000, 1134.000000,     small-vehicle,     1400
2458.000000, 1031.000000, 2505.000000, 1030.000000, 2507.000000, 1058.000000, 2460.000000, 1059.000000,     small-vehicle,     1401
3507.000000, 1837.000000, 3575.000000, 1834.000000, 3578.000000, 1863.000000, 3509.000000, 1867.000000,     small-vehicle,     1402
2390.000000, 1035.000000, 2445.000000, 1033.000000, 2446.000000, 1060.000000, 2391.000000, 1060.000000,     small-vehicle,     1403
2589.000000, 1023.000000, 2643.000000, 1022.000000, 2644.000000, 1047.000000, 2590.000000, 1048.000000,     small-vehicle,     1405
2521.000000, 1030.000000, 2581.000000, 1028.000000, 2582.000000, 1054.000000, 2522.000000, 1055.000000,     small-vehicle,     1407
3057.000000, 993.000000, 3118.000000, 991.000000, 3119.000000, 1015.000000, 3057.000000, 1015.000000,     small-vehicle,     1409
3232.000000, 979.000000, 3280.000000, 978.000000, 3283.000000, 1007.000000, 3234.000000, 1008.000000,     small-vehicle,     1410
2366.000000, 2737.000000, 2388.000000, 2736.000000, 2390.000000, 2794.000000, 2368.000000, 2795.000000,     small-vehicle,     1411
2887.000000, 997.000000, 2945.000000, 997.000000, 2946.000000, 1023.000000, 2888.000000, 1025.000000,     small-vehicle,     1412
2698.000000, 1084.000000, 2751.000000, 1082.000000, 2752.000000, 1111.000000, 2699.000000, 1112.000000,     small-vehicle,     1416
3517.000000, 2846.000000, 3545.000000, 2843.000000, 3549.000000, 2904.000000, 3522.000000, 2906.000000,     small-vehicle,     1417
2959.000000, 988.000000, 3020.000000, 987.000000, 3023.000000, 1020.000000, 2961.000000, 1022.000000,     small-vehicle,     1418
3356.000000, 969.000000, 3416.000000, 968.000000, 3418.000000, 997.000000, 3357.000000, 998.000000,     small-vehicle,     1420
3291.000000, 971.000000, 3346.000000, 969.000000, 3348.000000, 1001.000000, 3294.000000, 1003.000000,     small-vehicle,     1422
1431.000000, 1140.000000, 1469.000000, 1140.000000, 1469.000000, 1163.000000, 1431.000000, 1165.000000,     small-vehicle,     1423
1927.000000, 934.000000, 1949.000000, 933.000000, 1951.000000, 989.000000, 1927.000000, 990.000000,     small-vehicle,     1424
1971.000000, 1920.000000, 1998.000000, 1919.000000, 2000.000000, 1999.000000, 1972.000000, 2001.000000,     small-vehicle,     1425
1808.000000, 2645.000000, 1887.000000, 2641.000000, 1888.000000, 2685.000000, 1809.000000, 2690.000000,     large-vehicle,     1426
2841.000000, 935.000000, 2864.000000, 934.000000, 2866.000000, 989.000000, 2844.000000, 990.000000,     small-vehicle,     1429
43.000000, 1071.000000, 96.000000, 1070.000000, 95.000000, 1111.000000, 42.000000, 1112.000000,     small-vehicle,     1431
719.000000, 1091.000000, 774.000000, 1090.000000, 774.000000, 1120.000000, 718.000000, 1121.000000,     small-vehicle,     1433
1979.000000, 1157.000000, 2012.000000, 1157.000000, 2014.000000, 1230.000000, 1981.000000, 1230.000000,     small-vehicle,     1438
2690.000000, 2920.000000, 2729.000000, 2918.000000, 2731.000000, 2979.000000, 2693.000000, 2981.000000,     small-vehicle,     1439
3260.000000, 2843.000000, 3320.000000, 2839.000000, 3322.000000, 2865.000000, 3262.000000, 2869.000000,     small-vehicle,     1440
2019.000000, 1228.000000, 2046.000000, 1227.000000, 2048.000000, 1291.000000, 2020.000000, 1292.000000,     small-vehicle,     1449
1302.000000, 2336.000000, 1334.000000, 2335.000000, 1334.000000, 2415.000000, 1302.000000, 2418.000000,     small-vehicle,     1450
1254.000000, 762.000000, 1279.000000, 761.000000, 1279.000000, 812.000000, 1254.000000, 812.000000,     small-vehicle,     1451
1909.000000, 761.000000, 1933.000000, 760.000000, 1934.000000, 814.000000, 1911.000000, 814.000000,     small-vehicle,     1452
2810.000000, 723.000000, 2845.000000, 723.000000, 2849.000000, 782.000000, 2814.000000, 783.000000,     small-vehicle,     1453
1303.000000, 2328.000000, 1335.000000, 2326.000000, 1335.000000, 2409.000000, 1303.000000, 2410.000000,     large-vehicle,     1457
