2154.000000, 1415.000000, 2182.000000, 1414.000000, 2184.000000, 1480.000000, 2156.000000, 1481.000000,     small-vehicle,     148
2031.000000, 2750.000000, 2052.000000, 2748.000000, 2053.000000, 2794.000000, 2031.000000, 2795.000000,     small-vehicle,     892
2344.000000, 2632.000000, 2378.000000, 2629.000000, 2380.000000, 2715.000000, 2348.000000, 2718.000000,     small-vehicle,     917
2323.000000, 2687.000000, 2357.000000, 2684.000000, 2360.000000, 2751.000000, 2325.000000, 2754.000000,     small-vehicle,     921
2339.000000, 2551.000000, 2369.000000, 2548.000000, 2372.000000, 2621.000000, 2341.000000, 2623.000000,     small-vehicle,     944
2016.000000, 2593.000000, 2043.000000, 2591.000000, 2045.000000, 2656.000000, 2018.000000, 2657.000000,     small-vehicle,     949
1130.000000, 2675.000000, 1190.000000, 2671.000000, 1190.000000, 2712.000000, 1129.000000, 2716.000000,     small-vehicle,     964
913.000000, 2706.000000, 980.000000, 2702.000000, 979.000000, 2744.000000, 913.000000, 2749.000000,     small-vehicle,     966
1305.000000, 2653.000000, 1336.000000, 2652.000000, 1336.000000, 2713.000000, 1305.000000, 2715.000000,     small-vehicle,     971
2011.000000, 2518.000000, 2037.000000, 2516.000000, 2038.000000, 2581.000000, 2013.000000, 2582.000000,     small-vehicle,     981
2300.000000, 2513.000000, 2333.000000, 2511.000000, 2336.000000, 2584.000000, 2303.000000, 2585.000000,     small-vehicle,     986
1049.000000, 2689.000000, 1112.000000, 2685.000000, 1112.000000, 2725.000000, 1049.000000, 2729.000000,     small-vehicle,     987
1205.000000, 2664.000000, 1269.000000, 2660.000000, 1269.000000, 2701.000000, 1205.000000, 2705.000000,     small-vehicle,     989
809.000000, 2626.000000, 873.000000, 2623.000000, 872.000000, 2664.000000, 809.000000, 2668.000000,     small-vehicle,     990
2036.000000, 2436.000000, 2064.000000, 2434.000000, 2064.000000, 2495.000000, 2037.000000, 2496.000000,     small-vehicle,     996
2008.000000, 2450.000000, 2032.000000, 2449.000000, 2034.000000, 2507.000000, 2010.000000, 2508.000000,     small-vehicle,     998
2334.000000, 2469.000000, 2364.000000, 2467.000000, 2366.000000, 2543.000000, 2337.000000, 2545.000000,     small-vehicle,     1001
1188.000000, 2568.000000, 1261.000000, 2565.000000, 1261.000000, 2606.000000, 1188.000000, 2611.000000,     small-vehicle,     1009
1022.000000, 2596.000000, 1096.000000, 2592.000000, 1096.000000, 2634.000000, 1022.000000, 2639.000000,     small-vehicle,     1012
719.000000, 2637.000000, 765.000000, 2635.000000, 765.000000, 2665.000000, 719.000000, 2668.000000,     small-vehicle,     1013
1107.000000, 2583.000000, 1170.000000, 2579.000000, 1170.000000, 2621.000000, 1107.000000, 2624.000000,     small-vehicle,     1014
2003.000000, 2364.000000, 2031.000000, 2363.000000, 2033.000000, 2428.000000, 2005.000000, 2431.000000,     small-vehicle,     1039
2287.000000, 2312.000000, 2315.000000, 2309.000000, 2317.000000, 2372.000000, 2290.000000, 2374.000000,     small-vehicle,     1056
570.000000, 2421.000000, 596.000000, 2420.000000, 595.000000, 2483.000000, 568.000000, 2485.000000,     small-vehicle,     1076
1998.000000, 2282.000000, 2023.000000, 2281.000000, 2024.000000, 2342.000000, 1999.000000, 2344.000000,     small-vehicle,     1079
2313.000000, 2228.000000, 2338.000000, 2227.000000, 2341.000000, 2288.000000, 2314.000000, 2289.000000,     small-vehicle,     1086
2827.000000, 2373.000000, 2857.000000, 2370.000000, 2860.000000, 2430.000000, 2829.000000, 2432.000000,     small-vehicle,     1088
1306.000000, 2266.000000, 1325.000000, 2265.000000, 1325.000000, 2313.000000, 1307.000000, 2314.000000,     small-vehicle,     1104
2305.000000, 2159.000000, 2332.000000, 2157.000000, 2333.000000, 2216.000000, 2308.000000, 2218.000000,     small-vehicle,     1113
1990.000000, 2191.000000, 2014.000000, 2190.000000, 2016.000000, 2250.000000, 1991.000000, 2251.000000,     small-vehicle,     1115
1259.000000, 2237.000000, 1311.000000, 2234.000000, 1312.000000, 2263.000000, 1259.000000, 2266.000000,     small-vehicle,     1116
885.000000, 2260.000000, 946.000000, 2257.000000, 946.000000, 2293.000000, 884.000000, 2297.000000,     small-vehicle,     1121
1174.000000, 2239.000000, 1229.000000, 2237.000000, 1229.000000, 2269.000000, 1174.000000, 2272.000000,     small-vehicle,     1135
821.000000, 2187.000000, 874.000000, 2185.000000, 873.000000, 2213.000000, 820.000000, 2215.000000,     small-vehicle,     1139
1980.000000, 2100.000000, 2009.000000, 2099.000000, 2011.000000, 2162.000000, 1981.000000, 2164.000000,     small-vehicle,     1140
2009.000000, 2065.000000, 2056.000000, 2063.000000, 2059.000000, 2206.000000, 2012.000000, 2208.000000,     large-vehicle,     1141
2271.000000, 2107.000000, 2299.000000, 2106.000000, 2301.000000, 2165.000000, 2273.000000, 2166.000000,     small-vehicle,     1142
998.000000, 2248.000000, 1058.000000, 2244.000000, 1058.000000, 2281.000000, 998.000000, 2283.000000,     small-vehicle,     1144
1046.000000, 2172.000000, 1106.000000, 2169.000000, 1106.000000, 2190.000000, 1046.000000, 2193.000000,     small-vehicle,     1159
1978.000000, 2022.000000, 2006.000000, 2020.000000, 2008.000000, 2085.000000, 1980.000000, 2086.000000,     small-vehicle,     1168
2267.000000, 2007.000000, 2295.000000, 2006.000000, 2296.000000, 2074.000000, 2269.000000, 2075.000000,     small-vehicle,     1175
1310.000000, 2087.000000, 1334.000000, 2086.000000, 1335.000000, 2145.000000, 1310.000000, 2146.000000,     small-vehicle,     1179
558.000000, 2021.000000, 588.000000, 2019.000000, 586.000000, 2067.000000, 557.000000, 2069.000000,     small-vehicle,     1202
1995.000000, 1906.000000, 2027.000000, 1905.000000, 2029.000000, 1975.000000, 1997.000000, 1976.000000,     small-vehicle,     1205
1966.000000, 1842.000000, 1997.000000, 1840.000000, 1998.000000, 1907.000000, 1968.000000, 1907.000000,     small-vehicle,     1211
2484.000000, 1866.000000, 2527.000000, 1864.000000, 2529.000000, 1890.000000, 2485.000000, 1892.000000,     small-vehicle,     1214
2418.000000, 1876.000000, 2467.000000, 1874.000000, 2467.000000, 1899.000000, 2419.000000, 1902.000000,     small-vehicle,     1216
2610.000000, 1850.000000, 2665.000000, 1848.000000, 2665.000000, 1872.000000, 2611.000000, 1875.000000,     small-vehicle,     1217
2249.000000, 1830.000000, 2278.000000, 1828.000000, 2280.000000, 1889.000000, 2251.000000, 1890.000000,     small-vehicle,     1232
1967.000000, 1765.000000, 1998.000000, 1764.000000, 1999.000000, 1824.000000, 1968.000000, 1824.000000,     small-vehicle,     1236
3381.000000, 1751.000000, 3429.000000, 1749.000000, 3431.000000, 1778.000000, 3382.000000, 1779.000000,     small-vehicle,     1248
1297.000000, 1788.000000, 1326.000000, 1787.000000, 1325.000000, 1857.000000, 1297.000000, 1858.000000,     small-vehicle,     1250
1953.000000, 1687.000000, 1982.000000, 1686.000000, 1984.000000, 1753.000000, 1954.000000, 1754.000000,     small-vehicle,     1254
2242.000000, 1647.000000, 2279.000000, 1646.000000, 2281.000000, 1716.000000, 2244.000000, 1716.000000,     small-vehicle,     1257
2265.000000, 1724.000000, 2300.000000, 1722.000000, 2303.000000, 1799.000000, 2268.000000, 1800.000000,     small-vehicle,     1258
320.000000, 2784.000000, 389.000000, 2779.000000, 388.000000, 2813.000000, 319.000000, 2818.000000,     small-vehicle,     1271
1292.000000, 1673.000000, 1323.000000, 1672.000000, 1323.000000, 1742.000000, 1293.000000, 1744.000000,     small-vehicle,     1273
2223.000000, 1554.000000, 2247.000000, 1553.000000, 2249.000000, 1614.000000, 2224.000000, 1615.000000,     small-vehicle,     1277
1946.000000, 1599.000000, 1974.000000, 1598.000000, 1975.000000, 1670.000000, 1948.000000, 1670.000000,     small-vehicle,     1282
1103.000000, 2250.000000, 1161.000000, 2247.000000, 1161.000000, 2278.000000, 1103.000000, 2281.000000,     small-vehicle,     1284
2293.000000, 2897.000000, 2327.000000, 2895.000000, 2330.000000, 2976.000000, 2295.000000, 2978.000000,     small-vehicle,     1290
1287.000000, 1596.000000, 1309.000000, 1595.000000, 1309.000000, 1636.000000, 1287.000000, 1637.000000,     small-vehicle,     1293
684.000000, 2735.000000, 750.000000, 2731.000000, 749.000000, 2771.000000, 684.000000, 2775.000000,     small-vehicle,     1294
828.000000, 2715.000000, 901.000000, 2711.000000, 901.000000, 2749.000000, 827.000000, 2754.000000,     small-vehicle,     1295
2251.000000, 1506.000000, 2277.000000, 1505.000000, 2280.000000, 1569.000000, 2252.000000, 1570.000000,     small-vehicle,     1298
2442.000000, 1954.000000, 2502.000000, 1951.000000, 2503.000000, 1974.000000, 2443.000000, 1977.000000,     small-vehicle,     1303
2468.000000, 2420.000000, 2492.000000, 2419.000000, 2493.000000, 2474.000000, 2470.000000, 2475.000000,     small-vehicle,     1306
781.000000, 2268.000000, 848.000000, 2265.000000, 847.000000, 2301.000000, 780.000000, 2304.000000,     small-vehicle,     1307
1934.000000, 1443.000000, 1961.000000, 1442.000000, 1963.000000, 1502.000000, 1934.000000, 1504.000000,     small-vehicle,     1309
1283.000000, 1460.000000, 1306.000000, 1460.000000, 1306.000000, 1514.000000, 1282.000000, 1515.000000,     small-vehicle,     1312
2319.000000, 2306.000000, 2348.000000, 2304.000000, 2350.000000, 2362.000000, 2322.000000, 2363.000000,     small-vehicle,     1314
757.000000, 2732.000000, 817.000000, 2730.000000, 816.000000, 2759.000000, 757.000000, 2762.000000,     small-vehicle,     1318
1277.000000, 1374.000000, 1304.000000, 1372.000000, 1303.000000, 1434.000000, 1277.000000, 1434.000000,     small-vehicle,     1330
700.000000, 2274.000000, 769.000000, 2270.000000, 768.000000, 2310.000000, 699.000000, 2313.000000,     small-vehicle,     1331
1273.000000, 1306.000000, 1302.000000, 1304.000000, 1302.000000, 1368.000000, 1273.000000, 1368.000000,     small-vehicle,     1333
1922.000000, 1277.000000, 1951.000000, 1276.000000, 1952.000000, 1336.000000, 1924.000000, 1337.000000,     small-vehicle,     1337
2204.000000, 1217.000000, 2229.000000, 1217.000000, 2231.000000, 1280.000000, 2207.000000, 1282.000000,     small-vehicle,     1342
2719.000000, 1919.000000, 2780.000000, 1916.000000, 2782.000000, 1950.000000, 2721.000000, 1952.000000,     small-vehicle,     1347
1270.000000, 1242.000000, 1294.000000, 1241.000000, 1294.000000, 1292.000000, 1270.000000, 1293.000000,     small-vehicle,     1348
1940.000000, 1150.000000, 1968.000000, 1149.000000, 1969.000000, 1203.000000, 1940.000000, 1203.000000,     small-vehicle,     1360
2196.000000, 1150.000000, 2223.000000, 1149.000000, 2225.000000, 1210.000000, 2197.000000, 1211.000000,     small-vehicle,     1361
1360.000000, 1079.000000, 1412.000000, 1077.000000, 1411.000000, 1107.000000, 1360.000000, 1108.000000,     small-vehicle,     1364
535.000000, 1173.000000, 582.000000, 1172.000000, 581.000000, 1203.000000, 534.000000, 1204.000000,     small-vehicle,     1369
165.000000, 1108.000000, 225.000000, 1106.000000, 224.000000, 1138.000000, 164.000000, 1140.000000,     small-vehicle,     1373
404.000000, 1105.000000, 463.000000, 1105.000000, 463.000000, 1131.000000, 403.000000, 1131.000000,     small-vehicle,     1375
332.000000, 1104.000000, 396.000000, 1103.000000, 395.000000, 1133.000000, 331.000000, 1134.000000,     small-vehicle,     1377
1103.000000, 1087.000000, 1149.000000, 1086.000000, 1149.000000, 1110.000000, 1103.000000, 1111.000000,     small-vehicle,     1378
1361.000000, 1139.000000, 1419.000000, 1139.000000, 1419.000000, 1166.000000, 1361.000000, 1167.000000,     small-vehicle,     1379
3581.000000, 1842.000000, 3634.000000, 1840.000000, 3637.000000, 1867.000000, 3584.000000, 1869.000000,     small-vehicle,     1381
1182.000000, 1085.000000, 1231.000000, 1084.000000, 1231.000000, 1108.000000, 1182.000000, 1108.000000,     small-vehicle,     1384
953.000000, 1089.000000, 1004.000000, 1088.000000, 1004.000000, 1114.000000, 952.000000, 1115.000000,     small-vehicle,     1385
1029.000000, 1088.000000, 1075.000000, 1087.000000, 1075.000000, 1114.000000, 1029.000000, 1115.000000,     small-vehicle,     1386
1237.000000, 1073.000000, 1295.000000, 1073.000000, 1295.000000, 1109.000000, 1237.000000, 1111.000000,     small-vehicle,     1387
1487.000000, 1078.000000, 1542.000000, 1077.000000, 1543.000000, 1106.000000, 1487.000000, 1106.000000,     small-vehicle,     1388
477.000000, 1100.000000, 524.000000, 1099.000000, 523.000000, 1125.000000, 476.000000, 1126.000000,     small-vehicle,     1389
103.000000, 1091.000000, 163.000000, 1089.000000, 163.000000, 1130.000000, 101.000000, 1131.000000,     small-vehicle,     1395
2728.000000, 1006.000000, 2781.000000, 1004.000000, 2783.000000, 1034.000000, 2729.000000, 1034.000000,     small-vehicle,     1397
1267.000000, 1010.000000, 1290.000000, 1009.000000, 1290.000000, 1064.000000, 1266.000000, 1064.000000,     small-vehicle,     1399
1477.000000, 1107.000000, 1537.000000, 1107.000000, 1537.000000, 1134.000000, 1478.000000, 1135.000000,     small-vehicle,     1400
2456.000000, 1033.000000, 2506.000000, 1031.000000, 2508.000000, 1056.000000, 2457.000000, 1057.000000,     small-vehicle,     1401
3521.000000, 1847.000000, 3575.000000, 1844.000000, 3578.000000, 1875.000000, 3524.000000, 1878.000000,     small-vehicle,     1402
2392.000000, 1035.000000, 2445.000000, 1034.000000, 2447.000000, 1058.000000, 2393.000000, 1059.000000,     small-vehicle,     1403
2607.000000, 1024.000000, 2642.000000, 1023.000000, 2643.000000, 1049.000000, 2608.000000, 1049.000000,     small-vehicle,     1405
3054.000000, 1002.000000, 3118.000000, 1001.000000, 3119.000000, 1018.000000, 3055.000000, 1020.000000,     small-vehicle,     1409
3232.000000, 987.000000, 3280.000000, 986.000000, 3282.000000, 1015.000000, 3234.000000, 1015.000000,     small-vehicle,     1410
2887.000000, 1003.000000, 2944.000000, 1001.000000, 2945.000000, 1028.000000, 2889.000000, 1029.000000,     small-vehicle,     1412
2697.000000, 1087.000000, 2749.000000, 1086.000000, 2751.000000, 1114.000000, 2698.000000, 1116.000000,     small-vehicle,     1416
2960.000000, 995.000000, 3019.000000, 995.000000, 3021.000000, 1027.000000, 2962.000000, 1027.000000,     small-vehicle,     1418
3357.000000, 978.000000, 3416.000000, 977.000000, 3419.000000, 1005.000000, 3359.000000, 1007.000000,     small-vehicle,     1420
3292.000000, 980.000000, 3347.000000, 979.000000, 3348.000000, 1008.000000, 3294.000000, 1008.000000,     small-vehicle,     1422
1432.000000, 1140.000000, 1466.000000, 1140.000000, 1466.000000, 1163.000000, 1432.000000, 1165.000000,     small-vehicle,     1423
1933.000000, 979.000000, 1969.000000, 979.000000, 1970.000000, 1037.000000, 1934.000000, 1038.000000,     small-vehicle,     1424
1970.000000, 1920.000000, 1998.000000, 1919.000000, 2000.000000, 1997.000000, 1971.000000, 1999.000000,     small-vehicle,     1425
2842.000000, 939.000000, 2866.000000, 939.000000, 2868.000000, 991.000000, 2845.000000, 991.000000,     small-vehicle,     1429
35.000000, 1071.000000, 93.000000, 1069.000000, 92.000000, 1110.000000, 33.000000, 1110.000000,     small-vehicle,     1431
722.000000, 1093.000000, 774.000000, 1092.000000, 774.000000, 1120.000000, 721.000000, 1121.000000,     small-vehicle,     1433
2010.000000, 1543.000000, 2041.000000, 1542.000000, 2043.000000, 1615.000000, 2011.000000, 1616.000000,     small-vehicle,     1438
2054.000000, 1748.000000, 2083.000000, 1747.000000, 2085.000000, 1813.000000, 2056.000000, 1814.000000,     small-vehicle,     1449
1254.000000, 759.000000, 1279.000000, 758.000000, 1279.000000, 810.000000, 1254.000000, 810.000000,     small-vehicle,     1451
1908.000000, 758.000000, 1934.000000, 758.000000, 1935.000000, 809.000000, 1909.000000, 809.000000,     small-vehicle,     1452
2810.000000, 725.000000, 2844.000000, 725.000000, 2847.000000, 786.000000, 2814.000000, 786.000000,     small-vehicle,     1453
2180.000000, 669.000000, 2208.000000, 669.000000, 2209.000000, 728.000000, 2181.000000, 728.000000,     small-vehicle,     1458
2152.000000, 669.000000, 2175.000000, 669.000000, 2176.000000, 725.000000, 2154.000000, 725.000000,     small-vehicle,     1459
1616.000000, 1134.000000, 1667.000000, 1133.000000, 1667.000000, 1158.000000, 1616.000000, 1159.000000,     small-vehicle,     1460
1247.000000, 671.000000, 1268.000000, 670.000000, 1268.000000, 715.000000, 1247.000000, 715.000000,     small-vehicle,     1462
2148.000000, 595.000000, 2175.000000, 595.000000, 2177.000000, 654.000000, 2150.000000, 654.000000,     small-vehicle,     1467
1690.000000, 1132.000000, 1747.000000, 1131.000000, 1747.000000, 1153.000000, 1689.000000, 1153.000000,     small-vehicle,     1468
1301.000000, 2320.000000, 1330.000000, 2319.000000, 1330.000000, 2404.000000, 1301.000000, 2405.000000,     large-vehicle,     1476
2183.000000, 621.000000, 2207.000000, 620.000000, 2208.000000, 658.000000, 2184.000000, 658.000000,     small-vehicle,     1478
1869.000000, 558.000000, 1894.000000, 558.000000, 1895.000000, 609.000000, 1871.000000, 610.000000,     small-vehicle,     1479
3431.000000, 981.000000, 3470.000000, 981.000000, 3472.000000, 1004.000000, 3432.000000, 1005.000000,     small-vehicle,     1481
2243.000000, 1919.000000, 2313.000000, 1916.000000, 2316.000000, 1997.000000, 2245.000000, 2000.000000,     large-vehicle,     1487
1301.000000, 2354.000000, 1333.000000, 2353.000000, 1333.000000, 2431.000000, 1301.000000, 2433.000000,     small-vehicle,     1490
1940.000000, 1507.000000, 1968.000000, 1506.000000, 1970.000000, 1567.000000, 1942.000000, 1567.000000,     small-vehicle,     1493
1938.000000, 1484.000000, 1968.000000, 1484.000000, 1969.000000, 1542.000000, 1939.000000, 1542.000000,     large-vehicle,     1496
1949.000000, 1763.000000, 1974.000000, 1761.000000, 1976.000000, 1825.000000, 1951.000000, 1826.000000,     small-vehicle,     1498
1891.000000, 513.000000, 1915.000000, 512.000000, 1916.000000, 564.000000, 1892.000000, 564.000000,     small-vehicle,     1499
2269.000000, 456.000000, 2315.000000, 456.000000, 2317.000000, 486.000000, 2270.000000, 486.000000,     small-vehicle,     1500
539.000000, 709.000000, 586.000000, 708.000000, 585.000000, 736.000000, 539.000000, 737.000000,     small-vehicle,     1501
1340.000000, 2700.000000, 1371.000000, 2699.000000, 1371.000000, 2759.000000, 1339.000000, 2761.000000,     small-vehicle,     1502
2094.000000, 755.000000, 2112.000000, 754.000000, 2113.000000, 785.000000, 2095.000000, 785.000000,     small-vehicle,     1503
1251.000000, 698.000000, 1273.000000, 698.000000, 1273.000000, 729.000000, 1252.000000, 730.000000,     small-vehicle,     1504
1939.000000, 1490.000000, 1966.000000, 1488.000000, 1968.000000, 1551.000000, 1941.000000, 1551.000000,     large-vehicle,     1505
2009.000000, 1555.000000, 2042.000000, 1554.000000, 2044.000000, 1626.000000, 2010.000000, 1628.000000,     large-vehicle,     1506
1224.000000, 445.000000, 1250.000000, 445.000000, 1250.000000, 492.000000, 1224.000000, 492.000000,     small-vehicle,     1507
1542.000000, 1136.000000, 1590.000000, 1134.000000, 1591.000000, 1157.000000, 1541.000000, 1158.000000,     small-vehicle,     1508
