2220.000000, 2027.000000, 2252.000000, 2026.000000, 2252.000000, 2095.000000, 2219.000000, 2096.000000,     small-vehicle,     1290
1986.000000, 1725.000000, 2018.000000, 1723.000000, 2018.000000, 1780.000000, 1986.000000, 1781.000000,     small-vehicle,     1360
2255.000000, 1727.000000, 2288.000000, 1726.000000, 2288.000000, 1785.000000, 2255.000000, 1787.000000,     small-vehicle,     1361
562.000000, 1813.000000, 617.000000, 1811.000000, 617.000000, 1836.000000, 562.000000, 1839.000000,     small-vehicle,     1369
1388.000000, 1750.000000, 1448.000000, 1747.000000, 1448.000000, 1782.000000, 1388.000000, 1785.000000,     small-vehicle,     1379
1257.000000, 1688.000000, 1323.000000, 1685.000000, 1323.000000, 1728.000000, 1257.000000, 1731.000000,     small-vehicle,     1387
1292.000000, 1615.000000, 1320.000000, 1614.000000, 1320.000000, 1678.000000, 1292.000000, 1680.000000,     small-vehicle,     1399
2796.000000, 1669.000000, 2854.000000, 1666.000000, 2854.000000, 1693.000000, 2796.000000, 1695.000000,     small-vehicle,     1416
1471.000000, 1747.000000, 1510.000000, 1745.000000, 1510.000000, 1775.000000, 1470.000000, 1777.000000,     small-vehicle,     1423
1282.000000, 1357.000000, 1308.000000, 1356.000000, 1307.000000, 1414.000000, 1282.000000, 1415.000000,     small-vehicle,     1451
1964.000000, 1333.000000, 1991.000000, 1332.000000, 1990.000000, 1388.000000, 1964.000000, 1389.000000,     small-vehicle,     1452
2945.000000, 1279.000000, 2978.000000, 1278.000000, 2978.000000, 1345.000000, 2944.000000, 1346.000000,     small-vehicle,     1453
2257.000000, 1231.000000, 2288.000000, 1230.000000, 2288.000000, 1292.000000, 2256.000000, 1293.000000,     small-vehicle,     1458
2228.000000, 1234.000000, 2253.000000, 1233.000000, 2252.000000, 1291.000000, 2228.000000, 1292.000000,     small-vehicle,     1459
1647.000000, 1734.000000, 1705.000000, 1731.000000, 1705.000000, 1761.000000, 1647.000000, 1764.000000,     small-vehicle,     1460
1273.000000, 1264.000000, 1297.000000, 1263.000000, 1297.000000, 1319.000000, 1273.000000, 1320.000000,     small-vehicle,     1462
2226.000000, 1153.000000, 2255.000000, 1151.000000, 2255.000000, 1219.000000, 2226.000000, 1220.000000,     small-vehicle,     1467
1719.000000, 1728.000000, 1789.000000, 1725.000000, 1789.000000, 1752.000000, 1719.000000, 1755.000000,     small-vehicle,     1468
2260.000000, 1175.000000, 2288.000000, 1173.000000, 2287.000000, 1219.000000, 2260.000000, 1221.000000,     small-vehicle,     1478
1929.000000, 1123.000000, 1954.000000, 1122.000000, 1953.000000, 1179.000000, 1929.000000, 1180.000000,     small-vehicle,     1479
1954.000000, 1072.000000, 1977.000000, 1071.000000, 1976.000000, 1133.000000, 1954.000000, 1134.000000,     small-vehicle,     1499
1255.000000, 1033.000000, 1278.000000, 1032.000000, 1278.000000, 1079.000000, 1254.000000, 1080.000000,     small-vehicle,     1507
1576.000000, 1740.000000, 1633.000000, 1738.000000, 1633.000000, 1764.000000, 1576.000000, 1767.000000,     small-vehicle,     1508
2208.000000, 930.000000, 2237.000000, 928.000000, 2237.000000, 984.000000, 2208.000000, 985.000000,     small-vehicle,     1509
2594.000000, 978.000000, 2647.000000, 976.000000, 2647.000000, 998.000000, 2594.000000, 1001.000000,     small-vehicle,     1511
2927.000000, 919.000000, 2959.000000, 917.000000, 2958.000000, 991.000000, 2927.000000, 992.000000,     small-vehicle,     1515
1252.000000, 978.000000, 1279.000000, 976.000000, 1278.000000, 1030.000000, 1252.000000, 1031.000000,     small-vehicle,     1517
255.000000, 1790.000000, 310.000000, 1787.000000, 310.000000, 1825.000000, 255.000000, 1827.000000,     small-vehicle,     1518
1915.000000, 887.000000, 1942.000000, 886.000000, 1941.000000, 945.000000, 1915.000000, 946.000000,     small-vehicle,     1522
2232.000000, 867.000000, 2262.000000, 865.000000, 2262.000000, 927.000000, 2231.000000, 929.000000,     small-vehicle,     1529
2491.000000, 1676.000000, 2549.000000, 1674.000000, 2549.000000, 1706.000000, 2491.000000, 1708.000000,     small-vehicle,     1530
2617.000000, 1675.000000, 2670.000000, 1672.000000, 2670.000000, 1702.000000, 2617.000000, 1705.000000,     small-vehicle,     1531
2448.000000, 996.000000, 2506.000000, 993.000000, 2506.000000, 1021.000000, 2448.000000, 1023.000000,     small-vehicle,     1532
2517.000000, 989.000000, 2575.000000, 987.000000, 2575.000000, 1010.000000, 2516.000000, 1013.000000,     small-vehicle,     1533
2230.000000, 784.000000, 2258.000000, 783.000000, 2257.000000, 841.000000, 2230.000000, 842.000000,     small-vehicle,     1536
1912.000000, 816.000000, 1941.000000, 814.000000, 1941.000000, 876.000000, 1912.000000, 878.000000,     small-vehicle,     1537
1250.000000, 809.000000, 1275.000000, 808.000000, 1275.000000, 863.000000, 1250.000000, 864.000000,     small-vehicle,     1548
1918.000000, 744.000000, 1946.000000, 743.000000, 1946.000000, 806.000000, 1918.000000, 807.000000,     small-vehicle,     1549
2229.000000, 706.000000, 2256.000000, 705.000000, 2256.000000, 766.000000, 2229.000000, 767.000000,     small-vehicle,     1552
1243.000000, 727.000000, 1270.000000, 726.000000, 1270.000000, 788.000000, 1243.000000, 789.000000,     small-vehicle,     1554
1903.000000, 669.000000, 1929.000000, 667.000000, 1929.000000, 723.000000, 1902.000000, 724.000000,     small-vehicle,     1562
1930.000000, 617.000000, 1954.000000, 616.000000, 1954.000000, 671.000000, 1929.000000, 672.000000,     small-vehicle,     1566
2918.000000, 698.000000, 2940.000000, 697.000000, 2940.000000, 744.000000, 2917.000000, 745.000000,     small-vehicle,     1567
2193.000000, 604.000000, 2225.000000, 603.000000, 2224.000000, 664.000000, 2193.000000, 665.000000,     small-vehicle,     1571
687.000000, 635.000000, 739.000000, 632.000000, 739.000000, 658.000000, 687.000000, 661.000000,     small-vehicle,     1573
817.000000, 623.000000, 872.000000, 620.000000, 872.000000, 646.000000, 817.000000, 648.000000,     small-vehicle,     1574
397.000000, 639.000000, 455.000000, 636.000000, 455.000000, 670.000000, 397.000000, 672.000000,     small-vehicle,     1575
884.000000, 619.000000, 941.000000, 616.000000, 941.000000, 643.000000, 884.000000, 645.000000,     small-vehicle,     1576
471.000000, 643.000000, 520.000000, 641.000000, 520.000000, 668.000000, 471.000000, 670.000000,     small-vehicle,     1578
753.000000, 629.000000, 803.000000, 626.000000, 803.000000, 649.000000, 753.000000, 651.000000,     small-vehicle,     1585
1732.000000, 530.000000, 1787.000000, 527.000000, 1787.000000, 556.000000, 1732.000000, 559.000000,     small-vehicle,     1586
1620.000000, 535.000000, 1669.000000, 532.000000, 1669.000000, 560.000000, 1620.000000, 562.000000,     small-vehicle,     1588
1235.000000, 583.000000, 1285.000000, 580.000000, 1285.000000, 605.000000, 1234.000000, 607.000000,     small-vehicle,     1589
1470.000000, 556.000000, 1520.000000, 554.000000, 1520.000000, 584.000000, 1470.000000, 586.000000,     small-vehicle,     1590
349.000000, 572.000000, 376.000000, 570.000000, 376.000000, 622.000000, 349.000000, 623.000000,     small-vehicle,     1594
654.000000, 1365.000000, 685.000000, 1364.000000, 685.000000, 1426.000000, 654.000000, 1427.000000,     small-vehicle,     1601
1915.000000, 449.000000, 1945.000000, 447.000000, 1945.000000, 501.000000, 1915.000000, 502.000000,     small-vehicle,     1602
3708.000000, 355.000000, 3768.000000, 352.000000, 3768.000000, 383.000000, 3707.000000, 386.000000,     small-vehicle,     1610
2591.000000, 435.000000, 2649.000000, 432.000000, 2649.000000, 455.000000, 2591.000000, 457.000000,     small-vehicle,     1612
2875.000000, 398.000000, 2946.000000, 395.000000, 2946.000000, 429.000000, 2875.000000, 432.000000,     small-vehicle,     1614
281.000000, 490.000000, 329.000000, 488.000000, 329.000000, 549.000000, 281.000000, 551.000000,     small-vehicle,     1615
2663.000000, 430.000000, 2710.000000, 428.000000, 2710.000000, 446.000000, 2663.000000, 448.000000,     small-vehicle,     1621
2188.000000, 412.000000, 2213.000000, 411.000000, 2212.000000, 465.000000, 2188.000000, 466.000000,     small-vehicle,     1623
3434.000000, 343.000000, 3503.000000, 340.000000, 3503.000000, 373.000000, 3434.000000, 376.000000,     small-vehicle,     1628
3361.000000, 351.000000, 3420.000000, 348.000000, 3419.000000, 379.000000, 3361.000000, 382.000000,     small-vehicle,     1631
48.000000, 562.000000, 100.000000, 560.000000, 100.000000, 599.000000, 48.000000, 601.000000,     small-vehicle,     1632
2180.000000, 336.000000, 2210.000000, 335.000000, 2210.000000, 402.000000, 2180.000000, 403.000000,     small-vehicle,     1633
3648.000000, 318.000000, 3701.000000, 315.000000, 3701.000000, 346.000000, 3647.000000, 349.000000,     small-vehicle,     1636
1885.000000, 274.000000, 1912.000000, 273.000000, 1912.000000, 331.000000, 1885.000000, 332.000000,     small-vehicle,     1637
3177.000000, 248.000000, 3209.000000, 246.000000, 3209.000000, 309.000000, 3177.000000, 311.000000,     small-vehicle,     1638
398.000000, 369.000000, 421.000000, 368.000000, 421.000000, 423.000000, 398.000000, 424.000000,     small-vehicle,     1643
463.000000, 337.000000, 518.000000, 335.000000, 518.000000, 381.000000, 463.000000, 383.000000,     small-vehicle,     1646
321.000000, 345.000000, 344.000000, 344.000000, 344.000000, 392.000000, 321.000000, 393.000000,     small-vehicle,     1650
2921.000000, 801.000000, 2954.000000, 799.000000, 2953.000000, 860.000000, 2921.000000, 861.000000,     small-vehicle,     1651
2203.000000, 197.000000, 2232.000000, 196.000000, 2232.000000, 260.000000, 2202.000000, 262.000000,     small-vehicle,     1656
1881.000000, 201.000000, 1909.000000, 199.000000, 1909.000000, 259.000000, 1881.000000, 261.000000,     small-vehicle,     1658
1001.000000, 658.000000, 1049.000000, 656.000000, 1049.000000, 685.000000, 1001.000000, 687.000000,     small-vehicle,     1659
2990.000000, 1061.000000, 3055.000000, 1058.000000, 3055.000000, 1090.000000, 2990.000000, 1093.000000,     small-vehicle,     1664
3171.000000, 160.000000, 3209.000000, 158.000000, 3208.000000, 218.000000, 3171.000000, 220.000000,     small-vehicle,     1665
320.000000, 274.000000, 348.000000, 272.000000, 348.000000, 329.000000, 320.000000, 330.000000,     small-vehicle,     1666
2922.000000, 870.000000, 2954.000000, 868.000000, 2954.000000, 932.000000, 2921.000000, 934.000000,     small-vehicle,     1667
516.000000, 929.000000, 575.000000, 927.000000, 575.000000, 953.000000, 516.000000, 956.000000,     small-vehicle,     1669
2505.000000, 1059.000000, 2570.000000, 1056.000000, 2570.000000, 1086.000000, 2505.000000, 1089.000000,     small-vehicle,     1671
2165.000000, 131.000000, 2192.000000, 130.000000, 2192.000000, 188.000000, 2165.000000, 189.000000,     small-vehicle,     1680
1908.000000, 165.000000, 1934.000000, 164.000000, 1934.000000, 219.000000, 1908.000000, 220.000000,     small-vehicle,     1683
1884.000000, 136.000000, 1908.000000, 135.000000, 1908.000000, 190.000000, 1883.000000, 191.000000,     small-vehicle,     1687
3199.000000, 441.000000, 3264.000000, 438.000000, 3264.000000, 471.000000, 3199.000000, 474.000000,     small-vehicle,     1688
2909.000000, 580.000000, 2938.000000, 579.000000, 2938.000000, 624.000000, 2909.000000, 625.000000,     small-vehicle,     1689
323.000000, 213.000000, 349.000000, 212.000000, 349.000000, 263.000000, 323.000000, 264.000000,     small-vehicle,     1690
450.000000, 934.000000, 512.000000, 932.000000, 512.000000, 960.000000, 450.000000, 963.000000,     small-vehicle,     1691
2419.000000, 526.000000, 2470.000000, 524.000000, 2470.000000, 546.000000, 2419.000000, 548.000000,     small-vehicle,     1693
2198.000000, 111.000000, 2225.000000, 110.000000, 2225.000000, 165.000000, 2198.000000, 166.000000,     small-vehicle,     1697
1909.000000, 84.000000, 1937.000000, 82.000000, 1936.000000, 151.000000, 1908.000000, 152.000000,     small-vehicle,     1699
2808.000000, 1037.000000, 2866.000000, 1035.000000, 2866.000000, 1064.000000, 2807.000000, 1067.000000,     small-vehicle,     1702
2197.000000, 36.000000, 2226.000000, 34.000000, 2226.000000, 85.000000, 2197.000000, 86.000000,     small-vehicle,     1705
2118.000000, -101.000000, 2169.000000, -104.000000, 2169.000000, -26.000000, 2118.000000, -24.000000,     small-vehicle,     1706
1893.000000, -19.000000, 1921.000000, -20.000000, 1921.000000, 36.000000, 1893.000000, 37.000000,     small-vehicle,     1708
1873.000000, 49.000000, 1903.000000, 47.000000, 1903.000000, 109.000000, 1873.000000, 110.000000,     small-vehicle,     1709
195.000000, 697.000000, 236.000000, 696.000000, 236.000000, 761.000000, 195.000000, 763.000000,     small-vehicle,     1710
1911.000000, 976.000000, 1938.000000, 975.000000, 1938.000000, 1017.000000, 1911.000000, 1019.000000,     small-vehicle,     1712
3357.000000, 1681.000000, 3408.000000, 1679.000000, 3407.000000, 1708.000000, 3357.000000, 1710.000000,     small-vehicle,     1714
3176.000000, -78.000000, 3204.000000, -79.000000, 3204.000000, -18.000000, 3175.000000, -17.000000,     small-vehicle,     1715
586.000000, 1642.000000, 610.000000, 1640.000000, 610.000000, 1703.000000, 586.000000, 1704.000000,     small-vehicle,     1716
2239.000000, 643.000000, 2257.000000, 642.000000, 2257.000000, 686.000000, 2239.000000, 687.000000,     small-vehicle,     1719
2678.000000, -75.000000, 2706.000000, -77.000000, 2706.000000, -17.000000, 2678.000000, -15.000000,     small-vehicle,     1727
2596.000000, -82.000000, 2626.000000, -83.000000, 2626.000000, -17.000000, 2595.000000, -16.000000,     small-vehicle,     1728
2186.000000, -106.000000, 2212.000000, -107.000000, 2212.000000, -38.000000, 2186.000000, -37.000000,     small-vehicle,     1729
2488.000000, 515.000000, 2544.000000, 513.000000, 2544.000000, 543.000000, 2488.000000, 545.000000,     small-vehicle,     1730
2717.000000, -92.000000, 2747.000000, -93.000000, 2746.000000, -30.000000, 2717.000000, -29.000000,     small-vehicle,     1731
361.000000, 717.000000, 425.000000, 714.000000, 425.000000, 747.000000, 361.000000, 750.000000,     small-vehicle,     1732
2565.000000, -75.000000, 2588.000000, -76.000000, 2587.000000, -21.000000, 2564.000000, -20.000000,     small-vehicle,     1737
3278.000000, 423.000000, 3333.000000, 420.000000, 3333.000000, 448.000000, 3278.000000, 451.000000,     small-vehicle,     1738
2762.000000, -95.000000, 2791.000000, -97.000000, 2791.000000, -40.000000, 2761.000000, -38.000000,     small-vehicle,     1739
1877.000000, -122.000000, 1907.000000, -123.000000, 1907.000000, -54.000000, 1876.000000, -52.000000,     small-vehicle,     1742
2154.000000, -144.000000, 2182.000000, -145.000000, 2182.000000, -76.000000, 2154.000000, -75.000000,     small-vehicle,     1744
343.000000, 450.000000, 375.000000, 448.000000, 376.000000, 508.000000, 343.000000, 510.000000,     small-vehicle,     1745
1421.000000, 623.000000, 1457.000000, 621.000000, 1457.000000, 639.000000, 1420.000000, 641.000000,     small-vehicle,     1747
1897.000000, -166.000000, 1943.000000, -168.000000, 1943.000000, -82.000000, 1896.000000, -80.000000,     large-vehicle,     1748
3424.000000, 1676.000000, 3495.000000, 1673.000000, 3494.000000, 1704.000000, 3423.000000, 1707.000000,     small-vehicle,     1751
506.000000, 707.000000, 553.000000, 705.000000, 553.000000, 734.000000, 506.000000, 736.000000,     small-vehicle,     1752
1858.000000, -235.000000, 1888.000000, -236.000000, 1888.000000, -172.000000, 1858.000000, -171.000000,     small-vehicle,     1760
3117.000000, 452.000000, 3175.000000, 450.000000, 3175.000000, 476.000000, 3116.000000, 479.000000,     small-vehicle,     1761
1477.000000, 614.000000, 1531.000000, 611.000000, 1531.000000, 634.000000, 1477.000000, 636.000000,     small-vehicle,     1762
3156.000000, -228.000000, 3185.000000, -229.000000, 3184.000000, -169.000000, 3155.000000, -168.000000,     small-vehicle,     1763
25.000000, -144.000000, 82.000000, -146.000000, 82.000000, -119.000000, 25.000000, -117.000000,     small-vehicle,     1765
3150.000000, -313.000000, 3182.000000, -314.000000, 3182.000000, -242.000000, 3150.000000, -241.000000,     small-vehicle,     1767
2326.000000, -8.000000, 2378.000000, -10.000000, 2377.000000, 16.000000, 2326.000000, 18.000000,     small-vehicle,     1769
1008.000000, -251.000000, 1063.000000, -253.000000, 1063.000000, -229.000000, 1007.000000, -226.000000,     small-vehicle,     1772
4.000000, -227.000000, 70.000000, -230.000000, 70.000000, -199.000000, 4.000000, -197.000000,     small-vehicle,     1773
2565.000000, 511.000000, 2625.000000, 508.000000, 2625.000000, 536.000000, 2565.000000, 539.000000,     small-vehicle,     1774
3651.000000, 400.000000, 3715.000000, 397.000000, 3715.000000, 427.000000, 3651.000000, 430.000000,     small-vehicle,     1776
1854.000000, -296.000000, 1880.000000, -297.000000, 1880.000000, -253.000000, 1854.000000, -252.000000,     small-vehicle,     1777
166.000000, -206.000000, 226.000000, -208.000000, 226.000000, -179.000000, 166.000000, -177.000000,     small-vehicle,     1779
1930.000000, 1194.000000, 1954.000000, 1193.000000, 1954.000000, 1239.000000, 1929.000000, 1240.000000,     small-vehicle,     1780
1949.000000, -132.000000, 1981.000000, -133.000000, 1981.000000, -57.000000, 1949.000000, -55.000000,     small-vehicle,     1783
3113.000000, 1673.000000, 3176.000000, 1671.000000, 3175.000000, 1695.000000, 3113.000000, 1698.000000,     small-vehicle,     1784
2119.000000, -331.000000, 2167.000000, -333.000000, 2167.000000, -270.000000, 2119.000000, -268.000000,     small-vehicle,     1785
2180.000000, -311.000000, 2207.000000, -313.000000, 2207.000000, -258.000000, 2180.000000, -257.000000,     small-vehicle,     1787
2639.000000, -87.000000, 2672.000000, -88.000000, 2672.000000, -15.000000, 2639.000000, -14.000000,     large-vehicle,     1788
523.000000, -284.000000, 572.000000, -286.000000, 572.000000, -259.000000, 523.000000, -257.000000,     small-vehicle,     1790
3493.000000, 418.000000, 3558.000000, 415.000000, 3557.000000, 446.000000, 3493.000000, 449.000000,     small-vehicle,     1791
459.000000, -277.000000, 511.000000, -279.000000, 511.000000, -253.000000, 459.000000, -251.000000,     small-vehicle,     1793
3147.000000, -404.000000, 3179.000000, -405.000000, 3178.000000, -342.000000, 3147.000000, -340.000000,     small-vehicle,     1794
849.000000, -284.000000, 909.000000, -286.000000, 909.000000, -253.000000, 849.000000, -250.000000,     small-vehicle,     1795
2675.000000, 499.000000, 2731.000000, 496.000000, 2731.000000, 523.000000, 2675.000000, 525.000000,     small-vehicle,     1796
593.000000, -292.000000, 645.000000, -294.000000, 645.000000, -265.000000, 593.000000, -263.000000,     small-vehicle,     1799
2361.000000, 1010.000000, 2425.000000, 1007.000000, 2425.000000, 1033.000000, 2361.000000, 1036.000000,     large-vehicle,     1801
2032.000000, -150.000000, 2062.000000, -152.000000, 2062.000000, -86.000000, 2032.000000, -85.000000,     large-vehicle,     1802
662.000000, -299.000000, 716.000000, -302.000000, 716.000000, -277.000000, 662.000000, -275.000000,     small-vehicle,     1804
851.000000, -319.000000, 905.000000, -322.000000, 905.000000, -294.000000, 851.000000, -291.000000,     small-vehicle,     1805
1978.000000, 718.000000, 1996.000000, 717.000000, 1996.000000, 750.000000, 1978.000000, 751.000000,     small-vehicle,     1806
1703.000000, -355.000000, 1760.000000, -358.000000, 1760.000000, -326.000000, 1703.000000, -324.000000,     small-vehicle,     1807
911.000000, -327.000000, 969.000000, -330.000000, 969.000000, -302.000000, 911.000000, -299.000000,     small-vehicle,     1808
727.000000, -307.000000, 776.000000, -309.000000, 776.000000, -284.000000, 727.000000, -282.000000,     small-vehicle,     1810
441.000000, 710.000000, 497.000000, 707.000000, 497.000000, 742.000000, 441.000000, 744.000000,     small-vehicle,     1813
312.000000, -314.000000, 339.000000, -316.000000, 339.000000, -263.000000, 312.000000, -262.000000,     small-vehicle,     1814
2617.000000, -197.000000, 2674.000000, -200.000000, 2674.000000, -163.000000, 2617.000000, -161.000000,     small-vehicle,     1815
991.000000, -339.000000, 1041.000000, -342.000000, 1041.000000, -309.000000, 991.000000, -307.000000,     small-vehicle,     1817
788.000000, -315.000000, 838.000000, -317.000000, 838.000000, -290.000000, 788.000000, -288.000000,     small-vehicle,     1818
2144.000000, -383.000000, 2169.000000, -384.000000, 2169.000000, -327.000000, 2144.000000, -326.000000,     small-vehicle,     1819
2190.000000, -173.000000, 2216.000000, -174.000000, 2216.000000, -136.000000, 2190.000000, -135.000000,     small-vehicle,     1820
694.000000, 685.000000, 750.000000, 682.000000, 750.000000, 711.000000, 694.000000, 714.000000,     small-vehicle,     1821
1633.000000, -427.000000, 1689.000000, -430.000000, 1689.000000, -393.000000, 1633.000000, -391.000000,     small-vehicle,     1822
627.000000, 1807.000000, 659.000000, 1805.000000, 659.000000, 1864.000000, 627.000000, 1866.000000,     small-vehicle,     1823
2761.000000, 488.000000, 2816.000000, 486.000000, 2816.000000, 512.000000, 2761.000000, 514.000000,     small-vehicle,     1824
1122.000000, -356.000000, 1176.000000, -358.000000, 1176.000000, -324.000000, 1122.000000, -321.000000,     small-vehicle,     1825
1533.000000, -410.000000, 1585.000000, -413.000000, 1585.000000, -380.000000, 1533.000000, -378.000000,     small-vehicle,     1826
1359.000000, -382.000000, 1406.000000, -384.000000, 1406.000000, -361.000000, 1359.000000, -359.000000,     small-vehicle,     1827
2395.000000, 450.000000, 2458.000000, 447.000000, 2458.000000, 478.000000, 2395.000000, 481.000000,     small-vehicle,     1828
1194.000000, -364.000000, 1245.000000, -367.000000, 1245.000000, -338.000000, 1194.000000, -335.000000,     small-vehicle,     1831
1698.000000, -438.000000, 1750.000000, -440.000000, 1750.000000, -407.000000, 1698.000000, -404.000000,     small-vehicle,     1833
3144.000000, -470.000000, 3170.000000, -471.000000, 3170.000000, -406.000000, 3144.000000, -405.000000,     small-vehicle,     1835
1296.000000, -377.000000, 1346.000000, -380.000000, 1346.000000, -351.000000, 1296.000000, -348.000000,     small-vehicle,     1836
2909.000000, 635.000000, 2942.000000, 633.000000, 2942.000000, 692.000000, 2909.000000, 693.000000,     small-vehicle,     1837
1759.000000, -444.000000, 1814.000000, -446.000000, 1814.000000, -415.000000, 1759.000000, -412.000000,     small-vehicle,     1838
391.000000, 432.000000, 419.000000, 431.000000, 419.000000, 473.000000, 391.000000, 474.000000,     small-vehicle,     1839
310.000000, 387.000000, 348.000000, 385.000000, 348.000000, 448.000000, 310.000000, 450.000000,     large-vehicle,     1841
2033.000000, -145.000000, 2064.000000, -146.000000, 2064.000000, -80.000000, 2033.000000, -78.000000,     small-vehicle,     1842
2360.000000, 1000.000000, 2427.000000, 997.000000, 2427.000000, 1022.000000, 2360.000000, 1025.000000,     small-vehicle,     1843
311.000000, 402.000000, 348.000000, 400.000000, 348.000000, 464.000000, 311.000000, 466.000000,     small-vehicle,     1844
312.000000, -383.000000, 342.000000, -385.000000, 342.000000, -332.000000, 312.000000, -331.000000,     small-vehicle,     1845
