2154.000000, 1416.000000, 2182.000000, 1415.000000, 2183.000000, 1479.000000, 2156.000000, 1480.000000,     small-vehicle,     148
2025.000000, 2814.000000, 2045.000000, 2813.000000, 2046.000000, 2863.000000, 2026.000000, 2864.000000,     small-vehicle,     885
2030.000000, 2739.000000, 2052.000000, 2738.000000, 2054.000000, 2805.000000, 2031.000000, 2806.000000,     small-vehicle,     892
3529.000000, 2714.000000, 3579.000000, 2711.000000, 3581.000000, 2742.000000, 3532.000000, 2746.000000,     small-vehicle,     894
2343.000000, 2634.000000, 2379.000000, 2633.000000, 2381.000000, 2713.000000, 2347.000000, 2716.000000,     small-vehicle,     917
2323.000000, 2683.000000, 2357.000000, 2681.000000, 2360.000000, 2755.000000, 2325.000000, 2757.000000,     small-vehicle,     921
2340.000000, 2550.000000, 2368.000000, 2548.000000, 2371.000000, 2622.000000, 2342.000000, 2624.000000,     small-vehicle,     944
2015.000000, 2592.000000, 2044.000000, 2591.000000, 2046.000000, 2655.000000, 2017.000000, 2658.000000,     small-vehicle,     949
1130.000000, 2675.000000, 1190.000000, 2671.000000, 1190.000000, 2712.000000, 1129.000000, 2716.000000,     small-vehicle,     964
915.000000, 2706.000000, 978.000000, 2702.000000, 978.000000, 2743.000000, 914.000000, 2747.000000,     small-vehicle,     966
1306.000000, 2652.000000, 1336.000000, 2650.000000, 1336.000000, 2715.000000, 1306.000000, 2716.000000,     small-vehicle,     971
2010.000000, 2517.000000, 2038.000000, 2516.000000, 2039.000000, 2581.000000, 2012.000000, 2582.000000,     small-vehicle,     981
2301.000000, 2513.000000, 2332.000000, 2512.000000, 2335.000000, 2583.000000, 2303.000000, 2585.000000,     small-vehicle,     986
1051.000000, 2690.000000, 1111.000000, 2686.000000, 1111.000000, 2724.000000, 1051.000000, 2728.000000,     small-vehicle,     987
1206.000000, 2664.000000, 1268.000000, 2660.000000, 1268.000000, 2701.000000, 1206.000000, 2705.000000,     small-vehicle,     989
807.000000, 2627.000000, 875.000000, 2623.000000, 875.000000, 2663.000000, 806.000000, 2668.000000,     small-vehicle,     990
2035.000000, 2435.000000, 2065.000000, 2432.000000, 2065.000000, 2496.000000, 2037.000000, 2498.000000,     small-vehicle,     996
2008.000000, 2450.000000, 2032.000000, 2449.000000, 2034.000000, 2507.000000, 2010.000000, 2508.000000,     small-vehicle,     998
2336.000000, 2472.000000, 2363.000000, 2469.000000, 2365.000000, 2540.000000, 2338.000000, 2542.000000,     small-vehicle,     1001
1186.000000, 2569.000000, 1263.000000, 2565.000000, 1263.000000, 2606.000000, 1186.000000, 2611.000000,     small-vehicle,     1009
1021.000000, 2596.000000, 1097.000000, 2593.000000, 1097.000000, 2633.000000, 1021.000000, 2638.000000,     small-vehicle,     1012
718.000000, 2636.000000, 767.000000, 2633.000000, 766.000000, 2666.000000, 717.000000, 2669.000000,     small-vehicle,     1013
1109.000000, 2583.000000, 1169.000000, 2579.000000, 1168.000000, 2621.000000, 1109.000000, 2624.000000,     small-vehicle,     1014
2003.000000, 2365.000000, 2030.000000, 2364.000000, 2032.000000, 2427.000000, 2005.000000, 2430.000000,     small-vehicle,     1039
2287.000000, 2311.000000, 2315.000000, 2309.000000, 2317.000000, 2373.000000, 2290.000000, 2374.000000,     small-vehicle,     1056
569.000000, 2422.000000, 597.000000, 2421.000000, 596.000000, 2482.000000, 567.000000, 2484.000000,     small-vehicle,     1076
2232.000000, 2278.000000, 2294.000000, 2275.000000, 2297.000000, 2364.000000, 2235.000000, 2368.000000,     large-vehicle,     1078
1997.000000, 2283.000000, 2024.000000, 2282.000000, 2025.000000, 2342.000000, 1999.000000, 2343.000000,     small-vehicle,     1079
2313.000000, 2228.000000, 2338.000000, 2227.000000, 2340.000000, 2288.000000, 2315.000000, 2289.000000,     small-vehicle,     1086
2827.000000, 2371.000000, 2857.000000, 2369.000000, 2860.000000, 2432.000000, 2830.000000, 2434.000000,     small-vehicle,     1088
1306.000000, 2270.000000, 1325.000000, 2269.000000, 1325.000000, 2310.000000, 1307.000000, 2310.000000,     small-vehicle,     1104
2306.000000, 2159.000000, 2331.000000, 2158.000000, 2332.000000, 2215.000000, 2308.000000, 2217.000000,     small-vehicle,     1113
1989.000000, 2191.000000, 2015.000000, 2190.000000, 2017.000000, 2251.000000, 1991.000000, 2252.000000,     small-vehicle,     1115
1260.000000, 2237.000000, 1311.000000, 2235.000000, 1311.000000, 2264.000000, 1260.000000, 2266.000000,     small-vehicle,     1116
886.000000, 2261.000000, 945.000000, 2258.000000, 945.000000, 2292.000000, 885.000000, 2295.000000,     small-vehicle,     1121
1176.000000, 2240.000000, 1227.000000, 2238.000000, 1227.000000, 2268.000000, 1176.000000, 2271.000000,     small-vehicle,     1135
817.000000, 2185.000000, 877.000000, 2183.000000, 877.000000, 2215.000000, 816.000000, 2217.000000,     small-vehicle,     1139
1980.000000, 2100.000000, 2009.000000, 2099.000000, 2011.000000, 2162.000000, 1981.000000, 2164.000000,     small-vehicle,     1140
2009.000000, 2068.000000, 2056.000000, 2066.000000, 2060.000000, 2202.000000, 2012.000000, 2205.000000,     large-vehicle,     1141
2271.000000, 2107.000000, 2299.000000, 2106.000000, 2301.000000, 2165.000000, 2273.000000, 2166.000000,     small-vehicle,     1142
999.000000, 2248.000000, 1057.000000, 2246.000000, 1057.000000, 2279.000000, 999.000000, 2283.000000,     small-vehicle,     1144
658.000000, 2201.000000, 709.000000, 2199.000000, 709.000000, 2228.000000, 657.000000, 2230.000000,     small-vehicle,     1156
1051.000000, 2171.000000, 1102.000000, 2169.000000, 1102.000000, 2190.000000, 1050.000000, 2193.000000,     small-vehicle,     1159
1978.000000, 2022.000000, 2006.000000, 2020.000000, 2008.000000, 2085.000000, 1980.000000, 2086.000000,     small-vehicle,     1168
2267.000000, 2007.000000, 2295.000000, 2007.000000, 2296.000000, 2074.000000, 2269.000000, 2075.000000,     small-vehicle,     1175
1310.000000, 2087.000000, 1334.000000, 2086.000000, 1335.000000, 2145.000000, 1310.000000, 2146.000000,     small-vehicle,     1179
558.000000, 2019.000000, 588.000000, 2018.000000, 587.000000, 2069.000000, 556.000000, 2071.000000,     small-vehicle,     1202
1995.000000, 1907.000000, 2027.000000, 1906.000000, 2029.000000, 1974.000000, 1997.000000, 1975.000000,     small-vehicle,     1205
1966.000000, 1842.000000, 1997.000000, 1840.000000, 1998.000000, 1907.000000, 1968.000000, 1907.000000,     small-vehicle,     1211
2476.000000, 1865.000000, 2536.000000, 1863.000000, 2538.000000, 1891.000000, 2476.000000, 1894.000000,     small-vehicle,     1214
2418.000000, 1876.000000, 2467.000000, 1874.000000, 2467.000000, 1899.000000, 2419.000000, 1902.000000,     small-vehicle,     1216
2611.000000, 1848.000000, 2663.000000, 1846.000000, 2664.000000, 1874.000000, 2613.000000, 1877.000000,     small-vehicle,     1217
2249.000000, 1830.000000, 2278.000000, 1829.000000, 2280.000000, 1889.000000, 2251.000000, 1890.000000,     small-vehicle,     1232
1967.000000, 1765.000000, 1998.000000, 1764.000000, 1999.000000, 1824.000000, 1968.000000, 1824.000000,     small-vehicle,     1236
1949.000000, 1773.000000, 1974.000000, 1772.000000, 1975.000000, 1837.000000, 1951.000000, 1838.000000,     small-vehicle,     1245
3381.000000, 1754.000000, 3429.000000, 1751.000000, 3430.000000, 1776.000000, 3382.000000, 1777.000000,     small-vehicle,     1248
1297.000000, 1788.000000, 1326.000000, 1787.000000, 1325.000000, 1857.000000, 1297.000000, 1858.000000,     small-vehicle,     1250
1953.000000, 1688.000000, 1982.000000, 1688.000000, 1983.000000, 1751.000000, 1954.000000, 1752.000000,     small-vehicle,     1254
2242.000000, 1647.000000, 2278.000000, 1646.000000, 2280.000000, 1716.000000, 2245.000000, 1716.000000,     small-vehicle,     1257
2265.000000, 1724.000000, 2301.000000, 1722.000000, 2304.000000, 1797.000000, 2267.000000, 1799.000000,     small-vehicle,     1258
320.000000, 2784.000000, 389.000000, 2779.000000, 388.000000, 2813.000000, 318.000000, 2818.000000,     small-vehicle,     1271
1293.000000, 1673.000000, 1322.000000, 1672.000000, 1322.000000, 1742.000000, 1293.000000, 1744.000000,     small-vehicle,     1273
2224.000000, 1553.000000, 2246.000000, 1553.000000, 2248.000000, 1615.000000, 2225.000000, 1615.000000,     small-vehicle,     1277
1947.000000, 1601.000000, 1974.000000, 1601.000000, 1975.000000, 1667.000000, 1949.000000, 1668.000000,     small-vehicle,     1282
1102.000000, 2247.000000, 1162.000000, 2244.000000, 1162.000000, 2280.000000, 1102.000000, 2284.000000,     small-vehicle,     1284
2292.000000, 2897.000000, 2327.000000, 2895.000000, 2330.000000, 2976.000000, 2294.000000, 2978.000000,     small-vehicle,     1290
1940.000000, 1519.000000, 1968.000000, 1519.000000, 1970.000000, 1581.000000, 1941.000000, 1582.000000,     small-vehicle,     1292
1287.000000, 1596.000000, 1310.000000, 1595.000000, 1310.000000, 1637.000000, 1287.000000, 1638.000000,     small-vehicle,     1293
685.000000, 2735.000000, 749.000000, 2731.000000, 749.000000, 2771.000000, 684.000000, 2775.000000,     small-vehicle,     1294
827.000000, 2715.000000, 902.000000, 2711.000000, 902.000000, 2749.000000, 826.000000, 2755.000000,     small-vehicle,     1295
2251.000000, 1506.000000, 2277.000000, 1506.000000, 2280.000000, 1569.000000, 2252.000000, 1569.000000,     small-vehicle,     1298
2444.000000, 1950.000000, 2500.000000, 1948.000000, 2501.000000, 1977.000000, 2446.000000, 1980.000000,     small-vehicle,     1303
2468.000000, 2421.000000, 2491.000000, 2420.000000, 2493.000000, 2473.000000, 2470.000000, 2474.000000,     small-vehicle,     1306
782.000000, 2268.000000, 846.000000, 2265.000000, 846.000000, 2301.000000, 782.000000, 2304.000000,     small-vehicle,     1307
1935.000000, 1443.000000, 1960.000000, 1442.000000, 1962.000000, 1502.000000, 1935.000000, 1504.000000,     small-vehicle,     1309
1283.000000, 1461.000000, 1305.000000, 1460.000000, 1305.000000, 1514.000000, 1283.000000, 1515.000000,     small-vehicle,     1312
2317.000000, 2306.000000, 2350.000000, 2304.000000, 2352.000000, 2362.000000, 2320.000000, 2363.000000,     small-vehicle,     1314
756.000000, 2731.000000, 818.000000, 2729.000000, 817.000000, 2760.000000, 756.000000, 2764.000000,     small-vehicle,     1318
1277.000000, 1375.000000, 1305.000000, 1373.000000, 1304.000000, 1433.000000, 1277.000000, 1433.000000,     small-vehicle,     1330
713.000000, 2279.000000, 756.000000, 2277.000000, 755.000000, 2305.000000, 712.000000, 2307.000000,     small-vehicle,     1331
1273.000000, 1306.000000, 1302.000000, 1304.000000, 1302.000000, 1368.000000, 1273.000000, 1368.000000,     small-vehicle,     1333
1923.000000, 1278.000000, 1950.000000, 1278.000000, 1952.000000, 1335.000000, 1924.000000, 1336.000000,     small-vehicle,     1337
2205.000000, 1216.000000, 2228.000000, 1216.000000, 2231.000000, 1282.000000, 2207.000000, 1283.000000,     small-vehicle,     1342
2719.000000, 1920.000000, 2780.000000, 1917.000000, 2781.000000, 1949.000000, 2721.000000, 1951.000000,     small-vehicle,     1347
1270.000000, 1242.000000, 1294.000000, 1242.000000, 1294.000000, 1292.000000, 1270.000000, 1292.000000,     small-vehicle,     1348
1939.000000, 1150.000000, 1968.000000, 1148.000000, 1969.000000, 1203.000000, 1940.000000, 1204.000000,     small-vehicle,     1360
2194.000000, 1149.000000, 2225.000000, 1147.000000, 2227.000000, 1211.000000, 2195.000000, 1212.000000,     small-vehicle,     1361
1359.000000, 1079.000000, 1414.000000, 1077.000000, 1413.000000, 1108.000000, 1360.000000, 1110.000000,     small-vehicle,     1364
534.000000, 1173.000000, 586.000000, 1172.000000, 585.000000, 1203.000000, 533.000000, 1204.000000,     small-vehicle,     1369
164.000000, 1108.000000, 224.000000, 1106.000000, 223.000000, 1137.000000, 164.000000, 1139.000000,     small-vehicle,     1373
407.000000, 1104.000000, 461.000000, 1104.000000, 460.000000, 1130.000000, 407.000000, 1131.000000,     small-vehicle,     1375
328.000000, 1103.000000, 395.000000, 1103.000000, 394.000000, 1135.000000, 327.000000, 1137.000000,     small-vehicle,     1377
1104.000000, 1088.000000, 1149.000000, 1087.000000, 1149.000000, 1110.000000, 1104.000000, 1111.000000,     small-vehicle,     1378
1360.000000, 1141.000000, 1419.000000, 1140.000000, 1419.000000, 1166.000000, 1360.000000, 1167.000000,     small-vehicle,     1379
3575.000000, 1840.000000, 3621.000000, 1838.000000, 3623.000000, 1864.000000, 3578.000000, 1867.000000,     small-vehicle,     1381
1182.000000, 1085.000000, 1230.000000, 1084.000000, 1230.000000, 1108.000000, 1182.000000, 1108.000000,     small-vehicle,     1384
956.000000, 1090.000000, 1006.000000, 1089.000000, 1006.000000, 1116.000000, 956.000000, 1117.000000,     small-vehicle,     1385
1030.000000, 1089.000000, 1075.000000, 1088.000000, 1074.000000, 1114.000000, 1030.000000, 1115.000000,     small-vehicle,     1386
1234.000000, 1075.000000, 1296.000000, 1074.000000, 1296.000000, 1111.000000, 1234.000000, 1113.000000,     small-vehicle,     1387
1484.000000, 1079.000000, 1542.000000, 1078.000000, 1542.000000, 1106.000000, 1485.000000, 1106.000000,     small-vehicle,     1388
476.000000, 1100.000000, 523.000000, 1099.000000, 523.000000, 1125.000000, 475.000000, 1126.000000,     small-vehicle,     1389
104.000000, 1091.000000, 162.000000, 1089.000000, 161.000000, 1130.000000, 103.000000, 1131.000000,     small-vehicle,     1395
2731.000000, 1008.000000, 2776.000000, 1007.000000, 2778.000000, 1033.000000, 2731.000000, 1034.000000,     small-vehicle,     1397
1266.000000, 1011.000000, 1291.000000, 1010.000000, 1291.000000, 1065.000000, 1265.000000, 1066.000000,     small-vehicle,     1399
1518.000000, 1109.000000, 1572.000000, 1107.000000, 1572.000000, 1136.000000, 1518.000000, 1138.000000,     small-vehicle,     1400
2458.000000, 1034.000000, 2506.000000, 1033.000000, 2507.000000, 1059.000000, 2459.000000, 1060.000000,     small-vehicle,     1401
3508.000000, 1843.000000, 3575.000000, 1840.000000, 3577.000000, 1871.000000, 3510.000000, 1874.000000,     small-vehicle,     1402
2390.000000, 1035.000000, 2445.000000, 1034.000000, 2446.000000, 1061.000000, 2391.000000, 1061.000000,     small-vehicle,     1403
2592.000000, 1027.000000, 2646.000000, 1025.000000, 2647.000000, 1050.000000, 2594.000000, 1051.000000,     small-vehicle,     1405
2519.000000, 1010.000000, 2578.000000, 1008.000000, 2579.000000, 1038.000000, 2520.000000, 1038.000000,     small-vehicle,     1407
3055.000000, 998.000000, 3116.000000, 998.000000, 3117.000000, 1017.000000, 3056.000000, 1019.000000,     small-vehicle,     1409
3233.000000, 985.000000, 3280.000000, 984.000000, 3282.000000, 1013.000000, 3235.000000, 1013.000000,     small-vehicle,     1410
2366.000000, 2745.000000, 2389.000000, 2743.000000, 2391.000000, 2798.000000, 2368.000000, 2800.000000,     small-vehicle,     1411
2888.000000, 999.000000, 2945.000000, 998.000000, 2946.000000, 1027.000000, 2890.000000, 1028.000000,     small-vehicle,     1412
2695.000000, 1085.000000, 2750.000000, 1084.000000, 2752.000000, 1114.000000, 2697.000000, 1116.000000,     small-vehicle,     1416
2958.000000, 993.000000, 3022.000000, 992.000000, 3024.000000, 1023.000000, 2960.000000, 1024.000000,     small-vehicle,     1418
3357.000000, 976.000000, 3414.000000, 975.000000, 3416.000000, 1003.000000, 3358.000000, 1005.000000,     small-vehicle,     1420
3290.000000, 976.000000, 3346.000000, 976.000000, 3348.000000, 1008.000000, 3292.000000, 1009.000000,     small-vehicle,     1422
1431.000000, 1142.000000, 1467.000000, 1141.000000, 1468.000000, 1164.000000, 1431.000000, 1166.000000,     small-vehicle,     1423
1925.000000, 945.000000, 1955.000000, 945.000000, 1957.000000, 1004.000000, 1926.000000, 1004.000000,     small-vehicle,     1424
1969.000000, 1923.000000, 1998.000000, 1922.000000, 2000.000000, 2004.000000, 1971.000000, 2005.000000,     small-vehicle,     1425
1806.000000, 2651.000000, 1887.000000, 2646.000000, 1888.000000, 2689.000000, 1807.000000, 2695.000000,     large-vehicle,     1426
2842.000000, 936.000000, 2864.000000, 937.000000, 2866.000000, 991.000000, 2845.000000, 991.000000,     small-vehicle,     1429
37.000000, 1069.000000, 94.000000, 1068.000000, 92.000000, 1111.000000, 35.000000, 1112.000000,     small-vehicle,     1431
721.000000, 1094.000000, 772.000000, 1093.000000, 771.000000, 1122.000000, 721.000000, 1123.000000,     small-vehicle,     1433
1998.000000, 1391.000000, 2028.000000, 1391.000000, 2030.000000, 1461.000000, 2000.000000, 1462.000000,     small-vehicle,     1438
2039.000000, 1535.000000, 2067.000000, 1534.000000, 2069.000000, 1598.000000, 2041.000000, 1599.000000,     small-vehicle,     1449
1254.000000, 761.000000, 1278.000000, 759.000000, 1278.000000, 810.000000, 1254.000000, 810.000000,     small-vehicle,     1451
1909.000000, 761.000000, 1932.000000, 760.000000, 1934.000000, 813.000000, 1910.000000, 813.000000,     small-vehicle,     1452
2811.000000, 725.000000, 2846.000000, 725.000000, 2850.000000, 796.000000, 2815.000000, 797.000000,     small-vehicle,     1453
2179.000000, 670.000000, 2208.000000, 670.000000, 2209.000000, 729.000000, 2180.000000, 729.000000,     small-vehicle,     1458
2150.000000, 673.000000, 2174.000000, 673.000000, 2176.000000, 727.000000, 2152.000000, 727.000000,     small-vehicle,     1459
1615.000000, 1135.000000, 1666.000000, 1134.000000, 1667.000000, 1159.000000, 1615.000000, 1160.000000,     small-vehicle,     1460
1246.000000, 672.000000, 1268.000000, 671.000000, 1269.000000, 718.000000, 1246.000000, 718.000000,     small-vehicle,     1462
1559.000000, 1064.000000, 1588.000000, 1064.000000, 1588.000000, 1083.000000, 1559.000000, 1085.000000,     small-vehicle,     1466
2148.000000, 597.000000, 2174.000000, 597.000000, 2176.000000, 655.000000, 2150.000000, 656.000000,     small-vehicle,     1467
1690.000000, 1135.000000, 1746.000000, 1134.000000, 1747.000000, 1155.000000, 1689.000000, 1157.000000,     small-vehicle,     1468
2108.000000, 884.000000, 2125.000000, 883.000000, 2126.000000, 911.000000, 2108.000000, 912.000000,     small-vehicle,     1469
1304.000000, 2341.000000, 1331.000000, 2340.000000, 1332.000000, 2421.000000, 1304.000000, 2422.000000,     small-vehicle,     1471
1939.000000, 1498.000000, 1968.000000, 1498.000000, 1969.000000, 1560.000000, 1940.000000, 1560.000000,     large-vehicle,     1473
1994.000000, 1379.000000, 2028.000000, 1378.000000, 2030.000000, 1451.000000, 1996.000000, 1453.000000,     large-vehicle,     1474
3668.000000, 1753.000000, 3712.000000, 1751.000000, 3713.000000, 1768.000000, 3669.000000, 1769.000000,     large-vehicle,     1475
1304.000000, 2341.000000, 1332.000000, 2340.000000, 1333.000000, 2423.000000, 1304.000000, 2424.000000,     large-vehicle,     1476
2182.000000, 621.000000, 2207.000000, 620.000000, 2208.000000, 660.000000, 2183.000000, 660.000000,     small-vehicle,     1478
