2013.000000, 2852.000000, 2040.000000, 2851.000000, 2042.000000, 2916.000000, 2014.000000, 2916.000000,     small-vehicle,     0
2342.000000, 2910.000000, 2371.000000, 2908.000000, 2373.000000, 2974.000000, 2345.000000, 2977.000000,     small-vehicle,     1
2021.000000, 2935.000000, 2046.000000, 2935.000000, 2047.000000, 2998.000000, 2023.000000, 2998.000000,     small-vehicle,     2
2217.000000, 3457.000000, 2245.000000, 3455.000000, 2247.000000, 3520.000000, 2218.000000, 3523.000000,     small-vehicle,     3
2024.000000, 2570.000000, 2049.000000, 2570.000000, 2050.000000, 2632.000000, 2026.000000, 2633.000000,     small-vehicle,     4
2364.000000, 3261.000000, 2393.000000, 3259.000000, 2396.000000, 3327.000000, 2367.000000, 3327.000000,     small-vehicle,     5
1382.000000, 3658.000000, 1412.000000, 3656.000000, 1411.000000, 3731.000000, 1382.000000, 3732.000000,     small-vehicle,     6
1701.000000, 3939.000000, 1757.000000, 3935.000000, 1757.000000, 3967.000000, 1702.000000, 3971.000000,     small-vehicle,     7
2335.000000, 3096.000000, 2363.000000, 3095.000000, 2365.000000, 3165.000000, 2338.000000, 3165.000000,     small-vehicle,     8
3361.000000, 3638.000000, 3415.000000, 3633.000000, 3418.000000, 3667.000000, 3364.000000, 3672.000000,     small-vehicle,     9
1193.000000, 3816.000000, 1247.000000, 3813.000000, 1247.000000, 3846.000000, 1193.000000, 3849.000000,     small-vehicle,     10
491.000000, 3874.000000, 556.000000, 3869.000000, 555.000000, 3903.000000, 489.000000, 3906.000000,     small-vehicle,     11
1407.000000, 2950.000000, 1436.000000, 2948.000000, 1436.000000, 3022.000000, 1407.000000, 3024.000000,     small-vehicle,     12
2854.000000, 3782.000000, 2905.000000, 3779.000000, 2906.000000, 3810.000000, 2855.000000, 3813.000000,     small-vehicle,     14
2254.000000, 4134.000000, 2287.000000, 4132.000000, 2290.000000, 4211.000000, 2256.000000, 4213.000000,     small-vehicle,     15
2335.000000, 2826.000000, 2363.000000, 2826.000000, 2366.000000, 2896.000000, 2336.000000, 2897.000000,     small-vehicle,     17
1818.000000, 3843.000000, 1872.000000, 3839.000000, 1874.000000, 3872.000000, 1818.000000, 3876.000000,     small-vehicle,     18
2311.000000, 3008.000000, 2366.000000, 3005.000000, 2369.000000, 3076.000000, 2314.000000, 3078.000000,     small-vehicle,     19
2160.000000, 3343.000000, 2197.000000, 3341.000000, 2200.000000, 3417.000000, 2161.000000, 3418.000000,     small-vehicle,     20
2040.000000, 2767.000000, 2067.000000, 2767.000000, 2068.000000, 2822.000000, 2041.000000, 2823.000000,     small-vehicle,     21
1823.000000, 4033.000000, 1887.000000, 4028.000000, 1888.000000, 4060.000000, 1824.000000, 4064.000000,     small-vehicle,     22
2672.000000, 4009.000000, 2730.000000, 4005.000000, 2732.000000, 4035.000000, 2675.000000, 4039.000000,     small-vehicle,     23
144.000000, 3899.000000, 215.000000, 3895.000000, 213.000000, 3929.000000, 143.000000, 3933.000000,     small-vehicle,     25
2376.000000, 3356.000000, 2405.000000, 3354.000000, 2409.000000, 3425.000000, 2379.000000, 3426.000000,     small-vehicle,     26
906.000000, 3837.000000, 966.000000, 3832.000000, 965.000000, 3868.000000, 904.000000, 3872.000000,     small-vehicle,     27
2448.000000, 4219.000000, 2487.000000, 4217.000000, 2492.000000, 4305.000000, 2452.000000, 4308.000000,     small-vehicle,     29
2352.000000, 3171.000000, 2387.000000, 3169.000000, 2390.000000, 3246.000000, 2354.000000, 3246.000000,     small-vehicle,     32
2097.000000, 3541.000000, 2158.000000, 3537.000000, 2160.000000, 3585.000000, 2097.000000, 3589.000000,     small-vehicle,     33
2926.000000, 3765.000000, 2986.000000, 3762.000000, 2988.000000, 3796.000000, 2928.000000, 3799.000000,     small-vehicle,     34
2383.000000, 3474.000000, 2414.000000, 3472.000000, 2417.000000, 3551.000000, 2386.000000, 3552.000000,     small-vehicle,     35
2096.000000, 2950.000000, 2122.000000, 2950.000000, 2123.000000, 3020.000000, 2099.000000, 3021.000000,     small-vehicle,     36
3164.000000, 3750.000000, 3222.000000, 3745.000000, 3224.000000, 3773.000000, 3167.000000, 3777.000000,     small-vehicle,     38
2340.000000, 3332.000000, 2370.000000, 3331.000000, 2372.000000, 3403.000000, 2343.000000, 3405.000000,     small-vehicle,     40
1424.000000, 2588.000000, 1454.000000, 2587.000000, 1455.000000, 2644.000000, 1424.000000, 2643.000000,     small-vehicle,     41
2814.000000, 3682.000000, 2865.000000, 3679.000000, 2867.000000, 3713.000000, 2815.000000, 3715.000000,     small-vehicle,     42
1406.000000, 2869.000000, 1430.000000, 2869.000000, 1430.000000, 2927.000000, 1404.000000, 2927.000000,     small-vehicle,     43
1860.000000, 3926.000000, 1925.000000, 3921.000000, 1926.000000, 3957.000000, 1860.000000, 3962.000000,     small-vehicle,     44
1550.000000, 3948.000000, 1604.000000, 3943.000000, 1604.000000, 3983.000000, 1550.000000, 3986.000000,     small-vehicle,     45
2298.000000, 2721.000000, 2325.000000, 2721.000000, 2328.000000, 2798.000000, 2301.000000, 2799.000000,     small-vehicle,     46
1047.000000, 3827.000000, 1108.000000, 3822.000000, 1108.000000, 3862.000000, 1047.000000, 3866.000000,     small-vehicle,     47
2362.000000, 3092.000000, 2388.000000, 3092.000000, 2390.000000, 3154.000000, 2365.000000, 3155.000000,     small-vehicle,     48
3166.000000, 3657.000000, 3211.000000, 3654.000000, 3213.000000, 3683.000000, 3169.000000, 3687.000000,     small-vehicle,     49
66.000000, 3908.000000, 137.000000, 3903.000000, 136.000000, 3939.000000, 64.000000, 3945.000000,     small-vehicle,     50
608.000000, 3861.000000, 673.000000, 3857.000000, 671.000000, 3890.000000, 607.000000, 3893.000000,     small-vehicle,     51
2266.000000, 4210.000000, 2305.000000, 4208.000000, 2309.000000, 4296.000000, 2270.000000, 4299.000000,     small-vehicle,     52
1548.000000, 4005.000000, 1609.000000, 4001.000000, 1610.000000, 4034.000000, 1548.000000, 4039.000000,     small-vehicle,     53
328.000000, 4201.000000, 394.000000, 4196.000000, 393.000000, 4232.000000, 327.000000, 4236.000000,     small-vehicle,     55
3105.000000, 3972.000000, 3160.000000, 3969.000000, 3163.000000, 4006.000000, 3107.000000, 4010.000000,     small-vehicle,     56
1251.000000, 3989.000000, 1317.000000, 3985.000000, 1317.000000, 4019.000000, 1251.000000, 4023.000000,     small-vehicle,     58
693.000000, 3851.000000, 753.000000, 3848.000000, 752.000000, 3882.000000, 693.000000, 3886.000000,     small-vehicle,     62
3501.000000, 3534.000000, 3533.000000, 3534.000000, 3538.000000, 3601.000000, 3506.000000, 3602.000000,     small-vehicle,     63
1259.000000, 4131.000000, 1310.000000, 4129.000000, 1310.000000, 4162.000000, 1258.000000, 4166.000000,     small-vehicle,     64
3272.000000, 3645.000000, 3337.000000, 3641.000000, 3340.000000, 3673.000000, 3275.000000, 3677.000000,     small-vehicle,     65
2285.000000, 2570.000000, 2313.000000, 2570.000000, 2315.000000, 2628.000000, 2288.000000, 2629.000000,     small-vehicle,     66
955.000000, 4016.000000, 1014.000000, 4012.000000, 1014.000000, 4049.000000, 955.000000, 4052.000000,     small-vehicle,     67
2771.000000, 2521.000000, 2829.000000, 2520.000000, 2830.000000, 2553.000000, 2774.000000, 2554.000000,     small-vehicle,     69
3436.000000, 3633.000000, 3493.000000, 3629.000000, 3495.000000, 3659.000000, 3438.000000, 3662.000000,     small-vehicle,     73
226.000000, 3891.000000, 286.000000, 3889.000000, 285.000000, 3921.000000, 225.000000, 3924.000000,     small-vehicle,     74
1399.000000, 3148.000000, 1430.000000, 3146.000000, 1430.000000, 3216.000000, 1399.000000, 3216.000000,     small-vehicle,     75
2141.000000, 3108.000000, 2168.000000, 3107.000000, 2170.000000, 3184.000000, 2142.000000, 3186.000000,     small-vehicle,     76
2066.000000, 3453.000000, 2094.000000, 3452.000000, 2096.000000, 3520.000000, 2069.000000, 3522.000000,     small-vehicle,     77
2926.000000, 3987.000000, 2992.000000, 3982.000000, 2995.000000, 4017.000000, 2929.000000, 4023.000000,     small-vehicle,     78
407.000000, 2819.000000, 466.000000, 2817.000000, 464.000000, 2853.000000, 405.000000, 2856.000000,     small-vehicle,     79
1714.000000, 3974.000000, 1783.000000, 3970.000000, 1783.000000, 4008.000000, 1714.000000, 4013.000000,     small-vehicle,     80
1342.000000, 4028.000000, 1400.000000, 4024.000000, 1400.000000, 4057.000000, 1342.000000, 4062.000000,     small-vehicle,     82
2802.000000, 3832.000000, 2870.000000, 3827.000000, 2873.000000, 3865.000000, 2803.000000, 3869.000000,     small-vehicle,     83
1356.000000, 3971.000000, 1427.000000, 3967.000000, 1427.000000, 3998.000000, 1356.000000, 4003.000000,     small-vehicle,     84
3028.000000, 2550.000000, 3069.000000, 2548.000000, 3071.000000, 2571.000000, 3029.000000, 2572.000000,     small-vehicle,     85
2294.000000, 2929.000000, 2321.000000, 2929.000000, 2324.000000, 3005.000000, 2296.000000, 3005.000000,     small-vehicle,     86
2562.000000, 2549.000000, 2614.000000, 2549.000000, 2615.000000, 2579.000000, 2564.000000, 2581.000000,     small-vehicle,     87
2598.000000, 3735.000000, 2657.000000, 3730.000000, 2659.000000, 3768.000000, 2599.000000, 3772.000000,     small-vehicle,     88
3565.000000, 3940.000000, 3618.000000, 3936.000000, 3620.000000, 3968.000000, 3567.000000, 3973.000000,     small-vehicle,     89
2207.000000, 3328.000000, 2237.000000, 3326.000000, 2240.000000, 3412.000000, 2211.000000, 3413.000000,     small-vehicle,     90
3657.000000, 3620.000000, 3718.000000, 3616.000000, 3722.000000, 3654.000000, 3660.000000, 3659.000000,     small-vehicle,     91
3280.000000, 3959.000000, 3335.000000, 3955.000000, 3338.000000, 3987.000000, 3283.000000, 3991.000000,     small-vehicle,     92
2064.000000, 3211.000000, 2093.000000, 3210.000000, 2096.000000, 3291.000000, 2067.000000, 3294.000000,     small-vehicle,     94
3094.000000, 3754.000000, 3146.000000, 3752.000000, 3148.000000, 3783.000000, 3095.000000, 3786.000000,     small-vehicle,     96
882.000000, 4019.000000, 943.000000, 4015.000000, 943.000000, 4052.000000, 881.000000, 4057.000000,     small-vehicle,     97
3838.000000, 3663.000000, 3897.000000, 3659.000000, 3900.000000, 3703.000000, 3841.000000, 3706.000000,     small-vehicle,     98
3030.000000, 3978.000000, 3076.000000, 3975.000000, 3078.000000, 4010.000000, 3032.000000, 4014.000000,     small-vehicle,     100
2111.000000, 3256.000000, 2141.000000, 3255.000000, 2144.000000, 3321.000000, 2113.000000, 3322.000000,     small-vehicle,     101
3702.000000, 3933.000000, 3772.000000, 3929.000000, 3774.000000, 3963.000000, 3706.000000, 3970.000000,     small-vehicle,     102
1849.000000, 3973.000000, 1916.000000, 3968.000000, 1916.000000, 4003.000000, 1849.000000, 4008.000000,     small-vehicle,     103
3118.000000, 3697.000000, 3173.000000, 3694.000000, 3175.000000, 3730.000000, 3118.000000, 3734.000000,     small-vehicle,     106
3277.000000, 3689.000000, 3346.000000, 3683.000000, 3347.000000, 3717.000000, 3278.000000, 3721.000000,     small-vehicle,     109
2085.000000, 3362.000000, 2114.000000, 3360.000000, 2115.000000, 3436.000000, 2086.000000, 3437.000000,     small-vehicle,     110
2686.000000, 3724.000000, 2753.000000, 3720.000000, 2754.000000, 3760.000000, 2687.000000, 3764.000000,     small-vehicle,     111
1158.000000, 4090.000000, 1223.000000, 4086.000000, 1223.000000, 4119.000000, 1158.000000, 4125.000000,     small-vehicle,     113
2421.000000, 4434.000000, 2466.000000, 4430.000000, 2469.000000, 4518.000000, 2425.000000, 4523.000000,     small-vehicle,     114
2587.000000, 3791.000000, 2646.000000, 3788.000000, 2649.000000, 3826.000000, 2588.000000, 3829.000000,     small-vehicle,     115
1624.000000, 3940.000000, 1688.000000, 3936.000000, 1688.000000, 3970.000000, 1624.000000, 3974.000000,     small-vehicle,     116
1139.000000, 3992.000000, 1202.000000, 3988.000000, 1202.000000, 4024.000000, 1138.000000, 4028.000000,     small-vehicle,     118
3547.000000, 3717.000000, 3609.000000, 3713.000000, 3612.000000, 3754.000000, 3550.000000, 3758.000000,     small-vehicle,     119
2015.000000, 2498.000000, 2045.000000, 2498.000000, 2047.000000, 2559.000000, 2016.000000, 2560.000000,     small-vehicle,     120
2911.000000, 2506.000000, 2959.000000, 2505.000000, 2961.000000, 2539.000000, 2913.000000, 2541.000000,     small-vehicle,     121
3200.000000, 3700.000000, 3254.000000, 3696.000000, 3257.000000, 3727.000000, 3203.000000, 3729.000000,     small-vehicle,     122
1954.000000, 3961.000000, 2016.000000, 3956.000000, 2017.000000, 3994.000000, 1955.000000, 3998.000000,     small-vehicle,     123
1250.000000, 4080.000000, 1310.000000, 4074.000000, 1310.000000, 4109.000000, 1250.000000, 4113.000000,     small-vehicle,     126
2095.000000, 2700.000000, 2126.000000, 2699.000000, 2128.000000, 2772.000000, 2098.000000, 2773.000000,     small-vehicle,     127
3043.000000, 2491.000000, 3098.000000, 2489.000000, 3100.000000, 2521.000000, 3045.000000, 2522.000000,     small-vehicle,     130
3100.000000, 3658.000000, 3160.000000, 3654.000000, 3163.000000, 3687.000000, 3102.000000, 3691.000000,     small-vehicle,     131
1397.000000, 3250.000000, 1421.000000, 3249.000000, 1422.000000, 3313.000000, 1398.000000, 3314.000000,     small-vehicle,     132
284.000000, 2817.000000, 354.000000, 2814.000000, 352.000000, 2847.000000, 282.000000, 2849.000000,     small-vehicle,     134
410.000000, 4191.000000, 483.000000, 4187.000000, 482.000000, 4218.000000, 408.000000, 4224.000000,     small-vehicle,     135
1561.000000, 4102.000000, 1615.000000, 4099.000000, 1615.000000, 4134.000000, 1561.000000, 4139.000000,     small-vehicle,     136
626.000000, 4184.000000, 697.000000, 4179.000000, 695.000000, 4214.000000, 625.000000, 4219.000000,     small-vehicle,     137
3562.000000, 3668.000000, 3623.000000, 3663.000000, 3626.000000, 3696.000000, 3565.000000, 3700.000000,     small-vehicle,     139
1390.000000, 3481.000000, 1419.000000, 3478.000000, 1420.000000, 3554.000000, 1390.000000, 3556.000000,     small-vehicle,     140
2065.000000, 3302.000000, 2086.000000, 3300.000000, 2087.000000, 3350.000000, 2066.000000, 3352.000000,     small-vehicle,     144
902.000000, 4109.000000, 966.000000, 4104.000000, 965.000000, 4138.000000, 901.000000, 4143.000000,     small-vehicle,     145
982.000000, 3822.000000, 1032.000000, 3818.000000, 1032.000000, 3849.000000, 982.000000, 3853.000000,     small-vehicle,     147
2357.000000, 3822.000000, 2387.000000, 3820.000000, 2390.000000, 3896.000000, 2360.000000, 3897.000000,     small-vehicle,     148
3457.000000, 3676.000000, 3513.000000, 3671.000000, 3516.000000, 3707.000000, 3459.000000, 3711.000000,     small-vehicle,     149
2732.000000, 3996.000000, 2798.000000, 3991.000000, 2799.000000, 4028.000000, 2735.000000, 4032.000000,     small-vehicle,     150
3827.000000, 3621.000000, 3889.000000, 3617.000000, 3894.000000, 3654.000000, 3831.000000, 3658.000000,     small-vehicle,     152
3101.000000, 2485.000000, 3158.000000, 2484.000000, 3160.000000, 2516.000000, 3103.000000, 2516.000000,     small-vehicle,     153
1736.000000, 4035.000000, 1790.000000, 4030.000000, 1790.000000, 4067.000000, 1737.000000, 4071.000000,     small-vehicle,     158
1629.000000, 3997.000000, 1691.000000, 3992.000000, 1692.000000, 4036.000000, 1630.000000, 4040.000000,     small-vehicle,     160
3577.000000, 3516.000000, 3614.000000, 3514.000000, 3621.000000, 3590.000000, 3583.000000, 3593.000000,     small-vehicle,     161
1451.000000, 3971.000000, 1515.000000, 3967.000000, 1515.000000, 4006.000000, 1451.000000, 4011.000000,     small-vehicle,     162
3639.000000, 3666.000000, 3704.000000, 3662.000000, 3708.000000, 3701.000000, 3642.000000, 3705.000000,     small-vehicle,     163
1764.000000, 2621.000000, 1829.000000, 2620.000000, 1829.000000, 2653.000000, 1765.000000, 2655.000000,     small-vehicle,     164
158.000000, 2818.000000, 228.000000, 2815.000000, 226.000000, 2853.000000, 156.000000, 2855.000000,     small-vehicle,     165
3491.000000, 3946.000000, 3545.000000, 3943.000000, 3548.000000, 3972.000000, 3492.000000, 3976.000000,     small-vehicle,     166
1054.000000, 3997.000000, 1117.000000, 3993.000000, 1116.000000, 4032.000000, 1054.000000, 4037.000000,     small-vehicle,     167
3380.000000, 3684.000000, 3438.000000, 3681.000000, 3441.000000, 3716.000000, 3383.000000, 3718.000000,     small-vehicle,     168
1084.000000, 4146.000000, 1148.000000, 4141.000000, 1148.000000, 4177.000000, 1083.000000, 4181.000000,     small-vehicle,     169
3278.000000, 3737.000000, 3340.000000, 3732.000000, 3342.000000, 3769.000000, 3280.000000, 3773.000000,     small-vehicle,     170
1059.000000, 4093.000000, 1135.000000, 4087.000000, 1135.000000, 4126.000000, 1059.000000, 4133.000000,     small-vehicle,     171
3641.000000, 3719.000000, 3702.000000, 3715.000000, 3705.000000, 3752.000000, 3645.000000, 3756.000000,     small-vehicle,     172
2627.000000, 2544.000000, 2689.000000, 2542.000000, 2690.000000, 2573.000000, 2629.000000, 2574.000000,     small-vehicle,     173
1518.000000, 4048.000000, 1577.000000, 4045.000000, 1578.000000, 4081.000000, 1518.000000, 4085.000000,     small-vehicle,     175
1765.000000, 3769.000000, 1826.000000, 3764.000000, 1827.000000, 3797.000000, 1764.000000, 3802.000000,     small-vehicle,     177
3012.000000, 3761.000000, 3073.000000, 3756.000000, 3076.000000, 3795.000000, 3015.000000, 3798.000000,     small-vehicle,     178
1407.000000, 4112.000000, 1471.000000, 4108.000000, 1471.000000, 4149.000000, 1407.000000, 4153.000000,     small-vehicle,     179
3043.000000, 3706.000000, 3102.000000, 3702.000000, 3104.000000, 3736.000000, 3046.000000, 3740.000000,     small-vehicle,     182
1498.000000, 4107.000000, 1560.000000, 4103.000000, 1560.000000, 4138.000000, 1498.000000, 4143.000000,     small-vehicle,     186
1604.000000, 2614.000000, 1664.000000, 2613.000000, 1665.000000, 2644.000000, 1604.000000, 2646.000000,     small-vehicle,     189
1443.000000, 4015.000000, 1505.000000, 4011.000000, 1505.000000, 4048.000000, 1443.000000, 4053.000000,     small-vehicle,     190
3747.000000, 3712.000000, 3822.000000, 3707.000000, 3825.000000, 3748.000000, 3750.000000, 3752.000000,     small-vehicle,     193
3515.000000, 3622.000000, 3566.000000, 3619.000000, 3572.000000, 3685.000000, 3521.000000, 3688.000000,     small-vehicle,     196
1666.000000, 4087.000000, 1727.000000, 4083.000000, 1728.000000, 4118.000000, 1667.000000, 4122.000000,     small-vehicle,     198
2921.000000, 2548.000000, 2987.000000, 2546.000000, 2988.000000, 2581.000000, 2923.000000, 2582.000000,     small-vehicle,     202
1421.000000, 4062.000000, 1475.000000, 4058.000000, 1475.000000, 4092.000000, 1420.000000, 4096.000000,     small-vehicle,     203
2491.000000, 2562.000000, 2555.000000, 2560.000000, 2556.000000, 2592.000000, 2493.000000, 2593.000000,     small-vehicle,     212
123.000000, 4129.000000, 197.000000, 4124.000000, 195.000000, 4161.000000, 120.000000, 4166.000000,     small-vehicle,     213
1173.000000, 4143.000000, 1225.000000, 4138.000000, 1225.000000, 4169.000000, 1173.000000, 4173.000000,     small-vehicle,     214
984.000000, 4095.000000, 1047.000000, 4090.000000, 1046.000000, 4131.000000, 984.000000, 4135.000000,     small-vehicle,     217
2038.000000, 3232.000000, 2060.000000, 3231.000000, 2062.000000, 3282.000000, 2038.000000, 3283.000000,     small-vehicle,     223
2311.000000, 3519.000000, 2346.000000, 3516.000000, 2350.000000, 3628.000000, 2314.000000, 3630.000000,     large-vehicle,     230
1883.000000, 4000.000000, 2035.000000, 3990.000000, 2037.000000, 4081.000000, 1885.000000, 4094.000000,     large-vehicle,     231
2054.000000, 3016.000000, 2094.000000, 3015.000000, 2095.000000, 3107.000000, 2056.000000, 3107.000000,     large-vehicle,     232
706.000000, 4172.000000, 791.000000, 4164.000000, 790.000000, 4217.000000, 705.000000, 4224.000000,     large-vehicle,     236
941.000000, 4153.000000, 1040.000000, 4146.000000, 1040.000000, 4197.000000, 941.000000, 4203.000000,     large-vehicle,     237
2406.000000, 3866.000000, 2445.000000, 3864.000000, 2448.000000, 3962.000000, 2411.000000, 3966.000000,     large-vehicle,     239
1651.000000, 4036.000000, 1717.000000, 4032.000000, 1718.000000, 4078.000000, 1652.000000, 4084.000000,     large-vehicle,     240
2951.000000, 3719.000000, 3029.000000, 3713.000000, 3030.000000, 3742.000000, 2953.000000, 3747.000000,     large-vehicle,     242
556.000000, 4157.000000, 620.000000, 4153.000000, 620.000000, 4188.000000, 554.000000, 4195.000000,     small-vehicle,     317
3246.000000, 2495.000000, 3307.000000, 2493.000000, 3310.000000, 2524.000000, 3249.000000, 2525.000000,     small-vehicle,     329
3179.000000, 2495.000000, 3233.000000, 2494.000000, 3236.000000, 2527.000000, 3182.000000, 2528.000000,     small-vehicle,     330
3809.000000, 3752.000000, 3879.000000, 3746.000000, 3883.000000, 3788.000000, 3812.000000, 3792.000000,     small-vehicle,     334
1114.000000, 3374.000000, 1177.000000, 3372.000000, 1177.000000, 3405.000000, 1114.000000, 3409.000000,     small-vehicle,     337
3411.000000, 2464.000000, 3479.000000, 2462.000000, 3484.000000, 2524.000000, 3416.000000, 2526.000000,     large-vehicle,     345
2106.000000, 3108.000000, 2135.000000, 3107.000000, 2138.000000, 3182.000000, 2109.000000, 3182.000000,     small-vehicle,     353
1274.000000, 3372.000000, 1340.000000, 3369.000000, 1340.000000, 3405.000000, 1274.000000, 3409.000000,     small-vehicle,     360
3309.000000, 2489.000000, 3362.000000, 2487.000000, 3365.000000, 2519.000000, 3312.000000, 2520.000000,     small-vehicle,     364
3487.000000, 2468.000000, 3553.000000, 2466.000000, 3555.000000, 2497.000000, 3489.000000, 2499.000000,     small-vehicle,     382
824.000000, 4087.000000, 888.000000, 4083.000000, 887.000000, 4120.000000, 822.000000, 4124.000000,     small-vehicle,     383
3558.000000, 2454.000000, 3627.000000, 2453.000000, 3629.000000, 2489.000000, 3561.000000, 2491.000000,     small-vehicle,     385
2815.000000, 2597.000000, 2871.000000, 2596.000000, 2873.000000, 2650.000000, 2819.000000, 2651.000000,     small-vehicle,     386
1171.000000, 4017.000000, 1241.000000, 4012.000000, 1241.000000, 4048.000000, 1171.000000, 4053.000000,     small-vehicle,     409
2174.000000, 2976.000000, 2203.000000, 2976.000000, 2204.000000, 3055.000000, 2177.000000, 3057.000000,     small-vehicle,     421
612.000000, 4044.000000, 677.000000, 4038.000000, 676.000000, 4082.000000, 611.000000, 4086.000000,     small-vehicle,     430
2196.000000, 3225.000000, 2224.000000, 3225.000000, 2227.000000, 3297.000000, 2198.000000, 3298.000000,     small-vehicle,     431
1985.000000, 2398.000000, 2013.000000, 2397.000000, 2015.000000, 2463.000000, 1986.000000, 2465.000000,     small-vehicle,     432
2015.000000, 2388.000000, 2042.000000, 2387.000000, 2044.000000, 2453.000000, 2017.000000, 2454.000000,     small-vehicle,     433
1200.000000, 3375.000000, 1261.000000, 3372.000000, 1261.000000, 3402.000000, 1200.000000, 3406.000000,     small-vehicle,     438
3068.000000, 2554.000000, 3130.000000, 2553.000000, 3133.000000, 2587.000000, 3071.000000, 2589.000000,     small-vehicle,     445
1540.000000, 2605.000000, 1593.000000, 2605.000000, 1594.000000, 2632.000000, 1541.000000, 2632.000000,     small-vehicle,     446
2135.000000, 2847.000000, 2161.000000, 2846.000000, 2162.000000, 2910.000000, 2137.000000, 2911.000000,     small-vehicle,     457
3348.000000, 3758.000000, 3415.000000, 3754.000000, 3418.000000, 3790.000000, 3351.000000, 3796.000000,     small-vehicle,     462
1855.000000, 4047.000000, 1918.000000, 4043.000000, 1920.000000, 4094.000000, 1855.000000, 4098.000000,     small-vehicle,     463
3120.000000, 2595.000000, 3181.000000, 2593.000000, 3182.000000, 2626.000000, 3121.000000, 2627.000000,     small-vehicle,     465
2275.000000, 2311.000000, 2299.000000, 2310.000000, 2302.000000, 2385.000000, 2277.000000, 2385.000000,     small-vehicle,     484
254.000000, 2896.000000, 332.000000, 2893.000000, 331.000000, 2916.000000, 254.000000, 2918.000000,     large-vehicle,     498
1981.000000, 2335.000000, 2007.000000, 2334.000000, 2009.000000, 2396.000000, 1982.000000, 2397.000000,     small-vehicle,     506
55.000000, 2811.000000, 133.000000, 2808.000000, 131.000000, 2842.000000, 53.000000, 2845.000000,     small-vehicle,     511
2083.000000, 2668.000000, 2109.000000, 2667.000000, 2112.000000, 2731.000000, 2085.000000, 2732.000000,     small-vehicle,     531
1556.000000, 4199.000000, 1608.000000, 4194.000000, 1608.000000, 4254.000000, 1557.000000, 4258.000000,     small-vehicle,     537
2875.000000, 3734.000000, 2937.000000, 3730.000000, 2939.000000, 3769.000000, 2876.000000, 3773.000000,     large-vehicle,     553
2251.000000, 2182.000000, 2275.000000, 2183.000000, 2277.000000, 2241.000000, 2254.000000, 2240.000000,     small-vehicle,     564
2287.000000, 2190.000000, 2314.000000, 2189.000000, 2316.000000, 2253.000000, 2289.000000, 2254.000000,     small-vehicle,     568
421.000000, 4069.000000, 478.000000, 4065.000000, 476.000000, 4101.000000, 420.000000, 4105.000000,     small-vehicle,     569
1645.000000, 2678.000000, 1703.000000, 2677.000000, 1703.000000, 2700.000000, 1645.000000, 2702.000000,     small-vehicle,     575
3508.000000, 2550.000000, 3571.000000, 2549.000000, 3573.000000, 2581.000000, 3510.000000, 2583.000000,     small-vehicle,     577
3630.000000, 2444.000000, 3694.000000, 2442.000000, 3697.000000, 2479.000000, 3632.000000, 2480.000000,     small-vehicle,     578
2582.000000, 3858.000000, 2643.000000, 3854.000000, 2644.000000, 3887.000000, 2583.000000, 3891.000000,     small-vehicle,     583
2280.000000, 2112.000000, 2306.000000, 2113.000000, 2309.000000, 2177.000000, 2282.000000, 2177.000000,     small-vehicle,     590
2036.000000, 3116.000000, 2074.000000, 3114.000000, 2076.000000, 3189.000000, 2037.000000, 3190.000000,     small-vehicle,     591
1989.000000, 2138.000000, 2019.000000, 2138.000000, 2020.000000, 2208.000000, 1991.000000, 2209.000000,     small-vehicle,     593
2326.000000, 3202.000000, 2359.000000, 3202.000000, 2362.000000, 3281.000000, 2329.000000, 3281.000000,     small-vehicle,     595
1877.000000, 3758.000000, 1927.000000, 3755.000000, 1928.000000, 3799.000000, 1879.000000, 3803.000000,     small-vehicle,     598
1334.000000, 4057.000000, 1405.000000, 4053.000000, 1405.000000, 4094.000000, 1333.000000, 4099.000000,     small-vehicle,     613
2688.000000, 2644.000000, 2737.000000, 2642.000000, 2739.000000, 2672.000000, 2689.000000, 2673.000000,     small-vehicle,     614
996.000000, 4029.000000, 1055.000000, 4027.000000, 1055.000000, 4062.000000, 996.000000, 4066.000000,     small-vehicle,     615
2262.000000, 2031.000000, 2290.000000, 2031.000000, 2292.000000, 2093.000000, 2265.000000, 2092.000000,     small-vehicle,     632
2037.000000, 2213.000000, 2064.000000, 2213.000000, 2066.000000, 2292.000000, 2039.000000, 2291.000000,     small-vehicle,     635
2947.000000, 2615.000000, 3007.000000, 2612.000000, 3008.000000, 2648.000000, 2949.000000, 2648.000000,     small-vehicle,     636
3728.000000, 3702.000000, 3799.000000, 3697.000000, 3803.000000, 3737.000000, 3731.000000, 3742.000000,     small-vehicle,     637
1991.000000, 2013.000000, 2017.000000, 2012.000000, 2018.000000, 2080.000000, 1993.000000, 2079.000000,     small-vehicle,     638
1780.000000, 3927.000000, 1837.000000, 3922.000000, 1838.000000, 3953.000000, 1780.000000, 3958.000000,     small-vehicle,     659
1954.000000, 1972.000000, 1982.000000, 1971.000000, 1983.000000, 2032.000000, 1956.000000, 2031.000000,     small-vehicle,     660
176.000000, 4072.000000, 237.000000, 4068.000000, 237.000000, 4108.000000, 174.000000, 4113.000000,     small-vehicle,     661
2376.000000, 3956.000000, 2416.000000, 3953.000000, 2419.000000, 4046.000000, 2379.000000, 4049.000000,     small-vehicle,     662
2074.000000, 2105.000000, 2102.000000, 2105.000000, 2103.000000, 2170.000000, 2075.000000, 2169.000000,     small-vehicle,     663
2292.000000, 3516.000000, 2329.000000, 3513.000000, 2332.000000, 3588.000000, 2295.000000, 3591.000000,     small-vehicle,     664
1771.000000, 4071.000000, 1837.000000, 4066.000000, 1838.000000, 4104.000000, 1772.000000, 4108.000000,     small-vehicle,     665
2262.000000, 1948.000000, 2289.000000, 1948.000000, 2292.000000, 2011.000000, 2265.000000, 2013.000000,     small-vehicle,     666
2142.000000, 2675.000000, 2174.000000, 2675.000000, 2175.000000, 2732.000000, 2144.000000, 2733.000000,     small-vehicle,     667
520.000000, 2008.000000, 584.000000, 2008.000000, 583.000000, 2041.000000, 519.000000, 2042.000000,     small-vehicle,     668
49.000000, 4198.000000, 93.000000, 4195.000000, 92.000000, 4225.000000, 48.000000, 4230.000000,     small-vehicle,     672
212.000000, 4166.000000, 285.000000, 4160.000000, 283.000000, 4199.000000, 210.000000, 4206.000000,     large-vehicle,     676
75.000000, 4112.000000, 157.000000, 4104.000000, 154.000000, 4149.000000, 72.000000, 4155.000000,     large-vehicle,     678
3438.000000, 3749.000000, 3508.000000, 3745.000000, 3512.000000, 3785.000000, 3441.000000, 3789.000000,     small-vehicle,     685
3719.000000, 3898.000000, 3784.000000, 3891.000000, 3787.000000, 3926.000000, 3723.000000, 3931.000000,     small-vehicle,     686
433.000000, 2902.000000, 496.000000, 2899.000000, 495.000000, 2930.000000, 433.000000, 2932.000000,     small-vehicle,     687
859.000000, 4376.000000, 891.000000, 4373.000000, 891.000000, 4433.000000, 857.000000, 4436.000000,     small-vehicle,     691
2779.000000, 3741.000000, 2853.000000, 3736.000000, 2855.000000, 3771.000000, 2782.000000, 3776.000000,     large-vehicle,     692
1812.000000, 3825.000000, 1876.000000, 3820.000000, 1876.000000, 3860.000000, 1813.000000, 3864.000000,     large-vehicle,     693
2301.000000, 2854.000000, 2332.000000, 2854.000000, 2335.000000, 2926.000000, 2303.000000, 2927.000000,     large-vehicle,     695
2667.000000, 3848.000000, 2780.000000, 3840.000000, 2783.000000, 3891.000000, 2669.000000, 3899.000000,     large-vehicle,     697
2377.000000, 3956.000000, 2418.000000, 3953.000000, 2421.000000, 4048.000000, 2380.000000, 4050.000000,     large-vehicle,     698
2306.000000, 2381.000000, 2335.000000, 2381.000000, 2337.000000, 2455.000000, 2309.000000, 2455.000000,     large-vehicle,     700
1948.000000, 1900.000000, 1975.000000, 1900.000000, 1976.000000, 1957.000000, 1949.000000, 1957.000000,     small-vehicle,     704
1970.000000, 3952.000000, 2037.000000, 3948.000000, 2038.000000, 3984.000000, 1971.000000, 3988.000000,     small-vehicle,     706
658.000000, 2864.000000, 725.000000, 2861.000000, 723.000000, 2918.000000, 657.000000, 2920.000000,     small-vehicle,     708
2777.000000, 3742.000000, 2831.000000, 3737.000000, 2832.000000, 3772.000000, 2780.000000, 3775.000000,     small-vehicle,     709
1027.000000, 3944.000000, 1075.000000, 3940.000000, 1075.000000, 3971.000000, 1027.000000, 3974.000000,     small-vehicle,     713
2258.000000, 1860.000000, 2284.000000, 1860.000000, 2286.000000, 1924.000000, 2260.000000, 1924.000000,     small-vehicle,     718
2328.000000, 3234.000000, 2360.000000, 3233.000000, 2363.000000, 3305.000000, 2330.000000, 3308.000000,     large-vehicle,     720
3018.000000, 2605.000000, 3087.000000, 2603.000000, 3089.000000, 2641.000000, 3020.000000, 2642.000000,     large-vehicle,     721
2668.000000, 3794.000000, 2746.000000, 3788.000000, 2748.000000, 3831.000000, 2669.000000, 3837.000000,     large-vehicle,     722
1338.000000, 4051.000000, 1409.000000, 4046.000000, 1409.000000, 4088.000000, 1338.000000, 4094.000000,     large-vehicle,     724
3000.000000, 3745.000000, 3063.000000, 3742.000000, 3066.000000, 3784.000000, 3003.000000, 3789.000000,     large-vehicle,     725
2697.000000, 2541.000000, 2754.000000, 2539.000000, 2756.000000, 2575.000000, 2700.000000, 2576.000000,     large-vehicle,     727
2083.000000, 2347.000000, 2122.000000, 2345.000000, 2126.000000, 2450.000000, 2085.000000, 2449.000000,     large-vehicle,     728
2303.000000, 2852.000000, 2334.000000, 2851.000000, 2337.000000, 2926.000000, 2305.000000, 2927.000000,     small-vehicle,     729
2554.000000, 3968.000000, 2619.000000, 3963.000000, 2621.000000, 4019.000000, 2556.000000, 4024.000000,     small-vehicle,     730
2772.000000, 3789.000000, 2837.000000, 3784.000000, 2838.000000, 3822.000000, 2775.000000, 3827.000000,     small-vehicle,     731
606.000000, 2012.000000, 706.000000, 2011.000000, 704.000000, 2047.000000, 605.000000, 2046.000000,     small-vehicle,     732
2774.000000, 3713.000000, 2840.000000, 3709.000000, 2843.000000, 3740.000000, 2775.000000, 3744.000000,     small-vehicle,     733
211.000000, 4172.000000, 286.000000, 4168.000000, 284.000000, 4208.000000, 209.000000, 4212.000000,     small-vehicle,     734
3860.000000, 3901.000000, 3911.000000, 3897.000000, 3915.000000, 3934.000000, 3863.000000, 3938.000000,     small-vehicle,     735
2565.000000, 2656.000000, 2617.000000, 2653.000000, 2618.000000, 2678.000000, 2566.000000, 2679.000000,     small-vehicle,     736
3021.000000, 2603.000000, 3088.000000, 2601.000000, 3090.000000, 2632.000000, 3024.000000, 2634.000000,     small-vehicle,     737
2377.000000, 3957.000000, 2417.000000, 3954.000000, 2420.000000, 4048.000000, 2380.000000, 4050.000000,     small-vehicle,     738
1392.000000, 3550.000000, 1410.000000, 3548.000000, 1410.000000, 3585.000000, 1392.000000, 3586.000000,     small-vehicle,     739
153.000000, 4176.000000, 201.000000, 4172.000000, 198.000000, 4210.000000, 151.000000, 4212.000000,     small-vehicle,     742
2023.000000, 1928.000000, 2059.000000, 1929.000000, 2061.000000, 2019.000000, 2025.000000, 2018.000000,     large-vehicle,     744
2698.000000, 2547.000000, 2756.000000, 2546.000000, 2759.000000, 2580.000000, 2700.000000, 2582.000000,     small-vehicle,     745
2768.000000, 3774.000000, 2836.000000, 3771.000000, 2839.000000, 3814.000000, 2771.000000, 3818.000000,     large-vehicle,     747
2551.000000, 3963.000000, 2616.000000, 3959.000000, 2618.000000, 4013.000000, 2553.000000, 4018.000000,     large-vehicle,     748
1779.000000, 3906.000000, 1836.000000, 3903.000000, 1836.000000, 3936.000000, 1781.000000, 3940.000000,     large-vehicle,     749
