2175.000000, 1217.000000, 2240.000000, 1217.000000, 2240.000000, 1282.000000, 2175.000000, 1282.000000,   small-vehicle,   1290
1960.000000, 1478.000000, 1985.000000, 1478.000000, 1985.000000, 1523.000000, 1960.000000, 1523.000000,   small-vehicle,   1522
2279.000000, 1472.000000, 2308.000000, 1472.000000, 2308.000000, 1516.000000, 2279.000000, 1516.000000,   small-vehicle,   1529
2274.000000, 1392.000000, 2304.000000, 1392.000000, 2304.000000, 1447.000000, 2274.000000, 1447.000000,   small-vehicle,   1536
1958.000000, 1404.000000, 1984.000000, 1404.000000, 1984.000000, 1460.000000, 1958.000000, 1460.000000,   small-vehicle,   1537
1290.000000, 1367.000000, 1316.000000, 1367.000000, 1316.000000, 1421.000000, 1290.000000, 1421.000000,   small-vehicle,   1548
1961.000000, 1335.000000, 1986.000000, 1335.000000, 1986.000000, 1393.000000, 1961.000000, 1393.000000,   small-vehicle,   1549
2274.000000, 1313.000000, 2304.000000, 1313.000000, 2304.000000, 1377.000000, 2274.000000, 1377.000000,   small-vehicle,   1552
1284.000000, 1290.000000, 1311.000000, 1290.000000, 1311.000000, 1349.000000, 1284.000000, 1349.000000,   small-vehicle,   1554
1946.000000, 1268.000000, 1973.000000, 1268.000000, 1973.000000, 1318.000000, 1946.000000, 1318.000000,   small-vehicle,   1562
1973.000000, 1221.000000, 1999.000000, 1221.000000, 1999.000000, 1272.000000, 1973.000000, 1272.000000,   small-vehicle,   1566
2236.000000, 1220.000000, 2272.000000, 1220.000000, 2272.000000, 1288.000000, 2236.000000, 1288.000000,   small-vehicle,   1571
725.000000, 1185.000000, 787.000000, 1185.000000, 787.000000, 1205.000000, 725.000000, 1205.000000,   small-vehicle,   1573
439.000000, 1171.000000, 497.000000, 1171.000000, 497.000000, 1206.000000, 439.000000, 1206.000000,   small-vehicle,   1575
511.000000, 1183.000000, 561.000000, 1183.000000, 561.000000, 1208.000000, 511.000000, 1208.000000,   small-vehicle,   1578
789.000000, 1181.000000, 851.000000, 1181.000000, 851.000000, 1200.000000, 789.000000, 1200.000000,   small-vehicle,   1585
382.000000, 1112.000000, 418.000000, 1112.000000, 418.000000, 1171.000000, 382.000000, 1171.000000,   small-vehicle,   1594
1960.000000, 1066.000000, 1989.000000, 1066.000000, 1989.000000, 1116.000000, 1960.000000, 1116.000000,   small-vehicle,   1602
2926.000000, 1062.000000, 2994.000000, 1062.000000, 2994.000000, 1094.000000, 2926.000000, 1094.000000,   small-vehicle,   1614
320.000000, 1034.000000, 369.000000, 1034.000000, 369.000000, 1094.000000, 320.000000, 1094.000000,   small-vehicle,   1615
2232.000000, 1040.000000, 2257.000000, 1040.000000, 2257.000000, 1094.000000, 2232.000000, 1094.000000,   small-vehicle,   1623
3417.000000, 1043.000000, 3473.000000, 1043.000000, 3473.000000, 1066.000000, 3417.000000, 1066.000000,   small-vehicle,   1631
86.000000, 1090.000000, 139.000000, 1090.000000, 139.000000, 1131.000000, 86.000000, 1131.000000,   small-vehicle,   1632
2224.000000, 970.000000, 2256.000000, 970.000000, 2256.000000, 1034.000000, 2224.000000, 1034.000000,   small-vehicle,   1633
1928.000000, 900.000000, 1955.000000, 900.000000, 1955.000000, 955.000000, 1928.000000, 955.000000,   small-vehicle,   1637
3226.000000, 931.000000, 3263.000000, 931.000000, 3263.000000, 992.000000, 3226.000000, 992.000000,   small-vehicle,   1638
434.000000, 926.000000, 463.000000, 926.000000, 463.000000, 970.000000, 434.000000, 970.000000,   small-vehicle,   1643
359.000000, 896.000000, 385.000000, 896.000000, 385.000000, 945.000000, 359.000000, 945.000000,   small-vehicle,   1650
2973.000000, 1435.000000, 3008.000000, 1435.000000, 3008.000000, 1503.000000, 2973.000000, 1503.000000,   small-vehicle,   1651
2247.000000, 846.000000, 2278.000000, 846.000000, 2278.000000, 905.000000, 2247.000000, 905.000000,   small-vehicle,   1656
1924.000000, 830.000000, 1953.000000, 830.000000, 1953.000000, 887.000000, 1924.000000, 887.000000,   small-vehicle,   1658
1033.000000, 1223.000000, 1096.000000, 1223.000000, 1096.000000, 1251.000000, 1033.000000, 1251.000000,   small-vehicle,   1659
3223.000000, 853.000000, 3260.000000, 853.000000, 3260.000000, 911.000000, 3223.000000, 911.000000,   small-vehicle,   1665
359.000000, 836.000000, 386.000000, 836.000000, 386.000000, 887.000000, 359.000000, 887.000000,   small-vehicle,   1666
2209.000000, 780.000000, 2235.000000, 780.000000, 2235.000000, 834.000000, 2209.000000, 834.000000,   small-vehicle,   1680
1951.000000, 800.000000, 1978.000000, 800.000000, 1978.000000, 851.000000, 1951.000000, 851.000000,   small-vehicle,   1683
1926.000000, 774.000000, 1951.000000, 774.000000, 1951.000000, 821.000000, 1926.000000, 821.000000,   small-vehicle,   1687
3252.000000, 1118.000000, 3318.000000, 1118.000000, 3318.000000, 1149.000000, 3252.000000, 1149.000000,   small-vehicle,   1688
2962.000000, 1234.000000, 2991.000000, 1234.000000, 2991.000000, 1277.000000, 2962.000000, 1277.000000,   small-vehicle,   1689
2467.000000, 1159.000000, 2518.000000, 1159.000000, 2518.000000, 1181.000000, 2467.000000, 1181.000000,   small-vehicle,   1693
2243.000000, 763.000000, 2270.000000, 763.000000, 2270.000000, 815.000000, 2243.000000, 815.000000,   small-vehicle,   1697
1952.000000, 725.000000, 1981.000000, 725.000000, 1981.000000, 787.000000, 1952.000000, 787.000000,   small-vehicle,   1699
2242.000000, 687.000000, 2270.000000, 687.000000, 2270.000000, 741.000000, 2242.000000, 741.000000,   small-vehicle,   1705
2154.000000, 483.000000, 2182.000000, 483.000000, 2182.000000, 548.000000, 2154.000000, 548.000000,   small-vehicle,   1706
1935.000000, 628.000000, 1964.000000, 628.000000, 1964.000000, 680.000000, 1935.000000, 680.000000,   small-vehicle,   1708
1915.000000, 690.000000, 1947.000000, 690.000000, 1947.000000, 748.000000, 1915.000000, 748.000000,   small-vehicle,   1709
233.000000, 1223.000000, 276.000000, 1223.000000, 276.000000, 1285.000000, 233.000000, 1285.000000,   small-vehicle,   1710
3222.000000, 627.000000, 3252.000000, 627.000000, 3252.000000, 685.000000, 3222.000000, 685.000000,   small-vehicle,   1715
2283.000000, 1257.000000, 2306.000000, 1257.000000, 2306.000000, 1305.000000, 2283.000000, 1305.000000,   small-vehicle,   1719
2723.000000, 606.000000, 2753.000000, 606.000000, 2753.000000, 666.000000, 2723.000000, 666.000000,   small-vehicle,   1727
2642.000000, 599.000000, 2673.000000, 599.000000, 2673.000000, 663.000000, 2642.000000, 663.000000,   small-vehicle,   1728
2230.000000, 559.000000, 2256.000000, 559.000000, 2256.000000, 626.000000, 2230.000000, 626.000000,   small-vehicle,   1729
2535.000000, 1152.000000, 2593.000000, 1152.000000, 2593.000000, 1183.000000, 2535.000000, 1183.000000,   small-vehicle,   1730
2762.000000, 594.000000, 2794.000000, 594.000000, 2794.000000, 656.000000, 2762.000000, 656.000000,   small-vehicle,   1731
2808.000000, 591.000000, 2839.000000, 591.000000, 2839.000000, 653.000000, 2808.000000, 653.000000,   small-vehicle,   1739
1918.000000, 533.000000, 1948.000000, 533.000000, 1948.000000, 593.000000, 1918.000000, 593.000000,   small-vehicle,   1742
2197.000000, 523.000000, 2226.000000, 523.000000, 2226.000000, 588.000000, 2197.000000, 588.000000,   small-vehicle,   1744
1459.000000, 1206.000000, 1503.000000, 1206.000000, 1503.000000, 1225.000000, 1459.000000, 1225.000000,   small-vehicle,   1747
1900.000000, 422.000000, 1928.000000, 422.000000, 1928.000000, 482.000000, 1900.000000, 482.000000,   small-vehicle,   1760
3168.000000, 1120.000000, 3231.000000, 1120.000000, 3231.000000, 1149.000000, 3168.000000, 1149.000000,   small-vehicle,   1761
1519.000000, 1200.000000, 1577.000000, 1200.000000, 1577.000000, 1223.000000, 1519.000000, 1223.000000,   small-vehicle,   1762
3204.000000, 485.000000, 3230.000000, 485.000000, 3230.000000, 547.000000, 3204.000000, 547.000000,   small-vehicle,   1763
65.000000, 431.000000, 123.000000, 431.000000, 123.000000, 458.000000, 65.000000, 458.000000,   small-vehicle,   1765
3198.000000, 408.000000, 3229.000000, 408.000000, 3229.000000, 476.000000, 3198.000000, 476.000000,   small-vehicle,   1767
2372.000000, 657.000000, 2422.000000, 657.000000, 2422.000000, 682.000000, 2372.000000, 682.000000,   small-vehicle,   1769
1047.000000, 372.000000, 1104.000000, 372.000000, 1104.000000, 397.000000, 1047.000000, 397.000000,   small-vehicle,   1772
47.000000, 353.000000, 109.000000, 353.000000, 109.000000, 383.000000, 47.000000, 383.000000,   small-vehicle,   1773
1896.000000, 366.000000, 1921.000000, 366.000000, 1921.000000, 410.000000, 1896.000000, 410.000000,   small-vehicle,   1777
2152.000000, 305.000000, 2178.000000, 305.000000, 2178.000000, 361.000000, 2152.000000, 361.000000,   small-vehicle,   1785
2221.000000, 366.000000, 2250.000000, 366.000000, 2250.000000, 420.000000, 2221.000000, 420.000000,   small-vehicle,   1787
561.000000, 320.000000, 613.000000, 320.000000, 613.000000, 346.000000, 561.000000, 346.000000,   small-vehicle,   1790
3550.000000, 1110.000000, 3614.000000, 1110.000000, 3614.000000, 1133.000000, 3550.000000, 1133.000000,   small-vehicle,   1791
499.000000, 326.000000, 550.000000, 326.000000, 550.000000, 350.000000, 499.000000, 350.000000,   small-vehicle,   1793
3193.000000, 324.000000, 3226.000000, 324.000000, 3226.000000, 384.000000, 3193.000000, 384.000000,   small-vehicle,   1794
694.000000, 345.000000, 758.000000, 345.000000, 758.000000, 379.000000, 694.000000, 379.000000,   small-vehicle,   1795
631.000000, 318.000000, 687.000000, 318.000000, 687.000000, 344.000000, 631.000000, 344.000000,   small-vehicle,   1799
700.000000, 312.000000, 758.000000, 312.000000, 758.000000, 337.000000, 700.000000, 337.000000,   small-vehicle,   1804
890.000000, 302.000000, 943.000000, 302.000000, 943.000000, 328.000000, 890.000000, 328.000000,   small-vehicle,   1805
1742.000000, 305.000000, 1800.000000, 305.000000, 1800.000000, 338.000000, 1742.000000, 338.000000,   small-vehicle,   1807
948.000000, 296.000000, 1008.000000, 296.000000, 1008.000000, 322.000000, 948.000000, 322.000000,   small-vehicle,   1808
767.000000, 308.000000, 817.000000, 308.000000, 817.000000, 333.000000, 767.000000, 333.000000,   small-vehicle,   1810
481.000000, 1247.000000, 537.000000, 1247.000000, 537.000000, 1278.000000, 481.000000, 1278.000000,   small-vehicle,   1813
349.000000, 280.000000, 381.000000, 280.000000, 381.000000, 338.000000, 349.000000, 338.000000,   small-vehicle,   1814
1030.000000, 290.000000, 1080.000000, 290.000000, 1080.000000, 317.000000, 1030.000000, 317.000000,   small-vehicle,   1817
828.000000, 305.000000, 879.000000, 305.000000, 879.000000, 330.000000, 828.000000, 330.000000,   small-vehicle,   1818
2186.000000, 301.000000, 2213.000000, 301.000000, 2213.000000, 353.000000, 2186.000000, 353.000000,   small-vehicle,   1819
728.000000, 1232.000000, 793.000000, 1232.000000, 793.000000, 1262.000000, 728.000000, 1262.000000,   small-vehicle,   1821
1675.000000, 238.000000, 1731.000000, 238.000000, 1731.000000, 267.000000, 1675.000000, 267.000000,   small-vehicle,   1822
1163.000000, 281.000000, 1218.000000, 281.000000, 1218.000000, 310.000000, 1163.000000, 310.000000,   small-vehicle,   1825
1572.000000, 249.000000, 1627.000000, 249.000000, 1627.000000, 277.000000, 1572.000000, 277.000000,   small-vehicle,   1826
1398.000000, 265.000000, 1447.000000, 265.000000, 1447.000000, 288.000000, 1398.000000, 288.000000,   small-vehicle,   1827
1234.000000, 277.000000, 1284.000000, 277.000000, 1284.000000, 303.000000, 1234.000000, 303.000000,   small-vehicle,   1831
1738.000000, 231.000000, 1789.000000, 231.000000, 1789.000000, 259.000000, 1738.000000, 259.000000,   small-vehicle,   1833
3192.000000, 269.000000, 3217.000000, 269.000000, 3217.000000, 323.000000, 3192.000000, 323.000000,   small-vehicle,   1835
1338.000000, 269.000000, 1384.000000, 269.000000, 1384.000000, 293.000000, 1338.000000, 293.000000,   small-vehicle,   1836
2960.000000, 1280.000000, 2994.000000, 1280.000000, 2994.000000, 1337.000000, 2960.000000, 1337.000000,   small-vehicle,   1837
1799.000000, 227.000000, 1851.000000, 227.000000, 1851.000000, 253.000000, 1799.000000, 253.000000,   small-vehicle,   1838
431.000000, 993.000000, 458.000000, 993.000000, 458.000000, 1034.000000, 431.000000, 1034.000000,   small-vehicle,   1839
352.000000, 221.000000, 377.000000, 221.000000, 377.000000, 268.000000, 352.000000, 268.000000,   small-vehicle,   1845
3145.000000, 532.000000, 3166.000000, 532.000000, 3166.000000, 581.000000, 3145.000000, 581.000000,   small-vehicle,   1850
2531.000000, 175.000000, 2587.000000, 175.000000, 2587.000000, 202.000000, 2531.000000, 202.000000,   small-vehicle,   1856
2478.000000, 181.000000, 2527.000000, 181.000000, 2527.000000, 207.000000, 2478.000000, 207.000000,   small-vehicle,   1858
2394.000000, 185.000000, 2462.000000, 185.000000, 2462.000000, 214.000000, 2394.000000, 214.000000,   small-vehicle,   1859
1771.000000, 174.000000, 1829.000000, 174.000000, 1829.000000, 199.000000, 1771.000000, 199.000000,   small-vehicle,   1860
409.000000, 1029.000000, 454.000000, 1029.000000, 454.000000, 1088.000000, 409.000000, 1088.000000,   small-vehicle,   1864
1969.000000, 287.000000, 1997.000000, 287.000000, 1997.000000, 355.000000, 1969.000000, 355.000000,   small-vehicle,   1866
352.000000, 130.000000, 378.000000, 130.000000, 378.000000, 180.000000, 352.000000, 180.000000,   small-vehicle,   1868
2962.000000, 141.000000, 3014.000000, 141.000000, 3014.000000, 168.000000, 2962.000000, 168.000000,   small-vehicle,   1869
3042.000000, 141.000000, 3100.000000, 141.000000, 3100.000000, 170.000000, 3042.000000, 170.000000,   small-vehicle,   1872
2820.000000, 157.000000, 2892.000000, 157.000000, 2892.000000, 181.000000, 2820.000000, 181.000000,   small-vehicle,   1874
2208.000000, 81.000000, 2236.000000, 81.000000, 2236.000000, 133.000000, 2208.000000, 133.000000,   small-vehicle,   1875
223.000000, 421.000000, 285.000000, 421.000000, 285.000000, 447.000000, 223.000000, 447.000000,   small-vehicle,   1876
349.000000, 71.000000, 373.000000, 71.000000, 373.000000, 116.000000, 349.000000, 116.000000,   small-vehicle,   1878
2813.000000, 186.000000, 2873.000000, 186.000000, 2873.000000, 220.000000, 2813.000000, 220.000000,   small-vehicle,   1882
300.000000, 1250.000000, 346.000000, 1250.000000, 346.000000, 1308.000000, 300.000000, 1308.000000,   small-vehicle,   1888
2233.000000, 512.000000, 2262.000000, 512.000000, 2262.000000, 552.000000, 2233.000000, 552.000000,   small-vehicle,   1889
1950.000000, 85.000000, 1977.000000, 85.000000, 1977.000000, 138.000000, 1950.000000, 138.000000,   small-vehicle,   1893
983.000000, 375.000000, 1029.000000, 375.000000, 1029.000000, 396.000000, 983.000000, 396.000000,   small-vehicle,   1895
3108.000000, 32.000000, 3147.000000, 32.000000, 3147.000000, 96.000000, 3108.000000, 96.000000,   small-vehicle,   1898
1900.000000, -42.000000, 1929.000000, -42.000000, 1929.000000, 10.000000, 1900.000000, 10.000000,   small-vehicle,   1900
1875.000000, -10.000000, 1905.000000, -10.000000, 1905.000000, 44.000000, 1875.000000, 44.000000,   small-vehicle,   1902
322.000000, 349.000000, 379.000000, 349.000000, 379.000000, 395.000000, 322.000000, 395.000000,   small-vehicle,   1909
1930.000000, 443.000000, 1964.000000, 443.000000, 1964.000000, 518.000000, 1930.000000, 518.000000,   large-vehicle,   1917
2351.000000, 232.000000, 2400.000000, 232.000000, 2400.000000, 256.000000, 2351.000000, 256.000000,   small-vehicle,   1918
2194.000000, -84.000000, 2223.000000, -84.000000, 2223.000000, -30.000000, 2194.000000, -30.000000,   small-vehicle,   1921
-7.000000, 418.000000, 52.000000, 418.000000, 52.000000, 443.000000, -7.000000, 443.000000,   small-vehicle,   1922
183.000000, 1338.000000, 226.000000, 1338.000000, 226.000000, 1396.000000, 183.000000, 1396.000000,   small-vehicle,   1927
1978.000000, 501.000000, 2005.000000, 501.000000, 2005.000000, 553.000000, 1978.000000, 553.000000,   small-vehicle,   1936
1867.000000, -123.000000, 1893.000000, -123.000000, 1893.000000, -83.000000, 1867.000000, -83.000000,   small-vehicle,   1941
2190.000000, -168.000000, 2218.000000, -168.000000, 2218.000000, -110.000000, 2190.000000, -110.000000,   small-vehicle,   1945
910.000000, 365.000000, 960.000000, 365.000000, 960.000000, 387.000000, 910.000000, 387.000000,   small-vehicle,   1950
1895.000000, -176.000000, 1920.000000, -176.000000, 1920.000000, -114.000000, 1895.000000, -114.000000,   small-vehicle,   1952
2815.000000, 234.000000, 2882.000000, 234.000000, 2882.000000, 261.000000, 2815.000000, 261.000000,   small-vehicle,   1954
1907.000000, 591.000000, 1927.000000, 591.000000, 1927.000000, 629.000000, 1907.000000, 629.000000,   small-vehicle,   1955
283.000000, 395.000000, 333.000000, 395.000000, 333.000000, 421.000000, 283.000000, 421.000000,   small-vehicle,   1966
1864.000000, -215.000000, 1889.000000, -215.000000, 1889.000000, -163.000000, 1864.000000, -163.000000,   small-vehicle,   1967
3091.000000, -203.000000, 3123.000000, -203.000000, 3123.000000, -144.000000, 3091.000000, -144.000000,   small-vehicle,   1968
2658.000000, 244.000000, 2714.000000, 244.000000, 2714.000000, 272.000000, 2658.000000, 272.000000,   small-vehicle,   1970
1951.000000, 136.000000, 1980.000000, 136.000000, 1980.000000, 191.000000, 1951.000000, 191.000000,   small-vehicle,   1971
2184.000000, -243.000000, 2214.000000, -243.000000, 2214.000000, -187.000000, 2184.000000, -187.000000,   small-vehicle,   1972
1341.000000, 344.000000, 1402.000000, 344.000000, 1402.000000, 378.000000, 1341.000000, 378.000000,   small-vehicle,   1974
2157.000000, -228.000000, 2187.000000, -228.000000, 2187.000000, -168.000000, 2157.000000, -168.000000,   small-vehicle,   1977
2967.000000, 1376.000000, 3002.000000, 1376.000000, 3002.000000, 1439.000000, 2967.000000, 1439.000000,   small-vehicle,   1980
321.000000, 904.000000, 341.000000, 904.000000, 341.000000, 945.000000, 321.000000, 945.000000,   small-vehicle,   1981
156.000000, 1400.000000, 200.000000, 1400.000000, 200.000000, 1460.000000, 156.000000, 1460.000000,   small-vehicle,   1983
2150.000000, -303.000000, 2177.000000, -303.000000, 2177.000000, -240.000000, 2150.000000, -240.000000,   small-vehicle,   1988
3232.000000, 208.000000, 3281.000000, 208.000000, 3281.000000, 228.000000, 3232.000000, 228.000000,   small-vehicle,   1992
133.000000, 1458.000000, 175.000000, 1458.000000, 175.000000, 1509.000000, 133.000000, 1509.000000,   small-vehicle,   1995
1934.000000, -73.000000, 1962.000000, -73.000000, 1962.000000, -16.000000, 1934.000000, -16.000000,   small-vehicle,   1997
2046.000000, 1014.000000, 2078.000000, 1014.000000, 2078.000000, 1079.000000, 2046.000000, 1079.000000,   small-vehicle,   1998
3086.000000, -282.000000, 3115.000000, -282.000000, 3115.000000, -227.000000, 3086.000000, -227.000000,   small-vehicle,   2005
2180.000000, -321.000000, 2208.000000, -321.000000, 2208.000000, -261.000000, 2180.000000, -261.000000,   small-vehicle,   2006
1383.000000, 1208.000000, 1442.000000, 1208.000000, 1442.000000, 1230.000000, 1383.000000, 1230.000000,   small-vehicle,   2007
251.000000, -332.000000, 303.000000, -332.000000, 303.000000, -283.000000, 251.000000, -283.000000,   small-vehicle,   2008
2617.000000, -391.000000, 2678.000000, -391.000000, 2678.000000, -362.000000, 2617.000000, -362.000000,   small-vehicle,   2013
397.000000, 1252.000000, 462.000000, 1252.000000, 462.000000, 1282.000000, 397.000000, 1282.000000,   small-vehicle,   2014
3313.000000, 202.000000, 3378.000000, 202.000000, 3378.000000, 230.000000, 3313.000000, 230.000000,   small-vehicle,   2016
3446.000000, 198.000000, 3512.000000, 198.000000, 3512.000000, 219.000000, 3446.000000, 219.000000,   small-vehicle,   2017
3642.000000, 184.000000, 3715.000000, 184.000000, 3715.000000, 206.000000, 3642.000000, 206.000000,   small-vehicle,   2021
2684.000000, 609.000000, 2719.000000, 609.000000, 2719.000000, 675.000000, 2684.000000, 675.000000,   large-vehicle,   2022
1854.000000, -382.000000, 1884.000000, -382.000000, 1884.000000, -324.000000, 1854.000000, -324.000000,   small-vehicle,   2023
188.000000, -473.000000, 245.000000, -473.000000, 245.000000, -420.000000, 188.000000, -420.000000,   small-vehicle,   2028
2945.000000, 223.000000, 3009.000000, 223.000000, 3009.000000, 258.000000, 2945.000000, 258.000000,   small-vehicle,   2030
241.000000, -429.000000, 290.000000, -429.000000, 290.000000, -385.000000, 241.000000, -385.000000,   small-vehicle,   2031
1875.000000, -450.000000, 1902.000000, -450.000000, 1902.000000, -391.000000, 1875.000000, -391.000000,   small-vehicle,   2033
2162.000000, -425.000000, 2185.000000, -425.000000, 2185.000000, -377.000000, 2162.000000, -377.000000,   small-vehicle,   2035
1331.000000, 332.000000, 1511.000000, 332.000000, 1511.000000, 370.000000, 1331.000000, 370.000000,   large-vehicle,   2036
38.000000, -508.000000, 98.000000, -508.000000, 98.000000, -457.000000, 38.000000, -457.000000,   small-vehicle,   2038
2156.000000, -485.000000, 2184.000000, -485.000000, 2184.000000, -434.000000, 2156.000000, -434.000000,   small-vehicle,   2039
2157.000000, 763.000000, 2187.000000, 763.000000, 2187.000000, 829.000000, 2157.000000, 829.000000,   small-vehicle,   2040
1921.000000, -357.000000, 1950.000000, -357.000000, 1950.000000, -289.000000, 1921.000000, -289.000000,   small-vehicle,   2041
1977.000000, -167.000000, 2004.000000, -167.000000, 2004.000000, -108.000000, 1977.000000, -108.000000,   small-vehicle,   2042
81.000000, -431.000000, 129.000000, -431.000000, 129.000000, -369.000000, 81.000000, -369.000000,   small-vehicle,   2043
347.000000, 945.000000, 388.000000, 945.000000, 388.000000, 1010.000000, 347.000000, 1010.000000,   large-vehicle,   2047
1871.000000, -520.000000, 1904.000000, -520.000000, 1904.000000, -453.000000, 1871.000000, -453.000000,   small-vehicle,   2050
3085.000000, -353.000000, 3110.000000, -353.000000, 3110.000000, -302.000000, 3085.000000, -302.000000,   small-vehicle,   2054
2998.000000, -518.000000, 3024.000000, -518.000000, 3024.000000, -464.000000, 2998.000000, -464.000000,   small-vehicle,   2057
-14.000000, -547.000000, 43.000000, -547.000000, 43.000000, -498.000000, -14.000000, -498.000000,   small-vehicle,   2060
2470.000000, 253.000000, 2530.000000, 253.000000, 2530.000000, 280.000000, 2470.000000, 280.000000,   small-vehicle,   2064
2163.000000, -548.000000, 2189.000000, -548.000000, 2189.000000, -500.000000, 2163.000000, -500.000000,   small-vehicle,   2065
50.000000, -585.000000, 112.000000, -585.000000, 112.000000, -528.000000, 50.000000, -528.000000,   small-vehicle,   2066
2950.000000, 190.000000, 3023.000000, 190.000000, 3023.000000, 223.000000, 2950.000000, 223.000000,   small-vehicle,   2067
2617.000000, -367.000000, 2666.000000, -367.000000, 2666.000000, -340.000000, 2617.000000, -340.000000,   small-vehicle,   2068
1886.000000, 104.000000, 1907.000000, 104.000000, 1907.000000, 136.000000, 1886.000000, 136.000000,   small-vehicle,   2069
1394.000000, -535.000000, 1446.000000, -535.000000, 1446.000000, -507.000000, 1394.000000, -507.000000,   small-vehicle,   2072
2039.000000, 739.000000, 2054.000000, 739.000000, 2054.000000, 770.000000, 2039.000000, 770.000000,   small-vehicle,   2073
2074.000000, 510.000000, 2105.000000, 510.000000, 2105.000000, 572.000000, 2074.000000, 572.000000,   small-vehicle,   2074
3663.000000, 108.000000, 3712.000000, 108.000000, 3712.000000, 129.000000, 3663.000000, 129.000000,   small-vehicle,   2075
2312.000000, 886.000000, 2333.000000, 886.000000, 2333.000000, 930.000000, 2312.000000, 930.000000,   small-vehicle,   2076
1510.000000, 329.000000, 1561.000000, 329.000000, 1561.000000, 358.000000, 1510.000000, 358.000000,   small-vehicle,   2077
1927.000000, 446.000000, 1965.000000, 446.000000, 1965.000000, 521.000000, 1927.000000, 521.000000,   small-vehicle,   2078
347.000000, 937.000000, 381.000000, 937.000000, 381.000000, 1000.000000, 347.000000, 1000.000000,   small-vehicle,   2079
357.000000, 438.000000, 380.000000, 438.000000, 380.000000, 478.000000, 357.000000, 478.000000,   small-vehicle,   2080
722.000000, 1180.000000, 781.000000, 1180.000000, 781.000000, 1199.000000, 722.000000, 1199.000000,   large-vehicle,   2081
2074.000000, 515.000000, 2105.000000, 515.000000, 2105.000000, 578.000000, 2074.000000, 578.000000,   large-vehicle,   2082
2959.000000, 180.000000, 3031.000000, 180.000000, 3031.000000, 212.000000, 2959.000000, 212.000000,   large-vehicle,   2083
-8.000000, -625.000000, 48.000000, -625.000000, 48.000000, -573.000000, -8.000000, -573.000000,   small-vehicle,   2084
