2154.000000, 1415.000000, 2182.000000, 1414.000000, 2184.000000, 1480.000000, 2156.000000, 1481.000000,     small-vehicle,     148
2345.000000, 2640.000000, 2378.000000, 2639.000000, 2381.000000, 2707.000000, 2347.000000, 2709.000000,     small-vehicle,     917
2339.000000, 2548.000000, 2369.000000, 2545.000000, 2372.000000, 2624.000000, 2341.000000, 2627.000000,     small-vehicle,     944
2015.000000, 2592.000000, 2044.000000, 2591.000000, 2046.000000, 2655.000000, 2017.000000, 2658.000000,     small-vehicle,     949
1126.000000, 2675.000000, 1193.000000, 2671.000000, 1193.000000, 2712.000000, 1126.000000, 2716.000000,     small-vehicle,     964
915.000000, 2706.000000, 978.000000, 2702.000000, 977.000000, 2744.000000, 915.000000, 2748.000000,     small-vehicle,     966
1306.000000, 2654.000000, 1336.000000, 2653.000000, 1336.000000, 2713.000000, 1306.000000, 2714.000000,     small-vehicle,     971
2010.000000, 2517.000000, 2039.000000, 2516.000000, 2039.000000, 2581.000000, 2011.000000, 2582.000000,     small-vehicle,     981
2300.000000, 2515.000000, 2333.000000, 2513.000000, 2335.000000, 2583.000000, 2303.000000, 2584.000000,     small-vehicle,     986
1049.000000, 2690.000000, 1112.000000, 2686.000000, 1112.000000, 2724.000000, 1049.000000, 2728.000000,     small-vehicle,     987
1206.000000, 2662.000000, 1268.000000, 2659.000000, 1268.000000, 2703.000000, 1206.000000, 2706.000000,     small-vehicle,     989
806.000000, 2626.000000, 876.000000, 2623.000000, 875.000000, 2663.000000, 805.000000, 2668.000000,     small-vehicle,     990
2035.000000, 2436.000000, 2064.000000, 2434.000000, 2065.000000, 2495.000000, 2037.000000, 2497.000000,     small-vehicle,     996
2009.000000, 2449.000000, 2032.000000, 2448.000000, 2033.000000, 2508.000000, 2010.000000, 2509.000000,     small-vehicle,     998
2334.000000, 2467.000000, 2364.000000, 2466.000000, 2366.000000, 2544.000000, 2337.000000, 2547.000000,     small-vehicle,     1001
1186.000000, 2569.000000, 1263.000000, 2565.000000, 1263.000000, 2606.000000, 1186.000000, 2611.000000,     small-vehicle,     1009
1024.000000, 2596.000000, 1095.000000, 2593.000000, 1095.000000, 2633.000000, 1023.000000, 2637.000000,     small-vehicle,     1012
719.000000, 2638.000000, 765.000000, 2635.000000, 765.000000, 2664.000000, 719.000000, 2668.000000,     small-vehicle,     1013
1107.000000, 2582.000000, 1170.000000, 2578.000000, 1170.000000, 2621.000000, 1107.000000, 2625.000000,     small-vehicle,     1014
2004.000000, 2366.000000, 2030.000000, 2365.000000, 2032.000000, 2426.000000, 2006.000000, 2428.000000,     small-vehicle,     1039
2288.000000, 2310.000000, 2314.000000, 2308.000000, 2317.000000, 2373.000000, 2290.000000, 2375.000000,     small-vehicle,     1056
570.000000, 2422.000000, 596.000000, 2421.000000, 595.000000, 2482.000000, 568.000000, 2484.000000,     small-vehicle,     1076
1997.000000, 2284.000000, 2024.000000, 2283.000000, 2025.000000, 2341.000000, 1999.000000, 2342.000000,     small-vehicle,     1079
2314.000000, 2228.000000, 2338.000000, 2227.000000, 2340.000000, 2288.000000, 2315.000000, 2289.000000,     small-vehicle,     1086
2827.000000, 2372.000000, 2857.000000, 2369.000000, 2860.000000, 2431.000000, 2830.000000, 2433.000000,     small-vehicle,     1088
1307.000000, 2267.000000, 1324.000000, 2266.000000, 1324.000000, 2312.000000, 1307.000000, 2313.000000,     small-vehicle,     1104
2307.000000, 2160.000000, 2330.000000, 2158.000000, 2331.000000, 2215.000000, 2309.000000, 2216.000000,     small-vehicle,     1113
1988.000000, 2191.000000, 2016.000000, 2190.000000, 2018.000000, 2250.000000, 1990.000000, 2251.000000,     small-vehicle,     1115
1259.000000, 2235.000000, 1312.000000, 2233.000000, 1312.000000, 2265.000000, 1259.000000, 2267.000000,     small-vehicle,     1116
887.000000, 2260.000000, 944.000000, 2257.000000, 943.000000, 2293.000000, 887.000000, 2297.000000,     small-vehicle,     1121
1176.000000, 2240.000000, 1228.000000, 2238.000000, 1227.000000, 2268.000000, 1176.000000, 2271.000000,     small-vehicle,     1135
1980.000000, 2101.000000, 2009.000000, 2100.000000, 2011.000000, 2161.000000, 1981.000000, 2163.000000,     small-vehicle,     1140
2010.000000, 2066.000000, 2055.000000, 2064.000000, 2059.000000, 2205.000000, 2013.000000, 2207.000000,     large-vehicle,     1141
2271.000000, 2105.000000, 2299.000000, 2103.000000, 2301.000000, 2166.000000, 2272.000000, 2167.000000,     small-vehicle,     1142
999.000000, 2248.000000, 1057.000000, 2246.000000, 1057.000000, 2279.000000, 999.000000, 2283.000000,     small-vehicle,     1144
1047.000000, 2172.000000, 1105.000000, 2169.000000, 1105.000000, 2190.000000, 1047.000000, 2193.000000,     small-vehicle,     1159
1977.000000, 2021.000000, 2007.000000, 2019.000000, 2009.000000, 2086.000000, 1979.000000, 2087.000000,     small-vehicle,     1168
2266.000000, 2007.000000, 2295.000000, 2007.000000, 2297.000000, 2074.000000, 2269.000000, 2075.000000,     small-vehicle,     1175
1309.000000, 2087.000000, 1335.000000, 2086.000000, 1335.000000, 2145.000000, 1310.000000, 2146.000000,     small-vehicle,     1179
558.000000, 2021.000000, 588.000000, 2019.000000, 587.000000, 2067.000000, 556.000000, 2069.000000,     small-vehicle,     1202
1995.000000, 1907.000000, 2027.000000, 1906.000000, 2029.000000, 1974.000000, 1997.000000, 1975.000000,     small-vehicle,     1205
1967.000000, 1842.000000, 1997.000000, 1840.000000, 1998.000000, 1907.000000, 1968.000000, 1907.000000,     small-vehicle,     1211
2475.000000, 1866.000000, 2537.000000, 1864.000000, 2538.000000, 1890.000000, 2475.000000, 1893.000000,     small-vehicle,     1214
2418.000000, 1877.000000, 2467.000000, 1875.000000, 2467.000000, 1898.000000, 2419.000000, 1901.000000,     small-vehicle,     1216
2610.000000, 1850.000000, 2665.000000, 1848.000000, 2665.000000, 1872.000000, 2611.000000, 1875.000000,     small-vehicle,     1217
2249.000000, 1831.000000, 2278.000000, 1831.000000, 2280.000000, 1888.000000, 2251.000000, 1888.000000,     small-vehicle,     1232
1967.000000, 1765.000000, 1997.000000, 1764.000000, 1999.000000, 1824.000000, 1969.000000, 1825.000000,     small-vehicle,     1236
3382.000000, 1752.000000, 3427.000000, 1750.000000, 3429.000000, 1777.000000, 3384.000000, 1778.000000,     small-vehicle,     1248
1297.000000, 1789.000000, 1325.000000, 1788.000000, 1325.000000, 1856.000000, 1298.000000, 1857.000000,     small-vehicle,     1250
1954.000000, 1688.000000, 1981.000000, 1688.000000, 1983.000000, 1751.000000, 1955.000000, 1752.000000,     small-vehicle,     1254
2242.000000, 1647.000000, 2279.000000, 1647.000000, 2281.000000, 1715.000000, 2244.000000, 1716.000000,     small-vehicle,     1257
2265.000000, 1724.000000, 2300.000000, 1722.000000, 2303.000000, 1799.000000, 2268.000000, 1800.000000,     small-vehicle,     1258
318.000000, 2784.000000, 390.000000, 2779.000000, 389.000000, 2813.000000, 317.000000, 2818.000000,     small-vehicle,     1271
1293.000000, 1672.000000, 1322.000000, 1671.000000, 1322.000000, 1742.000000, 1293.000000, 1744.000000,     small-vehicle,     1273
2224.000000, 1553.000000, 2246.000000, 1553.000000, 2248.000000, 1615.000000, 2225.000000, 1615.000000,     small-vehicle,     1277
1946.000000, 1599.000000, 1975.000000, 1599.000000, 1976.000000, 1669.000000, 1948.000000, 1670.000000,     small-vehicle,     1282
1102.000000, 2249.000000, 1162.000000, 2246.000000, 1162.000000, 2278.000000, 1102.000000, 2281.000000,     small-vehicle,     1284
2293.000000, 2897.000000, 2327.000000, 2895.000000, 2330.000000, 2976.000000, 2295.000000, 2978.000000,     small-vehicle,     1290
1288.000000, 1595.000000, 1309.000000, 1594.000000, 1309.000000, 1637.000000, 1288.000000, 1638.000000,     small-vehicle,     1293
686.000000, 2738.000000, 748.000000, 2734.000000, 748.000000, 2769.000000, 685.000000, 2773.000000,     small-vehicle,     1294
830.000000, 2714.000000, 899.000000, 2710.000000, 899.000000, 2750.000000, 829.000000, 2755.000000,     small-vehicle,     1295
2251.000000, 1505.000000, 2277.000000, 1505.000000, 2280.000000, 1570.000000, 2252.000000, 1570.000000,     small-vehicle,     1298
2443.000000, 1955.000000, 2502.000000, 1952.000000, 2503.000000, 1973.000000, 2443.000000, 1976.000000,     small-vehicle,     1303
2468.000000, 2419.000000, 2491.000000, 2418.000000, 2493.000000, 2474.000000, 2470.000000, 2475.000000,     small-vehicle,     1306
781.000000, 2270.000000, 848.000000, 2267.000000, 847.000000, 2299.000000, 780.000000, 2303.000000,     small-vehicle,     1307
1935.000000, 1443.000000, 1960.000000, 1442.000000, 1962.000000, 1502.000000, 1935.000000, 1504.000000,     small-vehicle,     1309
1284.000000, 1461.000000, 1305.000000, 1460.000000, 1305.000000, 1514.000000, 1283.000000, 1515.000000,     small-vehicle,     1312
2319.000000, 2305.000000, 2348.000000, 2303.000000, 2350.000000, 2363.000000, 2322.000000, 2364.000000,     small-vehicle,     1314
1277.000000, 1374.000000, 1304.000000, 1372.000000, 1303.000000, 1434.000000, 1277.000000, 1434.000000,     small-vehicle,     1330
714.000000, 2279.000000, 755.000000, 2277.000000, 754.000000, 2304.000000, 713.000000, 2306.000000,     small-vehicle,     1331
1274.000000, 1305.000000, 1301.000000, 1305.000000, 1302.000000, 1367.000000, 1274.000000, 1368.000000,     small-vehicle,     1333
1923.000000, 1278.000000, 1950.000000, 1277.000000, 1952.000000, 1335.000000, 1924.000000, 1336.000000,     small-vehicle,     1337
2204.000000, 1218.000000, 2229.000000, 1217.000000, 2231.000000, 1280.000000, 2207.000000, 1280.000000,     small-vehicle,     1342
2719.000000, 1919.000000, 2781.000000, 1916.000000, 2782.000000, 1950.000000, 2720.000000, 1953.000000,     small-vehicle,     1347
1270.000000, 1241.000000, 1294.000000, 1241.000000, 1294.000000, 1293.000000, 1270.000000, 1293.000000,     small-vehicle,     1348
1939.000000, 1150.000000, 1968.000000, 1149.000000, 1970.000000, 1203.000000, 1939.000000, 1203.000000,     small-vehicle,     1360
2194.000000, 1149.000000, 2225.000000, 1147.000000, 2227.000000, 1211.000000, 2196.000000, 1212.000000,     small-vehicle,     1361
1360.000000, 1076.000000, 1412.000000, 1075.000000, 1411.000000, 1106.000000, 1361.000000, 1107.000000,     small-vehicle,     1364
538.000000, 1173.000000, 583.000000, 1172.000000, 582.000000, 1201.000000, 537.000000, 1202.000000,     small-vehicle,     1369
168.000000, 1105.000000, 226.000000, 1104.000000, 225.000000, 1138.000000, 168.000000, 1140.000000,     small-vehicle,     1373
404.000000, 1105.000000, 468.000000, 1105.000000, 467.000000, 1129.000000, 404.000000, 1130.000000,     small-vehicle,     1375
331.000000, 1102.000000, 395.000000, 1102.000000, 394.000000, 1134.000000, 329.000000, 1135.000000,     small-vehicle,     1377
1102.000000, 1086.000000, 1148.000000, 1085.000000, 1148.000000, 1111.000000, 1102.000000, 1111.000000,     small-vehicle,     1378
1360.000000, 1138.000000, 1420.000000, 1138.000000, 1420.000000, 1166.000000, 1360.000000, 1167.000000,     small-vehicle,     1379
3581.000000, 1842.000000, 3633.000000, 1840.000000, 3635.000000, 1866.000000, 3583.000000, 1868.000000,     small-vehicle,     1381
1182.000000, 1084.000000, 1231.000000, 1083.000000, 1231.000000, 1107.000000, 1181.000000, 1107.000000,     small-vehicle,     1384
955.000000, 1090.000000, 1005.000000, 1089.000000, 1005.000000, 1113.000000, 955.000000, 1114.000000,     small-vehicle,     1385
1030.000000, 1087.000000, 1075.000000, 1086.000000, 1074.000000, 1113.000000, 1030.000000, 1114.000000,     small-vehicle,     1386
1237.000000, 1073.000000, 1295.000000, 1072.000000, 1295.000000, 1109.000000, 1237.000000, 1111.000000,     small-vehicle,     1387
1486.000000, 1078.000000, 1542.000000, 1077.000000, 1542.000000, 1101.000000, 1487.000000, 1103.000000,     small-vehicle,     1388
479.000000, 1100.000000, 525.000000, 1099.000000, 525.000000, 1125.000000, 479.000000, 1126.000000,     small-vehicle,     1389
106.000000, 1090.000000, 164.000000, 1088.000000, 163.000000, 1130.000000, 104.000000, 1131.000000,     small-vehicle,     1395
2732.000000, 1009.000000, 2778.000000, 1008.000000, 2779.000000, 1033.000000, 2733.000000, 1034.000000,     small-vehicle,     1397
1265.000000, 1005.000000, 1291.000000, 1004.000000, 1291.000000, 1062.000000, 1264.000000, 1063.000000,     small-vehicle,     1399
1467.000000, 1106.000000, 1525.000000, 1104.000000, 1525.000000, 1132.000000, 1467.000000, 1134.000000,     small-vehicle,     1400
2459.000000, 1031.000000, 2505.000000, 1030.000000, 2506.000000, 1056.000000, 2460.000000, 1057.000000,     small-vehicle,     1401
3508.000000, 1847.000000, 3576.000000, 1844.000000, 3578.000000, 1874.000000, 3511.000000, 1877.000000,     small-vehicle,     1402
2389.000000, 1033.000000, 2446.000000, 1032.000000, 2447.000000, 1059.000000, 2390.000000, 1060.000000,     small-vehicle,     1403
2605.000000, 1025.000000, 2642.000000, 1024.000000, 2643.000000, 1048.000000, 2605.000000, 1048.000000,     small-vehicle,     1405
3058.000000, 1001.000000, 3115.000000, 1000.000000, 3116.000000, 1019.000000, 3059.000000, 1021.000000,     small-vehicle,     1409
3233.000000, 987.000000, 3281.000000, 986.000000, 3283.000000, 1015.000000, 3235.000000, 1015.000000,     small-vehicle,     1410
2888.000000, 1002.000000, 2946.000000, 1000.000000, 2947.000000, 1027.000000, 2890.000000, 1028.000000,     small-vehicle,     1412
2696.000000, 1086.000000, 2749.000000, 1086.000000, 2751.000000, 1113.000000, 2698.000000, 1115.000000,     small-vehicle,     1416
2959.000000, 995.000000, 3020.000000, 995.000000, 3022.000000, 1025.000000, 2961.000000, 1026.000000,     small-vehicle,     1418
3357.000000, 981.000000, 3418.000000, 979.000000, 3420.000000, 1006.000000, 3359.000000, 1008.000000,     small-vehicle,     1420
3290.000000, 978.000000, 3347.000000, 978.000000, 3349.000000, 1011.000000, 3292.000000, 1012.000000,     small-vehicle,     1422
1431.000000, 1139.000000, 1466.000000, 1139.000000, 1467.000000, 1162.000000, 1431.000000, 1164.000000,     small-vehicle,     1423
1936.000000, 991.000000, 1972.000000, 990.000000, 1974.000000, 1051.000000, 1938.000000, 1052.000000,     small-vehicle,     1424
1970.000000, 1919.000000, 1998.000000, 1918.000000, 2000.000000, 1996.000000, 1971.000000, 1997.000000,     small-vehicle,     1425
2842.000000, 938.000000, 2866.000000, 938.000000, 2868.000000, 991.000000, 2845.000000, 991.000000,     small-vehicle,     1429
35.000000, 1067.000000, 94.000000, 1066.000000, 92.000000, 1109.000000, 33.000000, 1109.000000,     small-vehicle,     1431
721.000000, 1092.000000, 773.000000, 1091.000000, 772.000000, 1122.000000, 721.000000, 1123.000000,     small-vehicle,     1433
2014.000000, 1596.000000, 2047.000000, 1595.000000, 2049.000000, 1668.000000, 2016.000000, 1669.000000,     small-vehicle,     1438
2060.000000, 1805.000000, 2089.000000, 1804.000000, 2091.000000, 1865.000000, 2062.000000, 1866.000000,     small-vehicle,     1449
1255.000000, 758.000000, 1278.000000, 757.000000, 1278.000000, 805.000000, 1255.000000, 805.000000,     small-vehicle,     1451
1909.000000, 756.000000, 1934.000000, 756.000000, 1935.000000, 808.000000, 1910.000000, 808.000000,     small-vehicle,     1452
2810.000000, 725.000000, 2844.000000, 726.000000, 2848.000000, 785.000000, 2813.000000, 785.000000,     small-vehicle,     1453
2180.000000, 667.000000, 2209.000000, 666.000000, 2210.000000, 724.000000, 2182.000000, 725.000000,     small-vehicle,     1458
2152.000000, 668.000000, 2175.000000, 668.000000, 2177.000000, 723.000000, 2154.000000, 723.000000,     small-vehicle,     1459
1616.000000, 1133.000000, 1668.000000, 1132.000000, 1669.000000, 1155.000000, 1616.000000, 1157.000000,     small-vehicle,     1460
1247.000000, 669.000000, 1268.000000, 669.000000, 1269.000000, 714.000000, 1247.000000, 714.000000,     small-vehicle,     1462
2148.000000, 593.000000, 2174.000000, 592.000000, 2176.000000, 652.000000, 2150.000000, 652.000000,     small-vehicle,     1467
1691.000000, 1130.000000, 1743.000000, 1129.000000, 1744.000000, 1152.000000, 1691.000000, 1153.000000,     small-vehicle,     1468
2182.000000, 619.000000, 2207.000000, 619.000000, 2209.000000, 656.000000, 2183.000000, 656.000000,     small-vehicle,     1478
1870.000000, 556.000000, 1894.000000, 556.000000, 1896.000000, 610.000000, 1871.000000, 611.000000,     small-vehicle,     1479
3424.000000, 972.000000, 3471.000000, 971.000000, 3473.000000, 994.000000, 3426.000000, 996.000000,     small-vehicle,     1481
2245.000000, 1919.000000, 2315.000000, 1916.000000, 2318.000000, 1994.000000, 2247.000000, 1998.000000,     large-vehicle,     1487
1304.000000, 2349.000000, 1332.000000, 2347.000000, 1333.000000, 2432.000000, 1303.000000, 2434.000000,     small-vehicle,     1490
1940.000000, 1504.000000, 1969.000000, 1504.000000, 1971.000000, 1567.000000, 1942.000000, 1567.000000,     small-vehicle,     1493
1950.000000, 1761.000000, 1974.000000, 1760.000000, 1976.000000, 1824.000000, 1952.000000, 1825.000000,     small-vehicle,     1498
1890.000000, 511.000000, 1916.000000, 511.000000, 1917.000000, 565.000000, 1892.000000, 565.000000,     small-vehicle,     1499
2267.000000, 455.000000, 2315.000000, 455.000000, 2316.000000, 486.000000, 2269.000000, 486.000000,     small-vehicle,     1500
1343.000000, 2700.000000, 1369.000000, 2699.000000, 1369.000000, 2760.000000, 1342.000000, 2762.000000,     small-vehicle,     1502
2092.000000, 717.000000, 2108.000000, 716.000000, 2109.000000, 746.000000, 2093.000000, 746.000000,     small-vehicle,     1503
1938.000000, 1493.000000, 1969.000000, 1493.000000, 1970.000000, 1555.000000, 1939.000000, 1556.000000,     large-vehicle,     1505
1227.000000, 443.000000, 1252.000000, 443.000000, 1252.000000, 492.000000, 1227.000000, 492.000000,     small-vehicle,     1507
1541.000000, 1135.000000, 1593.000000, 1133.000000, 1593.000000, 1156.000000, 1541.000000, 1157.000000,     small-vehicle,     1508
