2013.000000, 2852.000000, 2041.000000, 2850.000000, 2043.000000, 2916.000000, 2013.000000, 2917.000000,     small-vehicle,     0
2342.000000, 2912.000000, 2371.000000, 2911.000000, 2373.000000, 2972.000000, 2345.000000, 2973.000000,     small-vehicle,     1
2022.000000, 2936.000000, 2046.000000, 2935.000000, 2047.000000, 2997.000000, 2023.000000, 2998.000000,     small-vehicle,     2
2216.000000, 3458.000000, 2245.000000, 3456.000000, 2248.000000, 3520.000000, 2218.000000, 3520.000000,     small-vehicle,     3
2023.000000, 2569.000000, 2050.000000, 2567.000000, 2052.000000, 2634.000000, 2024.000000, 2634.000000,     small-vehicle,     4
2364.000000, 3261.000000, 2394.000000, 3259.000000, 2397.000000, 3327.000000, 2367.000000, 3327.000000,     small-vehicle,     5
1382.000000, 3659.000000, 1412.000000, 3658.000000, 1411.000000, 3728.000000, 1382.000000, 3731.000000,     small-vehicle,     6
1700.000000, 3939.000000, 1758.000000, 3936.000000, 1758.000000, 3967.000000, 1701.000000, 3970.000000,     small-vehicle,     7
2335.000000, 3097.000000, 2362.000000, 3096.000000, 2365.000000, 3164.000000, 2338.000000, 3165.000000,     small-vehicle,     8
3360.000000, 3639.000000, 3416.000000, 3634.000000, 3419.000000, 3666.000000, 3362.000000, 3670.000000,     small-vehicle,     9
1194.000000, 3817.000000, 1246.000000, 3813.000000, 1246.000000, 3845.000000, 1194.000000, 3849.000000,     small-vehicle,     10
490.000000, 3873.000000, 557.000000, 3868.000000, 555.000000, 3903.000000, 489.000000, 3906.000000,     small-vehicle,     11
1408.000000, 2951.000000, 1435.000000, 2950.000000, 1435.000000, 3021.000000, 1408.000000, 3022.000000,     small-vehicle,     12
3770.000000, 3884.000000, 3813.000000, 3879.000000, 3816.000000, 3913.000000, 3773.000000, 3916.000000,     small-vehicle,     13
2852.000000, 3782.000000, 2906.000000, 3778.000000, 2908.000000, 3809.000000, 2854.000000, 3814.000000,     small-vehicle,     14
2253.000000, 4136.000000, 2288.000000, 4133.000000, 2291.000000, 4209.000000, 2255.000000, 4212.000000,     small-vehicle,     15
1298.000000, 3804.000000, 1355.000000, 3800.000000, 1355.000000, 3833.000000, 1298.000000, 3837.000000,     small-vehicle,     16
2334.000000, 2825.000000, 2364.000000, 2825.000000, 2367.000000, 2897.000000, 2336.000000, 2898.000000,     small-vehicle,     17
1816.000000, 3840.000000, 1874.000000, 3836.000000, 1875.000000, 3875.000000, 1817.000000, 3878.000000,     small-vehicle,     18
2310.000000, 3007.000000, 2367.000000, 3004.000000, 2370.000000, 3077.000000, 2313.000000, 3079.000000,     small-vehicle,     19
2162.000000, 3346.000000, 2195.000000, 3345.000000, 2198.000000, 3415.000000, 2163.000000, 3416.000000,     small-vehicle,     20
2041.000000, 2762.000000, 2066.000000, 2761.000000, 2068.000000, 2826.000000, 2042.000000, 2827.000000,     small-vehicle,     21
1823.000000, 4034.000000, 1887.000000, 4028.000000, 1888.000000, 4059.000000, 1824.000000, 4064.000000,     small-vehicle,     22
2674.000000, 4010.000000, 2729.000000, 4005.000000, 2730.000000, 4034.000000, 2676.000000, 4039.000000,     small-vehicle,     23
2301.000000, 4392.000000, 2331.000000, 4388.000000, 2334.000000, 4465.000000, 2302.000000, 4468.000000,     small-vehicle,     24
146.000000, 3901.000000, 213.000000, 3895.000000, 212.000000, 3928.000000, 144.000000, 3933.000000,     small-vehicle,     25
2378.000000, 3359.000000, 2404.000000, 3358.000000, 2406.000000, 3422.000000, 2380.000000, 3422.000000,     small-vehicle,     26
906.000000, 3836.000000, 966.000000, 3831.000000, 964.000000, 3870.000000, 905.000000, 3873.000000,     small-vehicle,     27
2399.000000, 4777.000000, 2429.000000, 4773.000000, 2431.000000, 4848.000000, 2401.000000, 4852.000000,     small-vehicle,     28
2453.000000, 4220.000000, 2483.000000, 4218.000000, 2487.000000, 4303.000000, 2456.000000, 4307.000000,     small-vehicle,     29
2760.000000, 4400.000000, 2826.000000, 4395.000000, 2829.000000, 4436.000000, 2761.000000, 4442.000000,     small-vehicle,     30
2353.000000, 4832.000000, 2381.000000, 4829.000000, 2383.000000, 4900.000000, 2355.000000, 4901.000000,     small-vehicle,     31
2352.000000, 3172.000000, 2387.000000, 3170.000000, 2390.000000, 3245.000000, 2354.000000, 3245.000000,     small-vehicle,     32
2106.000000, 3527.000000, 2147.000000, 3525.000000, 2150.000000, 3600.000000, 2108.000000, 3603.000000,     small-vehicle,     33
2927.000000, 3768.000000, 2985.000000, 3765.000000, 2987.000000, 3794.000000, 2929.000000, 3797.000000,     small-vehicle,     34
2383.000000, 3474.000000, 2413.000000, 3473.000000, 2417.000000, 3551.000000, 2386.000000, 3551.000000,     small-vehicle,     35
2094.000000, 2952.000000, 2123.000000, 2952.000000, 2125.000000, 3016.000000, 2097.000000, 3019.000000,     small-vehicle,     36
2380.000000, 4945.000000, 2405.000000, 4943.000000, 2408.000000, 5008.000000, 2382.000000, 5011.000000,     small-vehicle,     37
3163.000000, 3748.000000, 3223.000000, 3744.000000, 3226.000000, 3774.000000, 3165.000000, 3778.000000,     small-vehicle,     38
302.000000, 3715.000000, 328.000000, 3713.000000, 325.000000, 3780.000000, 299.000000, 3782.000000,     small-vehicle,     39
2341.000000, 3333.000000, 2369.000000, 3332.000000, 2371.000000, 3403.000000, 2344.000000, 3404.000000,     small-vehicle,     40
1423.000000, 2585.000000, 1455.000000, 2585.000000, 1455.000000, 2646.000000, 1423.000000, 2647.000000,     small-vehicle,     41
2814.000000, 3682.000000, 2864.000000, 3679.000000, 2867.000000, 3712.000000, 2816.000000, 3715.000000,     small-vehicle,     42
1406.000000, 2870.000000, 1429.000000, 2869.000000, 1429.000000, 2926.000000, 1405.000000, 2927.000000,     small-vehicle,     43
1860.000000, 3926.000000, 1925.000000, 3922.000000, 1926.000000, 3956.000000, 1860.000000, 3961.000000,     small-vehicle,     44
1548.000000, 3949.000000, 1606.000000, 3945.000000, 1606.000000, 3980.000000, 1548.000000, 3985.000000,     small-vehicle,     45
2299.000000, 2721.000000, 2324.000000, 2721.000000, 2327.000000, 2798.000000, 2302.000000, 2799.000000,     small-vehicle,     46
1047.000000, 3827.000000, 1108.000000, 3823.000000, 1108.000000, 3861.000000, 1047.000000, 3866.000000,     small-vehicle,     47
2362.000000, 3094.000000, 2388.000000, 3094.000000, 2390.000000, 3151.000000, 2364.000000, 3152.000000,     small-vehicle,     48
3162.000000, 3659.000000, 3216.000000, 3654.000000, 3218.000000, 3683.000000, 3164.000000, 3686.000000,     small-vehicle,     49
64.000000, 3906.000000, 138.000000, 3901.000000, 137.000000, 3942.000000, 63.000000, 3948.000000,     small-vehicle,     50
608.000000, 3860.000000, 673.000000, 3855.000000, 673.000000, 3890.000000, 606.000000, 3895.000000,     small-vehicle,     51
2266.000000, 4210.000000, 2305.000000, 4208.000000, 2309.000000, 4296.000000, 2270.000000, 4299.000000,     small-vehicle,     52
1548.000000, 4005.000000, 1609.000000, 4001.000000, 1610.000000, 4034.000000, 1548.000000, 4039.000000,     small-vehicle,     53
2874.000000, 4389.000000, 2930.000000, 4383.000000, 2931.000000, 4419.000000, 2875.000000, 4423.000000,     small-vehicle,     54
328.000000, 4203.000000, 394.000000, 4196.000000, 393.000000, 4230.000000, 327.000000, 4236.000000,     small-vehicle,     55
3105.000000, 3975.000000, 3162.000000, 3972.000000, 3164.000000, 4004.000000, 3106.000000, 4008.000000,     small-vehicle,     56
3565.000000, 3438.000000, 3590.000000, 3437.000000, 3596.000000, 3500.000000, 3570.000000, 3501.000000,     small-vehicle,     57
1252.000000, 3989.000000, 1316.000000, 3985.000000, 1316.000000, 4019.000000, 1252.000000, 4023.000000,     small-vehicle,     58
3575.000000, 4925.000000, 3604.000000, 4922.000000, 3610.000000, 4998.000000, 3581.000000, 5003.000000,     small-vehicle,     59
2334.000000, 4301.000000, 2373.000000, 4298.000000, 2376.000000, 4387.000000, 2337.000000, 4390.000000,     small-vehicle,     60
2167.000000, 4425.000000, 2192.000000, 4422.000000, 2195.000000, 4492.000000, 2169.000000, 4494.000000,     small-vehicle,     61
693.000000, 3853.000000, 753.000000, 3848.000000, 752.000000, 3881.000000, 693.000000, 3886.000000,     small-vehicle,     62
3502.000000, 3533.000000, 3533.000000, 3532.000000, 3538.000000, 3602.000000, 3507.000000, 3604.000000,     small-vehicle,     63
1259.000000, 4135.000000, 1310.000000, 4130.000000, 1310.000000, 4158.000000, 1258.000000, 4163.000000,     small-vehicle,     64
3273.000000, 3646.000000, 3338.000000, 3643.000000, 3339.000000, 3673.000000, 3275.000000, 3677.000000,     small-vehicle,     65
2279.000000, 2568.000000, 2318.000000, 2568.000000, 2321.000000, 2630.000000, 2282.000000, 2632.000000,     small-vehicle,     66
953.000000, 4016.000000, 1017.000000, 4010.000000, 1016.000000, 4049.000000, 953.000000, 4054.000000,     small-vehicle,     67
2528.000000, 5109.000000, 2559.000000, 5106.000000, 2562.000000, 5181.000000, 2531.000000, 5185.000000,     small-vehicle,     68
2770.000000, 2516.000000, 2830.000000, 2514.000000, 2831.000000, 2558.000000, 2773.000000, 2558.000000,     small-vehicle,     69
3877.000000, 4215.000000, 3935.000000, 4209.000000, 3939.000000, 4245.000000, 3881.000000, 4249.000000,     small-vehicle,     70
2371.000000, 5078.000000, 2401.000000, 5074.000000, 2402.000000, 5143.000000, 2374.000000, 5146.000000,     small-vehicle,     71
2586.000000, 3852.000000, 2645.000000, 3848.000000, 2646.000000, 3880.000000, 2586.000000, 3884.000000,     small-vehicle,     72
3435.000000, 3630.000000, 3494.000000, 3626.000000, 3496.000000, 3662.000000, 3437.000000, 3665.000000,     small-vehicle,     73
226.000000, 3893.000000, 286.000000, 3890.000000, 285.000000, 3920.000000, 225.000000, 3923.000000,     small-vehicle,     74
1400.000000, 3150.000000, 1429.000000, 3149.000000, 1429.000000, 3214.000000, 1400.000000, 3215.000000,     small-vehicle,     75
2138.000000, 3106.000000, 2171.000000, 3104.000000, 2173.000000, 3187.000000, 2140.000000, 3188.000000,     small-vehicle,     76
2066.000000, 3450.000000, 2094.000000, 3448.000000, 2096.000000, 3523.000000, 2069.000000, 3524.000000,     small-vehicle,     77
2926.000000, 3987.000000, 2992.000000, 3982.000000, 2995.000000, 4017.000000, 2929.000000, 4023.000000,     small-vehicle,     78
407.000000, 2819.000000, 465.000000, 2817.000000, 464.000000, 2853.000000, 406.000000, 2856.000000,     small-vehicle,     79
1714.000000, 3975.000000, 1783.000000, 3971.000000, 1783.000000, 4007.000000, 1714.000000, 4012.000000,     small-vehicle,     80
2516.000000, 4903.000000, 2544.000000, 4901.000000, 2547.000000, 4968.000000, 2519.000000, 4970.000000,     small-vehicle,     81
1342.000000, 4030.000000, 1400.000000, 4026.000000, 1400.000000, 4056.000000, 1342.000000, 4059.000000,     small-vehicle,     82
2801.000000, 3835.000000, 2871.000000, 3830.000000, 2874.000000, 3862.000000, 2802.000000, 3867.000000,     small-vehicle,     83
1356.000000, 3971.000000, 1427.000000, 3966.000000, 1427.000000, 3999.000000, 1356.000000, 4004.000000,     small-vehicle,     84
3029.000000, 2548.000000, 3068.000000, 2547.000000, 3070.000000, 2572.000000, 3030.000000, 2573.000000,     small-vehicle,     85
2293.000000, 2932.000000, 2322.000000, 2931.000000, 2325.000000, 3003.000000, 2295.000000, 3003.000000,     small-vehicle,     86
2561.000000, 2546.000000, 2615.000000, 2544.000000, 2617.000000, 2582.000000, 2562.000000, 2584.000000,     small-vehicle,     87
2598.000000, 3737.000000, 2657.000000, 3733.000000, 2658.000000, 3765.000000, 2600.000000, 3767.000000,     small-vehicle,     88
3567.000000, 3940.000000, 3616.000000, 3935.000000, 3618.000000, 3970.000000, 3569.000000, 3973.000000,     small-vehicle,     89
2206.000000, 3326.000000, 2237.000000, 3324.000000, 2240.000000, 3414.000000, 2210.000000, 3416.000000,     small-vehicle,     90
3658.000000, 3623.000000, 3718.000000, 3620.000000, 3721.000000, 3652.000000, 3660.000000, 3656.000000,     small-vehicle,     91
3280.000000, 3960.000000, 3335.000000, 3956.000000, 3337.000000, 3986.000000, 3283.000000, 3990.000000,     small-vehicle,     92
3243.000000, 4267.000000, 3294.000000, 4263.000000, 3296.000000, 4294.000000, 3246.000000, 4299.000000,     small-vehicle,     93
2065.000000, 3212.000000, 2092.000000, 3212.000000, 2095.000000, 3289.000000, 2068.000000, 3291.000000,     small-vehicle,     94
2691.000000, 4406.000000, 2752.000000, 4400.000000, 2754.000000, 4445.000000, 2692.000000, 4451.000000,     small-vehicle,     95
3092.000000, 3753.000000, 3148.000000, 3751.000000, 3150.000000, 3784.000000, 3093.000000, 3787.000000,     small-vehicle,     96
881.000000, 4017.000000, 944.000000, 4013.000000, 944.000000, 4054.000000, 880.000000, 4059.000000,     small-vehicle,     97
3840.000000, 3667.000000, 3895.000000, 3665.000000, 3898.000000, 3698.000000, 3843.000000, 3702.000000,     small-vehicle,     98
3286.000000, 4344.000000, 3347.000000, 4338.000000, 3350.000000, 4374.000000, 3289.000000, 4378.000000,     small-vehicle,     99
3029.000000, 3980.000000, 3077.000000, 3976.000000, 3079.000000, 4008.000000, 3031.000000, 4013.000000,     small-vehicle,     100
2110.000000, 3250.000000, 2142.000000, 3250.000000, 2145.000000, 3325.000000, 2112.000000, 3327.000000,     small-vehicle,     101
3704.000000, 3934.000000, 3770.000000, 3930.000000, 3773.000000, 3963.000000, 3707.000000, 3967.000000,     small-vehicle,     102
1848.000000, 3974.000000, 1917.000000, 3969.000000, 1917.000000, 4002.000000, 1849.000000, 4006.000000,     small-vehicle,     103
3541.000000, 4433.000000, 3574.000000, 4431.000000, 3579.000000, 4504.000000, 3548.000000, 4506.000000,     small-vehicle,     104
2170.000000, 3509.000000, 2206.000000, 3506.000000, 2209.000000, 3597.000000, 2172.000000, 3597.000000,     small-vehicle,     105
3116.000000, 3700.000000, 3174.000000, 3696.000000, 3176.000000, 3727.000000, 3117.000000, 3731.000000,     small-vehicle,     106
3894.000000, 4328.000000, 3922.000000, 4326.000000, 3929.000000, 4400.000000, 3900.000000, 4401.000000,     small-vehicle,     107
3703.000000, 4224.000000, 3764.000000, 4220.000000, 3766.000000, 4251.000000, 3704.000000, 4257.000000,     small-vehicle,     108
3279.000000, 3690.000000, 3344.000000, 3685.000000, 3346.000000, 3715.000000, 3280.000000, 3720.000000,     small-vehicle,     109
2084.000000, 3360.000000, 2115.000000, 3360.000000, 2117.000000, 3437.000000, 2085.000000, 3437.000000,     small-vehicle,     110
2686.000000, 3727.000000, 2753.000000, 3722.000000, 2754.000000, 3758.000000, 2687.000000, 3762.000000,     small-vehicle,     111
3162.000000, 3904.000000, 3226.000000, 3899.000000, 3229.000000, 3932.000000, 3164.000000, 3936.000000,     small-vehicle,     112
1157.000000, 4089.000000, 1224.000000, 4085.000000, 1224.000000, 4120.000000, 1157.000000, 4126.000000,     small-vehicle,     113
2428.000000, 4437.000000, 2460.000000, 4434.000000, 2463.000000, 4515.000000, 2431.000000, 4519.000000,     small-vehicle,     114
2585.000000, 3794.000000, 2647.000000, 3790.000000, 2649.000000, 3823.000000, 2587.000000, 3827.000000,     small-vehicle,     115
1628.000000, 3940.000000, 1684.000000, 3935.000000, 1684.000000, 3970.000000, 1628.000000, 3975.000000,     small-vehicle,     116
3530.000000, 4246.000000, 3589.000000, 4241.000000, 3592.000000, 4275.000000, 3533.000000, 4281.000000,     small-vehicle,     117
1139.000000, 3993.000000, 1202.000000, 3989.000000, 1202.000000, 4023.000000, 1138.000000, 4027.000000,     small-vehicle,     118
3546.000000, 3719.000000, 3611.000000, 3716.000000, 3613.000000, 3752.000000, 3549.000000, 3755.000000,     small-vehicle,     119
2017.000000, 2498.000000, 2043.000000, 2498.000000, 2045.000000, 2559.000000, 2018.000000, 2559.000000,     small-vehicle,     120
2908.000000, 2503.000000, 2960.000000, 2503.000000, 2963.000000, 2542.000000, 2910.000000, 2543.000000,     small-vehicle,     121
3196.000000, 3699.000000, 3258.000000, 3695.000000, 3261.000000, 3726.000000, 3199.000000, 3729.000000,     small-vehicle,     122
1951.000000, 3963.000000, 2019.000000, 3957.000000, 2020.000000, 3992.000000, 1951.000000, 3997.000000,     small-vehicle,     123
319.000000, 4105.000000, 387.000000, 4100.000000, 385.000000, 4141.000000, 318.000000, 4145.000000,     small-vehicle,     124
2699.000000, 4316.000000, 2758.000000, 4312.000000, 2759.000000, 4343.000000, 2701.000000, 4347.000000,     small-vehicle,     125
1249.000000, 4080.000000, 1311.000000, 4076.000000, 1311.000000, 4107.000000, 1249.000000, 4111.000000,     small-vehicle,     126
2094.000000, 2698.000000, 2127.000000, 2696.000000, 2129.000000, 2774.000000, 2096.000000, 2776.000000,     small-vehicle,     127
416.000000, 3705.000000, 448.000000, 3703.000000, 445.000000, 3775.000000, 413.000000, 3777.000000,     small-vehicle,     128
1952.000000, 3919.000000, 2015.000000, 3916.000000, 2016.000000, 3950.000000, 1954.000000, 3954.000000,     small-vehicle,     129
3043.000000, 2487.000000, 3097.000000, 2486.000000, 3100.000000, 2524.000000, 3045.000000, 2525.000000,     small-vehicle,     130
3101.000000, 3659.000000, 3159.000000, 3656.000000, 3161.000000, 3686.000000, 3104.000000, 3690.000000,     small-vehicle,     131
1398.000000, 3252.000000, 1420.000000, 3251.000000, 1421.000000, 3310.000000, 1399.000000, 3310.000000,     small-vehicle,     132
3418.000000, 4253.000000, 3477.000000, 4248.000000, 3479.000000, 4278.000000, 3420.000000, 4284.000000,     small-vehicle,     133
278.000000, 2815.000000, 359.000000, 2811.000000, 358.000000, 2849.000000, 277.000000, 2851.000000,     small-vehicle,     134
409.000000, 4191.000000, 483.000000, 4187.000000, 483.000000, 4218.000000, 408.000000, 4224.000000,     small-vehicle,     135
1562.000000, 4102.000000, 1614.000000, 4099.000000, 1615.000000, 4134.000000, 1562.000000, 4139.000000,     small-vehicle,     136
627.000000, 4185.000000, 695.000000, 4180.000000, 694.000000, 4214.000000, 627.000000, 4219.000000,     small-vehicle,     137
2415.000000, 4257.000000, 2444.000000, 4256.000000, 2447.000000, 4333.000000, 2418.000000, 4336.000000,     small-vehicle,     138
3564.000000, 3668.000000, 3622.000000, 3663.000000, 3625.000000, 3696.000000, 3567.000000, 3700.000000,     small-vehicle,     139
1392.000000, 3484.000000, 1418.000000, 3483.000000, 1418.000000, 3550.000000, 1392.000000, 3552.000000,     small-vehicle,     140
2473.000000, 5056.000000, 2505.000000, 5054.000000, 2509.000000, 5153.000000, 2478.000000, 5156.000000,     small-vehicle,     141
2184.000000, 3130.000000, 2218.000000, 3129.000000, 2220.000000, 3205.000000, 2187.000000, 3208.000000,     small-vehicle,     142
587.000000, 4087.000000, 660.000000, 4081.000000, 660.000000, 4117.000000, 586.000000, 4123.000000,     small-vehicle,     143
2064.000000, 3302.000000, 2087.000000, 3300.000000, 2088.000000, 3350.000000, 2065.000000, 3352.000000,     small-vehicle,     144
903.000000, 4109.000000, 966.000000, 4104.000000, 964.000000, 4138.000000, 903.000000, 4143.000000,     small-vehicle,     145
2695.000000, 2529.000000, 2757.000000, 2528.000000, 2758.000000, 2568.000000, 2698.000000, 2569.000000,     small-vehicle,     146
982.000000, 3822.000000, 1032.000000, 3818.000000, 1032.000000, 3849.000000, 982.000000, 3853.000000,     small-vehicle,     147
2355.000000, 3819.000000, 2391.000000, 3816.000000, 2394.000000, 3898.000000, 2356.000000, 3900.000000,     small-vehicle,     148
3458.000000, 3677.000000, 3514.000000, 3673.000000, 3516.000000, 3705.000000, 3460.000000, 3708.000000,     small-vehicle,     149
2730.000000, 3994.000000, 2799.000000, 3990.000000, 2802.000000, 4029.000000, 2733.000000, 4035.000000,     small-vehicle,     150
2301.000000, 2851.000000, 2332.000000, 2850.000000, 2335.000000, 2920.000000, 2303.000000, 2920.000000,     small-vehicle,     151
3829.000000, 3626.000000, 3889.000000, 3622.000000, 3891.000000, 3649.000000, 3831.000000, 3652.000000,     small-vehicle,     152
3100.000000, 2483.000000, 3159.000000, 2482.000000, 3162.000000, 2518.000000, 3103.000000, 2519.000000,     small-vehicle,     153
3339.000000, 4257.000000, 3398.000000, 4251.000000, 3400.000000, 4285.000000, 3341.000000, 4290.000000,     small-vehicle,     154
2215.000000, 3744.000000, 2260.000000, 3742.000000, 2263.000000, 3836.000000, 2219.000000, 3839.000000,     small-vehicle,     155
3380.000000, 4332.000000, 3441.000000, 4326.000000, 3444.000000, 4365.000000, 3383.000000, 4370.000000,     small-vehicle,     156
1737.000000, 4036.000000, 1789.000000, 4032.000000, 1789.000000, 4066.000000, 1738.000000, 4069.000000,     small-vehicle,     158
2197.000000, 4495.000000, 2221.000000, 4492.000000, 2222.000000, 4532.000000, 2199.000000, 4535.000000,     small-vehicle,     159
1627.000000, 3999.000000, 1693.000000, 3994.000000, 1693.000000, 4034.000000, 1628.000000, 4038.000000,     small-vehicle,     160
3578.000000, 3516.000000, 3614.000000, 3513.000000, 3621.000000, 3592.000000, 3584.000000, 3593.000000,     small-vehicle,     161
1451.000000, 3971.000000, 1515.000000, 3967.000000, 1515.000000, 4006.000000, 1451.000000, 4011.000000,     small-vehicle,     162
3639.000000, 3667.000000, 3704.000000, 3662.000000, 3708.000000, 3701.000000, 3642.000000, 3705.000000,     small-vehicle,     163
1765.000000, 2620.000000, 1828.000000, 2619.000000, 1828.000000, 2654.000000, 1766.000000, 2656.000000,     small-vehicle,     164
158.000000, 2818.000000, 228.000000, 2815.000000, 226.000000, 2853.000000, 156.000000, 2855.000000,     small-vehicle,     165
3491.000000, 3948.000000, 3544.000000, 3944.000000, 3547.000000, 3969.000000, 3493.000000, 3974.000000,     small-vehicle,     166
1054.000000, 3997.000000, 1117.000000, 3993.000000, 1117.000000, 4032.000000, 1052.000000, 4037.000000,     small-vehicle,     167
3379.000000, 3686.000000, 3439.000000, 3682.000000, 3441.000000, 3713.000000, 3382.000000, 3717.000000,     small-vehicle,     168
1083.000000, 4143.000000, 1149.000000, 4139.000000, 1149.000000, 4179.000000, 1082.000000, 4184.000000,     small-vehicle,     169
3278.000000, 3737.000000, 3340.000000, 3732.000000, 3342.000000, 3769.000000, 3280.000000, 3773.000000,     small-vehicle,     170
1059.000000, 4094.000000, 1135.000000, 4088.000000, 1135.000000, 4126.000000, 1059.000000, 4132.000000,     small-vehicle,     171
3641.000000, 3720.000000, 3702.000000, 3716.000000, 3705.000000, 3750.000000, 3644.000000, 3755.000000,     small-vehicle,     172
2628.000000, 2541.000000, 2688.000000, 2540.000000, 2690.000000, 2576.000000, 2629.000000, 2577.000000,     small-vehicle,     173
1517.000000, 4049.000000, 1578.000000, 4043.000000, 1578.000000, 4082.000000, 1517.000000, 4087.000000,     small-vehicle,     175
3564.000000, 4744.000000, 3593.000000, 4741.000000, 3600.000000, 4823.000000, 3571.000000, 4827.000000,     small-vehicle,     176
1765.000000, 3768.000000, 1826.000000, 3764.000000, 1827.000000, 3798.000000, 1764.000000, 3802.000000,     small-vehicle,     177
3011.000000, 3762.000000, 3075.000000, 3758.000000, 3077.000000, 3792.000000, 3014.000000, 3796.000000,     small-vehicle,     178
1404.000000, 4115.000000, 1474.000000, 4111.000000, 1475.000000, 4144.000000, 1404.000000, 4150.000000,     small-vehicle,     179
2330.000000, 3232.000000, 2359.000000, 3231.000000, 2362.000000, 3303.000000, 2332.000000, 3305.000000,     small-vehicle,     180
771.000000, 4979.000000, 805.000000, 4976.000000, 804.000000, 5065.000000, 769.000000, 5069.000000,     small-vehicle,     181
3041.000000, 3706.000000, 3103.000000, 3702.000000, 3106.000000, 3736.000000, 3044.000000, 3740.000000,     small-vehicle,     182
715.000000, 4129.000000, 780.000000, 4125.000000, 780.000000, 4160.000000, 714.000000, 4164.000000,     small-vehicle,     183
1787.000000, 3936.000000, 1832.000000, 3932.000000, 1832.000000, 3963.000000, 1788.000000, 3966.000000,     small-vehicle,     185
1499.000000, 4108.000000, 1559.000000, 4104.000000, 1559.000000, 4138.000000, 1499.000000, 4142.000000,     small-vehicle,     186
2897.000000, 4440.000000, 2927.000000, 4438.000000, 2932.000000, 4521.000000, 2902.000000, 4523.000000,     small-vehicle,     187
2771.000000, 3780.000000, 2837.000000, 3775.000000, 2840.000000, 3812.000000, 2773.000000, 3816.000000,     small-vehicle,     188
1602.000000, 2613.000000, 1664.000000, 2612.000000, 1666.000000, 2646.000000, 1603.000000, 2648.000000,     small-vehicle,     189
1441.000000, 4016.000000, 1507.000000, 4012.000000, 1507.000000, 4047.000000, 1441.000000, 4052.000000,     small-vehicle,     190
1843.000000, 4074.000000, 1909.000000, 4069.000000, 1910.000000, 4112.000000, 1843.000000, 4117.000000,     small-vehicle,     191
2979.000000, 3923.000000, 3046.000000, 3918.000000, 3048.000000, 3950.000000, 2979.000000, 3955.000000,     small-vehicle,     192
3762.000000, 3714.000000, 3807.000000, 3712.000000, 3810.000000, 3744.000000, 3765.000000, 3748.000000,     small-vehicle,     193
2834.000000, 4306.000000, 2873.000000, 4303.000000, 2875.000000, 4333.000000, 2836.000000, 4335.000000,     small-vehicle,     194
3506.000000, 4874.000000, 3532.000000, 4871.000000, 3536.000000, 4943.000000, 3511.000000, 4947.000000,     small-vehicle,     195
3515.000000, 3621.000000, 3566.000000, 3618.000000, 3572.000000, 3686.000000, 3521.000000, 3690.000000,     small-vehicle,     196
2469.000000, 4796.000000, 2496.000000, 4794.000000, 2499.000000, 4870.000000, 2470.000000, 4872.000000,     small-vehicle,     197
1674.000000, 4087.000000, 1719.000000, 4084.000000, 1720.000000, 4118.000000, 1674.000000, 4121.000000,     small-vehicle,     198
2034.000000, 3120.000000, 2071.000000, 3117.000000, 2073.000000, 3192.000000, 2035.000000, 3195.000000,     small-vehicle,     199
3573.000000, 4838.000000, 3600.000000, 4836.000000, 3606.000000, 4910.000000, 3580.000000, 4913.000000,     small-vehicle,     200
3866.000000, 4408.000000, 3893.000000, 4406.000000, 3899.000000, 4472.000000, 3871.000000, 4474.000000,     small-vehicle,     201
2922.000000, 2550.000000, 2985.000000, 2548.000000, 2987.000000, 2578.000000, 2925.000000, 2580.000000,     small-vehicle,     202
1421.000000, 4063.000000, 1475.000000, 4059.000000, 1475.000000, 4091.000000, 1420.000000, 4094.000000,     small-vehicle,     203
1871.000000, 3776.000000, 1924.000000, 3771.000000, 1925.000000, 3802.000000, 1871.000000, 3805.000000,     small-vehicle,     204
3414.000000, 3892.000000, 3474.000000, 3888.000000, 3477.000000, 3921.000000, 3415.000000, 3925.000000,     small-vehicle,     205
3363.000000, 3731.000000, 3429.000000, 3726.000000, 3432.000000, 3762.000000, 3366.000000, 3767.000000,     small-vehicle,     206
741.000000, 5229.000000, 773.000000, 5227.000000, 772.000000, 5301.000000, 740.000000, 5304.000000,     small-vehicle,     208
3748.000000, 3664.000000, 3820.000000, 3660.000000, 3823.000000, 3696.000000, 3751.000000, 3701.000000,     small-vehicle,     209
2669.000000, 3785.000000, 2742.000000, 3781.000000, 2744.000000, 3819.000000, 2670.000000, 3825.000000,     small-vehicle,     210
2490.000000, 2560.000000, 2555.000000, 2558.000000, 2556.000000, 2595.000000, 2493.000000, 2596.000000,     small-vehicle,     212
123.000000, 4126.000000, 197.000000, 4119.000000, 195.000000, 4165.000000, 120.000000, 4169.000000,     small-vehicle,     213
1173.000000, 4143.000000, 1225.000000, 4138.000000, 1225.000000, 4169.000000, 1173.000000, 4173.000000,     small-vehicle,     214
2404.000000, 3368.000000, 2425.000000, 3366.000000, 2426.000000, 3417.000000, 2406.000000, 3419.000000,     small-vehicle,     215
38.000000, 4241.000000, 85.000000, 4236.000000, 83.000000, 4264.000000, 37.000000, 4268.000000,     small-vehicle,     216
985.000000, 4096.000000, 1046.000000, 4091.000000, 1045.000000, 4130.000000, 985.000000, 4134.000000,     small-vehicle,     217
3459.000000, 3723.000000, 3530.000000, 3719.000000, 3535.000000, 3756.000000, 3462.000000, 3761.000000,     small-vehicle,     218
67.000000, 4178.000000, 155.000000, 4172.000000, 153.000000, 4217.000000, 67.000000, 4224.000000,     small-vehicle,     219
2349.000000, 4939.000000, 2376.000000, 4936.000000, 2377.000000, 4996.000000, 2352.000000, 4998.000000,     small-vehicle,     220
2038.000000, 3232.000000, 2060.000000, 3231.000000, 2062.000000, 3282.000000, 2038.000000, 3283.000000,     small-vehicle,     223
551.000000, 3859.000000, 592.000000, 3856.000000, 591.000000, 3876.000000, 550.000000, 3878.000000,     small-vehicle,     224
3506.000000, 4781.000000, 3534.000000, 4778.000000, 3539.000000, 4845.000000, 3512.000000, 4849.000000,     small-vehicle,     227
2308.000000, 3519.000000, 2349.000000, 3516.000000, 2352.000000, 3628.000000, 2312.000000, 3630.000000,     large-vehicle,     230
1909.000000, 4021.000000, 2011.000000, 4014.000000, 2012.000000, 4062.000000, 1909.000000, 4068.000000,     large-vehicle,     231
2053.000000, 3014.000000, 2094.000000, 3012.000000, 2096.000000, 3109.000000, 2056.000000, 3112.000000,     large-vehicle,     232
2266.000000, 3988.000000, 2315.000000, 3985.000000, 2319.000000, 4089.000000, 2270.000000, 4091.000000,     large-vehicle,     233
2320.000000, 4629.000000, 2368.000000, 4624.000000, 2373.000000, 4747.000000, 2325.000000, 4751.000000,     large-vehicle,     234
3859.000000, 3927.000000, 3925.000000, 3922.000000, 3929.000000, 3966.000000, 3863.000000, 3971.000000,     large-vehicle,     235
706.000000, 4174.000000, 792.000000, 4168.000000, 790.000000, 4216.000000, 704.000000, 4223.000000,     large-vehicle,     236
938.000000, 4153.000000, 1044.000000, 4145.000000, 1043.000000, 4196.000000, 936.000000, 4204.000000,     large-vehicle,     237
2872.000000, 3721.000000, 2940.000000, 3717.000000, 2942.000000, 3755.000000, 2873.000000, 3760.000000,     large-vehicle,     238
2403.000000, 3865.000000, 2449.000000, 3862.000000, 2452.000000, 3963.000000, 2407.000000, 3967.000000,     large-vehicle,     239
1651.000000, 4038.000000, 1717.000000, 4034.000000, 1718.000000, 4076.000000, 1651.000000, 4082.000000,     large-vehicle,     240
1411.000000, 3734.000000, 1469.000000, 3731.000000, 1469.000000, 3827.000000, 1410.000000, 3831.000000,     large-vehicle,     241
2949.000000, 3714.000000, 3031.000000, 3709.000000, 3033.000000, 3747.000000, 2951.000000, 3752.000000,     large-vehicle,     242
2677.000000, 3831.000000, 2775.000000, 3825.000000, 2777.000000, 3876.000000, 2680.000000, 3882.000000,     large-vehicle,     243
2943.000000, 4425.000000, 2971.000000, 4422.000000, 2976.000000, 4522.000000, 2949.000000, 4525.000000,     large-vehicle,     244
2778.000000, 3732.000000, 2856.000000, 3727.000000, 2858.000000, 3758.000000, 2779.000000, 3763.000000,     large-vehicle,     246
2474.000000, 4929.000000, 2504.000000, 4926.000000, 2508.000000, 5015.000000, 2477.000000, 5018.000000,     large-vehicle,     247
2440.000000, 4641.000000, 2473.000000, 4637.000000, 2477.000000, 4733.000000, 2444.000000, 4737.000000,     large-vehicle,     248
203.000000, 4212.000000, 277.000000, 4207.000000, 275.000000, 4244.000000, 202.000000, 4250.000000,     large-vehicle,     250
1336.000000, 4079.000000, 1407.000000, 4074.000000, 1407.000000, 4112.000000, 1335.000000, 4116.000000,     large-vehicle,     251
2307.000000, 4528.000000, 2347.000000, 4524.000000, 2351.000000, 4620.000000, 2310.000000, 4623.000000,     large-vehicle,     253
2776.000000, 3781.000000, 2836.000000, 3777.000000, 2838.000000, 3811.000000, 2778.000000, 3814.000000,     large-vehicle,     254
3947.000000, 4291.000000, 3988.000000, 4287.000000, 3991.000000, 4315.000000, 3950.000000, 4318.000000,     small-vehicle,     270
3495.000000, 4509.000000, 3521.000000, 4506.000000, 3526.000000, 4571.000000, 3500.000000, 4572.000000,     small-vehicle,     271
2469.000000, 4790.000000, 2493.000000, 4789.000000, 2497.000000, 4867.000000, 2471.000000, 4869.000000,     large-vehicle,     274
3461.000000, 3715.000000, 3531.000000, 3709.000000, 3534.000000, 3746.000000, 3464.000000, 3750.000000,     large-vehicle,     278
1987.000000, 3748.000000, 2056.000000, 3744.000000, 2059.000000, 3823.000000, 1988.000000, 3827.000000,     large-vehicle,     279
2668.000000, 3783.000000, 2743.000000, 3777.000000, 2746.000000, 3821.000000, 2669.000000, 3826.000000,     large-vehicle,     282
1774.000000, 4078.000000, 1836.000000, 4074.000000, 1837.000000, 4106.000000, 1774.000000, 4111.000000,     large-vehicle,     284
1334.000000, 4077.000000, 1405.000000, 4073.000000, 1405.000000, 4109.000000, 1334.000000, 4115.000000,     small-vehicle,     288
2460.000000, 4337.000000, 2495.000000, 4333.000000, 2498.000000, 4424.000000, 2464.000000, 4427.000000,     small-vehicle,     289
3898.000000, 4423.000000, 3932.000000, 4420.000000, 3939.000000, 4487.000000, 3903.000000, 4491.000000,     small-vehicle,     291
2437.000000, 4581.000000, 2471.000000, 4577.000000, 2474.000000, 4675.000000, 2441.000000, 4676.000000,     small-vehicle,     292
1993.000000, 3745.000000, 2060.000000, 3741.000000, 2062.000000, 3811.000000, 1994.000000, 3816.000000,     small-vehicle,     296
2905.000000, 4290.000000, 2957.000000, 4287.000000, 2960.000000, 4331.000000, 2907.000000, 4334.000000,     small-vehicle,     299
2330.000000, 3230.000000, 2360.000000, 3227.000000, 2362.000000, 3302.000000, 2331.000000, 3303.000000,     large-vehicle,     302
1337.000000, 4077.000000, 1408.000000, 4073.000000, 1408.000000, 4111.000000, 1337.000000, 4116.000000,     large-vehicle,     303
3522.000000, 3884.000000, 3587.000000, 3880.000000, 3589.000000, 3914.000000, 3525.000000, 3920.000000,     large-vehicle,     304
2182.000000, 3616.000000, 2221.000000, 3613.000000, 2223.000000, 3707.000000, 2185.000000, 3709.000000,     large-vehicle,     305
1846.000000, 4071.000000, 1910.000000, 4065.000000, 1911.000000, 4107.000000, 1846.000000, 4112.000000,     large-vehicle,     306
2331.000000, 3697.000000, 2372.000000, 3695.000000, 2375.000000, 3780.000000, 2334.000000, 3782.000000,     large-vehicle,     307
1845.000000, 4075.000000, 1910.000000, 4071.000000, 1911.000000, 4107.000000, 1845.000000, 4112.000000,     small-vehicle,     308
2331.000000, 3231.000000, 2360.000000, 3228.000000, 2362.000000, 3302.000000, 2332.000000, 3303.000000,     small-vehicle,     309
732.000000, 4950.000000, 767.000000, 4948.000000, 765.000000, 5022.000000, 731.000000, 5026.000000,     small-vehicle,     310
2468.000000, 4791.000000, 2493.000000, 4790.000000, 2497.000000, 4861.000000, 2470.000000, 4864.000000,     small-vehicle,     311
1773.000000, 4082.000000, 1835.000000, 4078.000000, 1836.000000, 4111.000000, 1773.000000, 4115.000000,     small-vehicle,     312
2437.000000, 4575.000000, 2471.000000, 4572.000000, 2474.000000, 4667.000000, 2441.000000, 4670.000000,     small-vehicle,     313
491.000000, 4185.000000, 546.000000, 4183.000000, 544.000000, 4219.000000, 490.000000, 4224.000000,     small-vehicle,     314
203.000000, 4204.000000, 281.000000, 4197.000000, 279.000000, 4237.000000, 201.000000, 4243.000000,     small-vehicle,     315
1408.000000, 3717.000000, 1465.000000, 3714.000000, 1465.000000, 3808.000000, 1407.000000, 3812.000000,     small-vehicle,     316
551.000000, 4191.000000, 609.000000, 4187.000000, 608.000000, 4217.000000, 550.000000, 4222.000000,     small-vehicle,     317
2779.000000, 3726.000000, 2855.000000, 3722.000000, 2857.000000, 3753.000000, 2780.000000, 3758.000000,     small-vehicle,     318
3460.000000, 3718.000000, 3532.000000, 3713.000000, 3535.000000, 3753.000000, 3463.000000, 3758.000000,     large-vehicle,     319
2162.000000, 4575.000000, 2208.000000, 4571.000000, 2210.000000, 4599.000000, 2163.000000, 4605.000000,     large-vehicle,     320
