2064.000000, 3497.000000, 2093.000000, 3495.000000, 2094.000000, 3558.000000, 2066.000000, 3560.000000,     small-vehicle,     0
2395.000000, 3543.000000, 2425.000000, 3540.000000, 2426.000000, 3613.000000, 2398.000000, 3615.000000,     small-vehicle,     1
2071.000000, 3575.000000, 2096.000000, 3574.000000, 2097.000000, 3642.000000, 2073.000000, 3643.000000,     small-vehicle,     2
2078.000000, 3213.000000, 2104.000000, 3212.000000, 2106.000000, 3272.000000, 2079.000000, 3274.000000,     small-vehicle,     4
2386.000000, 3726.000000, 2415.000000, 3724.000000, 2418.000000, 3802.000000, 2388.000000, 3805.000000,     small-vehicle,     8
1450.000000, 3610.000000, 1480.000000, 3608.000000, 1480.000000, 3680.000000, 1451.000000, 3682.000000,     small-vehicle,     12
2390.000000, 3461.000000, 2422.000000, 3458.000000, 2424.000000, 3533.000000, 2391.000000, 3534.000000,     small-vehicle,     17
2366.000000, 3648.000000, 2419.000000, 3644.000000, 2422.000000, 3715.000000, 2368.000000, 3720.000000,     small-vehicle,     19
2090.000000, 3394.000000, 2120.000000, 3391.000000, 2122.000000, 3468.000000, 2092.000000, 3471.000000,     small-vehicle,     21
2326.000000, 3713.000000, 2356.000000, 3711.000000, 2359.000000, 3789.000000, 2329.000000, 3792.000000,     small-vehicle,     29
1384.000000, 3442.000000, 1445.000000, 3438.000000, 1446.000000, 3484.000000, 1385.000000, 3488.000000,     small-vehicle,     41
1450.000000, 3533.000000, 1478.000000, 3530.000000, 1479.000000, 3592.000000, 1450.000000, 3594.000000,     small-vehicle,     43
2356.000000, 3353.000000, 2381.000000, 3350.000000, 2384.000000, 3433.000000, 2357.000000, 3435.000000,     small-vehicle,     46
2415.000000, 3729.000000, 2441.000000, 3727.000000, 2442.000000, 3791.000000, 2417.000000, 3793.000000,     small-vehicle,     48
2285.000000, 2299.000000, 2341.000000, 2298.000000, 2342.000000, 2332.000000, 2285.000000, 2333.000000,     small-vehicle,     66
1439.000000, 3793.000000, 1472.000000, 3791.000000, 1472.000000, 3871.000000, 1439.000000, 3873.000000,     small-vehicle,     75
457.000000, 3602.000000, 518.000000, 3598.000000, 518.000000, 3631.000000, 456.000000, 3635.000000,     small-vehicle,     79
3022.000000, 3195.000000, 3059.000000, 3193.000000, 3060.000000, 3216.000000, 3022.000000, 3219.000000,     small-vehicle,     85
2347.000000, 3566.000000, 2376.000000, 3565.000000, 2379.000000, 3644.000000, 2349.000000, 3647.000000,     small-vehicle,     86
2307.000000, 3909.000000, 2337.000000, 3906.000000, 2339.000000, 3984.000000, 2308.000000, 3986.000000,     small-vehicle,     114
2070.000000, 3135.000000, 2099.000000, 3134.000000, 2101.000000, 3196.000000, 2071.000000, 3198.000000,     small-vehicle,     120
2223.000000, 2484.000000, 2253.000000, 2483.000000, 2255.000000, 2551.000000, 2224.000000, 2552.000000,     small-vehicle,     148
2917.000000, 3195.000000, 2984.000000, 3191.000000, 2985.000000, 3226.000000, 2919.000000, 3230.000000,     small-vehicle,     202
2182.000000, 2091.000000, 2216.000000, 2090.000000, 2219.000000, 2192.000000, 2184.000000, 2193.000000,     large-vehicle,     230
2103.000000, 3663.000000, 2144.000000, 3660.000000, 2146.000000, 3752.000000, 2105.000000, 3755.000000,     large-vehicle,     232
2890.000000, 3236.000000, 2951.000000, 3232.000000, 2953.000000, 3278.000000, 2892.000000, 3282.000000,     small-vehicle,     386
2235.000000, 3745.000000, 2265.000000, 3742.000000, 2267.000000, 3825.000000, 2237.000000, 3828.000000,     small-vehicle,     421
2038.000000, 3031.000000, 2066.000000, 3030.000000, 2067.000000, 3097.000000, 2039.000000, 3100.000000,     small-vehicle,     432
2067.000000, 3022.000000, 2098.000000, 3021.000000, 2098.000000, 3086.000000, 2068.000000, 3089.000000,     small-vehicle,     433
3126.000000, 3175.000000, 3188.000000, 3171.000000, 3190.000000, 3202.000000, 3128.000000, 3206.000000,     small-vehicle,     445
275.000000, 3600.000000, 354.000000, 3594.000000, 354.000000, 3621.000000, 274.000000, 3627.000000,     large-vehicle,     498
2163.000000, 3735.000000, 2192.000000, 3732.000000, 2193.000000, 3798.000000, 2165.000000, 3801.000000,     small-vehicle,     531
2313.000000, 2802.000000, 2340.000000, 2800.000000, 2341.000000, 2862.000000, 2314.000000, 2863.000000,     small-vehicle,     564
2349.000000, 2816.000000, 2377.000000, 2815.000000, 2379.000000, 2878.000000, 2351.000000, 2879.000000,     small-vehicle,     568
1691.000000, 3341.000000, 1748.000000, 3337.000000, 1748.000000, 3371.000000, 1692.000000, 3375.000000,     small-vehicle,     575
3603.000000, 3164.000000, 3658.000000, 3162.000000, 3660.000000, 3190.000000, 3605.000000, 3194.000000,     small-vehicle,     577
2343.000000, 2731.000000, 2370.000000, 2729.000000, 2371.000000, 2800.000000, 2345.000000, 2801.000000,     small-vehicle,     590
2081.000000, 3762.000000, 2123.000000, 3759.000000, 2125.000000, 3833.000000, 2083.000000, 3836.000000,     small-vehicle,     591
2043.000000, 2767.000000, 2075.000000, 2765.000000, 2077.000000, 2837.000000, 2045.000000, 2839.000000,     small-vehicle,     593
2754.000000, 3269.000000, 2812.000000, 3265.000000, 2813.000000, 3294.000000, 2755.000000, 3298.000000,     small-vehicle,     614
2325.000000, 2648.000000, 2353.000000, 2646.000000, 2355.000000, 2713.000000, 2327.000000, 2714.000000,     small-vehicle,     632
2130.000000, 3411.000000, 2162.000000, 3408.000000, 2164.000000, 3492.000000, 2131.000000, 3495.000000,     small-vehicle,     635
3019.000000, 3234.000000, 3080.000000, 3230.000000, 3081.000000, 3262.000000, 3021.000000, 3265.000000,     small-vehicle,     636
2011.000000, 2593.000000, 2037.000000, 2591.000000, 2039.000000, 2655.000000, 2011.000000, 2656.000000,     small-vehicle,     660
2290.000000, 3575.000000, 2321.000000, 3572.000000, 2323.000000, 3644.000000, 2291.000000, 3646.000000,     small-vehicle,     664
2326.000000, 2560.000000, 2355.000000, 2559.000000, 2356.000000, 2627.000000, 2328.000000, 2629.000000,     small-vehicle,     666
2227.000000, 3563.000000, 2253.000000, 3561.000000, 2254.000000, 3620.000000, 2227.000000, 3621.000000,     small-vehicle,     667
2004.000000, 2520.000000, 2032.000000, 2519.000000, 2032.000000, 2577.000000, 2005.000000, 2578.000000,     small-vehicle,     704
2322.000000, 2469.000000, 2350.000000, 2468.000000, 2353.000000, 2542.000000, 2325.000000, 2543.000000,     small-vehicle,     718
2563.000000, 3290.000000, 2618.000000, 3287.000000, 2620.000000, 3319.000000, 2564.000000, 3323.000000,     small-vehicle,     756
2279.000000, 2370.000000, 2312.000000, 2369.000000, 2314.000000, 2448.000000, 2281.000000, 2450.000000,     small-vehicle,     761
1999.000000, 2441.000000, 2027.000000, 2439.000000, 2029.000000, 2502.000000, 2000.000000, 2502.000000,     small-vehicle,     762
1899.000000, 3345.000000, 1953.000000, 3341.000000, 1954.000000, 3365.000000, 1900.000000, 3369.000000,     small-vehicle,     765
3290.000000, 3201.000000, 3348.000000, 3197.000000, 3350.000000, 3229.000000, 3292.000000, 3233.000000,     small-vehicle,     789
3738.000000, 3143.000000, 3800.000000, 3139.000000, 3803.000000, 3172.000000, 3740.000000, 3176.000000,     small-vehicle,     792
1985.000000, 2296.000000, 2016.000000, 2295.000000, 2017.000000, 2362.000000, 1986.000000, 2363.000000,     small-vehicle,     813
3422.000000, 2305.000000, 3444.000000, 2305.000000, 3447.000000, 2366.000000, 3424.000000, 2366.000000,     small-vehicle,     815
2112.000000, 2604.000000, 2141.000000, 2602.000000, 2143.000000, 2668.000000, 2113.000000, 2669.000000,     small-vehicle,     816
2506.000000, 2308.000000, 2554.000000, 2307.000000, 2555.000000, 2338.000000, 2507.000000, 2339.000000,     small-vehicle,     818
2701.000000, 3259.000000, 2749.000000, 3256.000000, 2752.000000, 3314.000000, 2703.000000, 3317.000000,     small-vehicle,     824
1996.000000, 2244.000000, 2018.000000, 2244.000000, 2019.000000, 2289.000000, 1997.000000, 2290.000000,     small-vehicle,     840
2488.000000, 2228.000000, 2542.000000, 2227.000000, 2543.000000, 2251.000000, 2488.000000, 2253.000000,     small-vehicle,     841
2548.000000, 2216.000000, 2607.000000, 2214.000000, 2608.000000, 2247.000000, 2549.000000, 2250.000000,     small-vehicle,     845
1314.000000, 3465.000000, 1374.000000, 3461.000000, 1373.000000, 3497.000000, 1314.000000, 3501.000000,     small-vehicle,     846
1794.000000, 2742.000000, 1854.000000, 2740.000000, 1854.000000, 2770.000000, 1794.000000, 2773.000000,     small-vehicle,     847
2177.000000, 3537.000000, 2219.000000, 3534.000000, 2220.000000, 3631.000000, 2178.000000, 3634.000000,     large-vehicle,     856
2107.000000, 2437.000000, 2136.000000, 2435.000000, 2137.000000, 2498.000000, 2108.000000, 2498.000000,     small-vehicle,     867
2814.000000, 2193.000000, 2870.000000, 2192.000000, 2871.000000, 2218.000000, 2815.000000, 2220.000000,     small-vehicle,     870
633.000000, 2719.000000, 701.000000, 2716.000000, 701.000000, 2740.000000, 633.000000, 2742.000000,     small-vehicle,     871
2939.000000, 2174.000000, 2996.000000, 2172.000000, 2996.000000, 2195.000000, 2940.000000, 2197.000000,     small-vehicle,     875
1619.000000, 3352.000000, 1681.000000, 3348.000000, 1681.000000, 3391.000000, 1619.000000, 3395.000000,     small-vehicle,     876
3412.000000, 2216.000000, 3440.000000, 2216.000000, 3443.000000, 2275.000000, 3414.000000, 2277.000000,     small-vehicle,     878
2745.000000, 2195.000000, 2793.000000, 2194.000000, 2794.000000, 2217.000000, 2745.000000, 2219.000000,     small-vehicle,     879
2684.000000, 2207.000000, 2738.000000, 2205.000000, 2739.000000, 2233.000000, 2685.000000, 2234.000000,     small-vehicle,     880
1971.000000, 2195.000000, 1992.000000, 2194.000000, 1993.000000, 2241.000000, 1972.000000, 2242.000000,     small-vehicle,     885
3480.000000, 2106.000000, 3528.000000, 2105.000000, 3529.000000, 2133.000000, 3480.000000, 2134.000000,     small-vehicle,     886
3119.000000, 2149.000000, 3183.000000, 2148.000000, 3185.000000, 2175.000000, 3121.000000, 2177.000000,     small-vehicle,     889
1377.000000, 2517.000000, 1447.000000, 2514.000000, 1447.000000, 2549.000000, 1377.000000, 2551.000000,     small-vehicle,     890
1971.000000, 2119.000000, 2001.000000, 2118.000000, 2002.000000, 2188.000000, 1972.000000, 2188.000000,     small-vehicle,     892
3245.000000, 2136.000000, 3302.000000, 2135.000000, 3303.000000, 2166.000000, 3246.000000, 2168.000000,     small-vehicle,     893
3419.000000, 2110.000000, 3477.000000, 2109.000000, 3478.000000, 2137.000000, 3421.000000, 2139.000000,     small-vehicle,     894
3033.000000, 2156.000000, 3093.000000, 2154.000000, 3095.000000, 2188.000000, 3034.000000, 2189.000000,     small-vehicle,     895
3583.000000, 2090.000000, 3634.000000, 2089.000000, 3636.000000, 2117.000000, 3585.000000, 2118.000000,     small-vehicle,     897
2882.000000, 2179.000000, 2932.000000, 2178.000000, 2933.000000, 2205.000000, 2883.000000, 2206.000000,     small-vehicle,     904
663.000000, 3173.000000, 729.000000, 3169.000000, 728.000000, 3210.000000, 663.000000, 3214.000000,     small-vehicle,     909
3230.000000, 2218.000000, 3287.000000, 2216.000000, 3289.000000, 2247.000000, 3232.000000, 2249.000000,     small-vehicle,     916
2284.000000, 2029.000000, 2316.000000, 2027.000000, 2318.000000, 2097.000000, 2285.000000, 2099.000000,     small-vehicle,     917
2264.000000, 2073.000000, 2296.000000, 2073.000000, 2298.000000, 2140.000000, 2265.000000, 2141.000000,     small-vehicle,     921
3719.000000, 2069.000000, 3762.000000, 2068.000000, 3764.000000, 2097.000000, 3721.000000, 2098.000000,     small-vehicle,     924
2065.000000, 2378.000000, 2093.000000, 2377.000000, 2094.000000, 2438.000000, 2066.000000, 2439.000000,     small-vehicle,     930
3664.000000, 3155.000000, 3732.000000, 3151.000000, 3734.000000, 3180.000000, 3666.000000, 3184.000000,     small-vehicle,     943
2279.000000, 1944.000000, 2308.000000, 1944.000000, 2310.000000, 2015.000000, 2281.000000, 2015.000000,     small-vehicle,     944
1965.000000, 1978.000000, 1993.000000, 1976.000000, 1994.000000, 2039.000000, 1966.000000, 2040.000000,     small-vehicle,     949
3583.000000, 3079.000000, 3628.000000, 3077.000000, 3629.000000, 3103.000000, 3585.000000, 3105.000000,     small-vehicle,     953
3168.000000, 2229.000000, 3223.000000, 2227.000000, 3225.000000, 2256.000000, 3170.000000, 2257.000000,     small-vehicle,     962
1086.000000, 1968.000000, 1139.000000, 1967.000000, 1139.000000, 1998.000000, 1086.000000, 2000.000000,     small-vehicle,     964
874.000000, 1984.000000, 939.000000, 1983.000000, 939.000000, 2012.000000, 874.000000, 2013.000000,     small-vehicle,     966
3580.000000, 2169.000000, 3626.000000, 2167.000000, 3628.000000, 2197.000000, 3581.000000, 2198.000000,     small-vehicle,     969
1263.000000, 1961.000000, 1291.000000, 1960.000000, 1290.000000, 2011.000000, 1263.000000, 2011.000000,     small-vehicle,     971
1660.000000, 2745.000000, 1721.000000, 2743.000000, 1721.000000, 2773.000000, 1660.000000, 2776.000000,     small-vehicle,     973
1257.000000, 2194.000000, 1300.000000, 2193.000000, 1300.000000, 2222.000000, 1257.000000, 2222.000000,     small-vehicle,     975
2014.000000, 2848.000000, 2038.000000, 2847.000000, 2039.000000, 2900.000000, 2014.000000, 2901.000000,     small-vehicle,     976
2081.000000, 2119.000000, 2110.000000, 2118.000000, 2112.000000, 2188.000000, 2081.000000, 2189.000000,     small-vehicle,     980
1959.000000, 1907.000000, 1985.000000, 1907.000000, 1986.000000, 1967.000000, 1960.000000, 1967.000000,     small-vehicle,     981
2244.000000, 1907.000000, 2272.000000, 1907.000000, 2273.000000, 1974.000000, 2244.000000, 1974.000000,     small-vehicle,     986
1012.000000, 1973.000000, 1069.000000, 1973.000000, 1068.000000, 2002.000000, 1012.000000, 2003.000000,     small-vehicle,     987
2171.000000, 3285.000000, 2198.000000, 3283.000000, 2200.000000, 3342.000000, 2172.000000, 3345.000000,     small-vehicle,     988
1163.000000, 1962.000000, 1224.000000, 1962.000000, 1224.000000, 1990.000000, 1163.000000, 1992.000000,     small-vehicle,     989
774.000000, 1897.000000, 843.000000, 1896.000000, 842.000000, 1931.000000, 773.000000, 1933.000000,     small-vehicle,     990
2657.000000, 2288.000000, 2709.000000, 2286.000000, 2709.000000, 2313.000000, 2658.000000, 2315.000000,     small-vehicle,     994
95.000000, 1982.000000, 158.000000, 1981.000000, 157.000000, 2010.000000, 94.000000, 2011.000000,     small-vehicle,     995
1983.000000, 1825.000000, 2010.000000, 1825.000000, 2012.000000, 1885.000000, 1984.000000, 1885.000000,     small-vehicle,     996
374.000000, 1946.000000, 434.000000, 1946.000000, 433.000000, 1974.000000, 374.000000, 1975.000000,     small-vehicle,     997
1955.000000, 1842.000000, 1982.000000, 1842.000000, 1983.000000, 1902.000000, 1956.000000, 1903.000000,     small-vehicle,     998
2277.000000, 1870.000000, 2302.000000, 1870.000000, 2304.000000, 1931.000000, 2278.000000, 1932.000000,     small-vehicle,     1001
445.000000, 1941.000000, 502.000000, 1939.000000, 502.000000, 1968.000000, 444.000000, 1970.000000,     small-vehicle,     1008
1149.000000, 1871.000000, 1222.000000, 1870.000000, 1222.000000, 1900.000000, 1149.000000, 1901.000000,     small-vehicle,     1009
2044.000000, 2179.000000, 2074.000000, 2178.000000, 2076.000000, 2257.000000, 2045.000000, 2258.000000,     small-vehicle,     1010
985.000000, 1881.000000, 1053.000000, 1880.000000, 1052.000000, 1914.000000, 984.000000, 1915.000000,     small-vehicle,     1012
682.000000, 1898.000000, 730.000000, 1897.000000, 729.000000, 1927.000000, 681.000000, 1928.000000,     small-vehicle,     1013
1067.000000, 1874.000000, 1122.000000, 1874.000000, 1122.000000, 1904.000000, 1067.000000, 1905.000000,     small-vehicle,     1014
2272.000000, 1803.000000, 2295.000000, 1803.000000, 2296.000000, 1850.000000, 2274.000000, 1851.000000,     small-vehicle,     1017
952.000000, 2777.000000, 1013.000000, 2775.000000, 1013.000000, 2800.000000, 952.000000, 2803.000000,     small-vehicle,     1021
2035.000000, 1893.000000, 2067.000000, 1891.000000, 2067.000000, 1955.000000, 2036.000000, 1956.000000,     small-vehicle,     1032
2641.000000, 1787.000000, 2669.000000, 1787.000000, 2671.000000, 1849.000000, 2644.000000, 1850.000000,     small-vehicle,     1033
2616.000000, 2309.000000, 2656.000000, 2307.000000, 2658.000000, 2369.000000, 2617.000000, 2371.000000,     small-vehicle,     1038
1953.000000, 1755.000000, 1979.000000, 1754.000000, 1980.000000, 1819.000000, 1954.000000, 1819.000000,     small-vehicle,     1039
823.000000, 2780.000000, 889.000000, 2777.000000, 889.000000, 2810.000000, 822.000000, 2813.000000,     small-vehicle,     1042
2242.000000, 2963.000000, 2272.000000, 2962.000000, 2273.000000, 3042.000000, 2245.000000, 3044.000000,     small-vehicle,     1050
2034.000000, 2962.000000, 2060.000000, 2960.000000, 2062.000000, 3021.000000, 2036.000000, 3022.000000,     small-vehicle,     1052
1117.000000, 2780.000000, 1167.000000, 2778.000000, 1167.000000, 2799.000000, 1116.000000, 2802.000000,     small-vehicle,     1053
2232.000000, 1713.000000, 2258.000000, 1712.000000, 2259.000000, 1769.000000, 2234.000000, 1769.000000,     small-vehicle,     1056
2047.000000, 2637.000000, 2077.000000, 2636.000000, 2077.000000, 2701.000000, 2049.000000, 2702.000000,     large-vehicle,     1062
1189.000000, 2772.000000, 1258.000000, 2768.000000, 1258.000000, 2796.000000, 1189.000000, 2798.000000,     large-vehicle,     1065
3328.000000, 2117.000000, 3358.000000, 2116.000000, 3359.000000, 2135.000000, 3329.000000, 2136.000000,     small-vehicle,     1067
3435.000000, 2399.000000, 3458.000000, 2398.000000, 3460.000000, 2444.000000, 3437.000000, 2445.000000,     small-vehicle,     1069
3204.000000, 3219.000000, 3261.000000, 3215.000000, 3262.000000, 3248.000000, 3205.000000, 3251.000000,     small-vehicle,     1070
3112.000000, 2228.000000, 3161.000000, 2227.000000, 3163.000000, 2263.000000, 3113.000000, 2265.000000,     small-vehicle,     1071
533.000000, 1715.000000, 569.000000, 1715.000000, 568.000000, 1768.000000, 532.000000, 1769.000000,     small-vehicle,     1076
2264.000000, 2692.000000, 2299.000000, 2691.000000, 2300.000000, 2779.000000, 2267.000000, 2781.000000,     large-vehicle,     1078
1947.000000, 1671.000000, 1972.000000, 1671.000000, 1973.000000, 1734.000000, 1947.000000, 1734.000000,     small-vehicle,     1079
2258.000000, 1634.000000, 2282.000000, 1634.000000, 2282.000000, 1686.000000, 2259.000000, 1686.000000,     small-vehicle,     1086
2755.000000, 1772.000000, 2783.000000, 1771.000000, 2785.000000, 1840.000000, 2757.000000, 1842.000000,     small-vehicle,     1088
2131.000000, 3388.000000, 2166.000000, 3385.000000, 2168.000000, 3475.000000, 2133.000000, 3478.000000,     large-vehicle,     1091
1262.000000, 1651.000000, 1291.000000, 1651.000000, 1291.000000, 1716.000000, 1262.000000, 1717.000000,     small-vehicle,     1092
1795.000000, 1995.000000, 1849.000000, 1994.000000, 1850.000000, 2021.000000, 1796.000000, 2021.000000,     small-vehicle,     1099
1264.000000, 1593.000000, 1284.000000, 1593.000000, 1284.000000, 1638.000000, 1264.000000, 1638.000000,     small-vehicle,     1104
2396.000000, 3395.000000, 2421.000000, 3394.000000, 2422.000000, 3449.000000, 2397.000000, 3451.000000,     small-vehicle,     1105
2251.000000, 1566.000000, 2276.000000, 1565.000000, 2277.000000, 1618.000000, 2253.000000, 1618.000000,     small-vehicle,     1113
1940.000000, 1583.000000, 1968.000000, 1583.000000, 1969.000000, 1647.000000, 1941.000000, 1647.000000,     small-vehicle,     1115
1222.000000, 1559.000000, 1269.000000, 1559.000000, 1269.000000, 1589.000000, 1222.000000, 1589.000000,     small-vehicle,     1116
2404.000000, 1811.000000, 2426.000000, 1810.000000, 2428.000000, 1857.000000, 2405.000000, 1858.000000,     small-vehicle,     1117
2630.000000, 3286.000000, 2681.000000, 3283.000000, 2682.000000, 3308.000000, 2631.000000, 3311.000000,     small-vehicle,     1118
2146.000000, 3171.000000, 2178.000000, 3168.000000, 2180.000000, 3242.000000, 2148.000000, 3243.000000,     small-vehicle,     1120
851.000000, 1563.000000, 907.000000, 1563.000000, 907.000000, 1595.000000, 850.000000, 1595.000000,     small-vehicle,     1121
3447.000000, 2550.000000, 3474.000000, 2549.000000, 3478.000000, 2612.000000, 3450.000000, 2613.000000,     small-vehicle,     1122
2363.000000, 2998.000000, 2397.000000, 2996.000000, 2399.000000, 3100.000000, 2366.000000, 3101.000000,     large-vehicle,     1131
1134.000000, 1558.000000, 1185.000000, 1558.000000, 1185.000000, 1589.000000, 1134.000000, 1589.000000,     small-vehicle,     1135
2384.000000, 2457.000000, 2400.000000, 2456.000000, 2401.000000, 2483.000000, 2385.000000, 2483.000000,     small-vehicle,     1136
2045.000000, 2624.000000, 2075.000000, 2622.000000, 2075.000000, 2689.000000, 2046.000000, 2690.000000,     small-vehicle,     1138
780.000000, 1488.000000, 836.000000, 1487.000000, 836.000000, 1515.000000, 779.000000, 1516.000000,     small-vehicle,     1139
1932.000000, 1495.000000, 1961.000000, 1495.000000, 1962.000000, 1558.000000, 1933.000000, 1558.000000,     small-vehicle,     1140
1960.000000, 1467.000000, 2007.000000, 1467.000000, 2008.000000, 1593.000000, 1963.000000, 1594.000000,     large-vehicle,     1141
2218.000000, 1512.000000, 2244.000000, 1512.000000, 2245.000000, 1565.000000, 2220.000000, 1565.000000,     small-vehicle,     1142
3095.000000, 3231.000000, 3164.000000, 3227.000000, 3166.000000, 3263.000000, 3097.000000, 3268.000000,     large-vehicle,     1143
968.000000, 1553.000000, 1017.000000, 1553.000000, 1017.000000, 1581.000000, 968.000000, 1582.000000,     small-vehicle,     1144
2355.000000, 3484.000000, 2388.000000, 3482.000000, 2390.000000, 3560.000000, 2357.000000, 3562.000000,     small-vehicle,     1150
2828.000000, 2265.000000, 2879.000000, 2263.000000, 2880.000000, 2291.000000, 2829.000000, 2292.000000,     small-vehicle,     1151
766.000000, 1567.000000, 828.000000, 1567.000000, 828.000000, 1600.000000, 766.000000, 1600.000000,     small-vehicle,     1153
1182.000000, 1479.000000, 1249.000000, 1478.000000, 1249.000000, 1510.000000, 1182.000000, 1510.000000,     small-vehicle,     1155
622.000000, 1498.000000, 674.000000, 1498.000000, 673.000000, 1526.000000, 621.000000, 1526.000000,     small-vehicle,     1156
685.000000, 1495.000000, 740.000000, 1495.000000, 740.000000, 1522.000000, 685.000000, 1522.000000,     small-vehicle,     1157
1010.000000, 1479.000000, 1068.000000, 1479.000000, 1068.000000, 1508.000000, 1010.000000, 1508.000000,     small-vehicle,     1159
3097.000000, 3221.000000, 3163.000000, 3217.000000, 3165.000000, 3253.000000, 3099.000000, 3258.000000,     small-vehicle,     1161
2146.000000, 3142.000000, 2175.000000, 3141.000000, 2177.000000, 3219.000000, 2147.000000, 3220.000000,     large-vehicle,     1162
3036.000000, 2244.000000, 3087.000000, 2243.000000, 3088.000000, 2269.000000, 3036.000000, 2272.000000,     small-vehicle,     1164
2032.000000, 3104.000000, 2053.000000, 3103.000000, 2054.000000, 3157.000000, 2034.000000, 3158.000000,     small-vehicle,     1165
3098.000000, 3227.000000, 3164.000000, 3223.000000, 3166.000000, 3259.000000, 3099.000000, 3263.000000,     small-vehicle,     1166
2367.000000, 2933.000000, 2390.000000, 2932.000000, 2392.000000, 2983.000000, 2367.000000, 2984.000000,     small-vehicle,     1167
1932.000000, 1421.000000, 1958.000000, 1421.000000, 1959.000000, 1481.000000, 1932.000000, 1481.000000,     small-vehicle,     1168
1191.000000, 2766.000000, 1259.000000, 2764.000000, 1259.000000, 2794.000000, 1191.000000, 2797.000000,     small-vehicle,     1169
679.000000, 1572.000000, 729.000000, 1572.000000, 728.000000, 1599.000000, 678.000000, 1599.000000,     small-vehicle,     1170
240.000000, 2811.000000, 316.000000, 2807.000000, 315.000000, 2832.000000, 239.000000, 2835.000000,     small-vehicle,     1171
2192.000000, 3706.000000, 2218.000000, 3705.000000, 2220.000000, 3768.000000, 2193.000000, 3770.000000,     small-vehicle,     1172
3776.000000, 3103.000000, 3830.000000, 3100.000000, 3832.000000, 3125.000000, 3778.000000, 3129.000000,     small-vehicle,     1173
2353.000000, 3480.000000, 2389.000000, 3479.000000, 2391.000000, 3558.000000, 2355.000000, 3560.000000,     large-vehicle,     1174
2213.000000, 1419.000000, 2240.000000, 1419.000000, 2242.000000, 1482.000000, 2215.000000, 1482.000000,     small-vehicle,     1175
1472.000000, 2766.000000, 1526.000000, 2763.000000, 1526.000000, 2788.000000, 1472.000000, 2790.000000,     small-vehicle,     1176
329.000000, 2808.000000, 387.000000, 2806.000000, 387.000000, 2830.000000, 329.000000, 2833.000000,     small-vehicle,     1177
2047.000000, 2644.000000, 2078.000000, 2642.000000, 2079.000000, 2711.000000, 2049.000000, 2713.000000,     small-vehicle,     1178
1268.000000, 1428.000000, 1295.000000, 1428.000000, 1294.000000, 1479.000000, 1268.000000, 1480.000000,     small-vehicle,     1179
