2174.000000, 1218.000000, 2240.000000, 1218.000000, 2240.000000, 1281.000000, 2174.000000, 1281.000000,   small-vehicle,   1290
1290.000000, 1371.000000, 1316.000000, 1371.000000, 1316.000000, 1416.000000, 1290.000000, 1416.000000,   small-vehicle,   1548
1961.000000, 1343.000000, 1985.000000, 1343.000000, 1985.000000, 1385.000000, 1961.000000, 1385.000000,   small-vehicle,   1549
2273.000000, 1312.000000, 2305.000000, 1312.000000, 2305.000000, 1379.000000, 2273.000000, 1379.000000,   small-vehicle,   1552
1284.000000, 1289.000000, 1311.000000, 1289.000000, 1311.000000, 1349.000000, 1284.000000, 1349.000000,   small-vehicle,   1554
1946.000000, 1268.000000, 1973.000000, 1268.000000, 1973.000000, 1318.000000, 1946.000000, 1318.000000,   small-vehicle,   1562
1973.000000, 1221.000000, 1999.000000, 1221.000000, 1999.000000, 1272.000000, 1973.000000, 1272.000000,   small-vehicle,   1566
2237.000000, 1220.000000, 2272.000000, 1220.000000, 2272.000000, 1287.000000, 2237.000000, 1287.000000,   small-vehicle,   1571
439.000000, 1173.000000, 497.000000, 1173.000000, 497.000000, 1205.000000, 439.000000, 1205.000000,   small-vehicle,   1575
512.000000, 1183.000000, 560.000000, 1183.000000, 560.000000, 1209.000000, 512.000000, 1209.000000,   small-vehicle,   1578
380.000000, 1114.000000, 421.000000, 1114.000000, 421.000000, 1170.000000, 380.000000, 1170.000000,   small-vehicle,   1594
1961.000000, 1067.000000, 1989.000000, 1067.000000, 1989.000000, 1114.000000, 1961.000000, 1114.000000,   small-vehicle,   1602
2926.000000, 1061.000000, 2994.000000, 1061.000000, 2994.000000, 1094.000000, 2926.000000, 1094.000000,   small-vehicle,   1614
320.000000, 1034.000000, 368.000000, 1034.000000, 368.000000, 1093.000000, 320.000000, 1093.000000,   small-vehicle,   1615
2231.000000, 1040.000000, 2257.000000, 1040.000000, 2257.000000, 1095.000000, 2231.000000, 1095.000000,   small-vehicle,   1623
3419.000000, 1043.000000, 3471.000000, 1043.000000, 3471.000000, 1065.000000, 3419.000000, 1065.000000,   small-vehicle,   1631
84.000000, 1090.000000, 140.000000, 1090.000000, 140.000000, 1130.000000, 84.000000, 1130.000000,   small-vehicle,   1632
2224.000000, 969.000000, 2256.000000, 969.000000, 2256.000000, 1035.000000, 2224.000000, 1035.000000,   small-vehicle,   1633
1928.000000, 900.000000, 1955.000000, 900.000000, 1955.000000, 956.000000, 1928.000000, 956.000000,   small-vehicle,   1637
3227.000000, 931.000000, 3262.000000, 931.000000, 3262.000000, 992.000000, 3227.000000, 992.000000,   small-vehicle,   1638
433.000000, 917.000000, 464.000000, 917.000000, 464.000000, 980.000000, 433.000000, 980.000000,   small-vehicle,   1643
358.000000, 892.000000, 386.000000, 892.000000, 386.000000, 948.000000, 358.000000, 948.000000,   small-vehicle,   1650
2246.000000, 847.000000, 2278.000000, 847.000000, 2278.000000, 905.000000, 2246.000000, 905.000000,   small-vehicle,   1656
1925.000000, 830.000000, 1953.000000, 830.000000, 1953.000000, 887.000000, 1925.000000, 887.000000,   small-vehicle,   1658
1041.000000, 1223.000000, 1088.000000, 1223.000000, 1088.000000, 1250.000000, 1041.000000, 1250.000000,   small-vehicle,   1659
3224.000000, 853.000000, 3259.000000, 853.000000, 3259.000000, 910.000000, 3224.000000, 910.000000,   small-vehicle,   1665
358.000000, 835.000000, 387.000000, 835.000000, 387.000000, 887.000000, 358.000000, 887.000000,   small-vehicle,   1666
2208.000000, 779.000000, 2236.000000, 779.000000, 2236.000000, 835.000000, 2208.000000, 835.000000,   small-vehicle,   1680
1951.000000, 799.000000, 1979.000000, 799.000000, 1979.000000, 852.000000, 1951.000000, 852.000000,   small-vehicle,   1683
1925.000000, 773.000000, 1951.000000, 773.000000, 1951.000000, 822.000000, 1925.000000, 822.000000,   small-vehicle,   1687
3252.000000, 1117.000000, 3319.000000, 1117.000000, 3319.000000, 1150.000000, 3252.000000, 1150.000000,   small-vehicle,   1688
2964.000000, 1233.000000, 2989.000000, 1233.000000, 2989.000000, 1278.000000, 2964.000000, 1278.000000,   small-vehicle,   1689
2467.000000, 1160.000000, 2519.000000, 1160.000000, 2519.000000, 1181.000000, 2467.000000, 1181.000000,   small-vehicle,   1693
2244.000000, 763.000000, 2269.000000, 763.000000, 2269.000000, 815.000000, 2244.000000, 815.000000,   small-vehicle,   1697
1951.000000, 724.000000, 1981.000000, 724.000000, 1981.000000, 788.000000, 1951.000000, 788.000000,   small-vehicle,   1699
2243.000000, 689.000000, 2269.000000, 689.000000, 2269.000000, 740.000000, 2243.000000, 740.000000,   small-vehicle,   1705
2153.000000, 482.000000, 2182.000000, 482.000000, 2182.000000, 549.000000, 2153.000000, 549.000000,   small-vehicle,   1706
1935.000000, 627.000000, 1963.000000, 627.000000, 1963.000000, 680.000000, 1935.000000, 680.000000,   small-vehicle,   1708
1916.000000, 691.000000, 1946.000000, 691.000000, 1946.000000, 746.000000, 1916.000000, 746.000000,   small-vehicle,   1709
233.000000, 1224.000000, 277.000000, 1224.000000, 277.000000, 1285.000000, 233.000000, 1285.000000,   small-vehicle,   1710
3221.000000, 627.000000, 3254.000000, 627.000000, 3254.000000, 686.000000, 3221.000000, 686.000000,   small-vehicle,   1715
2284.000000, 1259.000000, 2305.000000, 1259.000000, 2305.000000, 1303.000000, 2284.000000, 1303.000000,   small-vehicle,   1719
2722.000000, 604.000000, 2753.000000, 604.000000, 2753.000000, 668.000000, 2722.000000, 668.000000,   small-vehicle,   1727
2641.000000, 598.000000, 2674.000000, 598.000000, 2674.000000, 664.000000, 2641.000000, 664.000000,   small-vehicle,   1728
2231.000000, 559.000000, 2256.000000, 559.000000, 2256.000000, 627.000000, 2231.000000, 627.000000,   small-vehicle,   1729
2535.000000, 1152.000000, 2593.000000, 1152.000000, 2593.000000, 1183.000000, 2535.000000, 1183.000000,   small-vehicle,   1730
2762.000000, 594.000000, 2795.000000, 594.000000, 2795.000000, 656.000000, 2762.000000, 656.000000,   small-vehicle,   1731
2808.000000, 590.000000, 2838.000000, 590.000000, 2838.000000, 653.000000, 2808.000000, 653.000000,   small-vehicle,   1739
1918.000000, 532.000000, 1948.000000, 532.000000, 1948.000000, 594.000000, 1918.000000, 594.000000,   small-vehicle,   1742
2196.000000, 522.000000, 2227.000000, 522.000000, 2227.000000, 589.000000, 2196.000000, 589.000000,   small-vehicle,   1744
1460.000000, 1206.000000, 1503.000000, 1206.000000, 1503.000000, 1224.000000, 1460.000000, 1224.000000,   small-vehicle,   1747
1897.000000, 420.000000, 1931.000000, 420.000000, 1931.000000, 485.000000, 1897.000000, 485.000000,   small-vehicle,   1760
3167.000000, 1121.000000, 3232.000000, 1121.000000, 3232.000000, 1148.000000, 3167.000000, 1148.000000,   small-vehicle,   1761
1519.000000, 1199.000000, 1577.000000, 1199.000000, 1577.000000, 1223.000000, 1519.000000, 1223.000000,   small-vehicle,   1762
3203.000000, 485.000000, 3231.000000, 485.000000, 3231.000000, 546.000000, 3203.000000, 546.000000,   small-vehicle,   1763
65.000000, 431.000000, 122.000000, 431.000000, 122.000000, 457.000000, 65.000000, 457.000000,   small-vehicle,   1765
3198.000000, 409.000000, 3229.000000, 409.000000, 3229.000000, 475.000000, 3198.000000, 475.000000,   small-vehicle,   1767
2372.000000, 657.000000, 2422.000000, 657.000000, 2422.000000, 682.000000, 2372.000000, 682.000000,   small-vehicle,   1769
1047.000000, 370.000000, 1105.000000, 370.000000, 1105.000000, 398.000000, 1047.000000, 398.000000,   small-vehicle,   1772
47.000000, 353.000000, 109.000000, 353.000000, 109.000000, 384.000000, 47.000000, 384.000000,   small-vehicle,   1773
1895.000000, 365.000000, 1922.000000, 365.000000, 1922.000000, 411.000000, 1895.000000, 411.000000,   small-vehicle,   1777
2152.000000, 307.000000, 2177.000000, 307.000000, 2177.000000, 360.000000, 2152.000000, 360.000000,   small-vehicle,   1785
2221.000000, 367.000000, 2250.000000, 367.000000, 2250.000000, 420.000000, 2221.000000, 420.000000,   small-vehicle,   1787
563.000000, 321.000000, 612.000000, 321.000000, 612.000000, 346.000000, 563.000000, 346.000000,   small-vehicle,   1790
3552.000000, 1109.000000, 3613.000000, 1109.000000, 3613.000000, 1135.000000, 3552.000000, 1135.000000,   small-vehicle,   1791
499.000000, 326.000000, 550.000000, 326.000000, 550.000000, 351.000000, 499.000000, 351.000000,   small-vehicle,   1793
3194.000000, 325.000000, 3225.000000, 325.000000, 3225.000000, 384.000000, 3194.000000, 384.000000,   small-vehicle,   1794
695.000000, 347.000000, 757.000000, 347.000000, 757.000000, 377.000000, 695.000000, 377.000000,   small-vehicle,   1795
632.000000, 318.000000, 686.000000, 318.000000, 686.000000, 343.000000, 632.000000, 343.000000,   small-vehicle,   1799
700.000000, 312.000000, 759.000000, 312.000000, 759.000000, 337.000000, 700.000000, 337.000000,   small-vehicle,   1804
889.000000, 302.000000, 944.000000, 302.000000, 944.000000, 329.000000, 889.000000, 329.000000,   small-vehicle,   1805
1742.000000, 305.000000, 1800.000000, 305.000000, 1800.000000, 339.000000, 1742.000000, 339.000000,   small-vehicle,   1807
949.000000, 296.000000, 1007.000000, 296.000000, 1007.000000, 323.000000, 949.000000, 323.000000,   small-vehicle,   1808
767.000000, 308.000000, 816.000000, 308.000000, 816.000000, 333.000000, 767.000000, 333.000000,   small-vehicle,   1810
481.000000, 1247.000000, 536.000000, 1247.000000, 536.000000, 1278.000000, 481.000000, 1278.000000,   small-vehicle,   1813
351.000000, 282.000000, 379.000000, 282.000000, 379.000000, 336.000000, 351.000000, 336.000000,   small-vehicle,   1814
1031.000000, 290.000000, 1080.000000, 290.000000, 1080.000000, 317.000000, 1031.000000, 317.000000,   small-vehicle,   1817
828.000000, 304.000000, 880.000000, 304.000000, 880.000000, 331.000000, 828.000000, 331.000000,   small-vehicle,   1818
2184.000000, 299.000000, 2214.000000, 299.000000, 2214.000000, 354.000000, 2184.000000, 354.000000,   small-vehicle,   1819
1675.000000, 238.000000, 1730.000000, 238.000000, 1730.000000, 268.000000, 1675.000000, 268.000000,   small-vehicle,   1822
1163.000000, 281.000000, 1219.000000, 281.000000, 1219.000000, 311.000000, 1163.000000, 311.000000,   small-vehicle,   1825
1573.000000, 249.000000, 1625.000000, 249.000000, 1625.000000, 276.000000, 1573.000000, 276.000000,   small-vehicle,   1826
1397.000000, 264.000000, 1448.000000, 264.000000, 1448.000000, 289.000000, 1397.000000, 289.000000,   small-vehicle,   1827
1233.000000, 277.000000, 1285.000000, 277.000000, 1285.000000, 302.000000, 1233.000000, 302.000000,   small-vehicle,   1831
1738.000000, 231.000000, 1789.000000, 231.000000, 1789.000000, 259.000000, 1738.000000, 259.000000,   small-vehicle,   1833
3191.000000, 265.000000, 3218.000000, 265.000000, 3218.000000, 326.000000, 3191.000000, 326.000000,   small-vehicle,   1835
1338.000000, 269.000000, 1384.000000, 269.000000, 1384.000000, 293.000000, 1338.000000, 293.000000,   small-vehicle,   1836
2960.000000, 1280.000000, 2994.000000, 1280.000000, 2994.000000, 1336.000000, 2960.000000, 1336.000000,   small-vehicle,   1837
1801.000000, 227.000000, 1848.000000, 227.000000, 1848.000000, 252.000000, 1801.000000, 252.000000,   small-vehicle,   1838
431.000000, 992.000000, 459.000000, 992.000000, 459.000000, 1036.000000, 431.000000, 1036.000000,   small-vehicle,   1839
351.000000, 220.000000, 378.000000, 220.000000, 378.000000, 270.000000, 351.000000, 270.000000,   small-vehicle,   1845
3145.000000, 533.000000, 3165.000000, 533.000000, 3165.000000, 580.000000, 3145.000000, 580.000000,   small-vehicle,   1850
2531.000000, 176.000000, 2586.000000, 176.000000, 2586.000000, 202.000000, 2531.000000, 202.000000,   small-vehicle,   1856
2477.000000, 181.000000, 2527.000000, 181.000000, 2527.000000, 207.000000, 2477.000000, 207.000000,   small-vehicle,   1858
2395.000000, 187.000000, 2461.000000, 187.000000, 2461.000000, 212.000000, 2395.000000, 212.000000,   small-vehicle,   1859
1771.000000, 174.000000, 1828.000000, 174.000000, 1828.000000, 200.000000, 1771.000000, 200.000000,   small-vehicle,   1860
409.000000, 1029.000000, 454.000000, 1029.000000, 454.000000, 1087.000000, 409.000000, 1087.000000,   small-vehicle,   1864
1968.000000, 287.000000, 1997.000000, 287.000000, 1997.000000, 356.000000, 1968.000000, 356.000000,   small-vehicle,   1866
352.000000, 129.000000, 378.000000, 129.000000, 378.000000, 181.000000, 352.000000, 181.000000,   small-vehicle,   1868
2960.000000, 142.000000, 3016.000000, 142.000000, 3016.000000, 167.000000, 2960.000000, 167.000000,   small-vehicle,   1869
3042.000000, 142.000000, 3100.000000, 142.000000, 3100.000000, 170.000000, 3042.000000, 170.000000,   small-vehicle,   1872
2828.000000, 158.000000, 2883.000000, 158.000000, 2883.000000, 180.000000, 2828.000000, 180.000000,   small-vehicle,   1874
2208.000000, 79.000000, 2235.000000, 79.000000, 2235.000000, 135.000000, 2208.000000, 135.000000,   small-vehicle,   1875
222.000000, 421.000000, 287.000000, 421.000000, 287.000000, 447.000000, 222.000000, 447.000000,   small-vehicle,   1876
348.000000, 67.000000, 374.000000, 67.000000, 374.000000, 121.000000, 348.000000, 121.000000,   small-vehicle,   1878
299.000000, 1250.000000, 347.000000, 1250.000000, 347.000000, 1308.000000, 299.000000, 1308.000000,   small-vehicle,   1888
2232.000000, 512.000000, 2263.000000, 512.000000, 2263.000000, 552.000000, 2232.000000, 552.000000,   small-vehicle,   1889
1949.000000, 84.000000, 1978.000000, 84.000000, 1978.000000, 139.000000, 1949.000000, 139.000000,   small-vehicle,   1893
983.000000, 375.000000, 1029.000000, 375.000000, 1029.000000, 397.000000, 983.000000, 397.000000,   small-vehicle,   1895
1901.000000, -42.000000, 1929.000000, -42.000000, 1929.000000, 11.000000, 1901.000000, 11.000000,   small-vehicle,   1900
1876.000000, -11.000000, 1905.000000, -11.000000, 1905.000000, 44.000000, 1876.000000, 44.000000,   small-vehicle,   1902
271.000000, 349.000000, 321.000000, 349.000000, 321.000000, 375.000000, 271.000000, 375.000000,   small-vehicle,   1909
2350.000000, 233.000000, 2401.000000, 233.000000, 2401.000000, 257.000000, 2350.000000, 257.000000,   small-vehicle,   1918
2194.000000, -84.000000, 2224.000000, -84.000000, 2224.000000, -31.000000, 2194.000000, -31.000000,   small-vehicle,   1921
-8.000000, 415.000000, 53.000000, 415.000000, 53.000000, 441.000000, -8.000000, 441.000000,   small-vehicle,   1922
184.000000, 1334.000000, 228.000000, 1334.000000, 228.000000, 1388.000000, 184.000000, 1388.000000,   small-vehicle,   1927
1987.000000, 654.000000, 2016.000000, 654.000000, 2016.000000, 708.000000, 1987.000000, 708.000000,   small-vehicle,   1936
1869.000000, -124.000000, 1893.000000, -124.000000, 1893.000000, -85.000000, 1869.000000, -85.000000,   small-vehicle,   1941
2191.000000, -169.000000, 2218.000000, -169.000000, 2218.000000, -112.000000, 2191.000000, -112.000000,   small-vehicle,   1945
909.000000, 362.000000, 960.000000, 362.000000, 960.000000, 384.000000, 909.000000, 384.000000,   small-vehicle,   1950
1895.000000, -176.000000, 1920.000000, -176.000000, 1920.000000, -115.000000, 1895.000000, -115.000000,   small-vehicle,   1952
2815.000000, 238.000000, 2882.000000, 238.000000, 2882.000000, 263.000000, 2815.000000, 263.000000,   small-vehicle,   1954
1905.000000, 590.000000, 1925.000000, 590.000000, 1925.000000, 629.000000, 1905.000000, 629.000000,   small-vehicle,   1955
280.000000, 392.000000, 332.000000, 392.000000, 332.000000, 420.000000, 280.000000, 420.000000,   small-vehicle,   1966
1863.000000, -214.000000, 1891.000000, -214.000000, 1891.000000, -160.000000, 1863.000000, -160.000000,   small-vehicle,   1967
3091.000000, -202.000000, 3122.000000, -202.000000, 3122.000000, -142.000000, 3091.000000, -142.000000,   small-vehicle,   1968
2658.000000, 247.000000, 2714.000000, 247.000000, 2714.000000, 274.000000, 2658.000000, 274.000000,   small-vehicle,   1970
1958.000000, 262.000000, 1987.000000, 262.000000, 1987.000000, 314.000000, 1958.000000, 314.000000,   small-vehicle,   1971
2184.000000, -244.000000, 2214.000000, -244.000000, 2214.000000, -186.000000, 2184.000000, -186.000000,   small-vehicle,   1972
1341.000000, 343.000000, 1402.000000, 343.000000, 1402.000000, 376.000000, 1341.000000, 376.000000,   small-vehicle,   1974
2157.000000, -230.000000, 2188.000000, -230.000000, 2188.000000, -169.000000, 2157.000000, -169.000000,   small-vehicle,   1977
318.000000, 885.000000, 341.000000, 885.000000, 341.000000, 925.000000, 318.000000, 925.000000,   small-vehicle,   1981
2150.000000, -301.000000, 2177.000000, -301.000000, 2177.000000, -240.000000, 2150.000000, -240.000000,   small-vehicle,   1988
3232.000000, 212.000000, 3280.000000, 212.000000, 3280.000000, 235.000000, 3232.000000, 235.000000,   small-vehicle,   1992
1940.000000, 55.000000, 1970.000000, 55.000000, 1970.000000, 114.000000, 1940.000000, 114.000000,   small-vehicle,   1997
2056.000000, 1208.000000, 2090.000000, 1208.000000, 2090.000000, 1275.000000, 2056.000000, 1275.000000,   small-vehicle,   1998
3088.000000, -279.000000, 3117.000000, -279.000000, 3117.000000, -224.000000, 3088.000000, -224.000000,   small-vehicle,   2005
2179.000000, -322.000000, 2209.000000, -322.000000, 2209.000000, -261.000000, 2179.000000, -261.000000,   small-vehicle,   2006
1383.000000, 1207.000000, 1442.000000, 1207.000000, 1442.000000, 1230.000000, 1383.000000, 1230.000000,   small-vehicle,   2007
251.000000, -338.000000, 304.000000, -338.000000, 304.000000, -289.000000, 251.000000, -289.000000,   small-vehicle,   2008
2617.000000, -390.000000, 2679.000000, -390.000000, 2679.000000, -361.000000, 2617.000000, -361.000000,   small-vehicle,   2013
395.000000, 1252.000000, 462.000000, 1252.000000, 462.000000, 1285.000000, 395.000000, 1285.000000,   small-vehicle,   2014
3315.000000, 208.000000, 3379.000000, 208.000000, 3379.000000, 236.000000, 3315.000000, 236.000000,   small-vehicle,   2016
3448.000000, 204.000000, 3512.000000, 204.000000, 3512.000000, 224.000000, 3448.000000, 224.000000,   small-vehicle,   2017
3641.000000, 184.000000, 3716.000000, 184.000000, 3716.000000, 209.000000, 3641.000000, 209.000000,   small-vehicle,   2021
1854.000000, -381.000000, 1884.000000, -381.000000, 1884.000000, -326.000000, 1854.000000, -326.000000,   small-vehicle,   2023
188.000000, -478.000000, 245.000000, -478.000000, 245.000000, -426.000000, 188.000000, -426.000000,   small-vehicle,   2028
2947.000000, 225.000000, 3011.000000, 225.000000, 3011.000000, 256.000000, 2947.000000, 256.000000,   small-vehicle,   2030
241.000000, -435.000000, 288.000000, -435.000000, 288.000000, -393.000000, 241.000000, -393.000000,   small-vehicle,   2031
1874.000000, -449.000000, 1903.000000, -449.000000, 1903.000000, -392.000000, 1874.000000, -392.000000,   small-vehicle,   2033
2163.000000, -424.000000, 2185.000000, -424.000000, 2185.000000, -375.000000, 2163.000000, -375.000000,   small-vehicle,   2035
38.000000, -514.000000, 99.000000, -514.000000, 99.000000, -462.000000, 38.000000, -462.000000,   small-vehicle,   2038
2159.000000, -485.000000, 2183.000000, -485.000000, 2183.000000, -438.000000, 2159.000000, -438.000000,   small-vehicle,   2039
1925.000000, -249.000000, 1953.000000, -249.000000, 1953.000000, -183.000000, 1925.000000, -183.000000,   small-vehicle,   2041
1985.000000, -19.000000, 2011.000000, -19.000000, 2011.000000, 35.000000, 1985.000000, 35.000000,   small-vehicle,   2042
80.000000, -437.000000, 129.000000, -437.000000, 129.000000, -376.000000, 80.000000, -376.000000,   small-vehicle,   2043
348.000000, 946.000000, 381.000000, 946.000000, 381.000000, 1010.000000, 348.000000, 1010.000000,   large-vehicle,   2047
1871.000000, -521.000000, 1905.000000, -521.000000, 1905.000000, -454.000000, 1871.000000, -454.000000,   small-vehicle,   2050
3081.000000, -356.000000, 3112.000000, -356.000000, 3112.000000, -298.000000, 3081.000000, -298.000000,   small-vehicle,   2054
-13.000000, -553.000000, 44.000000, -553.000000, 44.000000, -505.000000, -13.000000, -505.000000,   small-vehicle,   2060
2475.000000, 256.000000, 2529.000000, 256.000000, 2529.000000, 278.000000, 2475.000000, 278.000000,   small-vehicle,   2064
2164.000000, -548.000000, 2189.000000, -548.000000, 2189.000000, -503.000000, 2164.000000, -503.000000,   small-vehicle,   2065
48.000000, -591.000000, 112.000000, -591.000000, 112.000000, -534.000000, 48.000000, -534.000000,   small-vehicle,   2066
2618.000000, -352.000000, 2662.000000, -352.000000, 2662.000000, -327.000000, 2618.000000, -327.000000,   small-vehicle,   2068
1886.000000, 104.000000, 1907.000000, 104.000000, 1907.000000, 136.000000, 1886.000000, 136.000000,   small-vehicle,   2069
1396.000000, -537.000000, 1447.000000, -537.000000, 1447.000000, -510.000000, 1396.000000, -510.000000,   small-vehicle,   2072
3664.000000, 115.000000, 3713.000000, 115.000000, 3713.000000, 139.000000, 3664.000000, 139.000000,   small-vehicle,   2075
1521.000000, 338.000000, 1563.000000, 338.000000, 1563.000000, 364.000000, 1521.000000, 364.000000,   small-vehicle,   2077
355.000000, 431.000000, 381.000000, 431.000000, 381.000000, 481.000000, 355.000000, 481.000000,   small-vehicle,   2080
720.000000, 1192.000000, 782.000000, 1192.000000, 782.000000, 1207.000000, 720.000000, 1207.000000,   large-vehicle,   2081
-4.000000, -628.000000, 47.000000, -628.000000, 47.000000, -581.000000, -4.000000, -581.000000,   small-vehicle,   2084
293.000000, -305.000000, 348.000000, -305.000000, 348.000000, -256.000000, 293.000000, -256.000000,   small-vehicle,   2085
2147.000000, 556.000000, 2180.000000, 556.000000, 2180.000000, 625.000000, 2147.000000, 625.000000,   small-vehicle,   2088
3055.000000, -677.000000, 3091.000000, -677.000000, 3091.000000, -619.000000, 3055.000000, -619.000000,   small-vehicle,   2090
724.000000, 1233.000000, 789.000000, 1233.000000, 789.000000, 1262.000000, 724.000000, 1262.000000,   small-vehicle,   2091
2680.000000, 179.000000, 2737.000000, 179.000000, 2737.000000, 203.000000, 2680.000000, 203.000000,   small-vehicle,   2093
299.000000, 307.000000, 341.000000, 307.000000, 341.000000, 328.000000, 299.000000, 328.000000,   small-vehicle,   2096
1927.000000, 431.000000, 1964.000000, 431.000000, 1964.000000, 499.000000, 1927.000000, 499.000000,   large-vehicle,   2103
543.000000, 1228.000000, 593.000000, 1228.000000, 593.000000, 1256.000000, 543.000000, 1256.000000,   small-vehicle,   2104
2685.000000, 609.000000, 2720.000000, 609.000000, 2720.000000, 677.000000, 2685.000000, 677.000000,   small-vehicle,   2107
3118.000000, 200.000000, 3171.000000, 200.000000, 3171.000000, 260.000000, 3118.000000, 260.000000,   small-vehicle,   2108
2685.000000, 615.000000, 2720.000000, 615.000000, 2720.000000, 680.000000, 2685.000000, 680.000000,   large-vehicle,   2109
2577.000000, -717.000000, 2638.000000, -717.000000, 2638.000000, -690.000000, 2577.000000, -690.000000,   small-vehicle,   2110
2843.000000, 201.000000, 2915.000000, 201.000000, 2915.000000, 233.000000, 2843.000000, 233.000000,   small-vehicle,   2111
3053.000000, -752.000000, 3117.000000, -752.000000, 3117.000000, -705.000000, 3053.000000, -705.000000,   small-vehicle,   2112
296.000000, -401.000000, 343.000000, -401.000000, 343.000000, -366.000000, 296.000000, -366.000000,   small-vehicle,   2113
303.000000, -330.000000, 345.000000, -330.000000, 345.000000, -292.000000, 303.000000, -292.000000,   small-vehicle,   2114
2913.000000, -744.000000, 2954.000000, -744.000000, 2954.000000, -719.000000, 2913.000000, -719.000000,   small-vehicle,   2115
3109.000000, 34.000000, 3149.000000, 34.000000, 3149.000000, 102.000000, 3109.000000, 102.000000,   small-vehicle,   2116
2074.000000, 517.000000, 2105.000000, 517.000000, 2105.000000, 579.000000, 2074.000000, 579.000000,   small-vehicle,   2117
2082.000000, -784.000000, 2113.000000, -784.000000, 2113.000000, -723.000000, 2082.000000, -723.000000,   small-vehicle,   2118
2870.000000, -724.000000, 2912.000000, -724.000000, 2912.000000, -700.000000, 2870.000000, -700.000000,   small-vehicle,   2119
3024.000000, 223.000000, 3072.000000, 223.000000, 3072.000000, 252.000000, 3024.000000, 252.000000,   small-vehicle,   2120
1850.000000, -313.000000, 1873.000000, -313.000000, 1873.000000, -272.000000, 1850.000000, -272.000000,   small-vehicle,   2121
2427.000000, 230.000000, 2484.000000, 230.000000, 2484.000000, 257.000000, 2427.000000, 257.000000,   small-vehicle,   2122
1927.000000, 450.000000, 1967.000000, 450.000000, 1967.000000, 523.000000, 1927.000000, 523.000000,   small-vehicle,   2123
2048.000000, 923.000000, 2062.000000, 923.000000, 2062.000000, 953.000000, 2048.000000, 953.000000,   small-vehicle,   2124
-30.000000, -383.000000, 17.000000, -383.000000, 17.000000, -362.000000, -30.000000, -362.000000,   small-vehicle,   2126
2074.000000, 512.000000, 2106.000000, 512.000000, 2106.000000, 575.000000, 2074.000000, 575.000000,   large-vehicle,   2127
3108.000000, 24.000000, 3146.000000, 24.000000, 3146.000000, 95.000000, 3108.000000, 95.000000,   large-vehicle,   2128
2849.000000, 195.000000, 2919.000000, 195.000000, 2919.000000, 226.000000, 2849.000000, 226.000000,   large-vehicle,   2129
-26.000000, -470.000000, 3.000000, -470.000000, 3.000000, -398.000000, -26.000000, -398.000000,   large-vehicle,   2130
