2221.000000, 2026.000000, 2252.000000, 2025.000000, 2252.000000, 2095.000000, 2220.000000, 2096.000000,     small-vehicle,     1290
1314.000000, 2218.000000, 1338.000000, 2217.000000, 1338.000000, 2263.000000, 1314.000000, 2264.000000,     small-vehicle,     1293
2303.000000, 2092.000000, 2326.000000, 2091.000000, 2326.000000, 2150.000000, 2303.000000, 2151.000000,     small-vehicle,     1298
1973.000000, 2023.000000, 2001.000000, 2022.000000, 2001.000000, 2084.000000, 1973.000000, 2086.000000,     small-vehicle,     1309
1304.000000, 1992.000000, 1333.000000, 1991.000000, 1333.000000, 2060.000000, 1304.000000, 2061.000000,     small-vehicle,     1330
1302.000000, 1922.000000, 1329.000000, 1921.000000, 1329.000000, 1987.000000, 1301.000000, 1988.000000,     small-vehicle,     1333
1966.000000, 1856.000000, 1993.000000, 1855.000000, 1992.000000, 1907.000000, 1966.000000, 1909.000000,     small-vehicle,     1337
2265.000000, 1794.000000, 2289.000000, 1793.000000, 2289.000000, 1857.000000, 2265.000000, 1858.000000,     small-vehicle,     1342
1299.000000, 1855.000000, 1323.000000, 1854.000000, 1323.000000, 1911.000000, 1299.000000, 1912.000000,     small-vehicle,     1348
1988.000000, 1725.000000, 2017.000000, 1723.000000, 2017.000000, 1779.000000, 1988.000000, 1780.000000,     small-vehicle,     1360
2255.000000, 1725.000000, 2288.000000, 1724.000000, 2288.000000, 1789.000000, 2255.000000, 1790.000000,     small-vehicle,     1361
563.000000, 1810.000000, 617.000000, 1807.000000, 617.000000, 1840.000000, 563.000000, 1843.000000,     small-vehicle,     1369
1388.000000, 1752.000000, 1449.000000, 1749.000000, 1449.000000, 1781.000000, 1388.000000, 1784.000000,     small-vehicle,     1379
1260.000000, 1690.000000, 1320.000000, 1687.000000, 1320.000000, 1727.000000, 1260.000000, 1730.000000,     small-vehicle,     1387
1292.000000, 1617.000000, 1320.000000, 1616.000000, 1320.000000, 1677.000000, 1292.000000, 1679.000000,     small-vehicle,     1399
1386.000000, 1727.000000, 1422.000000, 1725.000000, 1422.000000, 1746.000000, 1386.000000, 1748.000000,     small-vehicle,     1400
2797.000000, 1668.000000, 2854.000000, 1665.000000, 2854.000000, 1693.000000, 2797.000000, 1695.000000,     small-vehicle,     1416
1469.000000, 1748.000000, 1512.000000, 1746.000000, 1512.000000, 1775.000000, 1468.000000, 1777.000000,     small-vehicle,     1423
2964.000000, 1509.000000, 2993.000000, 1508.000000, 2993.000000, 1561.000000, 2964.000000, 1562.000000,     small-vehicle,     1429
1282.000000, 1360.000000, 1307.000000, 1358.000000, 1307.000000, 1412.000000, 1282.000000, 1413.000000,     small-vehicle,     1451
1964.000000, 1334.000000, 1991.000000, 1333.000000, 1990.000000, 1388.000000, 1964.000000, 1389.000000,     small-vehicle,     1452
2945.000000, 1280.000000, 2978.000000, 1279.000000, 2978.000000, 1344.000000, 2944.000000, 1345.000000,     small-vehicle,     1453
2257.000000, 1230.000000, 2288.000000, 1229.000000, 2288.000000, 1292.000000, 2256.000000, 1293.000000,     small-vehicle,     1458
2227.000000, 1233.000000, 2253.000000, 1232.000000, 2252.000000, 1291.000000, 2227.000000, 1292.000000,     small-vehicle,     1459
1648.000000, 1735.000000, 1704.000000, 1732.000000, 1704.000000, 1759.000000, 1648.000000, 1761.000000,     small-vehicle,     1460
1275.000000, 1265.000000, 1296.000000, 1264.000000, 1296.000000, 1319.000000, 1275.000000, 1320.000000,     small-vehicle,     1462
2226.000000, 1155.000000, 2255.000000, 1154.000000, 2255.000000, 1217.000000, 2226.000000, 1218.000000,     small-vehicle,     1467
1721.000000, 1729.000000, 1787.000000, 1726.000000, 1787.000000, 1752.000000, 1721.000000, 1755.000000,     small-vehicle,     1468
2260.000000, 1176.000000, 2289.000000, 1174.000000, 2288.000000, 1219.000000, 2260.000000, 1221.000000,     small-vehicle,     1478
1929.000000, 1125.000000, 1954.000000, 1123.000000, 1953.000000, 1178.000000, 1929.000000, 1179.000000,     small-vehicle,     1479
1953.000000, 1073.000000, 1978.000000, 1072.000000, 1977.000000, 1132.000000, 1953.000000, 1133.000000,     small-vehicle,     1499
2360.000000, 1003.000000, 2427.000000, 1000.000000, 2427.000000, 1030.000000, 2360.000000, 1033.000000,     small-vehicle,     1500
1254.000000, 1032.000000, 1278.000000, 1031.000000, 1278.000000, 1080.000000, 1253.000000, 1081.000000,     small-vehicle,     1507
1574.000000, 1741.000000, 1635.000000, 1739.000000, 1635.000000, 1764.000000, 1574.000000, 1767.000000,     small-vehicle,     1508
2207.000000, 930.000000, 2238.000000, 928.000000, 2238.000000, 984.000000, 2207.000000, 985.000000,     small-vehicle,     1509
2592.000000, 976.000000, 2649.000000, 974.000000, 2649.000000, 999.000000, 2592.000000, 1002.000000,     small-vehicle,     1511
2927.000000, 921.000000, 2959.000000, 919.000000, 2959.000000, 988.000000, 2927.000000, 989.000000,     small-vehicle,     1515
1252.000000, 978.000000, 1280.000000, 976.000000, 1279.000000, 1030.000000, 1252.000000, 1031.000000,     small-vehicle,     1517
255.000000, 1787.000000, 311.000000, 1784.000000, 311.000000, 1829.000000, 255.000000, 1831.000000,     small-vehicle,     1518
1915.000000, 887.000000, 1943.000000, 886.000000, 1942.000000, 945.000000, 1915.000000, 946.000000,     small-vehicle,     1522
2232.000000, 868.000000, 2262.000000, 866.000000, 2262.000000, 926.000000, 2232.000000, 927.000000,     small-vehicle,     1529
2493.000000, 1678.000000, 2548.000000, 1676.000000, 2548.000000, 1703.000000, 2493.000000, 1706.000000,     small-vehicle,     1530
2617.000000, 1676.000000, 2669.000000, 1673.000000, 2669.000000, 1701.000000, 2617.000000, 1703.000000,     small-vehicle,     1531
2445.000000, 994.000000, 2509.000000, 991.000000, 2508.000000, 1022.000000, 2445.000000, 1025.000000,     small-vehicle,     1532
2517.000000, 988.000000, 2576.000000, 986.000000, 2576.000000, 1011.000000, 2516.000000, 1014.000000,     small-vehicle,     1533
2230.000000, 784.000000, 2258.000000, 783.000000, 2257.000000, 840.000000, 2230.000000, 841.000000,     small-vehicle,     1536
1911.000000, 815.000000, 1942.000000, 813.000000, 1942.000000, 876.000000, 1911.000000, 878.000000,     small-vehicle,     1537
1250.000000, 810.000000, 1274.000000, 809.000000, 1274.000000, 863.000000, 1250.000000, 864.000000,     small-vehicle,     1548
1918.000000, 744.000000, 1945.000000, 743.000000, 1945.000000, 805.000000, 1918.000000, 806.000000,     small-vehicle,     1549
2227.000000, 706.000000, 2258.000000, 704.000000, 2258.000000, 768.000000, 2227.000000, 770.000000,     small-vehicle,     1552
1244.000000, 726.000000, 1270.000000, 725.000000, 1270.000000, 789.000000, 1244.000000, 790.000000,     small-vehicle,     1554
1903.000000, 668.000000, 1930.000000, 666.000000, 1930.000000, 724.000000, 1902.000000, 725.000000,     small-vehicle,     1562
1930.000000, 617.000000, 1954.000000, 616.000000, 1954.000000, 672.000000, 1929.000000, 673.000000,     small-vehicle,     1566
2915.000000, 689.000000, 2944.000000, 688.000000, 2943.000000, 755.000000, 2914.000000, 756.000000,     small-vehicle,     1567
2193.000000, 603.000000, 2225.000000, 602.000000, 2224.000000, 665.000000, 2193.000000, 666.000000,     small-vehicle,     1571
685.000000, 634.000000, 742.000000, 631.000000, 742.000000, 660.000000, 685.000000, 663.000000,     small-vehicle,     1573
816.000000, 621.000000, 873.000000, 618.000000, 873.000000, 648.000000, 816.000000, 650.000000,     small-vehicle,     1574
397.000000, 639.000000, 454.000000, 637.000000, 454.000000, 670.000000, 398.000000, 672.000000,     small-vehicle,     1575
885.000000, 617.000000, 940.000000, 615.000000, 940.000000, 643.000000, 885.000000, 645.000000,     small-vehicle,     1576
472.000000, 643.000000, 519.000000, 641.000000, 519.000000, 668.000000, 472.000000, 670.000000,     small-vehicle,     1578
754.000000, 626.000000, 803.000000, 624.000000, 803.000000, 652.000000, 754.000000, 654.000000,     small-vehicle,     1585
1732.000000, 529.000000, 1788.000000, 526.000000, 1788.000000, 557.000000, 1732.000000, 560.000000,     small-vehicle,     1586
1620.000000, 535.000000, 1670.000000, 532.000000, 1670.000000, 560.000000, 1620.000000, 562.000000,     small-vehicle,     1588
1236.000000, 584.000000, 1283.000000, 582.000000, 1283.000000, 604.000000, 1236.000000, 606.000000,     small-vehicle,     1589
1470.000000, 556.000000, 1520.000000, 554.000000, 1520.000000, 584.000000, 1470.000000, 586.000000,     small-vehicle,     1590
351.000000, 579.000000, 374.000000, 578.000000, 374.000000, 626.000000, 351.000000, 627.000000,     small-vehicle,     1594
2394.000000, 450.000000, 2459.000000, 447.000000, 2459.000000, 478.000000, 2394.000000, 481.000000,     small-vehicle,     1600
657.000000, 1362.000000, 687.000000, 1361.000000, 687.000000, 1422.000000, 657.000000, 1423.000000,     small-vehicle,     1601
1916.000000, 450.000000, 1946.000000, 448.000000, 1946.000000, 503.000000, 1916.000000, 504.000000,     small-vehicle,     1602
3349.000000, 380.000000, 3405.000000, 378.000000, 3405.000000, 404.000000, 3349.000000, 407.000000,     small-vehicle,     1610
2591.000000, 432.000000, 2651.000000, 429.000000, 2651.000000, 454.000000, 2591.000000, 456.000000,     small-vehicle,     1612
3146.000000, 87.000000, 3170.000000, 86.000000, 3169.000000, 134.000000, 3145.000000, 136.000000,     small-vehicle,     1613
2875.000000, 391.000000, 2941.000000, 388.000000, 2941.000000, 423.000000, 2875.000000, 426.000000,     small-vehicle,     1614
281.000000, 495.000000, 328.000000, 493.000000, 328.000000, 553.000000, 281.000000, 555.000000,     small-vehicle,     1615
2663.000000, 422.000000, 2714.000000, 420.000000, 2714.000000, 442.000000, 2663.000000, 445.000000,     small-vehicle,     1621
2191.000000, 413.000000, 2214.000000, 412.000000, 2213.000000, 466.000000, 2191.000000, 467.000000,     small-vehicle,     1623
3433.000000, 330.000000, 3502.000000, 327.000000, 3502.000000, 362.000000, 3432.000000, 365.000000,     small-vehicle,     1628
3360.000000, 339.000000, 3417.000000, 336.000000, 3416.000000, 367.000000, 3360.000000, 370.000000,     small-vehicle,     1631
50.000000, 569.000000, 100.000000, 566.000000, 100.000000, 603.000000, 50.000000, 605.000000,     small-vehicle,     1632
2180.000000, 338.000000, 2211.000000, 336.000000, 2211.000000, 403.000000, 2180.000000, 404.000000,     small-vehicle,     1633
3650.000000, 304.000000, 3701.000000, 301.000000, 3701.000000, 332.000000, 3649.000000, 335.000000,     small-vehicle,     1636
1886.000000, 274.000000, 1914.000000, 273.000000, 1914.000000, 333.000000, 1886.000000, 334.000000,     small-vehicle,     1637
3180.000000, 251.000000, 3209.000000, 249.000000, 3209.000000, 298.000000, 3180.000000, 299.000000,     small-vehicle,     1638
397.000000, 375.000000, 421.000000, 374.000000, 421.000000, 426.000000, 397.000000, 427.000000,     small-vehicle,     1643
464.000000, 340.000000, 517.000000, 338.000000, 517.000000, 384.000000, 464.000000, 386.000000,     small-vehicle,     1646
322.000000, 349.000000, 346.000000, 347.000000, 347.000000, 397.000000, 322.000000, 398.000000,     small-vehicle,     1650
2922.000000, 793.000000, 2954.000000, 792.000000, 2953.000000, 851.000000, 2922.000000, 853.000000,     small-vehicle,     1651
2203.000000, 198.000000, 2232.000000, 197.000000, 2232.000000, 261.000000, 2202.000000, 263.000000,     small-vehicle,     1656
3388.000000, 1023.000000, 3425.000000, 1021.000000, 3425.000000, 1042.000000, 3388.000000, 1044.000000,     small-vehicle,     1657
1883.000000, 204.000000, 1911.000000, 203.000000, 1911.000000, 260.000000, 1883.000000, 262.000000,     small-vehicle,     1658
1004.000000, 662.000000, 1049.000000, 661.000000, 1049.000000, 687.000000, 1004.000000, 689.000000,     small-vehicle,     1659
2990.000000, 1052.000000, 3054.000000, 1050.000000, 3054.000000, 1080.000000, 2990.000000, 1083.000000,     small-vehicle,     1664
3171.000000, 152.000000, 3209.000000, 150.000000, 3208.000000, 211.000000, 3171.000000, 213.000000,     small-vehicle,     1665
319.000000, 283.000000, 348.000000, 282.000000, 348.000000, 336.000000, 319.000000, 337.000000,     small-vehicle,     1666
2921.000000, 863.000000, 2954.000000, 861.000000, 2954.000000, 923.000000, 2920.000000, 924.000000,     small-vehicle,     1667
461.000000, 264.000000, 511.000000, 262.000000, 511.000000, 308.000000, 461.000000, 310.000000,     small-vehicle,     1668
517.000000, 929.000000, 572.000000, 927.000000, 572.000000, 955.000000, 517.000000, 957.000000,     small-vehicle,     1669
2506.000000, 1054.000000, 2569.000000, 1051.000000, 2569.000000, 1083.000000, 2506.000000, 1086.000000,     small-vehicle,     1671
311.000000, 398.000000, 347.000000, 397.000000, 347.000000, 460.000000, 311.000000, 462.000000,     small-vehicle,     1678
2166.000000, 135.000000, 2193.000000, 133.000000, 2193.000000, 190.000000, 2166.000000, 191.000000,     small-vehicle,     1680
1909.000000, 168.000000, 1936.000000, 167.000000, 1936.000000, 223.000000, 1909.000000, 224.000000,     small-vehicle,     1683
1884.000000, 136.000000, 1909.000000, 135.000000, 1909.000000, 192.000000, 1883.000000, 193.000000,     small-vehicle,     1687
3199.000000, 433.000000, 3264.000000, 430.000000, 3264.000000, 461.000000, 3199.000000, 464.000000,     small-vehicle,     1688
2909.000000, 576.000000, 2939.000000, 575.000000, 2939.000000, 617.000000, 2908.000000, 619.000000,     small-vehicle,     1689
324.000000, 220.000000, 348.000000, 219.000000, 348.000000, 269.000000, 324.000000, 270.000000,     small-vehicle,     1690
450.000000, 936.000000, 512.000000, 934.000000, 512.000000, 956.000000, 450.000000, 959.000000,     small-vehicle,     1691
2420.000000, 524.000000, 2471.000000, 522.000000, 2471.000000, 543.000000, 2420.000000, 545.000000,     small-vehicle,     1693
2199.000000, 110.000000, 2226.000000, 108.000000, 2226.000000, 168.000000, 2199.000000, 170.000000,     small-vehicle,     1697
1910.000000, 85.000000, 1939.000000, 83.000000, 1938.000000, 153.000000, 1909.000000, 154.000000,     small-vehicle,     1699
2809.000000, 1032.000000, 2866.000000, 1029.000000, 2866.000000, 1057.000000, 2809.000000, 1059.000000,     small-vehicle,     1702
2199.000000, 40.000000, 2228.000000, 39.000000, 2228.000000, 90.000000, 2199.000000, 91.000000,     small-vehicle,     1705
2160.000000, -34.000000, 2189.000000, -35.000000, 2188.000000, 35.000000, 2160.000000, 36.000000,     small-vehicle,     1706
1893.000000, -20.000000, 1923.000000, -21.000000, 1923.000000, 40.000000, 1893.000000, 41.000000,     small-vehicle,     1708
1875.000000, 51.000000, 1904.000000, 50.000000, 1904.000000, 109.000000, 1875.000000, 110.000000,     small-vehicle,     1709
195.000000, 698.000000, 236.000000, 697.000000, 236.000000, 761.000000, 195.000000, 763.000000,     small-vehicle,     1710
1912.000000, 977.000000, 1941.000000, 976.000000, 1941.000000, 1021.000000, 1912.000000, 1022.000000,     small-vehicle,     1712
3351.000000, 1665.000000, 3408.000000, 1662.000000, 3408.000000, 1695.000000, 3350.000000, 1698.000000,     small-vehicle,     1714
3177.000000, -84.000000, 3204.000000, -86.000000, 3204.000000, -29.000000, 3176.000000, -28.000000,     small-vehicle,     1715
357.000000, 1838.000000, 417.000000, 1836.000000, 417.000000, 1859.000000, 357.000000, 1862.000000,     small-vehicle,     1716
2241.000000, 665.000000, 2256.000000, 665.000000, 2256.000000, 685.000000, 2241.000000, 686.000000,     small-vehicle,     1719
3359.000000, 1023.000000, 3393.000000, 1022.000000, 3393.000000, 1041.000000, 3359.000000, 1042.000000,     small-vehicle,     1722
2677.000000, -83.000000, 2708.000000, -84.000000, 2708.000000, -26.000000, 2677.000000, -25.000000,     small-vehicle,     1727
2600.000000, -83.000000, 2628.000000, -84.000000, 2628.000000, -20.000000, 2599.000000, -18.000000,     small-vehicle,     1728
2189.000000, -106.000000, 2213.000000, -107.000000, 2213.000000, -35.000000, 2189.000000, -34.000000,     small-vehicle,     1729
2491.000000, 515.000000, 2539.000000, 513.000000, 2539.000000, 540.000000, 2491.000000, 542.000000,     small-vehicle,     1730
2719.000000, -98.000000, 2748.000000, -99.000000, 2747.000000, -36.000000, 2719.000000, -34.000000,     small-vehicle,     1731
364.000000, 720.000000, 426.000000, 717.000000, 426.000000, 744.000000, 364.000000, 747.000000,     small-vehicle,     1732
2293.000000, 1784.000000, 2316.000000, 1783.000000, 2315.000000, 1846.000000, 2293.000000, 1847.000000,     large-vehicle,     1736
2565.000000, -82.000000, 2590.000000, -83.000000, 2589.000000, -29.000000, 2565.000000, -28.000000,     small-vehicle,     1737
3279.000000, 427.000000, 3333.000000, 425.000000, 3333.000000, 451.000000, 3279.000000, 454.000000,     small-vehicle,     1738
2763.000000, -101.000000, 2792.000000, -102.000000, 2792.000000, -44.000000, 2762.000000, -43.000000,     small-vehicle,     1739
2033.000000, -146.000000, 2064.000000, -147.000000, 2064.000000, -78.000000, 2033.000000, -76.000000,     small-vehicle,     1741
1879.000000, -120.000000, 1907.000000, -121.000000, 1907.000000, -55.000000, 1878.000000, -53.000000,     small-vehicle,     1742
2156.000000, -142.000000, 2183.000000, -143.000000, 2183.000000, -73.000000, 2156.000000, -72.000000,     small-vehicle,     1744
253.000000, 669.000000, 298.000000, 667.000000, 298.000000, 725.000000, 253.000000, 727.000000,     small-vehicle,     1745
883.000000, 1296.000000, 938.000000, 1294.000000, 938.000000, 1328.000000, 883.000000, 1331.000000,     small-vehicle,     1746
1424.000000, 624.000000, 1458.000000, 622.000000, 1458.000000, 639.000000, 1424.000000, 641.000000,     small-vehicle,     1747
1905.000000, -129.000000, 1948.000000, -131.000000, 1948.000000, -45.000000, 1905.000000, -43.000000,     large-vehicle,     1748
2640.000000, -94.000000, 2673.000000, -96.000000, 2673.000000, -21.000000, 2640.000000, -19.000000,     large-vehicle,     1749
3419.000000, 1650.000000, 3492.000000, 1647.000000, 3492.000000, 1675.000000, 3419.000000, 1679.000000,     large-vehicle,     1750
3420.000000, 1663.000000, 3492.000000, 1659.000000, 3492.000000, 1685.000000, 3419.000000, 1688.000000,     small-vehicle,     1751
