2996.000000, 2835.000000, 3049.000000, 2832.000000, 3049.000000, 2858.000000, 2997.000000, 2862.000000,     small-vehicle,     66
2155.000000, 1417.000000, 2181.000000, 1416.000000, 2183.000000, 1478.000000, 2157.000000, 1479.000000,     small-vehicle,     148
2394.000000, 3295.000000, 2425.000000, 3293.000000, 2428.000000, 3358.000000, 2397.000000, 3360.000000,     small-vehicle,     632
2066.000000, 3238.000000, 2098.000000, 3235.000000, 2100.000000, 3307.000000, 2069.000000, 3309.000000,     small-vehicle,     660
2393.000000, 3198.000000, 2424.000000, 3196.000000, 2426.000000, 3267.000000, 2396.000000, 3269.000000,     small-vehicle,     666
2060.000000, 3163.000000, 2089.000000, 3161.000000, 2091.000000, 3223.000000, 2061.000000, 3225.000000,     small-vehicle,     704
2388.000000, 3094.000000, 2417.000000, 3091.000000, 2420.000000, 3169.000000, 2390.000000, 3172.000000,     small-vehicle,     718
2345.000000, 3003.000000, 2377.000000, 3000.000000, 2380.000000, 3082.000000, 2347.000000, 3084.000000,     small-vehicle,     761
2056.000000, 3077.000000, 2085.000000, 3074.000000, 2086.000000, 3148.000000, 2058.000000, 3150.000000,     small-vehicle,     762
2040.000000, 2929.000000, 2072.000000, 2926.000000, 2074.000000, 2998.000000, 2042.000000, 2999.000000,     small-vehicle,     813
3526.000000, 2917.000000, 3553.000000, 2915.000000, 3557.000000, 2981.000000, 3530.000000, 2983.000000,     small-vehicle,     815
2575.000000, 2932.000000, 2628.000000, 2927.000000, 2629.000000, 2960.000000, 2577.000000, 2964.000000,     small-vehicle,     818
2050.000000, 2874.000000, 2072.000000, 2872.000000, 2072.000000, 2921.000000, 2051.000000, 2922.000000,     small-vehicle,     840
2025.000000, 2816.000000, 2045.000000, 2815.000000, 2046.000000, 2861.000000, 2026.000000, 2862.000000,     small-vehicle,     885
2029.000000, 2742.000000, 2053.000000, 2740.000000, 2054.000000, 2802.000000, 2030.000000, 2804.000000,     small-vehicle,     892
3525.000000, 2715.000000, 3583.000000, 2712.000000, 3585.000000, 2741.000000, 3528.000000, 2745.000000,     small-vehicle,     894
2344.000000, 2635.000000, 2378.000000, 2634.000000, 2380.000000, 2712.000000, 2347.000000, 2714.000000,     small-vehicle,     917
2323.000000, 2685.000000, 2357.000000, 2682.000000, 2360.000000, 2753.000000, 2325.000000, 2756.000000,     small-vehicle,     921
2340.000000, 2549.000000, 2368.000000, 2547.000000, 2371.000000, 2623.000000, 2342.000000, 2625.000000,     small-vehicle,     944
2017.000000, 2593.000000, 2043.000000, 2591.000000, 2045.000000, 2656.000000, 2019.000000, 2657.000000,     small-vehicle,     949
1128.000000, 2676.000000, 1191.000000, 2672.000000, 1191.000000, 2712.000000, 1128.000000, 2715.000000,     small-vehicle,     964
915.000000, 2708.000000, 978.000000, 2704.000000, 978.000000, 2742.000000, 914.000000, 2746.000000,     small-vehicle,     966
3690.000000, 2781.000000, 3738.000000, 2777.000000, 3741.000000, 2808.000000, 3692.000000, 2811.000000,     small-vehicle,     969
1306.000000, 2654.000000, 1336.000000, 2653.000000, 1336.000000, 2713.000000, 1306.000000, 2714.000000,     small-vehicle,     971
1302.000000, 2901.000000, 1341.000000, 2898.000000, 1341.000000, 2926.000000, 1302.000000, 2929.000000,     small-vehicle,     975
2010.000000, 2520.000000, 2038.000000, 2518.000000, 2039.000000, 2579.000000, 2012.000000, 2580.000000,     small-vehicle,     981
2301.000000, 2516.000000, 2332.000000, 2514.000000, 2335.000000, 2582.000000, 2303.000000, 2583.000000,     small-vehicle,     986
1048.000000, 2690.000000, 1113.000000, 2686.000000, 1113.000000, 2724.000000, 1048.000000, 2728.000000,     small-vehicle,     987
1205.000000, 2667.000000, 1269.000000, 2663.000000, 1269.000000, 2698.000000, 1205.000000, 2702.000000,     small-vehicle,     989
807.000000, 2628.000000, 875.000000, 2624.000000, 874.000000, 2662.000000, 807.000000, 2667.000000,     small-vehicle,     990
2735.000000, 2910.000000, 2785.000000, 2906.000000, 2787.000000, 2939.000000, 2735.000000, 2942.000000,     small-vehicle,     994
2035.000000, 2436.000000, 2065.000000, 2434.000000, 2065.000000, 2495.000000, 2037.000000, 2497.000000,     small-vehicle,     996
405.000000, 2684.000000, 468.000000, 2680.000000, 467.000000, 2708.000000, 404.000000, 2712.000000,     small-vehicle,     997
2008.000000, 2448.000000, 2033.000000, 2445.000000, 2034.000000, 2509.000000, 2009.000000, 2511.000000,     small-vehicle,     998
2334.000000, 2471.000000, 2364.000000, 2469.000000, 2366.000000, 2541.000000, 2337.000000, 2542.000000,     small-vehicle,     1001
1187.000000, 2570.000000, 1262.000000, 2566.000000, 1262.000000, 2605.000000, 1187.000000, 2610.000000,     small-vehicle,     1009
1024.000000, 2597.000000, 1095.000000, 2594.000000, 1095.000000, 2632.000000, 1023.000000, 2636.000000,     small-vehicle,     1012
720.000000, 2637.000000, 764.000000, 2635.000000, 764.000000, 2665.000000, 720.000000, 2667.000000,     small-vehicle,     1013
1107.000000, 2584.000000, 1170.000000, 2581.000000, 1170.000000, 2619.000000, 1107.000000, 2623.000000,     small-vehicle,     1014
2333.000000, 2412.000000, 2354.000000, 2411.000000, 2356.000000, 2456.000000, 2335.000000, 2457.000000,     small-vehicle,     1017
2130.000000, 3123.000000, 2161.000000, 3120.000000, 2162.000000, 3185.000000, 2132.000000, 3187.000000,     small-vehicle,     1032
2711.000000, 2392.000000, 2739.000000, 2390.000000, 2740.000000, 2441.000000, 2713.000000, 2444.000000,     small-vehicle,     1033
2691.000000, 2921.000000, 2729.000000, 2920.000000, 2732.000000, 2985.000000, 2694.000000, 2988.000000,     small-vehicle,     1038
2003.000000, 2364.000000, 2030.000000, 2363.000000, 2032.000000, 2428.000000, 2005.000000, 2430.000000,     small-vehicle,     1039
2287.000000, 2312.000000, 2315.000000, 2310.000000, 2317.000000, 2372.000000, 2290.000000, 2373.000000,     small-vehicle,     1056
3538.000000, 3002.000000, 3564.000000, 3000.000000, 3569.000000, 3063.000000, 3542.000000, 3065.000000,     small-vehicle,     1069
3205.000000, 2835.000000, 3253.000000, 2832.000000, 3256.000000, 2874.000000, 3208.000000, 2877.000000,     small-vehicle,     1071
566.000000, 2421.000000, 600.000000, 2420.000000, 599.000000, 2483.000000, 565.000000, 2485.000000,     small-vehicle,     1076
2246.000000, 2279.000000, 2280.000000, 2277.000000, 2282.000000, 2364.000000, 2250.000000, 2365.000000,     large-vehicle,     1078
1998.000000, 2282.000000, 2023.000000, 2281.000000, 2024.000000, 2342.000000, 1999.000000, 2344.000000,     small-vehicle,     1079
2313.000000, 2229.000000, 2338.000000, 2228.000000, 2341.000000, 2287.000000, 2314.000000, 2288.000000,     small-vehicle,     1086
2826.000000, 2367.000000, 2857.000000, 2366.000000, 2861.000000, 2436.000000, 2829.000000, 2437.000000,     small-vehicle,     1088
1306.000000, 2267.000000, 1325.000000, 2266.000000, 1326.000000, 2313.000000, 1306.000000, 2314.000000,     small-vehicle,     1104
2307.000000, 2160.000000, 2331.000000, 2159.000000, 2332.000000, 2214.000000, 2309.000000, 2215.000000,     small-vehicle,     1113
1988.000000, 2191.000000, 2016.000000, 2190.000000, 2018.000000, 2251.000000, 1990.000000, 2252.000000,     small-vehicle,     1115
1261.000000, 2237.000000, 1309.000000, 2234.000000, 1309.000000, 2264.000000, 1261.000000, 2266.000000,     small-vehicle,     1116
889.000000, 2261.000000, 942.000000, 2258.000000, 942.000000, 2292.000000, 889.000000, 2295.000000,     small-vehicle,     1121
3562.000000, 3181.000000, 3584.000000, 3179.000000, 3589.000000, 3240.000000, 3566.000000, 3241.000000,     small-vehicle,     1122
1175.000000, 2240.000000, 1229.000000, 2238.000000, 1228.000000, 2269.000000, 1174.000000, 2272.000000,     small-vehicle,     1135
818.000000, 2186.000000, 876.000000, 2184.000000, 876.000000, 2212.000000, 818.000000, 2215.000000,     small-vehicle,     1139
1980.000000, 2101.000000, 2009.000000, 2100.000000, 2011.000000, 2161.000000, 1981.000000, 2163.000000,     small-vehicle,     1140
2010.000000, 2069.000000, 2056.000000, 2067.000000, 2060.000000, 2201.000000, 2012.000000, 2205.000000,     large-vehicle,     1141
2271.000000, 2108.000000, 2299.000000, 2107.000000, 2301.000000, 2163.000000, 2272.000000, 2164.000000,     small-vehicle,     1142
1000.000000, 2248.000000, 1056.000000, 2246.000000, 1056.000000, 2280.000000, 1000.000000, 2283.000000,     small-vehicle,     1144
2906.000000, 2880.000000, 2965.000000, 2876.000000, 2967.000000, 2913.000000, 2908.000000, 2916.000000,     small-vehicle,     1151
1223.000000, 2157.000000, 1286.000000, 2154.000000, 1286.000000, 2184.000000, 1223.000000, 2187.000000,     small-vehicle,     1155
658.000000, 2203.000000, 709.000000, 2201.000000, 708.000000, 2225.000000, 658.000000, 2228.000000,     small-vehicle,     1156
719.000000, 2197.000000, 776.000000, 2195.000000, 776.000000, 2223.000000, 719.000000, 2226.000000,     small-vehicle,     1157
1047.000000, 2168.000000, 1106.000000, 2166.000000, 1106.000000, 2193.000000, 1047.000000, 2196.000000,     small-vehicle,     1159
3120.000000, 2856.000000, 3175.000000, 2852.000000, 3176.000000, 2883.000000, 3122.000000, 2886.000000,     small-vehicle,     1164
1978.000000, 2023.000000, 2006.000000, 2021.000000, 2008.000000, 2084.000000, 1980.000000, 2085.000000,     small-vehicle,     1168
2267.000000, 2007.000000, 2295.000000, 2007.000000, 2296.000000, 2074.000000, 2269.000000, 2075.000000,     small-vehicle,     1175
1309.000000, 2088.000000, 1335.000000, 2087.000000, 1335.000000, 2144.000000, 1310.000000, 2145.000000,     small-vehicle,     1179
3529.000000, 2798.000000, 3583.000000, 2794.000000, 3584.000000, 2823.000000, 3531.000000, 2827.000000,     small-vehicle,     1182
3044.000000, 2864.000000, 3106.000000, 2860.000000, 3107.000000, 2894.000000, 3046.000000, 2898.000000,     small-vehicle,     1192
559.000000, 2017.000000, 587.000000, 2015.000000, 586.000000, 2072.000000, 557.000000, 2073.000000,     small-vehicle,     1202
1994.000000, 1906.000000, 2028.000000, 1905.000000, 2030.000000, 1974.000000, 1996.000000, 1975.000000,     small-vehicle,     1205
1968.000000, 1840.000000, 1996.000000, 1839.000000, 1997.000000, 1907.000000, 1969.000000, 1908.000000,     small-vehicle,     1211
2674.000000, 1843.000000, 2724.000000, 1841.000000, 2725.000000, 1864.000000, 2676.000000, 1866.000000,     small-vehicle,     1212
2474.000000, 1864.000000, 2538.000000, 1862.000000, 2540.000000, 1892.000000, 2474.000000, 1895.000000,     small-vehicle,     1214
2417.000000, 1875.000000, 2468.000000, 1873.000000, 2468.000000, 1900.000000, 2418.000000, 1903.000000,     small-vehicle,     1216
2612.000000, 1849.000000, 2663.000000, 1847.000000, 2663.000000, 1873.000000, 2613.000000, 1876.000000,     small-vehicle,     1217
2248.000000, 1831.000000, 2280.000000, 1829.000000, 2281.000000, 1888.000000, 2250.000000, 1889.000000,     small-vehicle,     1232
1967.000000, 1765.000000, 1997.000000, 1764.000000, 1999.000000, 1824.000000, 1969.000000, 1825.000000,     small-vehicle,     1236
2108.000000, 2758.000000, 2137.000000, 2757.000000, 2139.000000, 2825.000000, 2109.000000, 2827.000000,     small-vehicle,     1241
1948.000000, 1773.000000, 1975.000000, 1772.000000, 1977.000000, 1837.000000, 1949.000000, 1838.000000,     small-vehicle,     1245
3379.000000, 1753.000000, 3431.000000, 1750.000000, 3433.000000, 1777.000000, 3380.000000, 1778.000000,     small-vehicle,     1248
3448.000000, 1744.000000, 3509.000000, 1742.000000, 3511.000000, 1769.000000, 3450.000000, 1772.000000,     small-vehicle,     1249
1297.000000, 1790.000000, 1325.000000, 1789.000000, 1325.000000, 1855.000000, 1298.000000, 1856.000000,     small-vehicle,     1250
3577.000000, 1729.000000, 3633.000000, 1727.000000, 3635.000000, 1752.000000, 3580.000000, 1754.000000,     small-vehicle,     1251
1954.000000, 1690.000000, 1981.000000, 1689.000000, 1983.000000, 1749.000000, 1955.000000, 1751.000000,     small-vehicle,     1254
2242.000000, 1647.000000, 2279.000000, 1647.000000, 2281.000000, 1715.000000, 2244.000000, 1716.000000,     small-vehicle,     1257
2265.000000, 1725.000000, 2301.000000, 1723.000000, 2304.000000, 1796.000000, 2267.000000, 1798.000000,     small-vehicle,     1258
3659.000000, 1720.000000, 3710.000000, 1717.000000, 3712.000000, 1747.000000, 3661.000000, 1748.000000,     small-vehicle,     1260
320.000000, 2784.000000, 389.000000, 2779.000000, 388.000000, 2813.000000, 319.000000, 2818.000000,     small-vehicle,     1271
1292.000000, 1673.000000, 1323.000000, 1672.000000, 1323.000000, 1742.000000, 1293.000000, 1744.000000,     small-vehicle,     1273
2223.000000, 1553.000000, 2247.000000, 1553.000000, 2249.000000, 1615.000000, 2224.000000, 1615.000000,     small-vehicle,     1277
1945.000000, 1600.000000, 1975.000000, 1599.000000, 1976.000000, 1669.000000, 1947.000000, 1669.000000,     small-vehicle,     1282
1102.000000, 2250.000000, 1162.000000, 2247.000000, 1162.000000, 2278.000000, 1102.000000, 2281.000000,     small-vehicle,     1284
2294.000000, 2899.000000, 2326.000000, 2896.000000, 2329.000000, 2974.000000, 2296.000000, 2977.000000,     small-vehicle,     1290
1939.000000, 1518.000000, 1969.000000, 1518.000000, 1970.000000, 1582.000000, 1940.000000, 1583.000000,     small-vehicle,     1292
1287.000000, 1596.000000, 1309.000000, 1595.000000, 1309.000000, 1636.000000, 1287.000000, 1637.000000,     small-vehicle,     1293
685.000000, 2739.000000, 749.000000, 2735.000000, 749.000000, 2768.000000, 684.000000, 2772.000000,     small-vehicle,     1294
832.000000, 2717.000000, 897.000000, 2714.000000, 896.000000, 2747.000000, 831.000000, 2751.000000,     small-vehicle,     1295
2252.000000, 1507.000000, 2277.000000, 1506.000000, 2279.000000, 1568.000000, 2253.000000, 1569.000000,     small-vehicle,     1298
2066.000000, 2080.000000, 2094.000000, 2079.000000, 2096.000000, 2156.000000, 2068.000000, 2158.000000,     small-vehicle,     1302
2441.000000, 1952.000000, 2503.000000, 1949.000000, 2504.000000, 1976.000000, 2442.000000, 1979.000000,     small-vehicle,     1303
2467.000000, 2418.000000, 2492.000000, 2417.000000, 2494.000000, 2475.000000, 2470.000000, 2476.000000,     small-vehicle,     1306
781.000000, 2268.000000, 848.000000, 2265.000000, 847.000000, 2301.000000, 780.000000, 2305.000000,     small-vehicle,     1307
1934.000000, 1442.000000, 1960.000000, 1441.000000, 1962.000000, 1502.000000, 1935.000000, 1504.000000,     small-vehicle,     1309
1283.000000, 1461.000000, 1306.000000, 1461.000000, 1306.000000, 1513.000000, 1282.000000, 1514.000000,     small-vehicle,     1312
2318.000000, 2310.000000, 2350.000000, 2309.000000, 2352.000000, 2356.000000, 2319.000000, 2359.000000,     small-vehicle,     1314
3430.000000, 1831.000000, 3493.000000, 1828.000000, 3496.000000, 1861.000000, 3432.000000, 1863.000000,     large-vehicle,     1317
756.000000, 2731.000000, 818.000000, 2729.000000, 817.000000, 2760.000000, 756.000000, 2764.000000,     small-vehicle,     1318
1815.000000, 2655.000000, 1884.000000, 2651.000000, 1885.000000, 2691.000000, 1815.000000, 2695.000000,     small-vehicle,     1320
1277.000000, 1374.000000, 1305.000000, 1372.000000, 1304.000000, 1434.000000, 1277.000000, 1434.000000,     small-vehicle,     1330
712.000000, 2279.000000, 757.000000, 2277.000000, 757.000000, 2304.000000, 711.000000, 2306.000000,     small-vehicle,     1331
1273.000000, 1307.000000, 1302.000000, 1305.000000, 1302.000000, 1367.000000, 1273.000000, 1367.000000,     small-vehicle,     1333
1923.000000, 1278.000000, 1950.000000, 1277.000000, 1952.000000, 1335.000000, 1924.000000, 1336.000000,     small-vehicle,     1337
2205.000000, 1218.000000, 2228.000000, 1218.000000, 2231.000000, 1279.000000, 2207.000000, 1280.000000,     small-vehicle,     1342
2721.000000, 1920.000000, 2778.000000, 1917.000000, 2780.000000, 1949.000000, 2722.000000, 1951.000000,     small-vehicle,     1347
1269.000000, 1242.000000, 1295.000000, 1241.000000, 1295.000000, 1292.000000, 1269.000000, 1293.000000,     small-vehicle,     1348
2367.000000, 2743.000000, 2388.000000, 2742.000000, 2390.000000, 2775.000000, 2369.000000, 2776.000000,     small-vehicle,     1352
3329.000000, 2830.000000, 3382.000000, 2827.000000, 3384.000000, 2855.000000, 3331.000000, 2859.000000,     small-vehicle,     1356
1939.000000, 1150.000000, 1968.000000, 1149.000000, 1969.000000, 1203.000000, 1940.000000, 1203.000000,     small-vehicle,     1360
2195.000000, 1149.000000, 2224.000000, 1149.000000, 2226.000000, 1210.000000, 2196.000000, 1212.000000,     small-vehicle,     1361
1358.000000, 1082.000000, 1408.000000, 1081.000000, 1408.000000, 1113.000000, 1358.000000, 1113.000000,     small-vehicle,     1364
535.000000, 1170.000000, 584.000000, 1169.000000, 583.000000, 1201.000000, 534.000000, 1202.000000,     small-vehicle,     1369
1299.000000, 2292.000000, 1332.000000, 2290.000000, 1331.000000, 2370.000000, 1300.000000, 2371.000000,     large-vehicle,     1371
169.000000, 1106.000000, 227.000000, 1105.000000, 226.000000, 1139.000000, 169.000000, 1141.000000,     small-vehicle,     1373
60.000000, 1138.000000, 112.000000, 1137.000000, 110.000000, 1180.000000, 58.000000, 1181.000000,     small-vehicle,     1374
403.000000, 1101.000000, 469.000000, 1100.000000, 468.000000, 1131.000000, 403.000000, 1132.000000,     small-vehicle,     1375
126.000000, 2702.000000, 191.000000, 2698.000000, 191.000000, 2722.000000, 125.000000, 2725.000000,     small-vehicle,     1376
329.000000, 1100.000000, 392.000000, 1100.000000, 391.000000, 1135.000000, 327.000000, 1137.000000,     small-vehicle,     1377
1096.000000, 1084.000000, 1148.000000, 1083.000000, 1148.000000, 1108.000000, 1096.000000, 1109.000000,     small-vehicle,     1378
1358.000000, 1141.000000, 1420.000000, 1140.000000, 1420.000000, 1169.000000, 1358.000000, 1170.000000,     small-vehicle,     1379
1969.000000, 1905.000000, 1995.000000, 1905.000000, 1997.000000, 1972.000000, 1970.000000, 1972.000000,     small-vehicle,     1380
3584.000000, 1822.000000, 3633.000000, 1821.000000, 3634.000000, 1844.000000, 3586.000000, 1846.000000,     small-vehicle,     1381
1180.000000, 1087.000000, 1226.000000, 1086.000000, 1226.000000, 1109.000000, 1180.000000, 1110.000000,     small-vehicle,     1384
955.000000, 1090.000000, 1006.000000, 1089.000000, 1006.000000, 1117.000000, 955.000000, 1118.000000,     small-vehicle,     1385
1029.000000, 1084.000000, 1073.000000, 1083.000000, 1071.000000, 1110.000000, 1029.000000, 1111.000000,     small-vehicle,     1386
1232.000000, 1076.000000, 1291.000000, 1074.000000, 1291.000000, 1114.000000, 1232.000000, 1115.000000,     small-vehicle,     1387
1482.000000, 1086.000000, 1539.000000, 1084.000000, 1539.000000, 1111.000000, 1482.000000, 1112.000000,     small-vehicle,     1388
473.000000, 1097.000000, 526.000000, 1096.000000, 526.000000, 1125.000000, 472.000000, 1126.000000,     small-vehicle,     1389
1558.000000, 1080.000000, 1601.000000, 1079.000000, 1601.000000, 1100.000000, 1558.000000, 1101.000000,     small-vehicle,     1390
1304.000000, 2332.000000, 1332.000000, 2329.000000, 1333.000000, 2405.000000, 1304.000000, 2406.000000,     small-vehicle,     1392
107.000000, 1092.000000, 164.000000, 1090.000000, 163.000000, 1130.000000, 105.000000, 1131.000000,     small-vehicle,     1395
2715.000000, 1003.000000, 2777.000000, 1001.000000, 2779.000000, 1035.000000, 2717.000000, 1036.000000,     small-vehicle,     1397
3084.000000, 1876.000000, 3136.000000, 1874.000000, 3138.000000, 1906.000000, 3086.000000, 1908.000000,     small-vehicle,     1398
1263.000000, 1009.000000, 1291.000000, 1008.000000, 1291.000000, 1069.000000, 1262.000000, 1070.000000,     small-vehicle,     1399
1687.000000, 1109.000000, 1741.000000, 1107.000000, 1742.000000, 1135.000000, 1688.000000, 1135.000000,     small-vehicle,     1400
2457.000000, 1035.000000, 2506.000000, 1034.000000, 2507.000000, 1062.000000, 2458.000000, 1063.000000,     small-vehicle,     1401
3505.000000, 1825.000000, 3579.000000, 1822.000000, 3582.000000, 1857.000000, 3508.000000, 1860.000000,     small-vehicle,     1402
2391.000000, 1038.000000, 2444.000000, 1037.000000, 2445.000000, 1064.000000, 2392.000000, 1064.000000,     small-vehicle,     1403
1970.000000, 1925.000000, 1998.000000, 1924.000000, 1999.000000, 1985.000000, 1971.000000, 1986.000000,     small-vehicle,     1404
2589.000000, 1023.000000, 2643.000000, 1022.000000, 2644.000000, 1050.000000, 2591.000000, 1050.000000,     small-vehicle,     1405
1812.000000, 2657.000000, 1884.000000, 2652.000000, 1885.000000, 2692.000000, 1812.000000, 2696.000000,     large-vehicle,     1406
2522.000000, 1030.000000, 2580.000000, 1028.000000, 2582.000000, 1058.000000, 2523.000000, 1059.000000,     small-vehicle,     1407
3052.000000, 966.000000, 3114.000000, 966.000000, 3115.000000, 990.000000, 3054.000000, 992.000000,     large-vehicle,     1408
3054.000000, 986.000000, 3117.000000, 985.000000, 3119.000000, 1010.000000, 3055.000000, 1011.000000,     small-vehicle,     1409
3231.000000, 971.000000, 3279.000000, 970.000000, 3282.000000, 1000.000000, 3233.000000, 1001.000000,     small-vehicle,     1410
2367.000000, 2739.000000, 2389.000000, 2738.000000, 2391.000000, 2794.000000, 2368.000000, 2795.000000,     small-vehicle,     1411
2887.000000, 994.000000, 2945.000000, 994.000000, 2946.000000, 1020.000000, 2889.000000, 1022.000000,     small-vehicle,     1412
3143.000000, 1762.000000, 3181.000000, 1761.000000, 3182.000000, 1779.000000, 3144.000000, 1780.000000,     small-vehicle,     1413
475.000000, 2685.000000, 535.000000, 2681.000000, 535.000000, 2710.000000, 474.000000, 2714.000000,     small-vehicle,     1414
1901.000000, 1530.000000, 1928.000000, 1528.000000, 1930.000000, 1626.000000, 1902.000000, 1626.000000,     large-vehicle,     1415
2695.000000, 1087.000000, 2742.000000, 1086.000000, 2744.000000, 1115.000000, 2697.000000, 1116.000000,     small-vehicle,     1416
3517.000000, 2835.000000, 3541.000000, 2834.000000, 3546.000000, 2911.000000, 3523.000000, 2913.000000,     small-vehicle,     1417
2955.000000, 984.000000, 3021.000000, 982.000000, 3024.000000, 1020.000000, 2956.000000, 1021.000000,     small-vehicle,     1418
