2013.000000, 2852.000000, 2041.000000, 2850.000000, 2043.000000, 2916.000000, 2013.000000, 2917.000000,     small-vehicle,     0
2342.000000, 2911.000000, 2371.000000, 2910.000000, 2373.000000, 2973.000000, 2345.000000, 2975.000000,     small-vehicle,     1
2021.000000, 2937.000000, 2047.000000, 2937.000000, 2048.000000, 2996.000000, 2022.000000, 2996.000000,     small-vehicle,     2
2216.000000, 3456.000000, 2246.000000, 3454.000000, 2248.000000, 3521.000000, 2217.000000, 3524.000000,     small-vehicle,     3
2023.000000, 2568.000000, 2050.000000, 2567.000000, 2051.000000, 2634.000000, 2025.000000, 2635.000000,     small-vehicle,     4
2364.000000, 3261.000000, 2394.000000, 3260.000000, 2396.000000, 3326.000000, 2367.000000, 3327.000000,     small-vehicle,     5
1382.000000, 3659.000000, 1412.000000, 3657.000000, 1411.000000, 3728.000000, 1382.000000, 3731.000000,     small-vehicle,     6
1701.000000, 3941.000000, 1757.000000, 3936.000000, 1757.000000, 3966.000000, 1702.000000, 3970.000000,     small-vehicle,     7
2335.000000, 3097.000000, 2363.000000, 3096.000000, 2366.000000, 3164.000000, 2338.000000, 3164.000000,     small-vehicle,     8
3359.000000, 3639.000000, 3417.000000, 3634.000000, 3420.000000, 3666.000000, 3361.000000, 3670.000000,     small-vehicle,     9
1193.000000, 3817.000000, 1247.000000, 3813.000000, 1247.000000, 3845.000000, 1193.000000, 3849.000000,     small-vehicle,     10
491.000000, 3874.000000, 556.000000, 3869.000000, 554.000000, 3901.000000, 490.000000, 3905.000000,     small-vehicle,     11
1408.000000, 2951.000000, 1434.000000, 2950.000000, 1434.000000, 3021.000000, 1408.000000, 3022.000000,     small-vehicle,     12
2854.000000, 3782.000000, 2905.000000, 3779.000000, 2906.000000, 3810.000000, 2855.000000, 3813.000000,     small-vehicle,     14
2254.000000, 4137.000000, 2287.000000, 4133.000000, 2290.000000, 4208.000000, 2256.000000, 4211.000000,     small-vehicle,     15
1299.000000, 3802.000000, 1354.000000, 3800.000000, 1354.000000, 3834.000000, 1299.000000, 3837.000000,     small-vehicle,     16
2334.000000, 2823.000000, 2364.000000, 2821.000000, 2367.000000, 2898.000000, 2336.000000, 2900.000000,     small-vehicle,     17
1816.000000, 3843.000000, 1874.000000, 3839.000000, 1875.000000, 3872.000000, 1817.000000, 3876.000000,     small-vehicle,     18
2310.000000, 3006.000000, 2367.000000, 3004.000000, 2370.000000, 3077.000000, 2313.000000, 3079.000000,     small-vehicle,     19
2159.000000, 3344.000000, 2198.000000, 3341.000000, 2201.000000, 3416.000000, 2160.000000, 3418.000000,     small-vehicle,     20
2040.000000, 2763.000000, 2067.000000, 2762.000000, 2069.000000, 2825.000000, 2041.000000, 2826.000000,     small-vehicle,     21
1823.000000, 4034.000000, 1887.000000, 4028.000000, 1888.000000, 4059.000000, 1824.000000, 4064.000000,     small-vehicle,     22
2673.000000, 4010.000000, 2729.000000, 4005.000000, 2731.000000, 4035.000000, 2676.000000, 4039.000000,     small-vehicle,     23
2299.000000, 4392.000000, 2332.000000, 4388.000000, 2335.000000, 4465.000000, 2301.000000, 4468.000000,     small-vehicle,     24
146.000000, 3901.000000, 213.000000, 3895.000000, 212.000000, 3928.000000, 144.000000, 3933.000000,     small-vehicle,     25
2379.000000, 3360.000000, 2403.000000, 3359.000000, 2405.000000, 3421.000000, 2381.000000, 3421.000000,     small-vehicle,     26
904.000000, 3836.000000, 967.000000, 3831.000000, 966.000000, 3870.000000, 903.000000, 3873.000000,     small-vehicle,     27
2450.000000, 4220.000000, 2485.000000, 4218.000000, 2490.000000, 4303.000000, 2453.000000, 4307.000000,     small-vehicle,     29
2761.000000, 4400.000000, 2825.000000, 4394.000000, 2828.000000, 4436.000000, 2761.000000, 4442.000000,     small-vehicle,     30
2353.000000, 4832.000000, 2381.000000, 4829.000000, 2384.000000, 4899.000000, 2354.000000, 4901.000000,     small-vehicle,     31
2352.000000, 3172.000000, 2386.000000, 3170.000000, 2389.000000, 3245.000000, 2354.000000, 3245.000000,     small-vehicle,     32
2100.000000, 3529.000000, 2153.000000, 3527.000000, 2156.000000, 3597.000000, 2102.000000, 3600.000000,     small-vehicle,     33
2927.000000, 3766.000000, 2986.000000, 3762.000000, 2988.000000, 3796.000000, 2928.000000, 3799.000000,     small-vehicle,     34
2383.000000, 3474.000000, 2413.000000, 3472.000000, 2417.000000, 3551.000000, 2386.000000, 3552.000000,     small-vehicle,     35
2094.000000, 2952.000000, 2124.000000, 2952.000000, 2125.000000, 3016.000000, 2097.000000, 3019.000000,     small-vehicle,     36
2379.000000, 4943.000000, 2406.000000, 4939.000000, 2409.000000, 5010.000000, 2382.000000, 5014.000000,     small-vehicle,     37
3163.000000, 3748.000000, 3223.000000, 3744.000000, 3226.000000, 3775.000000, 3165.000000, 3779.000000,     small-vehicle,     38
301.000000, 3716.000000, 329.000000, 3714.000000, 326.000000, 3778.000000, 298.000000, 3781.000000,     small-vehicle,     39
2340.000000, 3332.000000, 2371.000000, 3331.000000, 2373.000000, 3405.000000, 2343.000000, 3405.000000,     small-vehicle,     40
1424.000000, 2585.000000, 1454.000000, 2585.000000, 1455.000000, 2646.000000, 1424.000000, 2647.000000,     small-vehicle,     41
2814.000000, 3684.000000, 2865.000000, 3681.000000, 2867.000000, 3711.000000, 2816.000000, 3713.000000,     small-vehicle,     42
1406.000000, 2869.000000, 1430.000000, 2869.000000, 1430.000000, 2927.000000, 1404.000000, 2927.000000,     small-vehicle,     43
1859.000000, 3926.000000, 1926.000000, 3922.000000, 1927.000000, 3956.000000, 1859.000000, 3961.000000,     small-vehicle,     44
1549.000000, 3949.000000, 1605.000000, 3945.000000, 1605.000000, 3980.000000, 1549.000000, 3985.000000,     small-vehicle,     45
2299.000000, 2723.000000, 2324.000000, 2723.000000, 2327.000000, 2795.000000, 2302.000000, 2797.000000,     small-vehicle,     46
1047.000000, 3828.000000, 1108.000000, 3823.000000, 1108.000000, 3861.000000, 1047.000000, 3864.000000,     small-vehicle,     47
2363.000000, 3093.000000, 2388.000000, 3093.000000, 2390.000000, 3153.000000, 2365.000000, 3153.000000,     small-vehicle,     48
3163.000000, 3659.000000, 3215.000000, 3654.000000, 3217.000000, 3683.000000, 3165.000000, 3686.000000,     small-vehicle,     49
67.000000, 3906.000000, 137.000000, 3902.000000, 134.000000, 3942.000000, 64.000000, 3947.000000,     small-vehicle,     50
606.000000, 3859.000000, 674.000000, 3854.000000, 673.000000, 3891.000000, 606.000000, 3896.000000,     small-vehicle,     51
2267.000000, 4210.000000, 2304.000000, 4208.000000, 2308.000000, 4296.000000, 2271.000000, 4298.000000,     small-vehicle,     52
1549.000000, 4006.000000, 1608.000000, 4002.000000, 1609.000000, 4034.000000, 1549.000000, 4038.000000,     small-vehicle,     53
2874.000000, 4390.000000, 2930.000000, 4385.000000, 2931.000000, 4416.000000, 2875.000000, 4422.000000,     small-vehicle,     54
328.000000, 4203.000000, 394.000000, 4198.000000, 393.000000, 4230.000000, 327.000000, 4235.000000,     small-vehicle,     55
3105.000000, 3976.000000, 3162.000000, 3972.000000, 3164.000000, 4003.000000, 3106.000000, 4008.000000,     small-vehicle,     56
3565.000000, 3438.000000, 3589.000000, 3437.000000, 3595.000000, 3500.000000, 3570.000000, 3501.000000,     small-vehicle,     57
1252.000000, 3988.000000, 1317.000000, 3983.000000, 1316.000000, 4020.000000, 1252.000000, 4024.000000,     small-vehicle,     58
2337.000000, 4302.000000, 2370.000000, 4298.000000, 2373.000000, 4387.000000, 2339.000000, 4390.000000,     small-vehicle,     60
2167.000000, 4425.000000, 2192.000000, 4422.000000, 2195.000000, 4492.000000, 2169.000000, 4494.000000,     small-vehicle,     61
694.000000, 3853.000000, 752.000000, 3848.000000, 751.000000, 3881.000000, 694.000000, 3886.000000,     small-vehicle,     62
3501.000000, 3533.000000, 3533.000000, 3532.000000, 3538.000000, 3602.000000, 3506.000000, 3604.000000,     small-vehicle,     63
1259.000000, 4134.000000, 1310.000000, 4130.000000, 1310.000000, 4159.000000, 1258.000000, 4163.000000,     small-vehicle,     64
3270.000000, 3645.000000, 3339.000000, 3641.000000, 3342.000000, 3674.000000, 3273.000000, 3679.000000,     small-vehicle,     65
2282.000000, 2568.000000, 2317.000000, 2568.000000, 2318.000000, 2630.000000, 2285.000000, 2632.000000,     small-vehicle,     66
953.000000, 4016.000000, 1017.000000, 4012.000000, 1016.000000, 4048.000000, 953.000000, 4053.000000,     small-vehicle,     67
2770.000000, 2519.000000, 2830.000000, 2516.000000, 2830.000000, 2556.000000, 2773.000000, 2556.000000,     small-vehicle,     69
3878.000000, 4216.000000, 3935.000000, 4210.000000, 3938.000000, 4244.000000, 3882.000000, 4248.000000,     small-vehicle,     70
2584.000000, 3851.000000, 2646.000000, 3847.000000, 2647.000000, 3880.000000, 2585.000000, 3884.000000,     small-vehicle,     72
3436.000000, 3632.000000, 3494.000000, 3627.000000, 3496.000000, 3660.000000, 3438.000000, 3664.000000,     small-vehicle,     73
226.000000, 3891.000000, 286.000000, 3889.000000, 284.000000, 3921.000000, 226.000000, 3924.000000,     small-vehicle,     74
1400.000000, 3147.000000, 1429.000000, 3146.000000, 1429.000000, 3216.000000, 1400.000000, 3217.000000,     small-vehicle,     75
2140.000000, 3106.000000, 2169.000000, 3104.000000, 2171.000000, 3187.000000, 2141.000000, 3188.000000,     small-vehicle,     76
2065.000000, 3451.000000, 2095.000000, 3450.000000, 2097.000000, 3522.000000, 2068.000000, 3523.000000,     small-vehicle,     77
2925.000000, 3988.000000, 2993.000000, 3984.000000, 2996.000000, 4016.000000, 2928.000000, 4022.000000,     small-vehicle,     78
408.000000, 2820.000000, 465.000000, 2817.000000, 463.000000, 2853.000000, 406.000000, 2855.000000,     small-vehicle,     79
1714.000000, 3975.000000, 1783.000000, 3971.000000, 1783.000000, 4007.000000, 1714.000000, 4012.000000,     small-vehicle,     80
2516.000000, 4903.000000, 2544.000000, 4901.000000, 2547.000000, 4968.000000, 2519.000000, 4970.000000,     small-vehicle,     81
1342.000000, 4029.000000, 1400.000000, 4025.000000, 1400.000000, 4057.000000, 1342.000000, 4061.000000,     small-vehicle,     82
2801.000000, 3835.000000, 2871.000000, 3830.000000, 2872.000000, 3861.000000, 2803.000000, 3865.000000,     small-vehicle,     83
1357.000000, 3970.000000, 1427.000000, 3966.000000, 1427.000000, 3999.000000, 1357.000000, 4004.000000,     small-vehicle,     84
3028.000000, 2547.000000, 3069.000000, 2547.000000, 3071.000000, 2572.000000, 3029.000000, 2574.000000,     small-vehicle,     85
2294.000000, 2931.000000, 2322.000000, 2931.000000, 2324.000000, 3003.000000, 2296.000000, 3003.000000,     small-vehicle,     86
2561.000000, 2547.000000, 2615.000000, 2546.000000, 2616.000000, 2581.000000, 2563.000000, 2583.000000,     small-vehicle,     87
2599.000000, 3737.000000, 2656.000000, 3732.000000, 2658.000000, 3765.000000, 2600.000000, 3768.000000,     small-vehicle,     88
3565.000000, 3941.000000, 3618.000000, 3937.000000, 3620.000000, 3967.000000, 3567.000000, 3972.000000,     small-vehicle,     89
2207.000000, 3327.000000, 2237.000000, 3326.000000, 2240.000000, 3413.000000, 2211.000000, 3413.000000,     small-vehicle,     90
3658.000000, 3623.000000, 3717.000000, 3621.000000, 3720.000000, 3652.000000, 3661.000000, 3656.000000,     small-vehicle,     91
3281.000000, 3961.000000, 3335.000000, 3957.000000, 3336.000000, 3985.000000, 3284.000000, 3989.000000,     small-vehicle,     92
3241.000000, 4265.000000, 3296.000000, 4261.000000, 3298.000000, 4296.000000, 3244.000000, 4302.000000,     small-vehicle,     93
2065.000000, 3215.000000, 2093.000000, 3213.000000, 2095.000000, 3288.000000, 2067.000000, 3288.000000,     small-vehicle,     94
2692.000000, 4406.000000, 2751.000000, 4401.000000, 2753.000000, 4445.000000, 2693.000000, 4450.000000,     small-vehicle,     95
3092.000000, 3754.000000, 3148.000000, 3752.000000, 3150.000000, 3783.000000, 3093.000000, 3786.000000,     small-vehicle,     96
880.000000, 4018.000000, 946.000000, 4013.000000, 945.000000, 4054.000000, 879.000000, 4058.000000,     small-vehicle,     97
3840.000000, 3667.000000, 3895.000000, 3664.000000, 3898.000000, 3698.000000, 3843.000000, 3703.000000,     small-vehicle,     98
3286.000000, 4343.000000, 3347.000000, 4338.000000, 3350.000000, 4376.000000, 3289.000000, 4381.000000,     small-vehicle,     99
3029.000000, 3980.000000, 3077.000000, 3976.000000, 3079.000000, 4008.000000, 3031.000000, 4013.000000,     small-vehicle,     100
2112.000000, 3254.000000, 2140.000000, 3251.000000, 2143.000000, 3324.000000, 2114.000000, 3325.000000,     small-vehicle,     101
3704.000000, 3934.000000, 3770.000000, 3930.000000, 3773.000000, 3963.000000, 3707.000000, 3967.000000,     small-vehicle,     102
1849.000000, 3975.000000, 1916.000000, 3969.000000, 1916.000000, 4002.000000, 1850.000000, 4006.000000,     small-vehicle,     103
3541.000000, 4432.000000, 3574.000000, 4428.000000, 3579.000000, 4505.000000, 3548.000000, 4507.000000,     small-vehicle,     104
2166.000000, 3508.000000, 2210.000000, 3505.000000, 2212.000000, 3598.000000, 2168.000000, 3600.000000,     small-vehicle,     105
3117.000000, 3700.000000, 3173.000000, 3697.000000, 3175.000000, 3727.000000, 3118.000000, 3730.000000,     small-vehicle,     106
3895.000000, 4328.000000, 3921.000000, 4327.000000, 3928.000000, 4399.000000, 3901.000000, 4401.000000,     small-vehicle,     107
3703.000000, 4224.000000, 3764.000000, 4220.000000, 3766.000000, 4251.000000, 3705.000000, 4257.000000,     small-vehicle,     108
3278.000000, 3690.000000, 3345.000000, 3685.000000, 3346.000000, 3715.000000, 3279.000000, 3720.000000,     small-vehicle,     109
2084.000000, 3360.000000, 2115.000000, 3360.000000, 2117.000000, 3437.000000, 2085.000000, 3437.000000,     small-vehicle,     110
2686.000000, 3727.000000, 2752.000000, 3721.000000, 2753.000000, 3759.000000, 2688.000000, 3763.000000,     small-vehicle,     111
3162.000000, 3905.000000, 3226.000000, 3900.000000, 3229.000000, 3932.000000, 3164.000000, 3936.000000,     small-vehicle,     112
1159.000000, 4089.000000, 1222.000000, 4085.000000, 1222.000000, 4119.000000, 1159.000000, 4126.000000,     small-vehicle,     113
2426.000000, 4436.000000, 2461.000000, 4434.000000, 2464.000000, 4515.000000, 2430.000000, 4519.000000,     small-vehicle,     114
2586.000000, 3792.000000, 2647.000000, 3789.000000, 2649.000000, 3823.000000, 2587.000000, 3828.000000,     small-vehicle,     115
1624.000000, 3940.000000, 1688.000000, 3935.000000, 1688.000000, 3970.000000, 1624.000000, 3975.000000,     small-vehicle,     116
3530.000000, 4246.000000, 3589.000000, 4241.000000, 3592.000000, 4275.000000, 3533.000000, 4281.000000,     small-vehicle,     117
1137.000000, 3993.000000, 1204.000000, 3988.000000, 1203.000000, 4024.000000, 1137.000000, 4028.000000,     small-vehicle,     118
3547.000000, 3718.000000, 3610.000000, 3715.000000, 3612.000000, 3753.000000, 3550.000000, 3757.000000,     small-vehicle,     119
2015.000000, 2498.000000, 2045.000000, 2499.000000, 2047.000000, 2558.000000, 2016.000000, 2560.000000,     small-vehicle,     120
2908.000000, 2505.000000, 2960.000000, 2504.000000, 2963.000000, 2540.000000, 2910.000000, 2542.000000,     small-vehicle,     121
3199.000000, 3700.000000, 3255.000000, 3696.000000, 3258.000000, 3725.000000, 3202.000000, 3728.000000,     small-vehicle,     122
1951.000000, 3961.000000, 2019.000000, 3957.000000, 2020.000000, 3992.000000, 1951.000000, 3997.000000,     small-vehicle,     123
321.000000, 4105.000000, 385.000000, 4101.000000, 383.000000, 4140.000000, 320.000000, 4145.000000,     small-vehicle,     124
2699.000000, 4316.000000, 2757.000000, 4312.000000, 2759.000000, 4343.000000, 2702.000000, 4347.000000,     small-vehicle,     125
1248.000000, 4078.000000, 1312.000000, 4074.000000, 1312.000000, 4109.000000, 1248.000000, 4113.000000,     small-vehicle,     126
2094.000000, 2698.000000, 2127.000000, 2697.000000, 2129.000000, 2774.000000, 2097.000000, 2775.000000,     small-vehicle,     127
416.000000, 3704.000000, 448.000000, 3703.000000, 445.000000, 3776.000000, 414.000000, 3777.000000,     small-vehicle,     128
1952.000000, 3921.000000, 2015.000000, 3916.000000, 2016.000000, 3950.000000, 1954.000000, 3954.000000,     small-vehicle,     129
3043.000000, 2487.000000, 3098.000000, 2486.000000, 3101.000000, 2524.000000, 3045.000000, 2525.000000,     small-vehicle,     130
3102.000000, 3659.000000, 3159.000000, 3655.000000, 3161.000000, 3686.000000, 3104.000000, 3691.000000,     small-vehicle,     131
1397.000000, 3252.000000, 1422.000000, 3251.000000, 1423.000000, 3310.000000, 1398.000000, 3311.000000,     small-vehicle,     132
3417.000000, 4253.000000, 3478.000000, 4248.000000, 3480.000000, 4278.000000, 3419.000000, 4284.000000,     small-vehicle,     133
282.000000, 2815.000000, 355.000000, 2812.000000, 354.000000, 2849.000000, 281.000000, 2851.000000,     small-vehicle,     134
410.000000, 4191.000000, 482.000000, 4186.000000, 482.000000, 4220.000000, 409.000000, 4225.000000,     small-vehicle,     135
1563.000000, 4103.000000, 1613.000000, 4099.000000, 1613.000000, 4134.000000, 1563.000000, 4138.000000,     small-vehicle,     136
626.000000, 4185.000000, 696.000000, 4181.000000, 695.000000, 4212.000000, 626.000000, 4218.000000,     small-vehicle,     137
2413.000000, 4257.000000, 2447.000000, 4256.000000, 2450.000000, 4333.000000, 2415.000000, 4336.000000,     small-vehicle,     138
3564.000000, 3668.000000, 3622.000000, 3663.000000, 3625.000000, 3696.000000, 3567.000000, 3700.000000,     small-vehicle,     139
1392.000000, 3486.000000, 1417.000000, 3484.000000, 1417.000000, 3550.000000, 1392.000000, 3551.000000,     small-vehicle,     140
2065.000000, 3302.000000, 2086.000000, 3300.000000, 2087.000000, 3350.000000, 2066.000000, 3351.000000,     small-vehicle,     144
903.000000, 4109.000000, 966.000000, 4104.000000, 964.000000, 4138.000000, 903.000000, 4143.000000,     small-vehicle,     145
2696.000000, 2530.000000, 2757.000000, 2529.000000, 2758.000000, 2568.000000, 2698.000000, 2569.000000,     small-vehicle,     146
981.000000, 3825.000000, 1033.000000, 3820.000000, 1033.000000, 3847.000000, 981.000000, 3851.000000,     small-vehicle,     147
2356.000000, 3819.000000, 2390.000000, 3817.000000, 2393.000000, 3897.000000, 2357.000000, 3900.000000,     small-vehicle,     148
3458.000000, 3678.000000, 3514.000000, 3674.000000, 3515.000000, 3705.000000, 3460.000000, 3708.000000,     small-vehicle,     149
2731.000000, 3995.000000, 2798.000000, 3991.000000, 2801.000000, 4028.000000, 2734.000000, 4032.000000,     small-vehicle,     150
2302.000000, 2849.000000, 2331.000000, 2848.000000, 2334.000000, 2923.000000, 2304.000000, 2924.000000,     small-vehicle,     151
3829.000000, 3624.000000, 3887.000000, 3621.000000, 3891.000000, 3651.000000, 3833.000000, 3655.000000,     small-vehicle,     152
3100.000000, 2484.000000, 3158.000000, 2482.000000, 3161.000000, 2518.000000, 3103.000000, 2519.000000,     small-vehicle,     153
3339.000000, 4257.000000, 3399.000000, 4252.000000, 3400.000000, 4284.000000, 3341.000000, 4290.000000,     small-vehicle,     154
2216.000000, 3745.000000, 2259.000000, 3743.000000, 2262.000000, 3835.000000, 2220.000000, 3837.000000,     small-vehicle,     155
3381.000000, 4333.000000, 3440.000000, 4329.000000, 3443.000000, 4363.000000, 3384.000000, 4368.000000,     small-vehicle,     156
1737.000000, 4036.000000, 1789.000000, 4032.000000, 1789.000000, 4066.000000, 1738.000000, 4069.000000,     small-vehicle,     158
2197.000000, 4495.000000, 2221.000000, 4492.000000, 2223.000000, 4534.000000, 2198.000000, 4536.000000,     small-vehicle,     159
1628.000000, 3999.000000, 1692.000000, 3994.000000, 1693.000000, 4034.000000, 1629.000000, 4038.000000,     small-vehicle,     160
3578.000000, 3517.000000, 3614.000000, 3515.000000, 3621.000000, 3589.000000, 3584.000000, 3592.000000,     small-vehicle,     161
1451.000000, 3971.000000, 1515.000000, 3967.000000, 1515.000000, 4006.000000, 1451.000000, 4011.000000,     small-vehicle,     162
3640.000000, 3668.000000, 3703.000000, 3663.000000, 3707.000000, 3700.000000, 3642.000000, 3704.000000,     small-vehicle,     163
1765.000000, 2618.000000, 1829.000000, 2616.000000, 1828.000000, 2656.000000, 1766.000000, 2658.000000,     small-vehicle,     164
158.000000, 2818.000000, 227.000000, 2815.000000, 226.000000, 2853.000000, 157.000000, 2855.000000,     small-vehicle,     165
3492.000000, 3947.000000, 3544.000000, 3944.000000, 3547.000000, 3970.000000, 3493.000000, 3974.000000,     small-vehicle,     166
1054.000000, 3996.000000, 1117.000000, 3992.000000, 1117.000000, 4033.000000, 1052.000000, 4039.000000,     small-vehicle,     167
3379.000000, 3685.000000, 3439.000000, 3682.000000, 3441.000000, 3714.000000, 3382.000000, 3717.000000,     small-vehicle,     168
1085.000000, 4144.000000, 1147.000000, 4140.000000, 1147.000000, 4178.000000, 1084.000000, 4182.000000,     small-vehicle,     169
3279.000000, 3738.000000, 3339.000000, 3734.000000, 3341.000000, 3768.000000, 3281.000000, 3771.000000,     small-vehicle,     170
1059.000000, 4093.000000, 1135.000000, 4087.000000, 1135.000000, 4126.000000, 1057.000000, 4133.000000,     small-vehicle,     171
3640.000000, 3719.000000, 3703.000000, 3715.000000, 3706.000000, 3751.000000, 3644.000000, 3756.000000,     small-vehicle,     172
2626.000000, 2541.000000, 2689.000000, 2540.000000, 2691.000000, 2574.000000, 2628.000000, 2577.000000,     small-vehicle,     173
1517.000000, 4047.000000, 1578.000000, 4043.000000, 1580.000000, 4082.000000, 1517.000000, 4087.000000,     small-vehicle,     175
3564.000000, 4749.000000, 3595.000000, 4745.000000, 3600.000000, 4818.000000, 3570.000000, 4822.000000,     small-vehicle,     176
1765.000000, 3768.000000, 1826.000000, 3764.000000, 1827.000000, 3798.000000, 1764.000000, 3802.000000,     small-vehicle,     177
3013.000000, 3762.000000, 3074.000000, 3758.000000, 3076.000000, 3792.000000, 3015.000000, 3796.000000,     small-vehicle,     178
1404.000000, 4112.000000, 1474.000000, 4106.000000, 1475.000000, 4148.000000, 1404.000000, 4153.000000,     small-vehicle,     179
772.000000, 4983.000000, 804.000000, 4979.000000, 803.000000, 5061.000000, 770.000000, 5065.000000,     small-vehicle,     181
3041.000000, 3705.000000, 3104.000000, 3701.000000, 3106.000000, 3736.000000, 3043.000000, 3741.000000,     small-vehicle,     182
1498.000000, 4109.000000, 1560.000000, 4104.000000, 1560.000000, 4137.000000, 1498.000000, 4142.000000,     small-vehicle,     186
2896.000000, 4439.000000, 2928.000000, 4436.000000, 2934.000000, 4522.000000, 2900.000000, 4525.000000,     small-vehicle,     187
2772.000000, 3780.000000, 2836.000000, 3776.000000, 2839.000000, 3811.000000, 2774.000000, 3815.000000,     small-vehicle,     188
1602.000000, 2612.000000, 1665.000000, 2611.000000, 1666.000000, 2647.000000, 1603.000000, 2649.000000,     small-vehicle,     189
1441.000000, 4016.000000, 1507.000000, 4012.000000, 1507.000000, 4047.000000, 1441.000000, 4052.000000,     small-vehicle,     190
2978.000000, 3922.000000, 3047.000000, 3917.000000, 3049.000000, 3952.000000, 2978.000000, 3956.000000,     small-vehicle,     192
3760.000000, 3714.000000, 3809.000000, 3711.000000, 3813.000000, 3744.000000, 3763.000000, 3749.000000,     small-vehicle,     193
2836.000000, 4306.000000, 2871.000000, 4303.000000, 2874.000000, 4333.000000, 2837.000000, 4335.000000,     small-vehicle,     194
3506.000000, 4877.000000, 3532.000000, 4875.000000, 3537.000000, 4940.000000, 3510.000000, 4944.000000,     small-vehicle,     195
3516.000000, 3621.000000, 3566.000000, 3618.000000, 3572.000000, 3686.000000, 3522.000000, 3689.000000,     small-vehicle,     196
1674.000000, 4088.000000, 1720.000000, 4084.000000, 1720.000000, 4117.000000, 1674.000000, 4121.000000,     small-vehicle,     198
2033.000000, 3118.000000, 2072.000000, 3117.000000, 2074.000000, 3192.000000, 2034.000000, 3195.000000,     small-vehicle,     199
3571.000000, 4836.000000, 3602.000000, 4834.000000, 3608.000000, 4912.000000, 3578.000000, 4915.000000,     small-vehicle,     200
3869.000000, 4414.000000, 3890.000000, 4412.000000, 3895.000000, 4467.000000, 3874.000000, 4469.000000,     small-vehicle,     201
2920.000000, 2548.000000, 2988.000000, 2546.000000, 2989.000000, 2581.000000, 2922.000000, 2582.000000,     small-vehicle,     202
1421.000000, 4063.000000, 1475.000000, 4058.000000, 1475.000000, 4092.000000, 1420.000000, 4095.000000,     small-vehicle,     203
1873.000000, 3773.000000, 1922.000000, 3770.000000, 1923.000000, 3804.000000, 1874.000000, 3807.000000,     small-vehicle,     204
3748.000000, 3664.000000, 3820.000000, 3659.000000, 3823.000000, 3697.000000, 3751.000000, 3702.000000,     small-vehicle,     209
2491.000000, 2559.000000, 2554.000000, 2558.000000, 2555.000000, 2594.000000, 2494.000000, 2596.000000,     small-vehicle,     212
126.000000, 4128.000000, 194.000000, 4123.000000, 192.000000, 4163.000000, 124.000000, 4167.000000,     small-vehicle,     213
1174.000000, 4143.000000, 1224.000000, 4138.000000, 1224.000000, 4169.000000, 1174.000000, 4173.000000,     small-vehicle,     214
2404.000000, 3363.000000, 2424.000000, 3362.000000, 2426.000000, 3422.000000, 2406.000000, 3423.000000,     small-vehicle,     215
39.000000, 4241.000000, 84.000000, 4237.000000, 83.000000, 4264.000000, 37.000000, 4267.000000,     small-vehicle,     216
985.000000, 4095.000000, 1047.000000, 4091.000000, 1045.000000, 4130.000000, 985.000000, 4135.000000,     small-vehicle,     217
3459.000000, 3724.000000, 3530.000000, 3720.000000, 3534.000000, 3755.000000, 3462.000000, 3760.000000,     small-vehicle,     218
69.000000, 4178.000000, 153.000000, 4172.000000, 151.000000, 4217.000000, 68.000000, 4223.000000,     small-vehicle,     219
2351.000000, 4940.000000, 2374.000000, 4937.000000, 2376.000000, 4995.000000, 2353.000000, 4997.000000,     small-vehicle,     220
2039.000000, 3231.000000, 2059.000000, 3231.000000, 2061.000000, 3283.000000, 2039.000000, 3283.000000,     small-vehicle,     223
549.000000, 3858.000000, 594.000000, 3854.000000, 593.000000, 3877.000000, 548.000000, 3879.000000,     small-vehicle,     224
2308.000000, 3519.000000, 2349.000000, 3517.000000, 2352.000000, 3627.000000, 2312.000000, 3630.000000,     large-vehicle,     230
1912.000000, 4023.000000, 2007.000000, 4017.000000, 2008.000000, 4059.000000, 1912.000000, 4065.000000,     large-vehicle,     231
2053.000000, 3014.000000, 2095.000000, 3013.000000, 2096.000000, 3109.000000, 2055.000000, 3111.000000,     large-vehicle,     232
2268.000000, 3988.000000, 2313.000000, 3985.000000, 2317.000000, 4089.000000, 2272.000000, 4091.000000,     large-vehicle,     233
2321.000000, 4631.000000, 2367.000000, 4625.000000, 2372.000000, 4744.000000, 2326.000000, 4749.000000,     large-vehicle,     234
3857.000000, 3926.000000, 3926.000000, 3921.000000, 3930.000000, 3968.000000, 3862.000000, 3973.000000,     large-vehicle,     235
705.000000, 4175.000000, 793.000000, 4169.000000, 791.000000, 4215.000000, 703.000000, 4222.000000,     large-vehicle,     236
939.000000, 4154.000000, 1043.000000, 4147.000000, 1042.000000, 4197.000000, 937.000000, 4204.000000,     large-vehicle,     237
2872.000000, 3721.000000, 2940.000000, 3717.000000, 2942.000000, 3755.000000, 2873.000000, 3760.000000,     large-vehicle,     238
2403.000000, 3865.000000, 2449.000000, 3862.000000, 2452.000000, 3963.000000, 2407.000000, 3967.000000,     large-vehicle,     239
1651.000000, 4037.000000, 1717.000000, 4033.000000, 1718.000000, 4077.000000, 1651.000000, 4082.000000,     large-vehicle,     240
2953.000000, 3714.000000, 3027.000000, 3709.000000, 3030.000000, 3747.000000, 2955.000000, 3752.000000,     large-vehicle,     242
2676.000000, 3831.000000, 2776.000000, 3825.000000, 2778.000000, 3876.000000, 2679.000000, 3882.000000,     large-vehicle,     243
2943.000000, 4427.000000, 2970.000000, 4424.000000, 2975.000000, 4520.000000, 2949.000000, 4522.000000,     large-vehicle,     244
2474.000000, 4927.000000, 2504.000000, 4923.000000, 2508.000000, 5018.000000, 2477.000000, 5022.000000,     large-vehicle,     247
2441.000000, 4643.000000, 2472.000000, 4640.000000, 2476.000000, 4730.000000, 2445.000000, 4734.000000,     large-vehicle,     248
201.000000, 4211.000000, 280.000000, 4205.000000, 279.000000, 4245.000000, 198.000000, 4251.000000,     large-vehicle,     250
2307.000000, 4526.000000, 2347.000000, 4524.000000, 2351.000000, 4620.000000, 2310.000000, 4624.000000,     large-vehicle,     253
1907.000000, 3806.000000, 1975.000000, 3802.000000, 1976.000000, 3858.000000, 1909.000000, 3863.000000,     large-vehicle,     279
1772.000000, 4077.000000, 1837.000000, 4073.000000, 1838.000000, 4104.000000, 1773.000000, 4108.000000,     large-vehicle,     284
2450.000000, 4243.000000, 2485.000000, 4240.000000, 2489.000000, 4328.000000, 2453.000000, 4331.000000,     small-vehicle,     289
3902.000000, 4428.000000, 3932.000000, 4425.000000, 3938.000000, 4489.000000, 3907.000000, 4493.000000,     small-vehicle,     291
1338.000000, 4076.000000, 1407.000000, 4072.000000, 1407.000000, 4107.000000, 1338.000000, 4114.000000,     large-vehicle,     303
1844.000000, 4055.000000, 1912.000000, 4051.000000, 1913.000000, 4100.000000, 1845.000000, 4104.000000,     large-vehicle,     306
2331.000000, 3231.000000, 2360.000000, 3228.000000, 2362.000000, 3305.000000, 2333.000000, 3307.000000,     small-vehicle,     309
720.000000, 5059.000000, 757.000000, 5055.000000, 755.000000, 5136.000000, 717.000000, 5141.000000,     small-vehicle,     310
554.000000, 4186.000000, 608.000000, 4183.000000, 607.000000, 4215.000000, 554.000000, 4220.000000,     small-vehicle,     317
2465.000000, 4769.000000, 2492.000000, 4768.000000, 2495.000000, 4850.000000, 2468.000000, 4853.000000,     large-vehicle,     322
3247.000000, 2465.000000, 3310.000000, 2463.000000, 3313.000000, 2501.000000, 3250.000000, 2503.000000,     small-vehicle,     329
3180.000000, 2471.000000, 3236.000000, 2470.000000, 3239.000000, 2505.000000, 3183.000000, 2505.000000,     small-vehicle,     330
3830.000000, 3721.000000, 3904.000000, 3716.000000, 3909.000000, 3752.000000, 3834.000000, 3757.000000,     small-vehicle,     334
1108.000000, 3381.000000, 1174.000000, 3379.000000, 1174.000000, 3413.000000, 1106.000000, 3416.000000,     small-vehicle,     337
2669.000000, 3786.000000, 2745.000000, 3782.000000, 2748.000000, 3822.000000, 2670.000000, 3827.000000,     large-vehicle,     344
3414.000000, 2437.000000, 3482.000000, 2434.000000, 3485.000000, 2491.000000, 3418.000000, 2493.000000,     large-vehicle,     345
1848.000000, 4070.000000, 1912.000000, 4065.000000, 1913.000000, 4107.000000, 1848.000000, 4111.000000,     small-vehicle,     346
68.000000, 4160.000000, 153.000000, 4154.000000, 150.000000, 4198.000000, 66.000000, 4205.000000,     large-vehicle,     348
1781.000000, 3932.000000, 1842.000000, 3927.000000, 1843.000000, 3964.000000, 1781.000000, 3966.000000,     large-vehicle,     351
2073.000000, 2614.000000, 2100.000000, 2613.000000, 2103.000000, 2680.000000, 2073.000000, 2681.000000,     small-vehicle,     353
1764.000000, 3887.000000, 1820.000000, 3885.000000, 1820.000000, 3911.000000, 1764.000000, 3915.000000,     small-vehicle,     354
1277.000000, 3383.000000, 1334.000000, 3380.000000, 1334.000000, 3416.000000, 1277.000000, 3418.000000,     small-vehicle,     360
3312.000000, 2461.000000, 3364.000000, 2461.000000, 3367.000000, 2495.000000, 3315.000000, 2495.000000,     small-vehicle,     364
3455.000000, 3720.000000, 3525.000000, 3716.000000, 3529.000000, 3752.000000, 3457.000000, 3757.000000,     large-vehicle,     365
3674.000000, 3887.000000, 3739.000000, 3882.000000, 3742.000000, 3918.000000, 3677.000000, 3922.000000,     large-vehicle,     367
2428.000000, 4463.000000, 2462.000000, 4459.000000, 2465.000000, 4554.000000, 2432.000000, 4555.000000,     large-vehicle,     369
3441.000000, 3883.000000, 3504.000000, 3879.000000, 3506.000000, 3910.000000, 3443.000000, 3914.000000,     large-vehicle,     371
2035.000000, 3113.000000, 2074.000000, 3111.000000, 2076.000000, 3188.000000, 2037.000000, 3189.000000,     large-vehicle,     372
3027.000000, 2587.000000, 3088.000000, 2585.000000, 3090.000000, 2615.000000, 3029.000000, 2616.000000,     large-vehicle,     373
3350.000000, 3740.000000, 3415.000000, 3736.000000, 3418.000000, 3770.000000, 3353.000000, 3774.000000,     small-vehicle,     379
2466.000000, 4781.000000, 2493.000000, 4777.000000, 2497.000000, 4859.000000, 2469.000000, 4862.000000,     small-vehicle,     380
3487.000000, 2432.000000, 3554.000000, 2431.000000, 3558.000000, 2472.000000, 3492.000000, 2473.000000,     small-vehicle,     382
801.000000, 4121.000000, 865.000000, 4117.000000, 865.000000, 4149.000000, 801.000000, 4153.000000,     small-vehicle,     383
1773.000000, 4082.000000, 1837.000000, 4077.000000, 1838.000000, 4110.000000, 1773.000000, 4114.000000,     small-vehicle,     384
3564.000000, 2421.000000, 3629.000000, 2419.000000, 3633.000000, 2459.000000, 3566.000000, 2460.000000,     small-vehicle,     385
2764.000000, 2577.000000, 2816.000000, 2575.000000, 2817.000000, 2603.000000, 2766.000000, 2603.000000,     small-vehicle,     386
3736.000000, 2399.000000, 3791.000000, 2399.000000, 3794.000000, 2435.000000, 3739.000000, 2436.000000,     small-vehicle,     387
1409.000000, 3694.000000, 1457.000000, 3692.000000, 1458.000000, 3782.000000, 1408.000000, 3784.000000,     small-vehicle,     388
2162.000000, 4571.000000, 2208.000000, 4567.000000, 2210.000000, 4597.000000, 2163.000000, 4602.000000,     large-vehicle,     394
3736.000000, 3653.000000, 3807.000000, 3648.000000, 3810.000000, 3688.000000, 3739.000000, 3692.000000,     large-vehicle,     395
2771.000000, 3782.000000, 2840.000000, 3778.000000, 2842.000000, 3813.000000, 2773.000000, 3817.000000,     large-vehicle,     396
2208.000000, 3673.000000, 2249.000000, 3670.000000, 2251.000000, 3749.000000, 2211.000000, 3752.000000,     large-vehicle,     397
1336.000000, 4077.000000, 1404.000000, 4073.000000, 1404.000000, 4110.000000, 1336.000000, 4115.000000,     small-vehicle,     399
2330.000000, 3232.000000, 2360.000000, 3231.000000, 2362.000000, 3304.000000, 2332.000000, 3306.000000,     large-vehicle,     400
2194.000000, 3218.000000, 2224.000000, 3216.000000, 2226.000000, 3292.000000, 2195.000000, 3295.000000,     large-vehicle,     403
2196.000000, 3221.000000, 2224.000000, 3221.000000, 2227.000000, 3298.000000, 2197.000000, 3299.000000,     small-vehicle,     407
1779.000000, 3935.000000, 1837.000000, 3932.000000, 1838.000000, 3961.000000, 1779.000000, 3964.000000,     small-vehicle,     408
812.000000, 4068.000000, 884.000000, 4063.000000, 883.000000, 4099.000000, 810.000000, 4104.000000,     small-vehicle,     409
2432.000000, 4467.000000, 2463.000000, 4466.000000, 2466.000000, 4555.000000, 2435.000000, 4556.000000,     small-vehicle,     410
3632.000000, 2409.000000, 3696.000000, 2409.000000, 3700.000000, 2447.000000, 3636.000000, 2449.000000,     small-vehicle,     413
2984.000000, 3654.000000, 3012.000000, 3652.000000, 3015.000000, 3675.000000, 2986.000000, 3677.000000,     small-vehicle,     415
3556.000000, 4553.000000, 3585.000000, 4550.000000, 3591.000000, 4612.000000, 3560.000000, 4614.000000,     small-vehicle,     416
2667.000000, 3771.000000, 2743.000000, 3766.000000, 2744.000000, 3803.000000, 2669.000000, 3808.000000,     small-vehicle,     417
1912.000000, 3785.000000, 1982.000000, 3779.000000, 1983.000000, 3837.000000, 1914.000000, 3842.000000,     small-vehicle,     418
2779.000000, 3734.000000, 2858.000000, 3729.000000, 2860.000000, 3761.000000, 2780.000000, 3766.000000,     large-vehicle,     419
1410.000000, 3695.000000, 1458.000000, 3693.000000, 1459.000000, 3788.000000, 1409.000000, 3791.000000,     large-vehicle,     420
