2012.000000, 2853.000000, 2042.000000, 2851.000000, 2043.000000, 2915.000000, 2013.000000, 2916.000000,     small-vehicle,     0
2343.000000, 2910.000000, 2370.000000, 2908.000000, 2372.000000, 2974.000000, 2345.000000, 2977.000000,     small-vehicle,     1
2021.000000, 2936.000000, 2046.000000, 2936.000000, 2047.000000, 2997.000000, 2023.000000, 2997.000000,     small-vehicle,     2
2217.000000, 3459.000000, 2244.000000, 3457.000000, 2246.000000, 3518.000000, 2219.000000, 3519.000000,     small-vehicle,     3
2024.000000, 2571.000000, 2049.000000, 2570.000000, 2051.000000, 2632.000000, 2025.000000, 2632.000000,     small-vehicle,     4
2364.000000, 3260.000000, 2393.000000, 3259.000000, 2396.000000, 3327.000000, 2367.000000, 3328.000000,     small-vehicle,     5
1382.000000, 3656.000000, 1412.000000, 3656.000000, 1411.000000, 3732.000000, 1382.000000, 3734.000000,     small-vehicle,     6
1701.000000, 3939.000000, 1757.000000, 3935.000000, 1757.000000, 3967.000000, 1702.000000, 3971.000000,     small-vehicle,     7
2335.000000, 3096.000000, 2363.000000, 3095.000000, 2365.000000, 3165.000000, 2338.000000, 3165.000000,     small-vehicle,     8
3361.000000, 3635.000000, 3415.000000, 3633.000000, 3418.000000, 3668.000000, 3364.000000, 3672.000000,     small-vehicle,     9
1194.000000, 3816.000000, 1246.000000, 3813.000000, 1246.000000, 3846.000000, 1194.000000, 3849.000000,     small-vehicle,     10
491.000000, 3874.000000, 556.000000, 3869.000000, 555.000000, 3903.000000, 489.000000, 3906.000000,     small-vehicle,     11
1407.000000, 2951.000000, 1435.000000, 2950.000000, 1435.000000, 3021.000000, 1407.000000, 3022.000000,     small-vehicle,     12
2853.000000, 3782.000000, 2905.000000, 3779.000000, 2907.000000, 3810.000000, 2855.000000, 3813.000000,     small-vehicle,     14
2254.000000, 4136.000000, 2287.000000, 4132.000000, 2290.000000, 4210.000000, 2256.000000, 4213.000000,     small-vehicle,     15
2334.000000, 2826.000000, 2364.000000, 2825.000000, 2367.000000, 2896.000000, 2336.000000, 2898.000000,     small-vehicle,     17
1817.000000, 3843.000000, 1873.000000, 3840.000000, 1874.000000, 3872.000000, 1818.000000, 3874.000000,     small-vehicle,     18
2312.000000, 3008.000000, 2365.000000, 3006.000000, 2368.000000, 3075.000000, 2314.000000, 3077.000000,     small-vehicle,     19
2160.000000, 3343.000000, 2197.000000, 3340.000000, 2200.000000, 3417.000000, 2161.000000, 3420.000000,     small-vehicle,     20
2040.000000, 2761.000000, 2067.000000, 2759.000000, 2069.000000, 2828.000000, 2041.000000, 2829.000000,     small-vehicle,     21
1823.000000, 4030.000000, 1887.000000, 4026.000000, 1888.000000, 4061.000000, 1824.000000, 4066.000000,     small-vehicle,     22
2674.000000, 4009.000000, 2728.000000, 4004.000000, 2730.000000, 4036.000000, 2677.000000, 4040.000000,     small-vehicle,     23
147.000000, 3903.000000, 212.000000, 3897.000000, 210.000000, 3926.000000, 146.000000, 3931.000000,     small-vehicle,     25
2376.000000, 3356.000000, 2405.000000, 3354.000000, 2409.000000, 3425.000000, 2379.000000, 3426.000000,     small-vehicle,     26
904.000000, 3837.000000, 967.000000, 3833.000000, 965.000000, 3867.000000, 904.000000, 3871.000000,     small-vehicle,     27
2448.000000, 4219.000000, 2487.000000, 4217.000000, 2492.000000, 4305.000000, 2452.000000, 4308.000000,     small-vehicle,     29
2352.000000, 3172.000000, 2386.000000, 3170.000000, 2389.000000, 3245.000000, 2354.000000, 3245.000000,     small-vehicle,     32
2097.000000, 3541.000000, 2157.000000, 3538.000000, 2160.000000, 3584.000000, 2097.000000, 3589.000000,     small-vehicle,     33
2928.000000, 3767.000000, 2984.000000, 3765.000000, 2986.000000, 3794.000000, 2930.000000, 3797.000000,     small-vehicle,     34
2383.000000, 3475.000000, 2413.000000, 3473.000000, 2416.000000, 3549.000000, 2386.000000, 3551.000000,     small-vehicle,     35
2096.000000, 2950.000000, 2122.000000, 2950.000000, 2123.000000, 3020.000000, 2099.000000, 3021.000000,     small-vehicle,     36
3164.000000, 3749.000000, 3223.000000, 3745.000000, 3224.000000, 3774.000000, 3166.000000, 3778.000000,     small-vehicle,     38
2341.000000, 3331.000000, 2370.000000, 3329.000000, 2372.000000, 3405.000000, 2344.000000, 3406.000000,     small-vehicle,     40
1424.000000, 2589.000000, 1454.000000, 2588.000000, 1455.000000, 2642.000000, 1424.000000, 2642.000000,     small-vehicle,     41
2814.000000, 3684.000000, 2865.000000, 3680.000000, 2867.000000, 3711.000000, 2815.000000, 3713.000000,     small-vehicle,     42
1406.000000, 2869.000000, 1430.000000, 2869.000000, 1430.000000, 2927.000000, 1404.000000, 2927.000000,     small-vehicle,     43
1858.000000, 3928.000000, 1927.000000, 3922.000000, 1928.000000, 3956.000000, 1858.000000, 3961.000000,     small-vehicle,     44
1550.000000, 3948.000000, 1604.000000, 3944.000000, 1604.000000, 3981.000000, 1550.000000, 3986.000000,     small-vehicle,     45
2298.000000, 2721.000000, 2325.000000, 2721.000000, 2328.000000, 2798.000000, 2301.000000, 2799.000000,     small-vehicle,     46
1047.000000, 3827.000000, 1108.000000, 3822.000000, 1108.000000, 3862.000000, 1047.000000, 3866.000000,     small-vehicle,     47
2362.000000, 3093.000000, 2388.000000, 3093.000000, 2390.000000, 3153.000000, 2364.000000, 3153.000000,     small-vehicle,     48
3161.000000, 3655.000000, 3216.000000, 3653.000000, 3217.000000, 3685.000000, 3164.000000, 3688.000000,     small-vehicle,     49
67.000000, 3910.000000, 135.000000, 3906.000000, 134.000000, 3937.000000, 66.000000, 3941.000000,     small-vehicle,     50
606.000000, 3860.000000, 674.000000, 3855.000000, 673.000000, 3890.000000, 606.000000, 3895.000000,     small-vehicle,     51
2269.000000, 4216.000000, 2303.000000, 4213.000000, 2307.000000, 4290.000000, 2272.000000, 4294.000000,     small-vehicle,     52
1548.000000, 4004.000000, 1609.000000, 3999.000000, 1610.000000, 4036.000000, 1548.000000, 4040.000000,     small-vehicle,     53
329.000000, 4199.000000, 393.000000, 4195.000000, 392.000000, 4233.000000, 328.000000, 4237.000000,     small-vehicle,     55
3105.000000, 3972.000000, 3160.000000, 3969.000000, 3163.000000, 4006.000000, 3107.000000, 4010.000000,     small-vehicle,     56
1251.000000, 3988.000000, 1317.000000, 3983.000000, 1317.000000, 4019.000000, 1251.000000, 4025.000000,     small-vehicle,     58
692.000000, 3851.000000, 754.000000, 3848.000000, 753.000000, 3882.000000, 691.000000, 3886.000000,     small-vehicle,     62
3502.000000, 3534.000000, 3532.000000, 3533.000000, 3537.000000, 3601.000000, 3507.000000, 3603.000000,     small-vehicle,     63
1259.000000, 4131.000000, 1310.000000, 4129.000000, 1310.000000, 4162.000000, 1258.000000, 4166.000000,     small-vehicle,     64
3272.000000, 3646.000000, 3338.000000, 3642.000000, 3340.000000, 3673.000000, 3274.000000, 3677.000000,     small-vehicle,     65
2286.000000, 2570.000000, 2313.000000, 2570.000000, 2314.000000, 2628.000000, 2289.000000, 2629.000000,     small-vehicle,     66
954.000000, 4016.000000, 1017.000000, 4010.000000, 1015.000000, 4050.000000, 954.000000, 4054.000000,     small-vehicle,     67
2773.000000, 2521.000000, 2828.000000, 2520.000000, 2828.000000, 2551.000000, 2775.000000, 2553.000000,     small-vehicle,     69
3880.000000, 4217.000000, 3933.000000, 4212.000000, 3936.000000, 4243.000000, 3883.000000, 4247.000000,     small-vehicle,     70
3437.000000, 3634.000000, 3492.000000, 3629.000000, 3494.000000, 3657.000000, 3440.000000, 3662.000000,     small-vehicle,     73
227.000000, 3892.000000, 285.000000, 3889.000000, 283.000000, 3920.000000, 226.000000, 3924.000000,     small-vehicle,     74
1399.000000, 3147.000000, 1430.000000, 3144.000000, 1430.000000, 3217.000000, 1399.000000, 3218.000000,     small-vehicle,     75
2141.000000, 3107.000000, 2168.000000, 3105.000000, 2170.000000, 3186.000000, 2142.000000, 3187.000000,     small-vehicle,     76
2066.000000, 3452.000000, 2094.000000, 3452.000000, 2096.000000, 3521.000000, 2069.000000, 3522.000000,     small-vehicle,     77
2926.000000, 3988.000000, 2992.000000, 3984.000000, 2995.000000, 4016.000000, 2929.000000, 4022.000000,     small-vehicle,     78
408.000000, 2820.000000, 465.000000, 2817.000000, 463.000000, 2853.000000, 406.000000, 2855.000000,     small-vehicle,     79
1715.000000, 3975.000000, 1782.000000, 3971.000000, 1782.000000, 4007.000000, 1715.000000, 4012.000000,     small-vehicle,     80
1342.000000, 4028.000000, 1400.000000, 4024.000000, 1400.000000, 4058.000000, 1342.000000, 4062.000000,     small-vehicle,     82
2802.000000, 3834.000000, 2870.000000, 3830.000000, 2872.000000, 3862.000000, 2804.000000, 3867.000000,     small-vehicle,     83
1357.000000, 3971.000000, 1427.000000, 3967.000000, 1427.000000, 3998.000000, 1357.000000, 4003.000000,     small-vehicle,     84
3028.000000, 2548.000000, 3069.000000, 2548.000000, 3070.000000, 2571.000000, 3030.000000, 2573.000000,     small-vehicle,     85
2294.000000, 2930.000000, 2321.000000, 2929.000000, 2324.000000, 3004.000000, 2296.000000, 3005.000000,     small-vehicle,     86
2561.000000, 2548.000000, 2615.000000, 2548.000000, 2617.000000, 2579.000000, 2562.000000, 2582.000000,     small-vehicle,     87
2600.000000, 3736.000000, 2655.000000, 3731.000000, 2657.000000, 3767.000000, 2601.000000, 3771.000000,     small-vehicle,     88
3561.000000, 3938.000000, 3622.000000, 3933.000000, 3624.000000, 3971.000000, 3563.000000, 3975.000000,     small-vehicle,     89
2206.000000, 3327.000000, 2237.000000, 3326.000000, 2240.000000, 3413.000000, 2210.000000, 3413.000000,     small-vehicle,     90
3656.000000, 3621.000000, 3719.000000, 3617.000000, 3722.000000, 3653.000000, 3659.000000, 3658.000000,     small-vehicle,     91
3281.000000, 3962.000000, 3335.000000, 3958.000000, 3336.000000, 3984.000000, 3284.000000, 3988.000000,     small-vehicle,     92
2065.000000, 3215.000000, 2093.000000, 3213.000000, 2095.000000, 3288.000000, 2067.000000, 3288.000000,     small-vehicle,     94
3094.000000, 3753.000000, 3146.000000, 3751.000000, 3149.000000, 3784.000000, 3095.000000, 3787.000000,     small-vehicle,     96
882.000000, 4019.000000, 943.000000, 4015.000000, 943.000000, 4052.000000, 881.000000, 4057.000000,     small-vehicle,     97
3840.000000, 3665.000000, 3894.000000, 3663.000000, 3898.000000, 3700.000000, 3844.000000, 3704.000000,     small-vehicle,     98
3030.000000, 3979.000000, 3076.000000, 3977.000000, 3078.000000, 4009.000000, 3032.000000, 4012.000000,     small-vehicle,     100
2111.000000, 3257.000000, 2142.000000, 3256.000000, 2144.000000, 3320.000000, 2112.000000, 3321.000000,     small-vehicle,     101
3703.000000, 3933.000000, 3771.000000, 3929.000000, 3774.000000, 3963.000000, 3706.000000, 3970.000000,     small-vehicle,     102
1849.000000, 3974.000000, 1916.000000, 3968.000000, 1917.000000, 4003.000000, 1849.000000, 4008.000000,     small-vehicle,     103
2171.000000, 3520.000000, 2206.000000, 3517.000000, 2208.000000, 3586.000000, 2172.000000, 3588.000000,     small-vehicle,     105
3117.000000, 3699.000000, 3174.000000, 3695.000000, 3176.000000, 3728.000000, 3117.000000, 3733.000000,     small-vehicle,     106
3280.000000, 3690.000000, 3343.000000, 3685.000000, 3345.000000, 3715.000000, 3281.000000, 3720.000000,     small-vehicle,     109
2085.000000, 3362.000000, 2114.000000, 3360.000000, 2115.000000, 3436.000000, 2086.000000, 3437.000000,     small-vehicle,     110
2688.000000, 3724.000000, 2751.000000, 3720.000000, 2753.000000, 3760.000000, 2689.000000, 3764.000000,     small-vehicle,     111
1160.000000, 4089.000000, 1221.000000, 4085.000000, 1221.000000, 4120.000000, 1160.000000, 4126.000000,     small-vehicle,     113
2422.000000, 4433.000000, 2465.000000, 4430.000000, 2468.000000, 4520.000000, 2426.000000, 4523.000000,     small-vehicle,     114
2586.000000, 3790.000000, 2647.000000, 3786.000000, 2650.000000, 3826.000000, 2587.000000, 3831.000000,     small-vehicle,     115
1624.000000, 3939.000000, 1688.000000, 3935.000000, 1688.000000, 3971.000000, 1624.000000, 3975.000000,     small-vehicle,     116
3527.000000, 4245.000000, 3590.000000, 4240.000000, 3593.000000, 4276.000000, 3530.000000, 4282.000000,     small-vehicle,     117
1140.000000, 3990.000000, 1201.000000, 3987.000000, 1201.000000, 4025.000000, 1139.000000, 4029.000000,     small-vehicle,     118
3546.000000, 3717.000000, 3610.000000, 3713.000000, 3613.000000, 3754.000000, 3549.000000, 3758.000000,     small-vehicle,     119
2015.000000, 2497.000000, 2045.000000, 2497.000000, 2046.000000, 2561.000000, 2017.000000, 2561.000000,     small-vehicle,     120
2908.000000, 2504.000000, 2961.000000, 2504.000000, 2964.000000, 2541.000000, 2910.000000, 2542.000000,     small-vehicle,     121
3200.000000, 3698.000000, 3255.000000, 3695.000000, 3257.000000, 3727.000000, 3202.000000, 3729.000000,     small-vehicle,     122
1955.000000, 3962.000000, 2015.000000, 3957.000000, 2016.000000, 3993.000000, 1956.000000, 3997.000000,     small-vehicle,     123
2699.000000, 4316.000000, 2758.000000, 4312.000000, 2759.000000, 4343.000000, 2701.000000, 4347.000000,     small-vehicle,     125
1249.000000, 4080.000000, 1311.000000, 4074.000000, 1311.000000, 4109.000000, 1249.000000, 4113.000000,     small-vehicle,     126
2094.000000, 2701.000000, 2127.000000, 2699.000000, 2129.000000, 2771.000000, 2097.000000, 2773.000000,     small-vehicle,     127
3043.000000, 2490.000000, 3098.000000, 2488.000000, 3100.000000, 2521.000000, 3045.000000, 2523.000000,     small-vehicle,     130
3100.000000, 3656.000000, 3159.000000, 3652.000000, 3162.000000, 3689.000000, 3103.000000, 3693.000000,     small-vehicle,     131
1397.000000, 3251.000000, 1422.000000, 3250.000000, 1423.000000, 3311.000000, 1398.000000, 3313.000000,     small-vehicle,     132
3419.000000, 4253.000000, 3476.000000, 4248.000000, 3478.000000, 4278.000000, 3421.000000, 4284.000000,     small-vehicle,     133
283.000000, 2817.000000, 355.000000, 2814.000000, 353.000000, 2847.000000, 281.000000, 2849.000000,     small-vehicle,     134
411.000000, 4186.000000, 481.000000, 4181.000000, 480.000000, 4224.000000, 410.000000, 4229.000000,     small-vehicle,     135
1560.000000, 4103.000000, 1616.000000, 4100.000000, 1616.000000, 4133.000000, 1560.000000, 4137.000000,     small-vehicle,     136
626.000000, 4184.000000, 697.000000, 4179.000000, 695.000000, 4214.000000, 625.000000, 4219.000000,     small-vehicle,     137
3561.000000, 3666.000000, 3624.000000, 3662.000000, 3627.000000, 3698.000000, 3564.000000, 3702.000000,     small-vehicle,     139
1391.000000, 3484.000000, 1418.000000, 3483.000000, 1418.000000, 3551.000000, 1391.000000, 3552.000000,     small-vehicle,     140
2064.000000, 3302.000000, 2086.000000, 3300.000000, 2087.000000, 3350.000000, 2065.000000, 3352.000000,     small-vehicle,     144
903.000000, 4109.000000, 966.000000, 4102.000000, 964.000000, 4139.000000, 903.000000, 4143.000000,     small-vehicle,     145
983.000000, 3822.000000, 1031.000000, 3819.000000, 1031.000000, 3850.000000, 983.000000, 3852.000000,     small-vehicle,     147
2356.000000, 3820.000000, 2389.000000, 3817.000000, 2392.000000, 3897.000000, 2358.000000, 3899.000000,     small-vehicle,     148
3458.000000, 3676.000000, 3512.000000, 3671.000000, 3516.000000, 3707.000000, 3460.000000, 3711.000000,     small-vehicle,     149
2731.000000, 3995.000000, 2798.000000, 3991.000000, 2801.000000, 4028.000000, 2733.000000, 4032.000000,     small-vehicle,     150
3827.000000, 3622.000000, 3889.000000, 3619.000000, 3893.000000, 3653.000000, 3831.000000, 3657.000000,     small-vehicle,     152
3100.000000, 2487.000000, 3159.000000, 2485.000000, 3161.000000, 2515.000000, 3102.000000, 2515.000000,     small-vehicle,     153
3340.000000, 4258.000000, 3398.000000, 4252.000000, 3399.000000, 4284.000000, 3342.000000, 4288.000000,     small-vehicle,     154
1736.000000, 4035.000000, 1790.000000, 4031.000000, 1790.000000, 4066.000000, 1737.000000, 4071.000000,     small-vehicle,     158
1627.000000, 3999.000000, 1693.000000, 3994.000000, 1694.000000, 4034.000000, 1628.000000, 4038.000000,     small-vehicle,     160
3577.000000, 3517.000000, 3614.000000, 3515.000000, 3621.000000, 3589.000000, 3583.000000, 3592.000000,     small-vehicle,     161
1451.000000, 3972.000000, 1515.000000, 3968.000000, 1515.000000, 4006.000000, 1451.000000, 4010.000000,     small-vehicle,     162
3640.000000, 3667.000000, 3703.000000, 3662.000000, 3707.000000, 3701.000000, 3643.000000, 3705.000000,     small-vehicle,     163
1765.000000, 2620.000000, 1828.000000, 2619.000000, 1828.000000, 2653.000000, 1766.000000, 2656.000000,     small-vehicle,     164
159.000000, 2818.000000, 227.000000, 2817.000000, 224.000000, 2852.000000, 157.000000, 2855.000000,     small-vehicle,     165
3491.000000, 3947.000000, 3545.000000, 3943.000000, 3548.000000, 3970.000000, 3492.000000, 3976.000000,     small-vehicle,     166
1053.000000, 3997.000000, 1118.000000, 3992.000000, 1118.000000, 4033.000000, 1051.000000, 4037.000000,     small-vehicle,     167
3380.000000, 3684.000000, 3438.000000, 3681.000000, 3440.000000, 3715.000000, 3383.000000, 3718.000000,     small-vehicle,     168
1082.000000, 4144.000000, 1149.000000, 4140.000000, 1149.000000, 4178.000000, 1082.000000, 4182.000000,     small-vehicle,     169
3279.000000, 3737.000000, 3339.000000, 3732.000000, 3341.000000, 3769.000000, 3281.000000, 3773.000000,     small-vehicle,     170
1060.000000, 4093.000000, 1134.000000, 4086.000000, 1134.000000, 4128.000000, 1060.000000, 4133.000000,     small-vehicle,     171
3641.000000, 3719.000000, 3701.000000, 3715.000000, 3704.000000, 3752.000000, 3646.000000, 3756.000000,     small-vehicle,     172
2627.000000, 2544.000000, 2689.000000, 2542.000000, 2690.000000, 2572.000000, 2629.000000, 2574.000000,     small-vehicle,     173
1516.000000, 4046.000000, 1579.000000, 4042.000000, 1580.000000, 4084.000000, 1516.000000, 4089.000000,     small-vehicle,     175
1766.000000, 3769.000000, 1825.000000, 3766.000000, 1826.000000, 3797.000000, 1765.000000, 3801.000000,     small-vehicle,     177
3013.000000, 3761.000000, 3072.000000, 3756.000000, 3075.000000, 3795.000000, 3016.000000, 3798.000000,     small-vehicle,     178
1406.000000, 4112.000000, 1472.000000, 4107.000000, 1472.000000, 4148.000000, 1406.000000, 4154.000000,     small-vehicle,     179
3043.000000, 3706.000000, 3102.000000, 3702.000000, 3104.000000, 3736.000000, 3046.000000, 3740.000000,     small-vehicle,     182
1498.000000, 4107.000000, 1560.000000, 4103.000000, 1560.000000, 4138.000000, 1498.000000, 4143.000000,     small-vehicle,     186
1602.000000, 2613.000000, 1665.000000, 2612.000000, 1666.000000, 2645.000000, 1603.000000, 2648.000000,     small-vehicle,     189
1443.000000, 4016.000000, 1505.000000, 4012.000000, 1505.000000, 4048.000000, 1443.000000, 4052.000000,     small-vehicle,     190
3750.000000, 3712.000000, 3818.000000, 3708.000000, 3821.000000, 3746.000000, 3754.000000, 3750.000000,     small-vehicle,     193
3515.000000, 3622.000000, 3566.000000, 3619.000000, 3572.000000, 3684.000000, 3521.000000, 3688.000000,     small-vehicle,     196
1666.000000, 4086.000000, 1727.000000, 4082.000000, 1728.000000, 4119.000000, 1667.000000, 4123.000000,     small-vehicle,     198
2920.000000, 2550.000000, 2988.000000, 2548.000000, 2989.000000, 2579.000000, 2922.000000, 2580.000000,     small-vehicle,     202
1420.000000, 4062.000000, 1476.000000, 4057.000000, 1476.000000, 4093.000000, 1420.000000, 4096.000000,     small-vehicle,     203
2492.000000, 2562.000000, 2553.000000, 2561.000000, 2555.000000, 2591.000000, 2494.000000, 2592.000000,     small-vehicle,     212
123.000000, 4127.000000, 196.000000, 4122.000000, 195.000000, 4163.000000, 121.000000, 4168.000000,     small-vehicle,     213
1172.000000, 4141.000000, 1226.000000, 4137.000000, 1226.000000, 4171.000000, 1172.000000, 4174.000000,     small-vehicle,     214
982.000000, 4095.000000, 1050.000000, 4091.000000, 1049.000000, 4130.000000, 982.000000, 4135.000000,     small-vehicle,     217
2037.000000, 3232.000000, 2060.000000, 3232.000000, 2063.000000, 3282.000000, 2038.000000, 3282.000000,     small-vehicle,     223
2309.000000, 3520.000000, 2348.000000, 3517.000000, 2351.000000, 3626.000000, 2313.000000, 3628.000000,     large-vehicle,     230
1896.000000, 4010.000000, 2023.000000, 4002.000000, 2024.000000, 4071.000000, 1898.000000, 4081.000000,     large-vehicle,     231
2054.000000, 3017.000000, 2094.000000, 3016.000000, 2095.000000, 3106.000000, 2056.000000, 3106.000000,     large-vehicle,     232
706.000000, 4172.000000, 791.000000, 4167.000000, 790.000000, 4217.000000, 705.000000, 4223.000000,     large-vehicle,     236
940.000000, 4154.000000, 1042.000000, 4147.000000, 1041.000000, 4197.000000, 938.000000, 4204.000000,     large-vehicle,     237
2405.000000, 3866.000000, 2446.000000, 3862.000000, 2449.000000, 3963.000000, 2410.000000, 3966.000000,     large-vehicle,     239
1651.000000, 4038.000000, 1717.000000, 4034.000000, 1718.000000, 4076.000000, 1651.000000, 4080.000000,     large-vehicle,     240
2951.000000, 3717.000000, 3029.000000, 3711.000000, 3030.000000, 3745.000000, 2953.000000, 3749.000000,     large-vehicle,     242
2688.000000, 3832.000000, 2764.000000, 3827.000000, 2767.000000, 3875.000000, 2691.000000, 3881.000000,     large-vehicle,     243
557.000000, 4160.000000, 618.000000, 4156.000000, 617.000000, 4192.000000, 555.000000, 4197.000000,     small-vehicle,     317
3247.000000, 2493.000000, 3308.000000, 2491.000000, 3311.000000, 2523.000000, 3250.000000, 2524.000000,     small-vehicle,     329
3179.000000, 2493.000000, 3233.000000, 2491.000000, 3236.000000, 2525.000000, 3182.000000, 2526.000000,     small-vehicle,     330
3808.000000, 3747.000000, 3882.000000, 3743.000000, 3886.000000, 3786.000000, 3811.000000, 3791.000000,     small-vehicle,     334
1114.000000, 3376.000000, 1180.000000, 3373.000000, 1180.000000, 3405.000000, 1114.000000, 3409.000000,     small-vehicle,     337
3413.000000, 2464.000000, 3478.000000, 2462.000000, 3483.000000, 2521.000000, 3418.000000, 2523.000000,     large-vehicle,     345
2103.000000, 3094.000000, 2133.000000, 3093.000000, 2136.000000, 3164.000000, 2106.000000, 3165.000000,     small-vehicle,     353
1271.000000, 3372.000000, 1338.000000, 3369.000000, 1338.000000, 3405.000000, 1271.000000, 3410.000000,     small-vehicle,     360
3308.000000, 2489.000000, 3360.000000, 2488.000000, 3363.000000, 2519.000000, 3311.000000, 2520.000000,     small-vehicle,     364
3486.000000, 2465.000000, 3556.000000, 2463.000000, 3558.000000, 2498.000000, 3488.000000, 2501.000000,     small-vehicle,     382
825.000000, 4094.000000, 889.000000, 4090.000000, 888.000000, 4127.000000, 824.000000, 4132.000000,     small-vehicle,     383
3559.000000, 2451.000000, 3626.000000, 2450.000000, 3628.000000, 2486.000000, 3562.000000, 2488.000000,     small-vehicle,     385
2814.000000, 2596.000000, 2871.000000, 2595.000000, 2873.000000, 2648.000000, 2818.000000, 2649.000000,     small-vehicle,     386
1158.000000, 4018.000000, 1233.000000, 4014.000000, 1233.000000, 4050.000000, 1158.000000, 4055.000000,     small-vehicle,     409
3626.000000, 2410.000000, 3690.000000, 2409.000000, 3694.000000, 2445.000000, 3629.000000, 2447.000000,     small-vehicle,     413
2173.000000, 2963.000000, 2203.000000, 2961.000000, 2204.000000, 3040.000000, 2175.000000, 3041.000000,     small-vehicle,     421
594.000000, 4052.000000, 662.000000, 4047.000000, 662.000000, 4083.000000, 593.000000, 4088.000000,     small-vehicle,     430
2195.000000, 3224.000000, 2223.000000, 3224.000000, 2226.000000, 3299.000000, 2197.000000, 3300.000000,     small-vehicle,     431
1985.000000, 2398.000000, 2013.000000, 2397.000000, 2015.000000, 2463.000000, 1986.000000, 2465.000000,     small-vehicle,     432
2014.000000, 2390.000000, 2043.000000, 2389.000000, 2045.000000, 2453.000000, 2016.000000, 2454.000000,     small-vehicle,     433
1198.000000, 3376.000000, 1261.000000, 3373.000000, 1261.000000, 3402.000000, 1198.000000, 3407.000000,     small-vehicle,     438
3070.000000, 2553.000000, 3131.000000, 2552.000000, 3134.000000, 2586.000000, 3073.000000, 2588.000000,     small-vehicle,     445
1539.000000, 2623.000000, 1595.000000, 2621.000000, 1596.000000, 2650.000000, 1540.000000, 2652.000000,     small-vehicle,     446
2133.000000, 2825.000000, 2159.000000, 2824.000000, 2160.000000, 2891.000000, 2135.000000, 2892.000000,     small-vehicle,     457
3347.000000, 3753.000000, 3416.000000, 3748.000000, 3420.000000, 3791.000000, 3350.000000, 3796.000000,     small-vehicle,     462
1854.000000, 4027.000000, 1914.000000, 4023.000000, 1914.000000, 4073.000000, 1855.000000, 4076.000000,     small-vehicle,     463
3119.000000, 2594.000000, 3180.000000, 2592.000000, 3182.000000, 2626.000000, 3120.000000, 2627.000000,     small-vehicle,     465
2273.000000, 2311.000000, 2301.000000, 2310.000000, 2304.000000, 2386.000000, 2275.000000, 2387.000000,     small-vehicle,     484
254.000000, 2896.000000, 332.000000, 2893.000000, 331.000000, 2914.000000, 254.000000, 2917.000000,     large-vehicle,     498
1980.000000, 2337.000000, 2005.000000, 2335.000000, 2006.000000, 2394.000000, 1981.000000, 2395.000000,     small-vehicle,     506
56.000000, 2811.000000, 132.000000, 2808.000000, 130.000000, 2842.000000, 54.000000, 2845.000000,     small-vehicle,     511
2080.000000, 2642.000000, 2108.000000, 2642.000000, 2110.000000, 2709.000000, 2082.000000, 2710.000000,     small-vehicle,     531
1557.000000, 4204.000000, 1605.000000, 4200.000000, 1604.000000, 4254.000000, 1558.000000, 4258.000000,     small-vehicle,     537
2873.000000, 3732.000000, 2940.000000, 3728.000000, 2942.000000, 3770.000000, 2875.000000, 3774.000000,     large-vehicle,     553
1335.000000, 4029.000000, 1408.000000, 4024.000000, 1408.000000, 4064.000000, 1335.000000, 4069.000000,     large-vehicle,     560
2251.000000, 2181.000000, 2276.000000, 2182.000000, 2278.000000, 2242.000000, 2254.000000, 2242.000000,     small-vehicle,     564
3829.000000, 3869.000000, 3895.000000, 3865.000000, 3898.000000, 3901.000000, 3832.000000, 3906.000000,     small-vehicle,     565
2286.000000, 2190.000000, 2315.000000, 2189.000000, 2317.000000, 2253.000000, 2288.000000, 2255.000000,     small-vehicle,     568
385.000000, 4072.000000, 457.000000, 4068.000000, 455.000000, 4106.000000, 383.000000, 4110.000000,     small-vehicle,     569
1644.000000, 2695.000000, 1702.000000, 2694.000000, 1702.000000, 2717.000000, 1644.000000, 2719.000000,     small-vehicle,     575
3510.000000, 2549.000000, 3576.000000, 2547.000000, 3578.000000, 2580.000000, 3512.000000, 2582.000000,     small-vehicle,     577
3631.000000, 2442.000000, 3693.000000, 2440.000000, 3696.000000, 2478.000000, 3633.000000, 2479.000000,     small-vehicle,     578
2583.000000, 3858.000000, 2643.000000, 3854.000000, 2644.000000, 3885.000000, 2584.000000, 3889.000000,     small-vehicle,     583
2281.000000, 2113.000000, 2306.000000, 2114.000000, 2309.000000, 2178.000000, 2283.000000, 2179.000000,     small-vehicle,     590
2035.000000, 3117.000000, 2074.000000, 3115.000000, 2076.000000, 3190.000000, 2036.000000, 3191.000000,     small-vehicle,     591
1989.000000, 2137.000000, 2018.000000, 2137.000000, 2019.000000, 2206.000000, 1991.000000, 2207.000000,     small-vehicle,     593
2328.000000, 3232.000000, 2361.000000, 3231.000000, 2364.000000, 3309.000000, 2331.000000, 3311.000000,     small-vehicle,     595
1868.000000, 3759.000000, 1924.000000, 3756.000000, 1925.000000, 3795.000000, 1869.000000, 3799.000000,     small-vehicle,     598
1335.000000, 4054.000000, 1402.000000, 4050.000000, 1403.000000, 4090.000000, 1335.000000, 4094.000000,     small-vehicle,     613
2689.000000, 2644.000000, 2737.000000, 2642.000000, 2739.000000, 2672.000000, 2690.000000, 2673.000000,     small-vehicle,     614
984.000000, 4031.000000, 1041.000000, 4027.000000, 1040.000000, 4065.000000, 982.000000, 4069.000000,     small-vehicle,     615
2263.000000, 2032.000000, 2289.000000, 2032.000000, 2291.000000, 2092.000000, 2266.000000, 2091.000000,     small-vehicle,     632
2036.000000, 2192.000000, 2064.000000, 2191.000000, 2066.000000, 2270.000000, 2036.000000, 2269.000000,     small-vehicle,     635
2947.000000, 2612.000000, 3009.000000, 2610.000000, 3010.000000, 2644.000000, 2949.000000, 2645.000000,     small-vehicle,     636
3727.000000, 3698.000000, 3800.000000, 3693.000000, 3804.000000, 3736.000000, 3730.000000, 3741.000000,     small-vehicle,     637
1991.000000, 2013.000000, 2017.000000, 2012.000000, 2018.000000, 2079.000000, 1993.000000, 2078.000000,     small-vehicle,     638
1780.000000, 3928.000000, 1836.000000, 3923.000000, 1836.000000, 3955.000000, 1780.000000, 3960.000000,     small-vehicle,     659
1954.000000, 1971.000000, 1982.000000, 1970.000000, 1983.000000, 2031.000000, 1956.000000, 2030.000000,     small-vehicle,     660
151.000000, 4079.000000, 212.000000, 4075.000000, 212.000000, 4108.000000, 150.000000, 4112.000000,     small-vehicle,     661
2381.000000, 3985.000000, 2420.000000, 3981.000000, 2424.000000, 4074.000000, 2385.000000, 4076.000000,     small-vehicle,     662
2072.000000, 2084.000000, 2099.000000, 2083.000000, 2100.000000, 2149.000000, 2075.000000, 2148.000000,     small-vehicle,     663
2296.000000, 3532.000000, 2331.000000, 3530.000000, 2334.000000, 3612.000000, 2297.000000, 3614.000000,     small-vehicle,     664
1771.000000, 4072.000000, 1837.000000, 4067.000000, 1838.000000, 4105.000000, 1772.000000, 4110.000000,     small-vehicle,     665
2263.000000, 1948.000000, 2289.000000, 1948.000000, 2292.000000, 2011.000000, 2266.000000, 2013.000000,     small-vehicle,     666
2139.000000, 2651.000000, 2170.000000, 2650.000000, 2172.000000, 2710.000000, 2140.000000, 2711.000000,     small-vehicle,     667
521.000000, 2009.000000, 583.000000, 2008.000000, 582.000000, 2041.000000, 520.000000, 2042.000000,     small-vehicle,     668
75.000000, 4105.000000, 159.000000, 4099.000000, 157.000000, 4142.000000, 73.000000, 4147.000000,     small-vehicle,     669
75.000000, 4112.000000, 157.000000, 4104.000000, 154.000000, 4150.000000, 72.000000, 4156.000000,     small-vehicle,     672
213.000000, 4171.000000, 286.000000, 4166.000000, 284.000000, 4210.000000, 211.000000, 4216.000000,     large-vehicle,     676
75.000000, 4144.000000, 157.000000, 4137.000000, 155.000000, 4181.000000, 72.000000, 4186.000000,     large-vehicle,     678
3439.000000, 3748.000000, 3508.000000, 3743.000000, 3512.000000, 3784.000000, 3441.000000, 3788.000000,     small-vehicle,     685
3703.000000, 3894.000000, 3769.000000, 3889.000000, 3772.000000, 3925.000000, 3707.000000, 3931.000000,     small-vehicle,     686
433.000000, 2902.000000, 498.000000, 2899.000000, 497.000000, 2930.000000, 433.000000, 2932.000000,     small-vehicle,     687
863.000000, 4373.000000, 893.000000, 4370.000000, 892.000000, 4433.000000, 861.000000, 4434.000000,     small-vehicle,     691
2777.000000, 3743.000000, 2852.000000, 3739.000000, 2854.000000, 3770.000000, 2780.000000, 3775.000000,     large-vehicle,     692
1814.000000, 3826.000000, 1879.000000, 3821.000000, 1880.000000, 3860.000000, 1815.000000, 3864.000000,     large-vehicle,     693
2301.000000, 2846.000000, 2331.000000, 2845.000000, 2334.000000, 2916.000000, 2303.000000, 2916.000000,     large-vehicle,     695
2670.000000, 3848.000000, 2780.000000, 3840.000000, 2784.000000, 3892.000000, 2672.000000, 3900.000000,     large-vehicle,     697
2380.000000, 3986.000000, 2419.000000, 3983.000000, 2423.000000, 4075.000000, 2384.000000, 4077.000000,     large-vehicle,     698
2306.000000, 2360.000000, 2333.000000, 2359.000000, 2335.000000, 2438.000000, 2309.000000, 2438.000000,     large-vehicle,     700
1949.000000, 1900.000000, 1974.000000, 1900.000000, 1975.000000, 1956.000000, 1950.000000, 1956.000000,     small-vehicle,     704
2299.000000, 2825.000000, 2331.000000, 2823.000000, 2333.000000, 2897.000000, 2302.000000, 2898.000000,     small-vehicle,     705
1964.000000, 3955.000000, 2032.000000, 3950.000000, 2033.000000, 3986.000000, 1965.000000, 3991.000000,     small-vehicle,     706
2248.000000, 2984.000000, 2267.000000, 2985.000000, 2268.000000, 3029.000000, 2249.000000, 3030.000000,     small-vehicle,     707
656.000000, 2864.000000, 720.000000, 2861.000000, 718.000000, 2920.000000, 655.000000, 2922.000000,     small-vehicle,     708
2767.000000, 3760.000000, 2835.000000, 3756.000000, 2837.000000, 3794.000000, 2769.000000, 3799.000000,     small-vehicle,     709
2666.000000, 3774.000000, 2744.000000, 3768.000000, 2745.000000, 3811.000000, 2668.000000, 3816.000000,     small-vehicle,     710
1027.000000, 3926.000000, 1075.000000, 3921.000000, 1074.000000, 3952.000000, 1027.000000, 3955.000000,     small-vehicle,     713
2288.000000, 3247.000000, 2324.000000, 3245.000000, 2325.000000, 3308.000000, 2291.000000, 3308.000000,     small-vehicle,     716
2258.000000, 1861.000000, 2282.000000, 1861.000000, 2284.000000, 1919.000000, 2260.000000, 1919.000000,     small-vehicle,     718
2691.000000, 2514.000000, 2756.000000, 2511.000000, 2756.000000, 2549.000000, 2693.000000, 2550.000000,     small-vehicle,     719
2327.000000, 3233.000000, 2360.000000, 3232.000000, 2363.000000, 3308.000000, 2330.000000, 3310.000000,     large-vehicle,     720
3019.000000, 2600.000000, 3085.000000, 2597.000000, 3087.000000, 2632.000000, 3022.000000, 2634.000000,     large-vehicle,     721
2668.000000, 3794.000000, 2745.000000, 3788.000000, 2747.000000, 3829.000000, 2669.000000, 3833.000000,     large-vehicle,     722
2297.000000, 3527.000000, 2331.000000, 3525.000000, 2334.000000, 3609.000000, 2299.000000, 3610.000000,     large-vehicle,     723
1335.000000, 4062.000000, 1408.000000, 4055.000000, 1408.000000, 4094.000000, 1335.000000, 4099.000000,     large-vehicle,     724
3002.000000, 3774.000000, 3066.000000, 3770.000000, 3069.000000, 3813.000000, 3005.000000, 3818.000000,     large-vehicle,     725
3833.000000, 3873.000000, 3898.000000, 3869.000000, 3901.000000, 3909.000000, 3837.000000, 3914.000000,     large-vehicle,     726
2696.000000, 2545.000000, 2756.000000, 2544.000000, 2759.000000, 2580.000000, 2698.000000, 2582.000000,     large-vehicle,     727
2087.000000, 2365.000000, 2123.000000, 2363.000000, 2126.000000, 2460.000000, 2089.000000, 2461.000000,     large-vehicle,     728
2302.000000, 2851.000000, 2334.000000, 2850.000000, 2337.000000, 2926.000000, 2304.000000, 2927.000000,     small-vehicle,     729
2542.000000, 3976.000000, 2605.000000, 3970.000000, 2607.000000, 4021.000000, 2543.000000, 4028.000000,     small-vehicle,     730
2771.000000, 3791.000000, 2836.000000, 3787.000000, 2838.000000, 3822.000000, 2774.000000, 3827.000000,     small-vehicle,     731
606.000000, 2017.000000, 704.000000, 2015.000000, 702.000000, 2051.000000, 605.000000, 2052.000000,     small-vehicle,     732
2776.000000, 3742.000000, 2844.000000, 3738.000000, 2845.000000, 3769.000000, 2779.000000, 3774.000000,     small-vehicle,     733
211.000000, 4167.000000, 288.000000, 4162.000000, 285.000000, 4204.000000, 209.000000, 4208.000000,     small-vehicle,     734
3847.000000, 3901.000000, 3911.000000, 3896.000000, 3914.000000, 3931.000000, 3849.000000, 3935.000000,     small-vehicle,     735
2564.000000, 2654.000000, 2616.000000, 2651.000000, 2617.000000, 2678.000000, 2566.000000, 2679.000000,     small-vehicle,     736
3021.000000, 2606.000000, 3086.000000, 2604.000000, 3088.000000, 2640.000000, 3024.000000, 2641.000000,     small-vehicle,     737
2354.000000, 4059.000000, 2377.000000, 4057.000000, 2380.000000, 4118.000000, 2356.000000, 4121.000000,     small-vehicle,     738
1392.000000, 3551.000000, 1409.000000, 3549.000000, 1409.000000, 3586.000000, 1392.000000, 3587.000000,     small-vehicle,     739
423.000000, 3669.000000, 452.000000, 3669.000000, 450.000000, 3722.000000, 421.000000, 3724.000000,     small-vehicle,     740
1814.000000, 3808.000000, 1877.000000, 3804.000000, 1877.000000, 3842.000000, 1815.000000, 3846.000000,     small-vehicle,     741
76.000000, 4135.000000, 157.000000, 4129.000000, 156.000000, 4175.000000, 74.000000, 4180.000000,     small-vehicle,     742
2317.000000, 1841.000000, 2332.000000, 1842.000000, 2333.000000, 1868.000000, 2319.000000, 1868.000000,     small-vehicle,     743
2021.000000, 1909.000000, 2057.000000, 1910.000000, 2059.000000, 2000.000000, 2023.000000, 1999.000000,     large-vehicle,     744
2699.000000, 2542.000000, 2755.000000, 2540.000000, 2757.000000, 2574.000000, 2702.000000, 2575.000000,     small-vehicle,     745
2328.000000, 3225.000000, 2361.000000, 3224.000000, 2364.000000, 3302.000000, 2330.000000, 3303.000000,     large-vehicle,     746
2768.000000, 3788.000000, 2838.000000, 3783.000000, 2840.000000, 3826.000000, 2771.000000, 3831.000000,     large-vehicle,     747
2537.000000, 3964.000000, 2604.000000, 3960.000000, 2606.000000, 4020.000000, 2539.000000, 4027.000000,     large-vehicle,     748
1779.000000, 3901.000000, 1838.000000, 3896.000000, 1838.000000, 3931.000000, 1781.000000, 3935.000000,     large-vehicle,     749
