2064.000000, 3496.000000, 2094.000000, 3494.000000, 2095.000000, 3559.000000, 2066.000000, 3561.000000,     small-vehicle,     0
2395.000000, 3545.000000, 2425.000000, 3543.000000, 2426.000000, 3612.000000, 2398.000000, 3614.000000,     small-vehicle,     1
2071.000000, 3578.000000, 2096.000000, 3576.000000, 2097.000000, 3639.000000, 2073.000000, 3641.000000,     small-vehicle,     2
2264.000000, 4101.000000, 2288.000000, 4099.000000, 2289.000000, 4153.000000, 2265.000000, 4155.000000,     small-vehicle,     3
2077.000000, 3212.000000, 2105.000000, 3211.000000, 2107.000000, 3272.000000, 2078.000000, 3274.000000,     small-vehicle,     4
2413.000000, 3897.000000, 2443.000000, 3895.000000, 2444.000000, 3965.000000, 2416.000000, 3968.000000,     small-vehicle,     5
2386.000000, 3726.000000, 2415.000000, 3724.000000, 2417.000000, 3801.000000, 2388.000000, 3804.000000,     small-vehicle,     8
1449.000000, 3608.000000, 1481.000000, 3605.000000, 1481.000000, 3681.000000, 1450.000000, 3683.000000,     small-vehicle,     12
2390.000000, 3462.000000, 2422.000000, 3459.000000, 2424.000000, 3532.000000, 2391.000000, 3533.000000,     small-vehicle,     17
2367.000000, 3649.000000, 2420.000000, 3645.000000, 2422.000000, 3714.000000, 2369.000000, 3717.000000,     small-vehicle,     19
2091.000000, 3396.000000, 2119.000000, 3393.000000, 2120.000000, 3465.000000, 2093.000000, 3466.000000,     small-vehicle,     21
2425.000000, 3992.000000, 2455.000000, 3989.000000, 2457.000000, 4064.000000, 2426.000000, 4067.000000,     small-vehicle,     26
2324.000000, 3709.000000, 2359.000000, 3706.000000, 2362.000000, 3793.000000, 2326.000000, 3795.000000,     small-vehicle,     29
2403.000000, 3809.000000, 2438.000000, 3807.000000, 2440.000000, 3883.000000, 2404.000000, 3886.000000,     small-vehicle,     32
2166.000000, 3990.000000, 2192.000000, 3988.000000, 2194.000000, 4062.000000, 2167.000000, 4065.000000,     small-vehicle,     36
2389.000000, 3967.000000, 2420.000000, 3964.000000, 2421.000000, 4040.000000, 2392.000000, 4042.000000,     small-vehicle,     40
1386.000000, 3445.000000, 1443.000000, 3441.000000, 1443.000000, 3482.000000, 1387.000000, 3486.000000,     small-vehicle,     41
2428.000000, 4109.000000, 2461.000000, 4106.000000, 2463.000000, 4186.000000, 2430.000000, 4189.000000,     small-vehicle,     42
1450.000000, 3533.000000, 1478.000000, 3530.000000, 1479.000000, 3592.000000, 1450.000000, 3594.000000,     small-vehicle,     43
2356.000000, 3353.000000, 2382.000000, 3350.000000, 2385.000000, 3431.000000, 2357.000000, 3434.000000,     small-vehicle,     46
2415.000000, 3730.000000, 2440.000000, 3728.000000, 2441.000000, 3790.000000, 2417.000000, 3792.000000,     small-vehicle,     48
2284.000000, 2290.000000, 2343.000000, 2288.000000, 2345.000000, 2342.000000, 2285.000000, 2344.000000,     small-vehicle,     66
1439.000000, 3796.000000, 1472.000000, 3793.000000, 1472.000000, 3867.000000, 1439.000000, 3869.000000,     small-vehicle,     75
2215.000000, 4063.000000, 2242.000000, 4061.000000, 2244.000000, 4145.000000, 2217.000000, 4147.000000,     small-vehicle,     76
2110.000000, 4090.000000, 2138.000000, 4088.000000, 2139.000000, 4154.000000, 2112.000000, 4156.000000,     small-vehicle,     77
456.000000, 3602.000000, 519.000000, 3598.000000, 519.000000, 3631.000000, 455.000000, 3635.000000,     small-vehicle,     79
3020.000000, 3196.000000, 3062.000000, 3194.000000, 3063.000000, 3215.000000, 3020.000000, 3218.000000,     small-vehicle,     85
2347.000000, 3569.000000, 2376.000000, 3567.000000, 2378.000000, 3643.000000, 2348.000000, 3646.000000,     small-vehicle,     86
2254.000000, 3969.000000, 2286.000000, 3966.000000, 2288.000000, 4053.000000, 2256.000000, 4056.000000,     small-vehicle,     90
2159.000000, 4093.000000, 2190.000000, 4091.000000, 2191.000000, 4160.000000, 2161.000000, 4163.000000,     small-vehicle,     101
2131.000000, 4004.000000, 2161.000000, 4002.000000, 2161.000000, 4076.000000, 2133.000000, 4079.000000,     small-vehicle,     110
2308.000000, 3910.000000, 2337.000000, 3907.000000, 2339.000000, 3984.000000, 2309.000000, 3986.000000,     small-vehicle,     114
2069.000000, 3135.000000, 2099.000000, 3134.000000, 2101.000000, 3197.000000, 2070.000000, 3200.000000,     small-vehicle,     120
2201.000000, 3955.000000, 2233.000000, 3952.000000, 2234.000000, 4031.000000, 2203.000000, 4033.000000,     small-vehicle,     127
1437.000000, 3896.000000, 1465.000000, 3893.000000, 1465.000000, 3961.000000, 1437.000000, 3963.000000,     small-vehicle,     132
1429.000000, 4124.000000, 1459.000000, 4122.000000, 1460.000000, 4190.000000, 1429.000000, 4194.000000,     small-vehicle,     140
2114.000000, 3944.000000, 2134.000000, 3942.000000, 2135.000000, 3995.000000, 2114.000000, 3997.000000,     small-vehicle,     144
2224.000000, 2485.000000, 2253.000000, 2484.000000, 2255.000000, 2551.000000, 2225.000000, 2552.000000,     small-vehicle,     148
1814.000000, 3276.000000, 1875.000000, 3272.000000, 1875.000000, 3302.000000, 1814.000000, 3306.000000,     small-vehicle,     164
165.000000, 3600.000000, 246.000000, 3594.000000, 244.000000, 3630.000000, 164.000000, 3636.000000,     small-vehicle,     165
2915.000000, 3196.000000, 2985.000000, 3191.000000, 2986.000000, 3224.000000, 2917.000000, 3228.000000,     small-vehicle,     202
2083.000000, 3885.000000, 2109.000000, 3882.000000, 2110.000000, 3933.000000, 2084.000000, 3934.000000,     small-vehicle,     223
2181.000000, 2093.000000, 2217.000000, 2092.000000, 2220.000000, 2191.000000, 2183.000000, 2191.000000,     large-vehicle,     230
2103.000000, 3665.000000, 2144.000000, 3662.000000, 2146.000000, 3750.000000, 2105.000000, 3754.000000,     large-vehicle,     232
2296.000000, 3148.000000, 2329.000000, 3145.000000, 2331.000000, 3235.000000, 2298.000000, 3237.000000,     large-vehicle,     239
1147.000000, 4047.000000, 1211.000000, 4042.000000, 1211.000000, 4078.000000, 1147.000000, 4083.000000,     small-vehicle,     337
2160.000000, 3878.000000, 2188.000000, 3875.000000, 2190.000000, 3944.000000, 2161.000000, 3946.000000,     small-vehicle,     353
2890.000000, 3235.000000, 2951.000000, 3231.000000, 2953.000000, 3278.000000, 2892.000000, 3282.000000,     small-vehicle,     386
2237.000000, 3746.000000, 2265.000000, 3743.000000, 2267.000000, 3824.000000, 2238.000000, 3827.000000,     small-vehicle,     421
2244.000000, 3863.000000, 2273.000000, 3861.000000, 2274.000000, 3934.000000, 2246.000000, 3937.000000,     small-vehicle,     431
2037.000000, 3032.000000, 2066.000000, 3031.000000, 2067.000000, 3097.000000, 2038.000000, 3100.000000,     small-vehicle,     432
2068.000000, 3022.000000, 2098.000000, 3021.000000, 2098.000000, 3086.000000, 2069.000000, 3089.000000,     small-vehicle,     433
3126.000000, 3174.000000, 3188.000000, 3170.000000, 3190.000000, 3203.000000, 3128.000000, 3207.000000,     small-vehicle,     445
2206.000000, 3832.000000, 2231.000000, 3829.000000, 2232.000000, 3891.000000, 2207.000000, 3892.000000,     small-vehicle,     457
273.000000, 3602.000000, 355.000000, 3596.000000, 355.000000, 3620.000000, 273.000000, 3625.000000,     large-vehicle,     498
2164.000000, 3734.000000, 2191.000000, 3731.000000, 2192.000000, 3799.000000, 2166.000000, 3801.000000,     small-vehicle,     531
2314.000000, 2803.000000, 2339.000000, 2802.000000, 2340.000000, 2862.000000, 2315.000000, 2863.000000,     small-vehicle,     564
2349.000000, 2817.000000, 2378.000000, 2816.000000, 2379.000000, 2876.000000, 2351.000000, 2877.000000,     small-vehicle,     568
1690.000000, 3343.000000, 1748.000000, 3339.000000, 1748.000000, 3368.000000, 1690.000000, 3372.000000,     small-vehicle,     575
3604.000000, 3164.000000, 3657.000000, 3162.000000, 3659.000000, 3191.000000, 3606.000000, 3195.000000,     small-vehicle,     577
2343.000000, 2731.000000, 2370.000000, 2729.000000, 2371.000000, 2800.000000, 2345.000000, 2801.000000,     small-vehicle,     590
2082.000000, 3763.000000, 2122.000000, 3760.000000, 2124.000000, 3833.000000, 2084.000000, 3836.000000,     small-vehicle,     591
2044.000000, 2768.000000, 2075.000000, 2766.000000, 2077.000000, 2836.000000, 2046.000000, 2837.000000,     small-vehicle,     593
2754.000000, 3270.000000, 2811.000000, 3266.000000, 2812.000000, 3294.000000, 2755.000000, 3298.000000,     small-vehicle,     614
2326.000000, 2649.000000, 2353.000000, 2648.000000, 2355.000000, 2711.000000, 2328.000000, 2712.000000,     small-vehicle,     632
2131.000000, 3410.000000, 2161.000000, 3407.000000, 2163.000000, 3493.000000, 2132.000000, 3495.000000,     small-vehicle,     635
3018.000000, 3233.000000, 3081.000000, 3229.000000, 3082.000000, 3261.000000, 3020.000000, 3265.000000,     small-vehicle,     636
2011.000000, 2593.000000, 2037.000000, 2591.000000, 2039.000000, 2655.000000, 2011.000000, 2656.000000,     small-vehicle,     660
2291.000000, 3575.000000, 2320.000000, 3572.000000, 2322.000000, 3645.000000, 2292.000000, 3647.000000,     small-vehicle,     664
2327.000000, 2560.000000, 2355.000000, 2559.000000, 2356.000000, 2626.000000, 2329.000000, 2628.000000,     small-vehicle,     666
2227.000000, 3563.000000, 2254.000000, 3561.000000, 2255.000000, 3621.000000, 2227.000000, 3622.000000,     small-vehicle,     667
541.000000, 2709.000000, 600.000000, 2706.000000, 600.000000, 2731.000000, 540.000000, 2734.000000,     small-vehicle,     668
2004.000000, 2520.000000, 2031.000000, 2519.000000, 2031.000000, 2576.000000, 2005.000000, 2577.000000,     small-vehicle,     704
2323.000000, 2474.000000, 2350.000000, 2474.000000, 2351.000000, 2535.000000, 2325.000000, 2537.000000,     small-vehicle,     718
2627.000000, 3282.000000, 2678.000000, 3278.000000, 2680.000000, 3308.000000, 2628.000000, 3311.000000,     small-vehicle,     736
2111.000000, 3079.000000, 2146.000000, 3077.000000, 2148.000000, 3163.000000, 2113.000000, 3165.000000,     large-vehicle,     744
2563.000000, 3291.000000, 2617.000000, 3288.000000, 2619.000000, 3319.000000, 2564.000000, 3323.000000,     small-vehicle,     756
2279.000000, 2370.000000, 2313.000000, 2369.000000, 2315.000000, 2448.000000, 2281.000000, 2450.000000,     small-vehicle,     761
1997.000000, 2434.000000, 2029.000000, 2434.000000, 2031.000000, 2506.000000, 1998.000000, 2507.000000,     small-vehicle,     762
1898.000000, 3346.000000, 1953.000000, 3342.000000, 1954.000000, 3364.000000, 1899.000000, 3368.000000,     small-vehicle,     765
3291.000000, 3201.000000, 3348.000000, 3197.000000, 3350.000000, 3229.000000, 3293.000000, 3233.000000,     small-vehicle,     789
3738.000000, 3142.000000, 3800.000000, 3138.000000, 3802.000000, 3173.000000, 3740.000000, 3177.000000,     small-vehicle,     792
1985.000000, 2295.000000, 2015.000000, 2294.000000, 2016.000000, 2362.000000, 1986.000000, 2363.000000,     small-vehicle,     813
3422.000000, 2305.000000, 3444.000000, 2305.000000, 3447.000000, 2365.000000, 3424.000000, 2365.000000,     small-vehicle,     815
2111.000000, 2602.000000, 2141.000000, 2600.000000, 2143.000000, 2669.000000, 2112.000000, 2670.000000,     small-vehicle,     816
2505.000000, 2309.000000, 2555.000000, 2308.000000, 2556.000000, 2337.000000, 2506.000000, 2339.000000,     small-vehicle,     818
2701.000000, 3258.000000, 2749.000000, 3255.000000, 2752.000000, 3316.000000, 2703.000000, 3319.000000,     small-vehicle,     824
1995.000000, 2246.000000, 2018.000000, 2246.000000, 2019.000000, 2287.000000, 1995.000000, 2287.000000,     small-vehicle,     840
2486.000000, 2227.000000, 2543.000000, 2226.000000, 2544.000000, 2253.000000, 2486.000000, 2255.000000,     small-vehicle,     841
2549.000000, 2214.000000, 2606.000000, 2212.000000, 2607.000000, 2250.000000, 2550.000000, 2252.000000,     small-vehicle,     845
1314.000000, 3464.000000, 1375.000000, 3460.000000, 1374.000000, 3500.000000, 1314.000000, 3504.000000,     small-vehicle,     846
1794.000000, 2744.000000, 1852.000000, 2742.000000, 1852.000000, 2768.000000, 1795.000000, 2771.000000,     small-vehicle,     847
2177.000000, 3536.000000, 2218.000000, 3533.000000, 2219.000000, 3634.000000, 2179.000000, 3637.000000,     large-vehicle,     856
2106.000000, 2436.000000, 2136.000000, 2434.000000, 2137.000000, 2500.000000, 2107.000000, 2500.000000,     small-vehicle,     867
2813.000000, 2190.000000, 2870.000000, 2188.000000, 2872.000000, 2222.000000, 2814.000000, 2224.000000,     small-vehicle,     870
618.000000, 2717.000000, 716.000000, 2712.000000, 716.000000, 2743.000000, 618.000000, 2747.000000,     small-vehicle,     871
2935.000000, 2175.000000, 3000.000000, 2173.000000, 3001.000000, 2195.000000, 2936.000000, 2197.000000,     small-vehicle,     875
1619.000000, 3352.000000, 1681.000000, 3348.000000, 1681.000000, 3392.000000, 1619.000000, 3396.000000,     small-vehicle,     876
3189.000000, 3123.000000, 3236.000000, 3119.000000, 3237.000000, 3149.000000, 3191.000000, 3152.000000,     small-vehicle,     877
3413.000000, 2221.000000, 3438.000000, 2220.000000, 3441.000000, 2270.000000, 3415.000000, 2271.000000,     small-vehicle,     878
2744.000000, 2192.000000, 2793.000000, 2191.000000, 2794.000000, 2221.000000, 2744.000000, 2222.000000,     small-vehicle,     879
2685.000000, 2203.000000, 2738.000000, 2202.000000, 2739.000000, 2235.000000, 2686.000000, 2236.000000,     small-vehicle,     880
2113.000000, 3855.000000, 2142.000000, 3852.000000, 2142.000000, 3926.000000, 2115.000000, 3928.000000,     small-vehicle,     884
1971.000000, 2191.000000, 1992.000000, 2191.000000, 1993.000000, 2243.000000, 1972.000000, 2244.000000,     small-vehicle,     885
3479.000000, 2105.000000, 3528.000000, 2104.000000, 3529.000000, 2134.000000, 3480.000000, 2135.000000,     small-vehicle,     886
3119.000000, 2149.000000, 3182.000000, 2148.000000, 3184.000000, 2176.000000, 3121.000000, 2178.000000,     small-vehicle,     889
1400.000000, 2505.000000, 1422.000000, 2504.000000, 1422.000000, 2560.000000, 1400.000000, 2560.000000,     small-vehicle,     890
1975.000000, 2123.000000, 1997.000000, 2123.000000, 1998.000000, 2182.000000, 1976.000000, 2183.000000,     small-vehicle,     892
3246.000000, 2136.000000, 3301.000000, 2135.000000, 3303.000000, 2166.000000, 3247.000000, 2168.000000,     small-vehicle,     893
3422.000000, 2110.000000, 3474.000000, 2109.000000, 3475.000000, 2137.000000, 3424.000000, 2139.000000,     small-vehicle,     894
3034.000000, 2154.000000, 3091.000000, 2153.000000, 3093.000000, 2189.000000, 3036.000000, 2190.000000,     small-vehicle,     895
3580.000000, 2090.000000, 3637.000000, 2088.000000, 3639.000000, 2116.000000, 3582.000000, 2118.000000,     small-vehicle,     897
3427.000000, 2189.000000, 3464.000000, 2189.000000, 3466.000000, 2214.000000, 3428.000000, 2216.000000,     small-vehicle,     901
2880.000000, 2180.000000, 2934.000000, 2178.000000, 2935.000000, 2206.000000, 2881.000000, 2207.000000,     small-vehicle,     904
661.000000, 3174.000000, 730.000000, 3170.000000, 729.000000, 3209.000000, 661.000000, 3213.000000,     small-vehicle,     909
3232.000000, 2218.000000, 3284.000000, 2216.000000, 3286.000000, 2247.000000, 3233.000000, 2248.000000,     small-vehicle,     916
2284.000000, 2027.000000, 2315.000000, 2026.000000, 2317.000000, 2098.000000, 2285.000000, 2100.000000,     small-vehicle,     917
895.000000, 3564.000000, 960.000000, 3560.000000, 960.000000, 3599.000000, 895.000000, 3604.000000,     small-vehicle,     919
2264.000000, 2075.000000, 2295.000000, 2074.000000, 2297.000000, 2139.000000, 2265.000000, 2140.000000,     small-vehicle,     921
3716.000000, 2069.000000, 3765.000000, 2068.000000, 3766.000000, 2097.000000, 3718.000000, 2099.000000,     small-vehicle,     924
2064.000000, 2376.000000, 2093.000000, 2375.000000, 2094.000000, 2439.000000, 2065.000000, 2441.000000,     small-vehicle,     930
2356.000000, 3487.000000, 2389.000000, 3484.000000, 2390.000000, 3559.000000, 2358.000000, 3561.000000,     small-vehicle,     941
3665.000000, 3155.000000, 3731.000000, 3151.000000, 3733.000000, 3180.000000, 3667.000000, 3184.000000,     small-vehicle,     943
2278.000000, 1944.000000, 2308.000000, 1944.000000, 2310.000000, 2016.000000, 2280.000000, 2016.000000,     small-vehicle,     944
2334.000000, 4121.000000, 2372.000000, 4118.000000, 2373.000000, 4207.000000, 2337.000000, 4210.000000,     small-vehicle,     945
1964.000000, 1977.000000, 1993.000000, 1975.000000, 1994.000000, 2041.000000, 1965.000000, 2041.000000,     small-vehicle,     949
3350.000000, 3193.000000, 3414.000000, 3189.000000, 3416.000000, 3215.000000, 3352.000000, 3219.000000,     small-vehicle,     951
3577.000000, 3079.000000, 3633.000000, 3075.000000, 3635.000000, 3103.000000, 3579.000000, 3105.000000,     small-vehicle,     953
3169.000000, 2227.000000, 3223.000000, 2224.000000, 3225.000000, 2257.000000, 3171.000000, 2258.000000,     small-vehicle,     962
1086.000000, 1966.000000, 1139.000000, 1964.000000, 1139.000000, 2000.000000, 1086.000000, 2001.000000,     small-vehicle,     964
872.000000, 1983.000000, 941.000000, 1982.000000, 941.000000, 2014.000000, 871.000000, 2015.000000,     small-vehicle,     966
3582.000000, 2170.000000, 3624.000000, 2169.000000, 3626.000000, 2195.000000, 3582.000000, 2197.000000,     small-vehicle,     969
1264.000000, 1962.000000, 1290.000000, 1961.000000, 1289.000000, 2010.000000, 1264.000000, 2010.000000,     small-vehicle,     971
3094.000000, 3227.000000, 3162.000000, 3223.000000, 3163.000000, 3258.000000, 3096.000000, 3262.000000,     small-vehicle,     972
1660.000000, 2749.000000, 1721.000000, 2747.000000, 1721.000000, 2771.000000, 1660.000000, 2773.000000,     small-vehicle,     973
1259.000000, 2193.000000, 1298.000000, 2192.000000, 1298.000000, 2223.000000, 1259.000000, 2223.000000,     small-vehicle,     975
2015.000000, 2850.000000, 2036.000000, 2849.000000, 2037.000000, 2899.000000, 2016.000000, 2900.000000,     small-vehicle,     976
2082.000000, 2121.000000, 2110.000000, 2121.000000, 2112.000000, 2187.000000, 2082.000000, 2188.000000,     small-vehicle,     980
1958.000000, 1905.000000, 1986.000000, 1904.000000, 1987.000000, 1969.000000, 1959.000000, 1969.000000,     small-vehicle,     981
3728.000000, 3065.000000, 3782.000000, 3062.000000, 3784.000000, 3079.000000, 3730.000000, 3082.000000,     large-vehicle,     982
2244.000000, 1906.000000, 2273.000000, 1906.000000, 2274.000000, 1975.000000, 2244.000000, 1975.000000,     small-vehicle,     986
1012.000000, 1975.000000, 1070.000000, 1974.000000, 1069.000000, 2001.000000, 1012.000000, 2002.000000,     small-vehicle,     987
2170.000000, 3285.000000, 2199.000000, 3283.000000, 2201.000000, 3341.000000, 2171.000000, 3344.000000,     small-vehicle,     988
1163.000000, 1962.000000, 1225.000000, 1962.000000, 1225.000000, 1991.000000, 1163.000000, 1993.000000,     small-vehicle,     989
774.000000, 1897.000000, 843.000000, 1896.000000, 842.000000, 1930.000000, 773.000000, 1932.000000,     small-vehicle,     990
2124.000000, 2853.000000, 2151.000000, 2852.000000, 2152.000000, 2924.000000, 2125.000000, 2926.000000,     small-vehicle,     991
2659.000000, 2286.000000, 2707.000000, 2285.000000, 2707.000000, 2314.000000, 2660.000000, 2315.000000,     small-vehicle,     994
96.000000, 1982.000000, 157.000000, 1981.000000, 156.000000, 2008.000000, 95.000000, 2010.000000,     small-vehicle,     995
1982.000000, 1824.000000, 2010.000000, 1824.000000, 2012.000000, 1886.000000, 1983.000000, 1887.000000,     small-vehicle,     996
373.000000, 1946.000000, 434.000000, 1946.000000, 433.000000, 1975.000000, 373.000000, 1976.000000,     small-vehicle,     997
1956.000000, 1841.000000, 1982.000000, 1841.000000, 1983.000000, 1902.000000, 1957.000000, 1903.000000,     small-vehicle,     998
2275.000000, 1870.000000, 2303.000000, 1870.000000, 2305.000000, 1931.000000, 2276.000000, 1933.000000,     small-vehicle,     1001
1446.000000, 2803.000000, 1554.000000, 2798.000000, 1554.000000, 2839.000000, 1446.000000, 2844.000000,     large-vehicle,     1007
446.000000, 1941.000000, 501.000000, 1939.000000, 501.000000, 1969.000000, 445.000000, 1971.000000,     small-vehicle,     1008
1150.000000, 1869.000000, 1220.000000, 1868.000000, 1220.000000, 1901.000000, 1150.000000, 1902.000000,     small-vehicle,     1009
2045.000000, 2179.000000, 2073.000000, 2179.000000, 2075.000000, 2257.000000, 2046.000000, 2258.000000,     small-vehicle,     1010
984.000000, 1883.000000, 1054.000000, 1882.000000, 1052.000000, 1913.000000, 983.000000, 1914.000000,     small-vehicle,     1012
681.000000, 1898.000000, 732.000000, 1897.000000, 732.000000, 1928.000000, 680.000000, 1929.000000,     small-vehicle,     1013
1067.000000, 1874.000000, 1122.000000, 1874.000000, 1122.000000, 1904.000000, 1067.000000, 1905.000000,     small-vehicle,     1014
2334.000000, 2936.000000, 2361.000000, 2934.000000, 2362.000000, 3014.000000, 2337.000000, 3016.000000,     small-vehicle,     1015
2762.000000, 3170.000000, 2809.000000, 3168.000000, 2811.000000, 3198.000000, 2764.000000, 3202.000000,     small-vehicle,     1016
2271.000000, 1798.000000, 2297.000000, 1798.000000, 2297.000000, 1855.000000, 2273.000000, 1855.000000,     small-vehicle,     1017
2378.000000, 3863.000000, 2410.000000, 3861.000000, 2413.000000, 3941.000000, 2381.000000, 3944.000000,     small-vehicle,     1018
1190.000000, 2764.000000, 1257.000000, 2761.000000, 1257.000000, 2794.000000, 1190.000000, 2797.000000,     small-vehicle,     1019
952.000000, 2777.000000, 1012.000000, 2775.000000, 1012.000000, 2799.000000, 952.000000, 2801.000000,     small-vehicle,     1021
2365.000000, 2928.000000, 2389.000000, 2927.000000, 2390.000000, 2978.000000, 2366.000000, 2979.000000,     small-vehicle,     1022
2036.000000, 1891.000000, 2066.000000, 1890.000000, 2066.000000, 1957.000000, 2037.000000, 1958.000000,     small-vehicle,     1032
2642.000000, 1788.000000, 2668.000000, 1788.000000, 2670.000000, 1847.000000, 2644.000000, 1848.000000,     small-vehicle,     1033
2553.000000, 3193.000000, 2610.000000, 3189.000000, 2611.000000, 3214.000000, 2554.000000, 3218.000000,     small-vehicle,     1034
1305.000000, 2915.000000, 1376.000000, 2912.000000, 1376.000000, 2952.000000, 1305.000000, 2956.000000,     small-vehicle,     1035
2047.000000, 2639.000000, 2074.000000, 2637.000000, 2075.000000, 2706.000000, 2049.000000, 2707.000000,     large-vehicle,     1036
2045.000000, 2633.000000, 2074.000000, 2632.000000, 2074.000000, 2701.000000, 2047.000000, 2702.000000,     small-vehicle,     1037
2617.000000, 2310.000000, 2654.000000, 2309.000000, 2656.000000, 2368.000000, 2618.000000, 2370.000000,     small-vehicle,     1038
1954.000000, 1755.000000, 1979.000000, 1754.000000, 1980.000000, 1819.000000, 1955.000000, 1819.000000,     small-vehicle,     1039
238.000000, 2804.000000, 312.000000, 2802.000000, 311.000000, 2829.000000, 237.000000, 2832.000000,     small-vehicle,     1040
2377.000000, 3873.000000, 2410.000000, 3870.000000, 2412.000000, 3947.000000, 2380.000000, 3949.000000,     large-vehicle,     1041
823.000000, 2781.000000, 889.000000, 2778.000000, 889.000000, 2809.000000, 822.000000, 2812.000000,     small-vehicle,     1042
2334.000000, 4115.000000, 2371.000000, 4111.000000, 2372.000000, 4196.000000, 2337.000000, 4200.000000,     large-vehicle,     1044
3093.000000, 3222.000000, 3159.000000, 3218.000000, 3161.000000, 3251.000000, 3094.000000, 3256.000000,     large-vehicle,     1045
2125.000000, 2860.000000, 2152.000000, 2859.000000, 2153.000000, 2941.000000, 2127.000000, 2942.000000,     large-vehicle,     1046
2401.000000, 1790.000000, 2425.000000, 1790.000000, 2426.000000, 1842.000000, 2402.000000, 1842.000000,     small-vehicle,     1048
323.000000, 2796.000000, 391.000000, 2793.000000, 390.000000, 2820.000000, 322.000000, 2823.000000,     small-vehicle,     1049
2243.000000, 2964.000000, 2271.000000, 2963.000000, 2272.000000, 3041.000000, 2246.000000, 3043.000000,     small-vehicle,     1050
