2998.000000, 2836.000000, 3047.000000, 2833.000000, 3047.000000, 2858.000000, 2999.000000, 2861.000000,     small-vehicle,     66
2154.000000, 1417.000000, 2182.000000, 1416.000000, 2183.000000, 1478.000000, 2156.000000, 1479.000000,     small-vehicle,     148
2070.000000, 3248.000000, 2095.000000, 3246.000000, 2096.000000, 3297.000000, 2072.000000, 3298.000000,     small-vehicle,     660
2392.000000, 3203.000000, 2424.000000, 3201.000000, 2427.000000, 3262.000000, 2395.000000, 3264.000000,     small-vehicle,     666
2060.000000, 3163.000000, 2089.000000, 3161.000000, 2091.000000, 3223.000000, 2061.000000, 3225.000000,     small-vehicle,     704
2387.000000, 3095.000000, 2417.000000, 3093.000000, 2421.000000, 3168.000000, 2390.000000, 3171.000000,     small-vehicle,     718
2344.000000, 3002.000000, 2378.000000, 2999.000000, 2381.000000, 3083.000000, 2346.000000, 3085.000000,     small-vehicle,     761
2054.000000, 3078.000000, 2087.000000, 3075.000000, 2088.000000, 3147.000000, 2056.000000, 3150.000000,     small-vehicle,     762
2040.000000, 2928.000000, 2072.000000, 2925.000000, 2074.000000, 2999.000000, 2042.000000, 3000.000000,     small-vehicle,     813
3526.000000, 2917.000000, 3553.000000, 2915.000000, 3557.000000, 2981.000000, 3530.000000, 2983.000000,     small-vehicle,     815
2576.000000, 2932.000000, 2627.000000, 2927.000000, 2629.000000, 2960.000000, 2577.000000, 2964.000000,     small-vehicle,     818
2049.000000, 2873.000000, 2073.000000, 2872.000000, 2073.000000, 2921.000000, 2050.000000, 2923.000000,     small-vehicle,     840
2026.000000, 2816.000000, 2044.000000, 2814.000000, 2045.000000, 2861.000000, 2027.000000, 2863.000000,     small-vehicle,     885
2029.000000, 2743.000000, 2053.000000, 2741.000000, 2055.000000, 2801.000000, 2030.000000, 2803.000000,     small-vehicle,     892
3523.000000, 2716.000000, 3586.000000, 2712.000000, 3588.000000, 2740.000000, 3525.000000, 2745.000000,     small-vehicle,     894
2344.000000, 2635.000000, 2378.000000, 2633.000000, 2381.000000, 2713.000000, 2347.000000, 2714.000000,     small-vehicle,     917
2323.000000, 2684.000000, 2357.000000, 2681.000000, 2360.000000, 2754.000000, 2325.000000, 2757.000000,     small-vehicle,     921
2339.000000, 2550.000000, 2369.000000, 2547.000000, 2372.000000, 2622.000000, 2341.000000, 2624.000000,     small-vehicle,     944
2016.000000, 2592.000000, 2044.000000, 2591.000000, 2046.000000, 2655.000000, 2018.000000, 2658.000000,     small-vehicle,     949
1130.000000, 2676.000000, 1190.000000, 2672.000000, 1190.000000, 2711.000000, 1129.000000, 2715.000000,     small-vehicle,     964
913.000000, 2707.000000, 980.000000, 2703.000000, 979.000000, 2742.000000, 913.000000, 2746.000000,     small-vehicle,     966
3689.000000, 2781.000000, 3739.000000, 2777.000000, 3742.000000, 2808.000000, 3691.000000, 2811.000000,     small-vehicle,     969
1306.000000, 2655.000000, 1336.000000, 2653.000000, 1336.000000, 2712.000000, 1306.000000, 2714.000000,     small-vehicle,     971
2011.000000, 2520.000000, 2037.000000, 2518.000000, 2038.000000, 2579.000000, 2013.000000, 2580.000000,     small-vehicle,     981
2301.000000, 2514.000000, 2332.000000, 2513.000000, 2334.000000, 2582.000000, 2304.000000, 2584.000000,     small-vehicle,     986
1049.000000, 2690.000000, 1113.000000, 2686.000000, 1113.000000, 2724.000000, 1049.000000, 2728.000000,     small-vehicle,     987
1206.000000, 2666.000000, 1268.000000, 2662.000000, 1268.000000, 2699.000000, 1206.000000, 2703.000000,     small-vehicle,     989
808.000000, 2628.000000, 874.000000, 2624.000000, 874.000000, 2662.000000, 807.000000, 2667.000000,     small-vehicle,     990
2733.000000, 2911.000000, 2787.000000, 2907.000000, 2789.000000, 2938.000000, 2733.000000, 2941.000000,     small-vehicle,     994
2035.000000, 2435.000000, 2065.000000, 2432.000000, 2065.000000, 2496.000000, 2037.000000, 2498.000000,     small-vehicle,     996
406.000000, 2682.000000, 467.000000, 2678.000000, 466.000000, 2710.000000, 405.000000, 2713.000000,     small-vehicle,     997
2008.000000, 2449.000000, 2033.000000, 2446.000000, 2034.000000, 2508.000000, 2009.000000, 2510.000000,     small-vehicle,     998
2336.000000, 2471.000000, 2363.000000, 2469.000000, 2364.000000, 2541.000000, 2339.000000, 2542.000000,     small-vehicle,     1001
1188.000000, 2571.000000, 1261.000000, 2567.000000, 1261.000000, 2604.000000, 1188.000000, 2609.000000,     small-vehicle,     1009
1023.000000, 2598.000000, 1096.000000, 2594.000000, 1096.000000, 2631.000000, 1022.000000, 2635.000000,     small-vehicle,     1012
719.000000, 2637.000000, 765.000000, 2635.000000, 765.000000, 2665.000000, 719.000000, 2668.000000,     small-vehicle,     1013
1105.000000, 2584.000000, 1172.000000, 2580.000000, 1172.000000, 2619.000000, 1105.000000, 2623.000000,     small-vehicle,     1014
2333.000000, 2415.000000, 2354.000000, 2414.000000, 2356.000000, 2454.000000, 2334.000000, 2455.000000,     small-vehicle,     1017
2711.000000, 2389.000000, 2738.000000, 2387.000000, 2740.000000, 2444.000000, 2714.000000, 2447.000000,     small-vehicle,     1033
2003.000000, 2365.000000, 2030.000000, 2364.000000, 2032.000000, 2427.000000, 2005.000000, 2429.000000,     small-vehicle,     1039
2288.000000, 2313.000000, 2314.000000, 2311.000000, 2317.000000, 2371.000000, 2290.000000, 2373.000000,     small-vehicle,     1056
3538.000000, 3003.000000, 3564.000000, 3001.000000, 3569.000000, 3061.000000, 3542.000000, 3064.000000,     small-vehicle,     1069
3204.000000, 2836.000000, 3254.000000, 2833.000000, 3257.000000, 2873.000000, 3206.000000, 2876.000000,     small-vehicle,     1071
565.000000, 2421.000000, 601.000000, 2419.000000, 599.000000, 2483.000000, 564.000000, 2485.000000,     small-vehicle,     1076
2246.000000, 2281.000000, 2281.000000, 2279.000000, 2283.000000, 2362.000000, 2249.000000, 2363.000000,     large-vehicle,     1078
1997.000000, 2282.000000, 2024.000000, 2281.000000, 2025.000000, 2342.000000, 1998.000000, 2344.000000,     small-vehicle,     1079
2313.000000, 2229.000000, 2339.000000, 2228.000000, 2341.000000, 2287.000000, 2314.000000, 2288.000000,     small-vehicle,     1086
2827.000000, 2368.000000, 2856.000000, 2367.000000, 2860.000000, 2435.000000, 2830.000000, 2436.000000,     small-vehicle,     1088
1305.000000, 2267.000000, 1326.000000, 2266.000000, 1326.000000, 2313.000000, 1306.000000, 2314.000000,     small-vehicle,     1104
2306.000000, 2160.000000, 2331.000000, 2159.000000, 2332.000000, 2214.000000, 2308.000000, 2215.000000,     small-vehicle,     1113
1988.000000, 2191.000000, 2016.000000, 2190.000000, 2018.000000, 2251.000000, 1990.000000, 2252.000000,     small-vehicle,     1115
1260.000000, 2237.000000, 1311.000000, 2234.000000, 1311.000000, 2264.000000, 1260.000000, 2266.000000,     small-vehicle,     1116
888.000000, 2260.000000, 943.000000, 2257.000000, 942.000000, 2293.000000, 888.000000, 2296.000000,     small-vehicle,     1121
1173.000000, 2239.000000, 1231.000000, 2236.000000, 1230.000000, 2269.000000, 1173.000000, 2272.000000,     small-vehicle,     1135
818.000000, 2186.000000, 876.000000, 2184.000000, 876.000000, 2214.000000, 818.000000, 2216.000000,     small-vehicle,     1139
1980.000000, 2101.000000, 2009.000000, 2100.000000, 2011.000000, 2161.000000, 1981.000000, 2163.000000,     small-vehicle,     1140
2010.000000, 2071.000000, 2056.000000, 2069.000000, 2060.000000, 2199.000000, 2012.000000, 2202.000000,     large-vehicle,     1141
2272.000000, 2108.000000, 2299.000000, 2107.000000, 2301.000000, 2163.000000, 2273.000000, 2164.000000,     small-vehicle,     1142
1000.000000, 2248.000000, 1056.000000, 2246.000000, 1056.000000, 2280.000000, 1000.000000, 2283.000000,     small-vehicle,     1144
2909.000000, 2880.000000, 2964.000000, 2877.000000, 2965.000000, 2912.000000, 2911.000000, 2915.000000,     small-vehicle,     1151
1222.000000, 2159.000000, 1287.000000, 2156.000000, 1287.000000, 2182.000000, 1222.000000, 2185.000000,     small-vehicle,     1155
658.000000, 2201.000000, 709.000000, 2199.000000, 708.000000, 2228.000000, 658.000000, 2230.000000,     small-vehicle,     1156
720.000000, 2197.000000, 775.000000, 2195.000000, 775.000000, 2223.000000, 720.000000, 2226.000000,     small-vehicle,     1157
1046.000000, 2168.000000, 1106.000000, 2165.000000, 1106.000000, 2193.000000, 1046.000000, 2196.000000,     small-vehicle,     1159
3120.000000, 2856.000000, 3175.000000, 2852.000000, 3176.000000, 2884.000000, 3122.000000, 2887.000000,     small-vehicle,     1164
1978.000000, 2022.000000, 2006.000000, 2020.000000, 2008.000000, 2085.000000, 1980.000000, 2086.000000,     small-vehicle,     1168
2266.000000, 2007.000000, 2295.000000, 2006.000000, 2297.000000, 2074.000000, 2269.000000, 2075.000000,     small-vehicle,     1175
1310.000000, 2090.000000, 1334.000000, 2089.000000, 1334.000000, 2140.000000, 1311.000000, 2141.000000,     small-vehicle,     1179
3529.000000, 2797.000000, 3582.000000, 2793.000000, 3584.000000, 2825.000000, 3532.000000, 2829.000000,     small-vehicle,     1182
3047.000000, 2863.000000, 3103.000000, 2859.000000, 3105.000000, 2896.000000, 3049.000000, 2899.000000,     small-vehicle,     1192
558.000000, 2012.000000, 588.000000, 2011.000000, 586.000000, 2076.000000, 557.000000, 2077.000000,     small-vehicle,     1202
1995.000000, 1907.000000, 2027.000000, 1906.000000, 2029.000000, 1974.000000, 1997.000000, 1975.000000,     small-vehicle,     1205
1967.000000, 1842.000000, 1997.000000, 1840.000000, 1998.000000, 1906.000000, 1968.000000, 1907.000000,     small-vehicle,     1211
2673.000000, 1843.000000, 2725.000000, 1841.000000, 2726.000000, 1864.000000, 2675.000000, 1866.000000,     small-vehicle,     1212
2474.000000, 1864.000000, 2538.000000, 1861.000000, 2540.000000, 1892.000000, 2474.000000, 1895.000000,     small-vehicle,     1214
2417.000000, 1875.000000, 2468.000000, 1873.000000, 2468.000000, 1900.000000, 2418.000000, 1903.000000,     small-vehicle,     1216
2611.000000, 1850.000000, 2663.000000, 1848.000000, 2664.000000, 1872.000000, 2612.000000, 1875.000000,     small-vehicle,     1217
2249.000000, 1829.000000, 2279.000000, 1828.000000, 2280.000000, 1890.000000, 2251.000000, 1891.000000,     small-vehicle,     1232
1967.000000, 1766.000000, 1997.000000, 1765.000000, 1999.000000, 1823.000000, 1969.000000, 1824.000000,     small-vehicle,     1236
2108.000000, 2757.000000, 2138.000000, 2755.000000, 2140.000000, 2826.000000, 2109.000000, 2828.000000,     small-vehicle,     1241
1949.000000, 1775.000000, 1974.000000, 1774.000000, 1975.000000, 1835.000000, 1951.000000, 1836.000000,     small-vehicle,     1245
3381.000000, 1752.000000, 3428.000000, 1750.000000, 3430.000000, 1777.000000, 3383.000000, 1778.000000,     small-vehicle,     1248
3448.000000, 1745.000000, 3510.000000, 1742.000000, 3512.000000, 1769.000000, 3449.000000, 1771.000000,     small-vehicle,     1249
1297.000000, 1789.000000, 1325.000000, 1788.000000, 1325.000000, 1856.000000, 1298.000000, 1857.000000,     small-vehicle,     1250
3574.000000, 1729.000000, 3637.000000, 1727.000000, 3639.000000, 1751.000000, 3576.000000, 1754.000000,     small-vehicle,     1251
1954.000000, 1688.000000, 1981.000000, 1688.000000, 1983.000000, 1751.000000, 1955.000000, 1752.000000,     small-vehicle,     1254
2242.000000, 1647.000000, 2279.000000, 1646.000000, 2281.000000, 1716.000000, 2244.000000, 1716.000000,     small-vehicle,     1257
2265.000000, 1724.000000, 2300.000000, 1722.000000, 2303.000000, 1797.000000, 2268.000000, 1799.000000,     small-vehicle,     1258
3659.000000, 1720.000000, 3710.000000, 1717.000000, 3712.000000, 1747.000000, 3661.000000, 1748.000000,     small-vehicle,     1260
320.000000, 2784.000000, 389.000000, 2779.000000, 388.000000, 2813.000000, 318.000000, 2818.000000,     small-vehicle,     1271
1292.000000, 1673.000000, 1323.000000, 1672.000000, 1323.000000, 1742.000000, 1292.000000, 1744.000000,     small-vehicle,     1273
2223.000000, 1553.000000, 2246.000000, 1552.000000, 2249.000000, 1615.000000, 2225.000000, 1616.000000,     small-vehicle,     1277
1946.000000, 1600.000000, 1975.000000, 1599.000000, 1976.000000, 1669.000000, 1948.000000, 1669.000000,     small-vehicle,     1282
1102.000000, 2248.000000, 1163.000000, 2245.000000, 1163.000000, 2279.000000, 1102.000000, 2283.000000,     small-vehicle,     1284
2294.000000, 2899.000000, 2325.000000, 2896.000000, 2328.000000, 2974.000000, 2296.000000, 2977.000000,     small-vehicle,     1290
1938.000000, 1521.000000, 1969.000000, 1519.000000, 1971.000000, 1580.000000, 1940.000000, 1581.000000,     small-vehicle,     1292
1288.000000, 1596.000000, 1308.000000, 1595.000000, 1308.000000, 1638.000000, 1288.000000, 1638.000000,     small-vehicle,     1293
685.000000, 2737.000000, 749.000000, 2734.000000, 749.000000, 2769.000000, 684.000000, 2773.000000,     small-vehicle,     1294
828.000000, 2715.000000, 902.000000, 2711.000000, 902.000000, 2749.000000, 826.000000, 2754.000000,     small-vehicle,     1295
2251.000000, 1509.000000, 2277.000000, 1507.000000, 2280.000000, 1567.000000, 2252.000000, 1568.000000,     small-vehicle,     1298
2066.000000, 2079.000000, 2094.000000, 2078.000000, 2096.000000, 2157.000000, 2068.000000, 2159.000000,     small-vehicle,     1302
2441.000000, 1949.000000, 2503.000000, 1947.000000, 2505.000000, 1978.000000, 2442.000000, 1981.000000,     small-vehicle,     1303
2468.000000, 2419.000000, 2491.000000, 2418.000000, 2493.000000, 2475.000000, 2470.000000, 2476.000000,     small-vehicle,     1306
782.000000, 2269.000000, 846.000000, 2266.000000, 846.000000, 2300.000000, 782.000000, 2304.000000,     small-vehicle,     1307
1934.000000, 1443.000000, 1961.000000, 1442.000000, 1963.000000, 1502.000000, 1935.000000, 1504.000000,     small-vehicle,     1309
1283.000000, 1461.000000, 1305.000000, 1461.000000, 1305.000000, 1513.000000, 1283.000000, 1514.000000,     small-vehicle,     1312
2319.000000, 2306.000000, 2348.000000, 2305.000000, 2350.000000, 2362.000000, 2322.000000, 2363.000000,     small-vehicle,     1314
3431.000000, 1831.000000, 3492.000000, 1828.000000, 3494.000000, 1861.000000, 3434.000000, 1863.000000,     large-vehicle,     1317
757.000000, 2732.000000, 817.000000, 2730.000000, 817.000000, 2759.000000, 756.000000, 2763.000000,     small-vehicle,     1318
1814.000000, 2654.000000, 1885.000000, 2649.000000, 1886.000000, 2692.000000, 1814.000000, 2696.000000,     small-vehicle,     1320
1277.000000, 1374.000000, 1304.000000, 1373.000000, 1303.000000, 1433.000000, 1277.000000, 1434.000000,     small-vehicle,     1330
701.000000, 2277.000000, 767.000000, 2274.000000, 767.000000, 2307.000000, 701.000000, 2311.000000,     small-vehicle,     1331
1274.000000, 1305.000000, 1301.000000, 1305.000000, 1302.000000, 1367.000000, 1274.000000, 1368.000000,     small-vehicle,     1333
1924.000000, 1280.000000, 1950.000000, 1280.000000, 1951.000000, 1333.000000, 1925.000000, 1334.000000,     small-vehicle,     1337
2205.000000, 1216.000000, 2228.000000, 1216.000000, 2231.000000, 1282.000000, 2207.000000, 1283.000000,     small-vehicle,     1342
2719.000000, 1920.000000, 2780.000000, 1917.000000, 2782.000000, 1949.000000, 2721.000000, 1951.000000,     small-vehicle,     1347
1270.000000, 1242.000000, 1294.000000, 1242.000000, 1294.000000, 1292.000000, 1270.000000, 1292.000000,     small-vehicle,     1348
3328.000000, 2829.000000, 3383.000000, 2826.000000, 3385.000000, 2856.000000, 3330.000000, 2860.000000,     small-vehicle,     1356
1940.000000, 1152.000000, 1968.000000, 1151.000000, 1969.000000, 1201.000000, 1940.000000, 1202.000000,     small-vehicle,     1360
2194.000000, 1148.000000, 2225.000000, 1147.000000, 2227.000000, 1211.000000, 2195.000000, 1213.000000,     small-vehicle,     1361
1359.000000, 1080.000000, 1410.000000, 1078.000000, 1409.000000, 1111.000000, 1359.000000, 1112.000000,     small-vehicle,     1364
538.000000, 1172.000000, 584.000000, 1171.000000, 583.000000, 1199.000000, 538.000000, 1200.000000,     small-vehicle,     1369
167.000000, 1105.000000, 225.000000, 1104.000000, 224.000000, 1138.000000, 166.000000, 1139.000000,     small-vehicle,     1373
405.000000, 1104.000000, 466.000000, 1103.000000, 466.000000, 1129.000000, 404.000000, 1131.000000,     small-vehicle,     1375
330.000000, 1103.000000, 396.000000, 1101.000000, 395.000000, 1134.000000, 329.000000, 1134.000000,     small-vehicle,     1377
1102.000000, 1088.000000, 1147.000000, 1087.000000, 1147.000000, 1111.000000, 1102.000000, 1111.000000,     small-vehicle,     1378
1358.000000, 1143.000000, 1421.000000, 1142.000000, 1421.000000, 1171.000000, 1358.000000, 1172.000000,     small-vehicle,     1379
3585.000000, 1826.000000, 3634.000000, 1824.000000, 3635.000000, 1849.000000, 3588.000000, 1851.000000,     small-vehicle,     1381
1181.000000, 1086.000000, 1230.000000, 1084.000000, 1230.000000, 1110.000000, 1181.000000, 1111.000000,     small-vehicle,     1384
956.000000, 1091.000000, 1005.000000, 1090.000000, 1005.000000, 1116.000000, 955.000000, 1116.000000,     small-vehicle,     1385
1029.000000, 1089.000000, 1072.000000, 1088.000000, 1071.000000, 1113.000000, 1029.000000, 1114.000000,     small-vehicle,     1386
1236.000000, 1076.000000, 1292.000000, 1075.000000, 1292.000000, 1110.000000, 1236.000000, 1112.000000,     small-vehicle,     1387
1482.000000, 1083.000000, 1541.000000, 1081.000000, 1542.000000, 1111.000000, 1482.000000, 1113.000000,     small-vehicle,     1388
476.000000, 1100.000000, 527.000000, 1099.000000, 526.000000, 1123.000000, 475.000000, 1124.000000,     small-vehicle,     1389
1559.000000, 1079.000000, 1598.000000, 1079.000000, 1599.000000, 1098.000000, 1559.000000, 1098.000000,     small-vehicle,     1390
104.000000, 1090.000000, 162.000000, 1089.000000, 162.000000, 1128.000000, 102.000000, 1130.000000,     small-vehicle,     1395
2712.000000, 1004.000000, 2776.000000, 1002.000000, 2778.000000, 1035.000000, 2713.000000, 1036.000000,     small-vehicle,     1397
3085.000000, 1877.000000, 3135.000000, 1876.000000, 3137.000000, 1907.000000, 3087.000000, 1908.000000,     small-vehicle,     1398
1265.000000, 1011.000000, 1290.000000, 1011.000000, 1290.000000, 1067.000000, 1264.000000, 1067.000000,     small-vehicle,     1399
1644.000000, 1107.000000, 1702.000000, 1107.000000, 1702.000000, 1137.000000, 1645.000000, 1138.000000,     small-vehicle,     1400
2458.000000, 1034.000000, 2506.000000, 1034.000000, 2507.000000, 1060.000000, 2459.000000, 1061.000000,     small-vehicle,     1401
3506.000000, 1828.000000, 3575.000000, 1825.000000, 3577.000000, 1856.000000, 3509.000000, 1859.000000,     small-vehicle,     1402
2390.000000, 1038.000000, 2445.000000, 1036.000000, 2446.000000, 1063.000000, 2391.000000, 1064.000000,     small-vehicle,     1403
1969.000000, 1900.000000, 1996.000000, 1899.000000, 1997.000000, 1967.000000, 1970.000000, 1968.000000,     small-vehicle,     1404
2588.000000, 1021.000000, 2645.000000, 1020.000000, 2646.000000, 1049.000000, 2589.000000, 1050.000000,     small-vehicle,     1405
2522.000000, 1030.000000, 2579.000000, 1028.000000, 2580.000000, 1055.000000, 2523.000000, 1056.000000,     small-vehicle,     1407
3056.000000, 988.000000, 3116.000000, 987.000000, 3118.000000, 1010.000000, 3056.000000, 1012.000000,     small-vehicle,     1409
3231.000000, 972.000000, 3277.000000, 971.000000, 3279.000000, 1001.000000, 3233.000000, 1001.000000,     small-vehicle,     1410
2366.000000, 2739.000000, 2387.000000, 2738.000000, 2389.000000, 2793.000000, 2368.000000, 2794.000000,     small-vehicle,     1411
2886.000000, 995.000000, 2945.000000, 994.000000, 2946.000000, 1021.000000, 2887.000000, 1023.000000,     small-vehicle,     1412
1901.000000, 1515.000000, 1926.000000, 1514.000000, 1929.000000, 1617.000000, 1903.000000, 1618.000000,     large-vehicle,     1415
2696.000000, 1084.000000, 2750.000000, 1082.000000, 2751.000000, 1114.000000, 2697.000000, 1115.000000,     small-vehicle,     1416
3516.000000, 2839.000000, 3543.000000, 2837.000000, 3547.000000, 2898.000000, 3521.000000, 2899.000000,     small-vehicle,     1417
2960.000000, 990.000000, 3023.000000, 988.000000, 3025.000000, 1016.000000, 2962.000000, 1016.000000,     small-vehicle,     1418
3354.000000, 963.000000, 3415.000000, 962.000000, 3417.000000, 992.000000, 3356.000000, 993.000000,     small-vehicle,     1420
3288.000000, 963.000000, 3346.000000, 963.000000, 3348.000000, 998.000000, 3291.000000, 999.000000,     small-vehicle,     1422
1432.000000, 1143.000000, 1466.000000, 1142.000000, 1466.000000, 1165.000000, 1432.000000, 1165.000000,     small-vehicle,     1423
1924.000000, 940.000000, 1949.000000, 939.000000, 1950.000000, 996.000000, 1926.000000, 997.000000,     small-vehicle,     1424
1969.000000, 1923.000000, 1997.000000, 1922.000000, 1999.000000, 1992.000000, 1970.000000, 1993.000000,     small-vehicle,     1425
1813.000000, 2656.000000, 1886.000000, 2651.000000, 1887.000000, 2691.000000, 1813.000000, 2696.000000,     large-vehicle,     1426
2839.000000, 928.000000, 2863.000000, 928.000000, 2865.000000, 981.000000, 2842.000000, 981.000000,     small-vehicle,     1429
1302.000000, 2328.000000, 1333.000000, 2325.000000, 1333.000000, 2410.000000, 1302.000000, 2412.000000,     small-vehicle,     1430
47.000000, 1074.000000, 95.000000, 1073.000000, 94.000000, 1112.000000, 46.000000, 1113.000000,     small-vehicle,     1431
719.000000, 1091.000000, 768.000000, 1090.000000, 768.000000, 1120.000000, 718.000000, 1121.000000,     small-vehicle,     1433
