2013.000000, 2852.000000, 2040.000000, 2851.000000, 2042.000000, 2916.000000, 2014.000000, 2916.000000,     small-vehicle,     0
2342.000000, 2910.000000, 2371.000000, 2908.000000, 2373.000000, 2974.000000, 2344.000000, 2977.000000,     small-vehicle,     1
2021.000000, 2933.000000, 2046.000000, 2931.000000, 2047.000000, 2999.000000, 2023.000000, 3000.000000,     small-vehicle,     2
2217.000000, 3459.000000, 2245.000000, 3457.000000, 2247.000000, 3519.000000, 2218.000000, 3519.000000,     small-vehicle,     3
2022.000000, 2570.000000, 2051.000000, 2570.000000, 2052.000000, 2632.000000, 2024.000000, 2633.000000,     small-vehicle,     4
2364.000000, 3260.000000, 2393.000000, 3259.000000, 2396.000000, 3327.000000, 2367.000000, 3328.000000,     small-vehicle,     5
1382.000000, 3658.000000, 1412.000000, 3657.000000, 1411.000000, 3731.000000, 1382.000000, 3732.000000,     small-vehicle,     6
1700.000000, 3938.000000, 1758.000000, 3935.000000, 1758.000000, 3967.000000, 1701.000000, 3971.000000,     small-vehicle,     7
2335.000000, 3094.000000, 2363.000000, 3093.000000, 2365.000000, 3167.000000, 2338.000000, 3167.000000,     small-vehicle,     8
3364.000000, 3640.000000, 3412.000000, 3636.000000, 3414.000000, 3665.000000, 3366.000000, 3668.000000,     small-vehicle,     9
1193.000000, 3815.000000, 1247.000000, 3810.000000, 1247.000000, 3849.000000, 1193.000000, 3852.000000,     small-vehicle,     10
491.000000, 3874.000000, 556.000000, 3869.000000, 555.000000, 3903.000000, 489.000000, 3906.000000,     small-vehicle,     11
1407.000000, 2950.000000, 1435.000000, 2948.000000, 1435.000000, 3023.000000, 1407.000000, 3024.000000,     small-vehicle,     12
2853.000000, 3780.000000, 2906.000000, 3777.000000, 2907.000000, 3812.000000, 2854.000000, 3815.000000,     small-vehicle,     14
2255.000000, 4137.000000, 2286.000000, 4135.000000, 2289.000000, 4208.000000, 2257.000000, 4210.000000,     small-vehicle,     15
2334.000000, 2826.000000, 2364.000000, 2826.000000, 2367.000000, 2896.000000, 2336.000000, 2897.000000,     small-vehicle,     17
1818.000000, 3844.000000, 1872.000000, 3841.000000, 1874.000000, 3871.000000, 1818.000000, 3873.000000,     small-vehicle,     18
2312.000000, 3009.000000, 2365.000000, 3006.000000, 2368.000000, 3075.000000, 2315.000000, 3077.000000,     small-vehicle,     19
2039.000000, 2756.000000, 2068.000000, 2755.000000, 2071.000000, 2833.000000, 2041.000000, 2834.000000,     small-vehicle,     21
1823.000000, 4031.000000, 1887.000000, 4027.000000, 1888.000000, 4060.000000, 1824.000000, 4065.000000,     small-vehicle,     22
2672.000000, 4009.000000, 2730.000000, 4004.000000, 2732.000000, 4036.000000, 2675.000000, 4040.000000,     small-vehicle,     23
147.000000, 3902.000000, 212.000000, 3897.000000, 211.000000, 3927.000000, 145.000000, 3931.000000,     small-vehicle,     25
2376.000000, 3357.000000, 2406.000000, 3355.000000, 2409.000000, 3424.000000, 2378.000000, 3425.000000,     small-vehicle,     26
901.000000, 3837.000000, 970.000000, 3833.000000, 969.000000, 3868.000000, 901.000000, 3872.000000,     small-vehicle,     27
2447.000000, 4218.000000, 2489.000000, 4215.000000, 2493.000000, 4307.000000, 2451.000000, 4309.000000,     small-vehicle,     29
2352.000000, 3171.000000, 2386.000000, 3170.000000, 2389.000000, 3245.000000, 2354.000000, 3246.000000,     small-vehicle,     32
2097.000000, 3541.000000, 2157.000000, 3538.000000, 2160.000000, 3584.000000, 2097.000000, 3589.000000,     small-vehicle,     33
2927.000000, 3768.000000, 2986.000000, 3765.000000, 2988.000000, 3793.000000, 2928.000000, 3797.000000,     small-vehicle,     34
2382.000000, 3473.000000, 2414.000000, 3471.000000, 2418.000000, 3552.000000, 2385.000000, 3553.000000,     small-vehicle,     35
2095.000000, 2950.000000, 2122.000000, 2949.000000, 2124.000000, 3020.000000, 2098.000000, 3021.000000,     small-vehicle,     36
3163.000000, 3748.000000, 3223.000000, 3744.000000, 3226.000000, 3775.000000, 3165.000000, 3779.000000,     small-vehicle,     38
2340.000000, 3333.000000, 2370.000000, 3332.000000, 2372.000000, 3403.000000, 2343.000000, 3404.000000,     small-vehicle,     40
1424.000000, 2589.000000, 1454.000000, 2588.000000, 1455.000000, 2642.000000, 1424.000000, 2642.000000,     small-vehicle,     41
2814.000000, 3680.000000, 2865.000000, 3677.000000, 2867.000000, 3713.000000, 2815.000000, 3716.000000,     small-vehicle,     42
1406.000000, 2869.000000, 1430.000000, 2869.000000, 1430.000000, 2927.000000, 1404.000000, 2927.000000,     small-vehicle,     43
1858.000000, 3925.000000, 1927.000000, 3921.000000, 1928.000000, 3957.000000, 1858.000000, 3962.000000,     small-vehicle,     44
1549.000000, 3949.000000, 1605.000000, 3944.000000, 1605.000000, 3981.000000, 1549.000000, 3985.000000,     small-vehicle,     45
2298.000000, 2718.000000, 2325.000000, 2717.000000, 2328.000000, 2801.000000, 2301.000000, 2802.000000,     small-vehicle,     46
1046.000000, 3828.000000, 1109.000000, 3825.000000, 1109.000000, 3860.000000, 1046.000000, 3864.000000,     small-vehicle,     47
2362.000000, 3093.000000, 2389.000000, 3092.000000, 2391.000000, 3153.000000, 2364.000000, 3154.000000,     small-vehicle,     48
3164.000000, 3656.000000, 3213.000000, 3654.000000, 3215.000000, 3684.000000, 3167.000000, 3687.000000,     small-vehicle,     49
64.000000, 3908.000000, 138.000000, 3903.000000, 137.000000, 3939.000000, 63.000000, 3945.000000,     small-vehicle,     50
604.000000, 3860.000000, 676.000000, 3855.000000, 675.000000, 3890.000000, 604.000000, 3893.000000,     small-vehicle,     51
2268.000000, 4217.000000, 2304.000000, 4214.000000, 2308.000000, 4289.000000, 2271.000000, 4293.000000,     small-vehicle,     52
1549.000000, 4004.000000, 1608.000000, 4000.000000, 1609.000000, 4035.000000, 1549.000000, 4040.000000,     small-vehicle,     53
327.000000, 4199.000000, 395.000000, 4195.000000, 394.000000, 4231.000000, 326.000000, 4237.000000,     small-vehicle,     55
3105.000000, 3971.000000, 3160.000000, 3967.000000, 3163.000000, 4007.000000, 3107.000000, 4011.000000,     small-vehicle,     56
1251.000000, 3989.000000, 1318.000000, 3984.000000, 1317.000000, 4019.000000, 1251.000000, 4023.000000,     small-vehicle,     58
693.000000, 3850.000000, 753.000000, 3847.000000, 752.000000, 3883.000000, 693.000000, 3887.000000,     small-vehicle,     62
3501.000000, 3534.000000, 3534.000000, 3533.000000, 3539.000000, 3601.000000, 3506.000000, 3603.000000,     small-vehicle,     63
1259.000000, 4131.000000, 1310.000000, 4127.000000, 1310.000000, 4163.000000, 1258.000000, 4166.000000,     small-vehicle,     64
3272.000000, 3644.000000, 3337.000000, 3639.000000, 3340.000000, 3675.000000, 3275.000000, 3679.000000,     small-vehicle,     65
2284.000000, 2568.000000, 2314.000000, 2567.000000, 2316.000000, 2631.000000, 2287.000000, 2632.000000,     small-vehicle,     66
954.000000, 4015.000000, 1016.000000, 4011.000000, 1015.000000, 4050.000000, 954.000000, 4054.000000,     small-vehicle,     67
2772.000000, 2520.000000, 2828.000000, 2519.000000, 2829.000000, 2553.000000, 2775.000000, 2554.000000,     small-vehicle,     69
3436.000000, 3633.000000, 3494.000000, 3628.000000, 3496.000000, 3659.000000, 3438.000000, 3663.000000,     small-vehicle,     73
228.000000, 3892.000000, 284.000000, 3889.000000, 282.000000, 3920.000000, 227.000000, 3924.000000,     small-vehicle,     74
1399.000000, 3147.000000, 1429.000000, 3146.000000, 1429.000000, 3216.000000, 1399.000000, 3218.000000,     small-vehicle,     75
2141.000000, 3106.000000, 2168.000000, 3104.000000, 2170.000000, 3186.000000, 2142.000000, 3188.000000,     small-vehicle,     76
2067.000000, 3454.000000, 2093.000000, 3453.000000, 2095.000000, 3519.000000, 2070.000000, 3520.000000,     small-vehicle,     77
2927.000000, 3987.000000, 2991.000000, 3983.000000, 2994.000000, 4017.000000, 2930.000000, 4023.000000,     small-vehicle,     78
407.000000, 2820.000000, 465.000000, 2817.000000, 464.000000, 2853.000000, 406.000000, 2855.000000,     small-vehicle,     79
1715.000000, 3975.000000, 1782.000000, 3971.000000, 1782.000000, 4007.000000, 1715.000000, 4012.000000,     small-vehicle,     80
1342.000000, 4028.000000, 1400.000000, 4024.000000, 1400.000000, 4058.000000, 1342.000000, 4062.000000,     small-vehicle,     82
2802.000000, 3833.000000, 2870.000000, 3829.000000, 2872.000000, 3864.000000, 2804.000000, 3868.000000,     small-vehicle,     83
1357.000000, 3971.000000, 1426.000000, 3966.000000, 1426.000000, 3999.000000, 1357.000000, 4004.000000,     small-vehicle,     84
3028.000000, 2550.000000, 3069.000000, 2548.000000, 3071.000000, 2571.000000, 3029.000000, 2572.000000,     small-vehicle,     85
2294.000000, 2931.000000, 2322.000000, 2930.000000, 2324.000000, 3003.000000, 2296.000000, 3004.000000,     small-vehicle,     86
2561.000000, 2548.000000, 2615.000000, 2548.000000, 2617.000000, 2579.000000, 2562.000000, 2582.000000,     small-vehicle,     87
2598.000000, 3734.000000, 2657.000000, 3730.000000, 2659.000000, 3768.000000, 2599.000000, 3772.000000,     small-vehicle,     88
3566.000000, 3942.000000, 3617.000000, 3938.000000, 3619.000000, 3967.000000, 3568.000000, 3971.000000,     small-vehicle,     89
2207.000000, 3328.000000, 2236.000000, 3327.000000, 2239.000000, 3412.000000, 2211.000000, 3413.000000,     small-vehicle,     90
3656.000000, 3621.000000, 3719.000000, 3617.000000, 3722.000000, 3653.000000, 3660.000000, 3658.000000,     small-vehicle,     91
3281.000000, 3961.000000, 3334.000000, 3956.000000, 3337.000000, 3985.000000, 3284.000000, 3990.000000,     small-vehicle,     92
2065.000000, 3215.000000, 2093.000000, 3213.000000, 2095.000000, 3288.000000, 2067.000000, 3288.000000,     small-vehicle,     94
3094.000000, 3753.000000, 3145.000000, 3751.000000, 3148.000000, 3784.000000, 3095.000000, 3787.000000,     small-vehicle,     96
881.000000, 4018.000000, 944.000000, 4014.000000, 944.000000, 4053.000000, 880.000000, 4058.000000,     small-vehicle,     97
3840.000000, 3664.000000, 3895.000000, 3661.000000, 3898.000000, 3700.000000, 3843.000000, 3705.000000,     small-vehicle,     98
3029.000000, 3979.000000, 3076.000000, 3977.000000, 3078.000000, 4009.000000, 3032.000000, 4012.000000,     small-vehicle,     100
2112.000000, 3255.000000, 2141.000000, 3253.000000, 2143.000000, 3322.000000, 2113.000000, 3323.000000,     small-vehicle,     101
3702.000000, 3933.000000, 3772.000000, 3928.000000, 3774.000000, 3964.000000, 3706.000000, 3970.000000,     small-vehicle,     102
1849.000000, 3973.000000, 1916.000000, 3968.000000, 1917.000000, 4003.000000, 1849.000000, 4008.000000,     small-vehicle,     103
3117.000000, 3700.000000, 3173.000000, 3696.000000, 3175.000000, 3727.000000, 3118.000000, 3731.000000,     small-vehicle,     106
3278.000000, 3690.000000, 3344.000000, 3685.000000, 3346.000000, 3715.000000, 3280.000000, 3720.000000,     small-vehicle,     109
2084.000000, 3362.000000, 2114.000000, 3360.000000, 2116.000000, 3436.000000, 2086.000000, 3437.000000,     small-vehicle,     110
2687.000000, 3724.000000, 2752.000000, 3719.000000, 2754.000000, 3761.000000, 2688.000000, 3765.000000,     small-vehicle,     111
1159.000000, 4089.000000, 1222.000000, 4084.000000, 1222.000000, 4122.000000, 1159.000000, 4126.000000,     small-vehicle,     113
2423.000000, 4434.000000, 2464.000000, 4431.000000, 2467.000000, 4519.000000, 2427.000000, 4521.000000,     small-vehicle,     114
2587.000000, 3791.000000, 2646.000000, 3788.000000, 2649.000000, 3826.000000, 2588.000000, 3829.000000,     small-vehicle,     115
1624.000000, 3939.000000, 1688.000000, 3935.000000, 1688.000000, 3971.000000, 1624.000000, 3975.000000,     small-vehicle,     116
1139.000000, 3993.000000, 1202.000000, 3988.000000, 1202.000000, 4024.000000, 1138.000000, 4028.000000,     small-vehicle,     118
3547.000000, 3718.000000, 3610.000000, 3715.000000, 3612.000000, 3753.000000, 3550.000000, 3757.000000,     small-vehicle,     119
2015.000000, 2497.000000, 2045.000000, 2498.000000, 2047.000000, 2559.000000, 2016.000000, 2561.000000,     small-vehicle,     120
2909.000000, 2506.000000, 2961.000000, 2506.000000, 2963.000000, 2539.000000, 2911.000000, 2540.000000,     small-vehicle,     121
3200.000000, 3700.000000, 3255.000000, 3696.000000, 3257.000000, 3727.000000, 3202.000000, 3729.000000,     small-vehicle,     122
1953.000000, 3961.000000, 2017.000000, 3956.000000, 2018.000000, 3994.000000, 1954.000000, 3998.000000,     small-vehicle,     123
1250.000000, 4078.000000, 1310.000000, 4073.000000, 1310.000000, 4110.000000, 1250.000000, 4114.000000,     small-vehicle,     126
2095.000000, 2700.000000, 2126.000000, 2698.000000, 2128.000000, 2772.000000, 2097.000000, 2774.000000,     small-vehicle,     127
3043.000000, 2487.000000, 3098.000000, 2486.000000, 3100.000000, 2523.000000, 3045.000000, 2525.000000,     small-vehicle,     130
3106.000000, 3659.000000, 3154.000000, 3657.000000, 3156.000000, 3686.000000, 3109.000000, 3690.000000,     small-vehicle,     131
1397.000000, 3250.000000, 1422.000000, 3249.000000, 1423.000000, 3312.000000, 1398.000000, 3313.000000,     small-vehicle,     132
283.000000, 2816.000000, 355.000000, 2814.000000, 353.000000, 2847.000000, 281.000000, 2850.000000,     small-vehicle,     134
412.000000, 4190.000000, 481.000000, 4186.000000, 479.000000, 4221.000000, 410.000000, 4225.000000,     small-vehicle,     135
1558.000000, 4103.000000, 1617.000000, 4099.000000, 1618.000000, 4133.000000, 1559.000000, 4137.000000,     small-vehicle,     136
627.000000, 4184.000000, 695.000000, 4179.000000, 694.000000, 4215.000000, 627.000000, 4220.000000,     small-vehicle,     137
3563.000000, 3666.000000, 3623.000000, 3662.000000, 3626.000000, 3697.000000, 3566.000000, 3702.000000,     small-vehicle,     139
1391.000000, 3482.000000, 1419.000000, 3480.000000, 1420.000000, 3553.000000, 1391.000000, 3554.000000,     small-vehicle,     140
2063.000000, 3301.000000, 2087.000000, 3299.000000, 2088.000000, 3351.000000, 2064.000000, 3352.000000,     small-vehicle,     144
902.000000, 4106.000000, 967.000000, 4102.000000, 965.000000, 4139.000000, 901.000000, 4145.000000,     small-vehicle,     145
981.000000, 3822.000000, 1033.000000, 3818.000000, 1033.000000, 3849.000000, 981.000000, 3853.000000,     small-vehicle,     147
2357.000000, 3820.000000, 2387.000000, 3820.000000, 2390.000000, 3896.000000, 2360.000000, 3899.000000,     small-vehicle,     148
3457.000000, 3676.000000, 3513.000000, 3671.000000, 3516.000000, 3707.000000, 3459.000000, 3711.000000,     small-vehicle,     149
2731.000000, 3996.000000, 2800.000000, 3992.000000, 2802.000000, 4027.000000, 2732.000000, 4031.000000,     small-vehicle,     150
3829.000000, 3621.000000, 3887.000000, 3619.000000, 3892.000000, 3653.000000, 3833.000000, 3657.000000,     small-vehicle,     152
3101.000000, 2486.000000, 3158.000000, 2485.000000, 3160.000000, 2515.000000, 3103.000000, 2515.000000,     small-vehicle,     153
1735.000000, 4034.000000, 1790.000000, 4029.000000, 1790.000000, 4068.000000, 1737.000000, 4072.000000,     small-vehicle,     158
1629.000000, 3997.000000, 1691.000000, 3993.000000, 1691.000000, 4035.000000, 1630.000000, 4040.000000,     small-vehicle,     160
3578.000000, 3518.000000, 3614.000000, 3516.000000, 3621.000000, 3588.000000, 3584.000000, 3590.000000,     small-vehicle,     161
1449.000000, 3972.000000, 1517.000000, 3968.000000, 1517.000000, 4005.000000, 1449.000000, 4010.000000,     small-vehicle,     162
3641.000000, 3667.000000, 3703.000000, 3662.000000, 3706.000000, 3701.000000, 3643.000000, 3705.000000,     small-vehicle,     163
1765.000000, 2620.000000, 1828.000000, 2619.000000, 1828.000000, 2653.000000, 1766.000000, 2656.000000,     small-vehicle,     164
159.000000, 2817.000000, 227.000000, 2815.000000, 224.000000, 2853.000000, 157.000000, 2856.000000,     small-vehicle,     165
3490.000000, 3946.000000, 3545.000000, 3942.000000, 3548.000000, 3972.000000, 3493.000000, 3977.000000,     small-vehicle,     166
1054.000000, 3996.000000, 1117.000000, 3992.000000, 1117.000000, 4033.000000, 1052.000000, 4039.000000,     small-vehicle,     167
3380.000000, 3684.000000, 3438.000000, 3681.000000, 3441.000000, 3716.000000, 3383.000000, 3718.000000,     small-vehicle,     168
1081.000000, 4143.000000, 1150.000000, 4139.000000, 1150.000000, 4179.000000, 1080.000000, 4184.000000,     small-vehicle,     169
3279.000000, 3735.000000, 3340.000000, 3730.000000, 3342.000000, 3771.000000, 3281.000000, 3775.000000,     small-vehicle,     170
1059.000000, 4093.000000, 1135.000000, 4087.000000, 1135.000000, 4126.000000, 1057.000000, 4133.000000,     small-vehicle,     171
3640.000000, 3717.000000, 3701.000000, 3713.000000, 3705.000000, 3755.000000, 3644.000000, 3758.000000,     small-vehicle,     172
2627.000000, 2542.000000, 2689.000000, 2541.000000, 2690.000000, 2573.000000, 2629.000000, 2575.000000,     small-vehicle,     173
1517.000000, 4046.000000, 1578.000000, 4042.000000, 1580.000000, 4084.000000, 1517.000000, 4088.000000,     small-vehicle,     175
1767.000000, 3770.000000, 1824.000000, 3766.000000, 1825.000000, 3796.000000, 1767.000000, 3801.000000,     small-vehicle,     177
3012.000000, 3761.000000, 3074.000000, 3757.000000, 3076.000000, 3793.000000, 3015.000000, 3798.000000,     small-vehicle,     178
1405.000000, 4111.000000, 1473.000000, 4105.000000, 1474.000000, 4149.000000, 1405.000000, 4154.000000,     small-vehicle,     179
3041.000000, 3703.000000, 3103.000000, 3700.000000, 3106.000000, 3738.000000, 3044.000000, 3742.000000,     small-vehicle,     182
1499.000000, 4108.000000, 1558.000000, 4103.000000, 1559.000000, 4138.000000, 1499.000000, 4143.000000,     small-vehicle,     186
1602.000000, 2613.000000, 1665.000000, 2612.000000, 1666.000000, 2645.000000, 1603.000000, 2648.000000,     small-vehicle,     189
1443.000000, 4016.000000, 1505.000000, 4012.000000, 1505.000000, 4048.000000, 1443.000000, 4052.000000,     small-vehicle,     190
3747.000000, 3712.000000, 3821.000000, 3707.000000, 3825.000000, 3748.000000, 3750.000000, 3752.000000,     small-vehicle,     193
3517.000000, 3624.000000, 3565.000000, 3620.000000, 3571.000000, 3683.000000, 3523.000000, 3687.000000,     small-vehicle,     196
1665.000000, 4085.000000, 1728.000000, 4079.000000, 1729.000000, 4120.000000, 1666.000000, 4124.000000,     small-vehicle,     198
2920.000000, 2549.000000, 2988.000000, 2547.000000, 2989.000000, 2580.000000, 2922.000000, 2581.000000,     small-vehicle,     202
1421.000000, 4061.000000, 1475.000000, 4057.000000, 1475.000000, 4093.000000, 1420.000000, 4097.000000,     small-vehicle,     203
2491.000000, 2562.000000, 2555.000000, 2560.000000, 2557.000000, 2592.000000, 2492.000000, 2593.000000,     small-vehicle,     212
125.000000, 4127.000000, 195.000000, 4121.000000, 193.000000, 4164.000000, 123.000000, 4168.000000,     small-vehicle,     213
1172.000000, 4141.000000, 1226.000000, 4137.000000, 1226.000000, 4170.000000, 1172.000000, 4174.000000,     small-vehicle,     214
984.000000, 4094.000000, 1048.000000, 4090.000000, 1046.000000, 4132.000000, 984.000000, 4136.000000,     small-vehicle,     217
2038.000000, 3233.000000, 2060.000000, 3232.000000, 2061.000000, 3281.000000, 2038.000000, 3282.000000,     small-vehicle,     223
2309.000000, 3519.000000, 2348.000000, 3516.000000, 2351.000000, 3628.000000, 2313.000000, 3630.000000,     large-vehicle,     230
1910.000000, 4019.000000, 2009.000000, 4011.000000, 2010.000000, 4063.000000, 1910.000000, 4071.000000,     large-vehicle,     231
2053.000000, 3016.000000, 2095.000000, 3014.000000, 2096.000000, 3107.000000, 2055.000000, 3110.000000,     large-vehicle,     232
707.000000, 4174.000000, 791.000000, 4168.000000, 789.000000, 4216.000000, 705.000000, 4222.000000,     large-vehicle,     236
938.000000, 4153.000000, 1043.000000, 4145.000000, 1043.000000, 4196.000000, 937.000000, 4204.000000,     large-vehicle,     237
2405.000000, 3866.000000, 2446.000000, 3862.000000, 2449.000000, 3963.000000, 2410.000000, 3966.000000,     large-vehicle,     239
1650.000000, 4030.000000, 1718.000000, 4025.000000, 1719.000000, 4084.000000, 1651.000000, 4089.000000,     large-vehicle,     240
2953.000000, 3717.000000, 3027.000000, 3711.000000, 3029.000000, 3744.000000, 2954.000000, 3749.000000,     large-vehicle,     242
555.000000, 4158.000000, 619.000000, 4154.000000, 618.000000, 4187.000000, 554.000000, 4192.000000,     small-vehicle,     317
3179.000000, 2497.000000, 3232.000000, 2497.000000, 3235.000000, 2531.000000, 3181.000000, 2532.000000,     small-vehicle,     330
3807.000000, 3754.000000, 3880.000000, 3749.000000, 3885.000000, 3793.000000, 3811.000000, 3798.000000,     small-vehicle,     334
1114.000000, 3374.000000, 1177.000000, 3372.000000, 1177.000000, 3406.000000, 1113.000000, 3411.000000,     small-vehicle,     337
3411.000000, 2466.000000, 3478.000000, 2464.000000, 3483.000000, 2528.000000, 3415.000000, 2530.000000,     large-vehicle,     345
2107.000000, 3145.000000, 2136.000000, 3144.000000, 2137.000000, 3215.000000, 2109.000000, 3217.000000,     small-vehicle,     353
1274.000000, 3371.000000, 1340.000000, 3368.000000, 1340.000000, 3407.000000, 1274.000000, 3411.000000,     small-vehicle,     360
3305.000000, 2467.000000, 3360.000000, 2466.000000, 3362.000000, 2496.000000, 3308.000000, 2496.000000,     small-vehicle,     364
3486.000000, 2472.000000, 3553.000000, 2471.000000, 3555.000000, 2504.000000, 3488.000000, 2506.000000,     small-vehicle,     382
825.000000, 4092.000000, 888.000000, 4088.000000, 887.000000, 4125.000000, 823.000000, 4130.000000,     small-vehicle,     383
3562.000000, 2459.000000, 3624.000000, 2458.000000, 3626.000000, 2490.000000, 3564.000000, 2492.000000,     small-vehicle,     385
2816.000000, 2605.000000, 2873.000000, 2603.000000, 2875.000000, 2653.000000, 2819.000000, 2654.000000,     small-vehicle,     386
1197.000000, 4013.000000, 1265.000000, 4009.000000, 1265.000000, 4045.000000, 1197.000000, 4049.000000,     small-vehicle,     409
2176.000000, 3007.000000, 2207.000000, 3005.000000, 2210.000000, 3090.000000, 2177.000000, 3090.000000,     small-vehicle,     421
655.000000, 4036.000000, 719.000000, 4032.000000, 719.000000, 4073.000000, 654.000000, 4077.000000,     small-vehicle,     430
2196.000000, 3225.000000, 2224.000000, 3225.000000, 2226.000000, 3299.000000, 2197.000000, 3300.000000,     small-vehicle,     431
1988.000000, 2400.000000, 2013.000000, 2400.000000, 2015.000000, 2463.000000, 1988.000000, 2464.000000,     small-vehicle,     432
2015.000000, 2390.000000, 2043.000000, 2389.000000, 2045.000000, 2455.000000, 2018.000000, 2456.000000,     small-vehicle,     433
1200.000000, 3375.000000, 1262.000000, 3372.000000, 1262.000000, 3402.000000, 1200.000000, 3406.000000,     small-vehicle,     438
3066.000000, 2557.000000, 3127.000000, 2557.000000, 3129.000000, 2588.000000, 3068.000000, 2590.000000,     small-vehicle,     445
1538.000000, 2625.000000, 1594.000000, 2624.000000, 1595.000000, 2652.000000, 1539.000000, 2654.000000,     small-vehicle,     446
2138.000000, 2897.000000, 2161.000000, 2894.000000, 2163.000000, 2958.000000, 2138.000000, 2960.000000,     small-vehicle,     457
3348.000000, 3762.000000, 3416.000000, 3757.000000, 3419.000000, 3794.000000, 3351.000000, 3799.000000,     small-vehicle,     462
1855.000000, 4054.000000, 1918.000000, 4050.000000, 1919.000000, 4101.000000, 1856.000000, 4105.000000,     small-vehicle,     463
3118.000000, 2598.000000, 3178.000000, 2596.000000, 3181.000000, 2629.000000, 3120.000000, 2630.000000,     small-vehicle,     465
2274.000000, 2312.000000, 2300.000000, 2311.000000, 2303.000000, 2387.000000, 2276.000000, 2388.000000,     small-vehicle,     484
262.000000, 2899.000000, 332.000000, 2896.000000, 332.000000, 2915.000000, 261.000000, 2918.000000,     large-vehicle,     498
1979.000000, 2337.000000, 2007.000000, 2335.000000, 2008.000000, 2396.000000, 1981.000000, 2397.000000,     small-vehicle,     506
64.000000, 2812.000000, 133.000000, 2810.000000, 131.000000, 2843.000000, 63.000000, 2845.000000,     small-vehicle,     511
2087.000000, 2726.000000, 2117.000000, 2724.000000, 2118.000000, 2792.000000, 2089.000000, 2793.000000,     small-vehicle,     531
1555.000000, 4196.000000, 1607.000000, 4191.000000, 1607.000000, 4248.000000, 1557.000000, 4253.000000,     small-vehicle,     537
2872.000000, 3737.000000, 2938.000000, 3732.000000, 2940.000000, 3771.000000, 2874.000000, 3775.000000,     large-vehicle,     553
2253.000000, 2185.000000, 2276.000000, 2185.000000, 2279.000000, 2242.000000, 2255.000000, 2242.000000,     small-vehicle,     564
2285.000000, 2194.000000, 2317.000000, 2194.000000, 2318.000000, 2258.000000, 2288.000000, 2260.000000,     small-vehicle,     568
451.000000, 4064.000000, 523.000000, 4058.000000, 521.000000, 4100.000000, 450.000000, 4104.000000,     small-vehicle,     569
1645.000000, 2695.000000, 1703.000000, 2694.000000, 1703.000000, 2719.000000, 1645.000000, 2721.000000,     small-vehicle,     575
3506.000000, 2555.000000, 3572.000000, 2553.000000, 3573.000000, 2584.000000, 3508.000000, 2586.000000,     small-vehicle,     577
3628.000000, 2448.000000, 3693.000000, 2446.000000, 3697.000000, 2483.000000, 3632.000000, 2484.000000,     small-vehicle,     578
2583.000000, 3859.000000, 2643.000000, 3855.000000, 2643.000000, 3888.000000, 2583.000000, 3892.000000,     small-vehicle,     583
2280.000000, 2114.000000, 2305.000000, 2115.000000, 2308.000000, 2180.000000, 2283.000000, 2182.000000,     small-vehicle,     590
2035.000000, 3118.000000, 2075.000000, 3116.000000, 2077.000000, 3190.000000, 2037.000000, 3191.000000,     small-vehicle,     591
1989.000000, 2139.000000, 2019.000000, 2139.000000, 2021.000000, 2209.000000, 1990.000000, 2210.000000,     small-vehicle,     593
1879.000000, 3750.000000, 1926.000000, 3748.000000, 1927.000000, 3795.000000, 1880.000000, 3799.000000,     small-vehicle,     598
1335.000000, 4053.000000, 1405.000000, 4048.000000, 1405.000000, 4087.000000, 1335.000000, 4093.000000,     small-vehicle,     613
2689.000000, 2646.000000, 2741.000000, 2644.000000, 2743.000000, 2674.000000, 2691.000000, 2676.000000,     small-vehicle,     614
1026.000000, 4027.000000, 1084.000000, 4024.000000, 1084.000000, 4060.000000, 1026.000000, 4065.000000,     small-vehicle,     615
2263.000000, 2034.000000, 2289.000000, 2034.000000, 2291.000000, 2093.000000, 2266.000000, 2093.000000,     small-vehicle,     632
2040.000000, 2267.000000, 2070.000000, 2268.000000, 2072.000000, 2346.000000, 2043.000000, 2345.000000,     small-vehicle,     635
2948.000000, 2615.000000, 3009.000000, 2612.000000, 3010.000000, 2649.000000, 2950.000000, 2649.000000,     small-vehicle,     636
3728.000000, 3702.000000, 3801.000000, 3697.000000, 3806.000000, 3741.000000, 3732.000000, 3747.000000,     small-vehicle,     637
1992.000000, 2017.000000, 2018.000000, 2016.000000, 2020.000000, 2082.000000, 1993.000000, 2081.000000,     small-vehicle,     638
1779.000000, 3914.000000, 1839.000000, 3911.000000, 1840.000000, 3943.000000, 1779.000000, 3947.000000,     small-vehicle,     659
1955.000000, 1973.000000, 1981.000000, 1973.000000, 1983.000000, 2033.000000, 1956.000000, 2032.000000,     small-vehicle,     660
234.000000, 4070.000000, 296.000000, 4066.000000, 295.000000, 4103.000000, 232.000000, 4107.000000,     small-vehicle,     661
2078.000000, 2152.000000, 2104.000000, 2152.000000, 2106.000000, 2216.000000, 2079.000000, 2216.000000,     small-vehicle,     663
2285.000000, 3472.000000, 2321.000000, 3471.000000, 2324.000000, 3547.000000, 2288.000000, 3548.000000,     small-vehicle,     664
1772.000000, 4071.000000, 1837.000000, 4066.000000, 1838.000000, 4104.000000, 1774.000000, 4108.000000,     small-vehicle,     665
2262.000000, 1950.000000, 2290.000000, 1951.000000, 2293.000000, 2015.000000, 2265.000000, 2016.000000,     small-vehicle,     666
2149.000000, 2726.000000, 2181.000000, 2724.000000, 2182.000000, 2786.000000, 2152.000000, 2787.000000,     small-vehicle,     667
524.000000, 2014.000000, 587.000000, 2012.000000, 585.000000, 2045.000000, 522.000000, 2045.000000,     small-vehicle,     668
45.000000, 4198.000000, 92.000000, 4196.000000, 91.000000, 4220.000000, 43.000000, 4223.000000,     small-vehicle,     672
212.000000, 4171.000000, 286.000000, 4166.000000, 285.000000, 4206.000000, 211.000000, 4211.000000,     large-vehicle,     676
3746.000000, 3892.000000, 3812.000000, 3888.000000, 3815.000000, 3924.000000, 3749.000000, 3930.000000,     small-vehicle,     686
435.000000, 2902.000000, 500.000000, 2899.000000, 498.000000, 2932.000000, 434.000000, 2934.000000,     small-vehicle,     687
858.000000, 4334.000000, 893.000000, 4331.000000, 891.000000, 4397.000000, 858.000000, 4400.000000,     small-vehicle,     691
2776.000000, 3743.000000, 2852.000000, 3739.000000, 2855.000000, 3773.000000, 2779.000000, 3779.000000,     large-vehicle,     692
1807.000000, 3825.000000, 1873.000000, 3820.000000, 1873.000000, 3862.000000, 1808.000000, 3865.000000,     large-vehicle,     693
2301.000000, 2848.000000, 2332.000000, 2847.000000, 2335.000000, 2920.000000, 2303.000000, 2920.000000,     large-vehicle,     695
2670.000000, 3851.000000, 2780.000000, 3844.000000, 2784.000000, 3895.000000, 2673.000000, 3904.000000,     large-vehicle,     697
2364.000000, 3889.000000, 2408.000000, 3887.000000, 2412.000000, 3979.000000, 2368.000000, 3984.000000,     large-vehicle,     698
1948.000000, 1901.000000, 1976.000000, 1901.000000, 1976.000000, 1959.000000, 1950.000000, 1960.000000,     small-vehicle,     704
1988.000000, 3953.000000, 2042.000000, 3950.000000, 2044.000000, 3984.000000, 1988.000000, 3989.000000,     small-vehicle,     706
669.000000, 2857.000000, 733.000000, 2855.000000, 733.000000, 2914.000000, 667.000000, 2918.000000,     small-vehicle,     708
2774.000000, 3710.000000, 2826.000000, 3705.000000, 2826.000000, 3743.000000, 2776.000000, 3745.000000,     small-vehicle,     709
1026.000000, 3937.000000, 1074.000000, 3934.000000, 1074.000000, 3966.000000, 1025.000000, 3968.000000,     small-vehicle,     713
2259.000000, 1861.000000, 2283.000000, 1861.000000, 2285.000000, 1923.000000, 2261.000000, 1923.000000,     small-vehicle,     718
2327.000000, 3234.000000, 2360.000000, 3233.000000, 2363.000000, 3306.000000, 2329.000000, 3309.000000,     large-vehicle,     720
2668.000000, 3787.000000, 2743.000000, 3783.000000, 2745.000000, 3829.000000, 2670.000000, 3833.000000,     large-vehicle,     722
1336.000000, 4059.000000, 1410.000000, 4053.000000, 1410.000000, 4095.000000, 1336.000000, 4100.000000,     large-vehicle,     724
2697.000000, 2549.000000, 2755.000000, 2548.000000, 2757.000000, 2583.000000, 2698.000000, 2585.000000,     large-vehicle,     727
2302.000000, 2852.000000, 2334.000000, 2851.000000, 2337.000000, 2928.000000, 2305.000000, 2929.000000,     small-vehicle,     729
2774.000000, 3739.000000, 2824.000000, 3735.000000, 2826.000000, 3769.000000, 2776.000000, 3773.000000,     small-vehicle,     731
608.000000, 2013.000000, 706.000000, 2012.000000, 705.000000, 2050.000000, 607.000000, 2049.000000,     small-vehicle,     732
3876.000000, 3887.000000, 3916.000000, 3884.000000, 3918.000000, 3911.000000, 3879.000000, 3914.000000,     small-vehicle,     735
2563.000000, 2658.000000, 2616.000000, 2655.000000, 2618.000000, 2683.000000, 2564.000000, 2683.000000,     small-vehicle,     736
3021.000000, 2610.000000, 3085.000000, 2608.000000, 3088.000000, 2643.000000, 3023.000000, 2645.000000,     small-vehicle,     737
1393.000000, 3571.000000, 1411.000000, 3571.000000, 1411.000000, 3609.000000, 1393.000000, 3610.000000,     small-vehicle,     739
210.000000, 4155.000000, 286.000000, 4148.000000, 285.000000, 4187.000000, 209.000000, 4191.000000,     small-vehicle,     742
2027.000000, 1979.000000, 2061.000000, 1978.000000, 2064.000000, 2066.000000, 2028.000000, 2066.000000,     large-vehicle,     744
2695.000000, 2535.000000, 2755.000000, 2534.000000, 2755.000000, 2567.000000, 2697.000000, 2568.000000,     small-vehicle,     745
2584.000000, 3962.000000, 2650.000000, 3955.000000, 2651.000000, 4006.000000, 2587.000000, 4012.000000,     large-vehicle,     748
-31.000000, 4180.000000, 35.000000, 4175.000000, 33.000000, 4209.000000, -32.000000, 4214.000000,     small-vehicle,     755
2500.000000, 2666.000000, 2555.000000, 2665.000000, 2557.000000, 2693.000000, 2501.000000, 2695.000000,     small-vehicle,     756
2589.000000, 3972.000000, 2651.000000, 3968.000000, 2653.000000, 4009.000000, 2592.000000, 4014.000000,     small-vehicle,     757
2040.000000, 1833.000000, 2068.000000, 1833.000000, 2070.000000, 1910.000000, 2043.000000, 1910.000000,     small-vehicle,     758
64.000000, 4092.000000, 129.000000, 4087.000000, 127.000000, 4125.000000, 62.000000, 4129.000000,     small-vehicle,     759
3439.000000, 3754.000000, 3508.000000, 3748.000000, 3511.000000, 3788.000000, 3442.000000, 3793.000000,     small-vehicle,     760
2215.000000, 1764.000000, 2245.000000, 1764.000000, 2248.000000, 1838.000000, 2217.000000, 1839.000000,     small-vehicle,     761
1942.000000, 1819.000000, 1971.000000, 1820.000000, 1974.000000, 1886.000000, 1943.000000, 1885.000000,     small-vehicle,     762
2361.000000, 3892.000000, 2405.000000, 3890.000000, 2409.000000, 3983.000000, 2365.000000, 3986.000000,     small-vehicle,     763
2329.000000, 3229.000000, 2359.000000, 3226.000000, 2361.000000, 3302.000000, 2330.000000, 3303.000000,     small-vehicle,     764
1853.000000, 2699.000000, 1904.000000, 2697.000000, 1905.000000, 2724.000000, 1853.000000, 2726.000000,     small-vehicle,     765
2769.000000, 3786.000000, 2838.000000, 3781.000000, 2840.000000, 3821.000000, 2771.000000, 3827.000000,     small-vehicle,     766
3726.000000, 2525.000000, 3786.000000, 2524.000000, 3788.000000, 2558.000000, 3729.000000, 2559.000000,     small-vehicle,     767
3018.000000, 2604.000000, 3087.000000, 2602.000000, 3089.000000, 2639.000000, 3019.000000, 2640.000000,     large-vehicle,     771
606.000000, 2011.000000, 703.000000, 2010.000000, 702.000000, 2046.000000, 605.000000, 2046.000000,     large-vehicle,     772
2040.000000, 1842.000000, 2069.000000, 1843.000000, 2071.000000, 1918.000000, 2042.000000, 1919.000000,     large-vehicle,     774
2668.000000, 3796.000000, 2744.000000, 3791.000000, 2746.000000, 3831.000000, 2670.000000, 3837.000000,     large-vehicle,     775
2039.000000, 2266.000000, 2070.000000, 2267.000000, 2072.000000, 2349.000000, 2042.000000, 2349.000000,     large-vehicle,     776
3004.000000, 3780.000000, 3065.000000, 3776.000000, 3068.000000, 3815.000000, 3007.000000, 3820.000000,     large-vehicle,     777
2563.000000, 2563.000000, 2613.000000, 2561.000000, 2615.000000, 2595.000000, 2564.000000, 2596.000000,     large-vehicle,     778
2361.000000, 3891.000000, 2405.000000, 3888.000000, 2409.000000, 3984.000000, 2365.000000, 3987.000000,     large-vehicle,     779
2065.000000, 3211.000000, 2096.000000, 3211.000000, 2098.000000, 3287.000000, 2067.000000, 3288.000000,     large-vehicle,     780
2175.000000, 3008.000000, 2209.000000, 3006.000000, 2212.000000, 3093.000000, 2176.000000, 3094.000000,     large-vehicle,     781
2066.000000, 3212.000000, 2096.000000, 3212.000000, 2098.000000, 3288.000000, 2068.000000, 3290.000000,     small-vehicle,     782
2562.000000, 2564.000000, 2615.000000, 2562.000000, 2616.000000, 2595.000000, 2563.000000, 2597.000000,     small-vehicle,     783
2042.000000, 1841.000000, 2070.000000, 1842.000000, 2072.000000, 1919.000000, 2044.000000, 1920.000000,     small-vehicle,     784
3005.000000, 3781.000000, 3065.000000, 3777.000000, 3068.000000, 3814.000000, 3008.000000, 3819.000000,     small-vehicle,     785
1335.000000, 4060.000000, 1409.000000, 4054.000000, 1409.000000, 4095.000000, 1335.000000, 4100.000000,     small-vehicle,     786
2329.000000, 3234.000000, 2360.000000, 3233.000000, 2363.000000, 3308.000000, 2332.000000, 3310.000000,     small-vehicle,     787
2097.000000, 2489.000000, 2130.000000, 2489.000000, 2130.000000, 2549.000000, 2100.000000, 2549.000000,     small-vehicle,     788
3216.000000, 2588.000000, 3267.000000, 2588.000000, 3268.000000, 2610.000000, 3218.000000, 2611.000000,     small-vehicle,     789
1780.000000, 3929.000000, 1836.000000, 3925.000000, 1838.000000, 3953.000000, 1780.000000, 3958.000000,     small-vehicle,     790
493.000000, 4162.000000, 550.000000, 4157.000000, 550.000000, 4191.000000, 492.000000, 4196.000000,     small-vehicle,     791
3651.000000, 2538.000000, 3710.000000, 2537.000000, 3712.000000, 2566.000000, 3652.000000, 2568.000000,     small-vehicle,     792
2772.000000, 3793.000000, 2836.000000, 3790.000000, 2839.000000, 3826.000000, 2773.000000, 3831.000000,     small-vehicle,     793
2777.000000, 3744.000000, 2852.000000, 3740.000000, 2855.000000, 3772.000000, 2780.000000, 3777.000000,     small-vehicle,     794
212.000000, 4170.000000, 288.000000, 4164.000000, 286.000000, 4208.000000, 211.000000, 4212.000000,     small-vehicle,     795
1811.000000, 3827.000000, 1871.000000, 3823.000000, 1871.000000, 3862.000000, 1811.000000, 3865.000000,     small-vehicle,     796
2319.000000, 1865.000000, 2334.000000, 1865.000000, 2335.000000, 1892.000000, 2320.000000, 1892.000000,     small-vehicle,     797
75.000000, 4136.000000, 159.000000, 4131.000000, 157.000000, 4178.000000, 73.000000, 4184.000000,     small-vehicle,     798
2666.000000, 3793.000000, 2744.000000, 3787.000000, 2746.000000, 3831.000000, 2668.000000, 3837.000000,     small-vehicle,     799
2301.000000, 2856.000000, 2335.000000, 2856.000000, 2338.000000, 2928.000000, 2304.000000, 2929.000000,     large-vehicle,     800
3019.000000, 2610.000000, 3087.000000, 2608.000000, 3089.000000, 2644.000000, 3021.000000, 2646.000000,     large-vehicle,     801
2771.000000, 3792.000000, 2838.000000, 3788.000000, 2841.000000, 3824.000000, 2772.000000, 3830.000000,     large-vehicle,     802
2696.000000, 2550.000000, 2756.000000, 2549.000000, 2758.000000, 2583.000000, 2697.000000, 2585.000000,     small-vehicle,     803
1780.000000, 3924.000000, 1843.000000, 3919.000000, 1844.000000, 3957.000000, 1780.000000, 3961.000000,     large-vehicle,     804
3437.000000, 3755.000000, 3509.000000, 3749.000000, 3512.000000, 3788.000000, 3439.000000, 3793.000000,     large-vehicle,     805
76.000000, 4139.000000, 161.000000, 4132.000000, 159.000000, 4177.000000, 74.000000, 4183.000000,     large-vehicle,     806
