2155.000000, 1417.000000, 2181.000000, 1416.000000, 2183.000000, 1479.000000, 2157.000000, 1479.000000,     small-vehicle,     148
2339.000000, 2552.000000, 2369.000000, 2549.000000, 2371.000000, 2620.000000, 2341.000000, 2622.000000,     small-vehicle,     944
2017.000000, 2601.000000, 2043.000000, 2598.000000, 2044.000000, 2648.000000, 2018.000000, 2649.000000,     small-vehicle,     949
2011.000000, 2518.000000, 2038.000000, 2517.000000, 2038.000000, 2580.000000, 2012.000000, 2581.000000,     small-vehicle,     981
2301.000000, 2513.000000, 2332.000000, 2511.000000, 2335.000000, 2584.000000, 2304.000000, 2585.000000,     small-vehicle,     986
805.000000, 2625.000000, 877.000000, 2621.000000, 877.000000, 2665.000000, 804.000000, 2670.000000,     small-vehicle,     990
2035.000000, 2435.000000, 2065.000000, 2432.000000, 2065.000000, 2496.000000, 2037.000000, 2498.000000,     small-vehicle,     996
2008.000000, 2450.000000, 2032.000000, 2449.000000, 2034.000000, 2507.000000, 2010.000000, 2508.000000,     small-vehicle,     998
2336.000000, 2471.000000, 2363.000000, 2468.000000, 2365.000000, 2542.000000, 2338.000000, 2543.000000,     small-vehicle,     1001
1188.000000, 2568.000000, 1261.000000, 2565.000000, 1261.000000, 2606.000000, 1188.000000, 2611.000000,     small-vehicle,     1009
1023.000000, 2596.000000, 1095.000000, 2592.000000, 1095.000000, 2634.000000, 1023.000000, 2639.000000,     small-vehicle,     1012
718.000000, 2635.000000, 766.000000, 2631.000000, 766.000000, 2668.000000, 718.000000, 2671.000000,     small-vehicle,     1013
1107.000000, 2581.000000, 1170.000000, 2578.000000, 1170.000000, 2622.000000, 1107.000000, 2625.000000,     small-vehicle,     1014
2005.000000, 2367.000000, 2029.000000, 2366.000000, 2031.000000, 2425.000000, 2006.000000, 2427.000000,     small-vehicle,     1039
2288.000000, 2314.000000, 2314.000000, 2312.000000, 2316.000000, 2370.000000, 2291.000000, 2371.000000,     small-vehicle,     1056
569.000000, 2421.000000, 597.000000, 2420.000000, 595.000000, 2483.000000, 568.000000, 2485.000000,     small-vehicle,     1076
1997.000000, 2282.000000, 2024.000000, 2281.000000, 2025.000000, 2342.000000, 1999.000000, 2344.000000,     small-vehicle,     1079
2314.000000, 2228.000000, 2338.000000, 2227.000000, 2340.000000, 2288.000000, 2315.000000, 2289.000000,     small-vehicle,     1086
2827.000000, 2371.000000, 2857.000000, 2368.000000, 2860.000000, 2432.000000, 2830.000000, 2434.000000,     small-vehicle,     1088
1306.000000, 2268.000000, 1325.000000, 2267.000000, 1325.000000, 2312.000000, 1307.000000, 2313.000000,     small-vehicle,     1104
2307.000000, 2160.000000, 2330.000000, 2158.000000, 2331.000000, 2215.000000, 2310.000000, 2216.000000,     small-vehicle,     1113
1989.000000, 2192.000000, 2015.000000, 2191.000000, 2017.000000, 2250.000000, 1990.000000, 2251.000000,     small-vehicle,     1115
1259.000000, 2236.000000, 1312.000000, 2234.000000, 1312.000000, 2265.000000, 1259.000000, 2267.000000,     small-vehicle,     1116
886.000000, 2259.000000, 945.000000, 2256.000000, 945.000000, 2294.000000, 885.000000, 2297.000000,     small-vehicle,     1121
1177.000000, 2240.000000, 1226.000000, 2238.000000, 1226.000000, 2270.000000, 1177.000000, 2272.000000,     small-vehicle,     1135
1980.000000, 2100.000000, 2009.000000, 2099.000000, 2011.000000, 2162.000000, 1981.000000, 2164.000000,     small-vehicle,     1140
2010.000000, 2069.000000, 2056.000000, 2067.000000, 2060.000000, 2201.000000, 2012.000000, 2205.000000,     large-vehicle,     1141
2271.000000, 2108.000000, 2299.000000, 2107.000000, 2301.000000, 2164.000000, 2273.000000, 2165.000000,     small-vehicle,     1142
1000.000000, 2248.000000, 1056.000000, 2246.000000, 1056.000000, 2281.000000, 1000.000000, 2283.000000,     small-vehicle,     1144
1977.000000, 2022.000000, 2007.000000, 2020.000000, 2009.000000, 2085.000000, 1979.000000, 2086.000000,     small-vehicle,     1168
2267.000000, 2007.000000, 2294.000000, 2006.000000, 2296.000000, 2074.000000, 2270.000000, 2075.000000,     small-vehicle,     1175
1309.000000, 2087.000000, 1335.000000, 2086.000000, 1335.000000, 2145.000000, 1310.000000, 2146.000000,     small-vehicle,     1179
558.000000, 2023.000000, 587.000000, 2022.000000, 587.000000, 2065.000000, 557.000000, 2067.000000,     small-vehicle,     1202
1995.000000, 1906.000000, 2027.000000, 1905.000000, 2029.000000, 1974.000000, 1997.000000, 1975.000000,     small-vehicle,     1205
1967.000000, 1842.000000, 1997.000000, 1840.000000, 1998.000000, 1907.000000, 1968.000000, 1907.000000,     small-vehicle,     1211
2474.000000, 1868.000000, 2538.000000, 1866.000000, 2539.000000, 1888.000000, 2474.000000, 1891.000000,     small-vehicle,     1214
2418.000000, 1877.000000, 2467.000000, 1875.000000, 2467.000000, 1898.000000, 2419.000000, 1901.000000,     small-vehicle,     1216
2616.000000, 1852.000000, 2659.000000, 1850.000000, 2659.000000, 1870.000000, 2617.000000, 1872.000000,     small-vehicle,     1217
2250.000000, 1830.000000, 2278.000000, 1829.000000, 2280.000000, 1889.000000, 2252.000000, 1890.000000,     small-vehicle,     1232
1967.000000, 1765.000000, 1997.000000, 1764.000000, 1999.000000, 1824.000000, 1969.000000, 1824.000000,     small-vehicle,     1236
3384.000000, 1752.000000, 3425.000000, 1751.000000, 3427.000000, 1777.000000, 3386.000000, 1778.000000,     small-vehicle,     1248
1298.000000, 1788.000000, 1325.000000, 1787.000000, 1324.000000, 1857.000000, 1298.000000, 1858.000000,     small-vehicle,     1250
1953.000000, 1689.000000, 1982.000000, 1688.000000, 1983.000000, 1750.000000, 1954.000000, 1752.000000,     small-vehicle,     1254
2242.000000, 1647.000000, 2279.000000, 1647.000000, 2281.000000, 1715.000000, 2244.000000, 1716.000000,     small-vehicle,     1257
2265.000000, 1724.000000, 2300.000000, 1722.000000, 2303.000000, 1797.000000, 2268.000000, 1799.000000,     small-vehicle,     1258
1293.000000, 1672.000000, 1322.000000, 1671.000000, 1322.000000, 1743.000000, 1294.000000, 1745.000000,     small-vehicle,     1273
2222.000000, 1553.000000, 2248.000000, 1553.000000, 2250.000000, 1615.000000, 2223.000000, 1615.000000,     small-vehicle,     1277
1946.000000, 1600.000000, 1974.000000, 1600.000000, 1975.000000, 1668.000000, 1948.000000, 1669.000000,     small-vehicle,     1282
1104.000000, 2250.000000, 1161.000000, 2247.000000, 1161.000000, 2278.000000, 1104.000000, 2281.000000,     small-vehicle,     1284
2293.000000, 2899.000000, 2327.000000, 2896.000000, 2330.000000, 2974.000000, 2295.000000, 2977.000000,     small-vehicle,     1290
1287.000000, 1595.000000, 1309.000000, 1594.000000, 1309.000000, 1639.000000, 1287.000000, 1640.000000,     small-vehicle,     1293
2250.000000, 1505.000000, 2278.000000, 1505.000000, 2280.000000, 1570.000000, 2252.000000, 1570.000000,     small-vehicle,     1298
2444.000000, 1955.000000, 2501.000000, 1952.000000, 2502.000000, 1973.000000, 2444.000000, 1976.000000,     small-vehicle,     1303
2467.000000, 2421.000000, 2493.000000, 2420.000000, 2494.000000, 2473.000000, 2469.000000, 2474.000000,     small-vehicle,     1306
782.000000, 2270.000000, 847.000000, 2267.000000, 846.000000, 2299.000000, 781.000000, 2303.000000,     small-vehicle,     1307
1934.000000, 1443.000000, 1961.000000, 1442.000000, 1963.000000, 1502.000000, 1935.000000, 1504.000000,     small-vehicle,     1309
1283.000000, 1460.000000, 1306.000000, 1460.000000, 1306.000000, 1514.000000, 1282.000000, 1515.000000,     small-vehicle,     1312
2318.000000, 2304.000000, 2349.000000, 2303.000000, 2351.000000, 2364.000000, 2320.000000, 2365.000000,     small-vehicle,     1314
1277.000000, 1374.000000, 1305.000000, 1373.000000, 1304.000000, 1433.000000, 1277.000000, 1434.000000,     small-vehicle,     1330
700.000000, 2275.000000, 769.000000, 2272.000000, 768.000000, 2310.000000, 699.000000, 2313.000000,     small-vehicle,     1331
1274.000000, 1305.000000, 1301.000000, 1305.000000, 1302.000000, 1367.000000, 1274.000000, 1368.000000,     small-vehicle,     1333
1922.000000, 1278.000000, 1951.000000, 1278.000000, 1952.000000, 1335.000000, 1924.000000, 1335.000000,     small-vehicle,     1337
2205.000000, 1216.000000, 2228.000000, 1216.000000, 2231.000000, 1282.000000, 2207.000000, 1283.000000,     small-vehicle,     1342
2719.000000, 1919.000000, 2780.000000, 1916.000000, 2782.000000, 1950.000000, 2721.000000, 1952.000000,     small-vehicle,     1347
1270.000000, 1243.000000, 1294.000000, 1242.000000, 1294.000000, 1291.000000, 1270.000000, 1292.000000,     small-vehicle,     1348
1940.000000, 1149.000000, 1967.000000, 1147.000000, 1969.000000, 1204.000000, 1940.000000, 1205.000000,     small-vehicle,     1360
2194.000000, 1149.000000, 2225.000000, 1147.000000, 2227.000000, 1211.000000, 2195.000000, 1212.000000,     small-vehicle,     1361
1360.000000, 1079.000000, 1412.000000, 1077.000000, 1411.000000, 1108.000000, 1361.000000, 1110.000000,     small-vehicle,     1364
535.000000, 1175.000000, 584.000000, 1174.000000, 583.000000, 1203.000000, 534.000000, 1204.000000,     small-vehicle,     1369
165.000000, 1110.000000, 224.000000, 1108.000000, 223.000000, 1139.000000, 165.000000, 1141.000000,     small-vehicle,     1373
405.000000, 1109.000000, 466.000000, 1108.000000, 465.000000, 1132.000000, 405.000000, 1133.000000,     small-vehicle,     1375
331.000000, 1107.000000, 393.000000, 1105.000000, 392.000000, 1136.000000, 330.000000, 1138.000000,     small-vehicle,     1377
1100.000000, 1089.000000, 1148.000000, 1088.000000, 1148.000000, 1113.000000, 1100.000000, 1114.000000,     small-vehicle,     1378
1360.000000, 1141.000000, 1420.000000, 1140.000000, 1420.000000, 1169.000000, 1360.000000, 1170.000000,     small-vehicle,     1379
3580.000000, 1848.000000, 3635.000000, 1846.000000, 3637.000000, 1871.000000, 3582.000000, 1874.000000,     small-vehicle,     1381
1181.000000, 1084.000000, 1231.000000, 1083.000000, 1231.000000, 1110.000000, 1180.000000, 1110.000000,     small-vehicle,     1384
954.000000, 1090.000000, 1009.000000, 1090.000000, 1009.000000, 1117.000000, 954.000000, 1118.000000,     small-vehicle,     1385
1030.000000, 1091.000000, 1073.000000, 1090.000000, 1072.000000, 1114.000000, 1030.000000, 1115.000000,     small-vehicle,     1386
1238.000000, 1073.000000, 1297.000000, 1073.000000, 1297.000000, 1111.000000, 1238.000000, 1113.000000,     small-vehicle,     1387
1488.000000, 1078.000000, 1540.000000, 1077.000000, 1540.000000, 1105.000000, 1489.000000, 1106.000000,     small-vehicle,     1388
475.000000, 1102.000000, 525.000000, 1101.000000, 525.000000, 1126.000000, 474.000000, 1127.000000,     small-vehicle,     1389
104.000000, 1092.000000, 162.000000, 1091.000000, 161.000000, 1132.000000, 103.000000, 1133.000000,     small-vehicle,     1395
2729.000000, 1011.000000, 2779.000000, 1010.000000, 2780.000000, 1036.000000, 2729.000000, 1036.000000,     small-vehicle,     1397
1266.000000, 1008.000000, 1292.000000, 1007.000000, 1292.000000, 1063.000000, 1265.000000, 1064.000000,     small-vehicle,     1399
1448.000000, 1109.000000, 1503.000000, 1107.000000, 1503.000000, 1134.000000, 1448.000000, 1135.000000,     small-vehicle,     1400
2458.000000, 1036.000000, 2504.000000, 1035.000000, 2505.000000, 1057.000000, 2459.000000, 1058.000000,     small-vehicle,     1401
3512.000000, 1852.000000, 3576.000000, 1849.000000, 3579.000000, 1879.000000, 3515.000000, 1882.000000,     small-vehicle,     1402
2390.000000, 1035.000000, 2447.000000, 1034.000000, 2448.000000, 1060.000000, 2391.000000, 1060.000000,     small-vehicle,     1403
2593.000000, 1025.000000, 2645.000000, 1024.000000, 2647.000000, 1051.000000, 2595.000000, 1052.000000,     small-vehicle,     1405
3055.000000, 1003.000000, 3119.000000, 1001.000000, 3120.000000, 1022.000000, 3056.000000, 1024.000000,     small-vehicle,     1409
3233.000000, 991.000000, 3282.000000, 990.000000, 3284.000000, 1018.000000, 3234.000000, 1019.000000,     small-vehicle,     1410
2887.000000, 1003.000000, 2945.000000, 1001.000000, 2946.000000, 1030.000000, 2888.000000, 1030.000000,     small-vehicle,     1412
2698.000000, 1088.000000, 2750.000000, 1087.000000, 2751.000000, 1116.000000, 2700.000000, 1118.000000,     small-vehicle,     1416
2957.000000, 997.000000, 3023.000000, 997.000000, 3025.000000, 1028.000000, 2959.000000, 1029.000000,     small-vehicle,     1418
3356.000000, 984.000000, 3417.000000, 983.000000, 3419.000000, 1011.000000, 3359.000000, 1012.000000,     small-vehicle,     1420
3292.000000, 985.000000, 3348.000000, 983.000000, 3349.000000, 1013.000000, 3294.000000, 1014.000000,     small-vehicle,     1422
1431.000000, 1143.000000, 1468.000000, 1142.000000, 1469.000000, 1165.000000, 1431.000000, 1167.000000,     small-vehicle,     1423
1949.000000, 1032.000000, 1986.000000, 1031.000000, 1986.000000, 1092.000000, 1950.000000, 1093.000000,     small-vehicle,     1424
1970.000000, 1923.000000, 1998.000000, 1922.000000, 2000.000000, 2003.000000, 1971.000000, 2003.000000,     small-vehicle,     1425
2841.000000, 943.000000, 2867.000000, 943.000000, 2869.000000, 994.000000, 2844.000000, 994.000000,     small-vehicle,     1429
30.000000, 1070.000000, 94.000000, 1068.000000, 92.000000, 1113.000000, 29.000000, 1114.000000,     small-vehicle,     1431
721.000000, 1094.000000, 771.000000, 1093.000000, 770.000000, 1122.000000, 721.000000, 1123.000000,     small-vehicle,     1433
2024.000000, 1705.000000, 2058.000000, 1703.000000, 2059.000000, 1778.000000, 2026.000000, 1779.000000,     small-vehicle,     1438
2070.000000, 1947.000000, 2099.000000, 1946.000000, 2101.000000, 2010.000000, 2072.000000, 2011.000000,     small-vehicle,     1449
1254.000000, 757.000000, 1278.000000, 757.000000, 1278.000000, 808.000000, 1254.000000, 808.000000,     small-vehicle,     1451
1909.000000, 757.000000, 1933.000000, 757.000000, 1934.000000, 808.000000, 1910.000000, 808.000000,     small-vehicle,     1452
2809.000000, 728.000000, 2845.000000, 727.000000, 2849.000000, 788.000000, 2813.000000, 788.000000,     small-vehicle,     1453
2180.000000, 667.000000, 2209.000000, 667.000000, 2210.000000, 728.000000, 2181.000000, 728.000000,     small-vehicle,     1458
2152.000000, 669.000000, 2175.000000, 669.000000, 2177.000000, 723.000000, 2154.000000, 723.000000,     small-vehicle,     1459
1615.000000, 1133.000000, 1669.000000, 1132.000000, 1670.000000, 1158.000000, 1615.000000, 1159.000000,     small-vehicle,     1460
1248.000000, 668.000000, 1268.000000, 668.000000, 1269.000000, 715.000000, 1248.000000, 715.000000,     small-vehicle,     1462
2149.000000, 596.000000, 2175.000000, 596.000000, 2177.000000, 653.000000, 2151.000000, 653.000000,     small-vehicle,     1467
1689.000000, 1132.000000, 1748.000000, 1131.000000, 1749.000000, 1153.000000, 1688.000000, 1153.000000,     small-vehicle,     1468
2183.000000, 621.000000, 2207.000000, 620.000000, 2208.000000, 656.000000, 2184.000000, 656.000000,     small-vehicle,     1478
1871.000000, 557.000000, 1894.000000, 557.000000, 1896.000000, 609.000000, 1872.000000, 610.000000,     small-vehicle,     1479
2249.000000, 1920.000000, 2316.000000, 1917.000000, 2319.000000, 1993.000000, 2250.000000, 1996.000000,     large-vehicle,     1487
1940.000000, 1508.000000, 1969.000000, 1507.000000, 1971.000000, 1568.000000, 1942.000000, 1568.000000,     small-vehicle,     1493
1948.000000, 1761.000000, 1976.000000, 1759.000000, 1977.000000, 1824.000000, 1950.000000, 1825.000000,     small-vehicle,     1498
1890.000000, 511.000000, 1916.000000, 511.000000, 1918.000000, 566.000000, 1892.000000, 566.000000,     small-vehicle,     1499
2267.000000, 457.000000, 2329.000000, 456.000000, 2330.000000, 486.000000, 2268.000000, 486.000000,     small-vehicle,     1500
2086.000000, 635.000000, 2100.000000, 635.000000, 2101.000000, 663.000000, 2086.000000, 664.000000,     small-vehicle,     1503
1227.000000, 445.000000, 1252.000000, 445.000000, 1252.000000, 493.000000, 1227.000000, 493.000000,     small-vehicle,     1507
1540.000000, 1137.000000, 1603.000000, 1136.000000, 1603.000000, 1161.000000, 1540.000000, 1162.000000,     small-vehicle,     1508
2125.000000, 387.000000, 2152.000000, 387.000000, 2154.000000, 441.000000, 2127.000000, 442.000000,     small-vehicle,     1509
2527.000000, 1029.000000, 2580.000000, 1028.000000, 2581.000000, 1052.000000, 2528.000000, 1053.000000,     small-vehicle,     1510
2480.000000, 437.000000, 2529.000000, 437.000000, 2530.000000, 463.000000, 2481.000000, 463.000000,     small-vehicle,     1511
2779.000000, 405.000000, 2804.000000, 405.000000, 2807.000000, 462.000000, 2781.000000, 462.000000,     small-vehicle,     1515
1301.000000, 2332.000000, 1330.000000, 2331.000000, 1331.000000, 2409.000000, 1302.000000, 2410.000000,     small-vehicle,     1516
1225.000000, 396.000000, 1252.000000, 397.000000, 1252.000000, 447.000000, 1225.000000, 447.000000,     small-vehicle,     1517
211.000000, 1146.000000, 267.000000, 1145.000000, 266.000000, 1194.000000, 210.000000, 1195.000000,     small-vehicle,     1518
543.000000, 708.000000, 586.000000, 707.000000, 585.000000, 736.000000, 542.000000, 737.000000,     small-vehicle,     1519
1302.000000, 2349.000000, 1330.000000, 2348.000000, 1331.000000, 2429.000000, 1302.000000, 2432.000000,     large-vehicle,     1520
3252.000000, 1063.000000, 3317.000000, 1061.000000, 3319.000000, 1086.000000, 3254.000000, 1087.000000,     small-vehicle,     1521
1854.000000, 335.000000, 1877.000000, 335.000000, 1878.000000, 393.000000, 1855.000000, 393.000000,     small-vehicle,     1522
1302.000000, 2359.000000, 1332.000000, 2357.000000, 1333.000000, 2438.000000, 1301.000000, 2439.000000,     small-vehicle,     1523
3194.000000, 985.000000, 3224.000000, 984.000000, 3226.000000, 1005.000000, 3196.000000, 1005.000000,     small-vehicle,     1524
2976.000000, 1086.000000, 3027.000000, 1085.000000, 3029.000000, 1107.000000, 2977.000000, 1107.000000,     small-vehicle,     1525
