2064.000000, 3498.000000, 2094.000000, 3497.000000, 2095.000000, 3558.000000, 2066.000000, 3560.000000,     small-vehicle,     0
2396.000000, 3543.000000, 2425.000000, 3540.000000, 2426.000000, 3613.000000, 2399.000000, 3615.000000,     small-vehicle,     1
2071.000000, 3575.000000, 2097.000000, 3574.000000, 2098.000000, 3642.000000, 2073.000000, 3643.000000,     small-vehicle,     2
2078.000000, 3213.000000, 2105.000000, 3212.000000, 2107.000000, 3271.000000, 2079.000000, 3273.000000,     small-vehicle,     4
1449.000000, 3609.000000, 1481.000000, 3607.000000, 1481.000000, 3680.000000, 1450.000000, 3682.000000,     small-vehicle,     12
2390.000000, 3461.000000, 2422.000000, 3458.000000, 2424.000000, 3533.000000, 2391.000000, 3534.000000,     small-vehicle,     17
2367.000000, 3649.000000, 2419.000000, 3646.000000, 2421.000000, 3713.000000, 2369.000000, 3716.000000,     small-vehicle,     19
2090.000000, 3391.000000, 2120.000000, 3389.000000, 2122.000000, 3469.000000, 2092.000000, 3472.000000,     small-vehicle,     21
2326.000000, 3709.000000, 2356.000000, 3707.000000, 2359.000000, 3793.000000, 2329.000000, 3795.000000,     small-vehicle,     29
1384.000000, 3441.000000, 1445.000000, 3437.000000, 1446.000000, 3487.000000, 1385.000000, 3490.000000,     small-vehicle,     41
1449.000000, 3532.000000, 1479.000000, 3529.000000, 1480.000000, 3593.000000, 1449.000000, 3596.000000,     small-vehicle,     43
2356.000000, 3354.000000, 2381.000000, 3352.000000, 2384.000000, 3431.000000, 2357.000000, 3434.000000,     small-vehicle,     46
2285.000000, 2299.000000, 2342.000000, 2298.000000, 2343.000000, 2331.000000, 2285.000000, 2333.000000,     small-vehicle,     66
3023.000000, 3196.000000, 3059.000000, 3194.000000, 3060.000000, 3215.000000, 3023.000000, 3218.000000,     small-vehicle,     85
2346.000000, 3565.000000, 2376.000000, 3563.000000, 2379.000000, 3647.000000, 2348.000000, 3649.000000,     small-vehicle,     86
2306.000000, 3909.000000, 2338.000000, 3906.000000, 2340.000000, 3984.000000, 2307.000000, 3986.000000,     small-vehicle,     114
2070.000000, 3136.000000, 2098.000000, 3135.000000, 2100.000000, 3196.000000, 2071.000000, 3198.000000,     small-vehicle,     120
2223.000000, 2484.000000, 2253.000000, 2483.000000, 2255.000000, 2551.000000, 2224.000000, 2552.000000,     small-vehicle,     148
2918.000000, 3196.000000, 2983.000000, 3192.000000, 2984.000000, 3223.000000, 2919.000000, 3227.000000,     small-vehicle,     202
2183.000000, 2092.000000, 2215.000000, 2091.000000, 2218.000000, 2192.000000, 2185.000000, 2192.000000,     large-vehicle,     230
2104.000000, 3664.000000, 2143.000000, 3661.000000, 2145.000000, 3750.000000, 2106.000000, 3754.000000,     large-vehicle,     232
2891.000000, 3237.000000, 2950.000000, 3234.000000, 2952.000000, 3277.000000, 2893.000000, 3281.000000,     small-vehicle,     386
2037.000000, 3030.000000, 2066.000000, 3028.000000, 2067.000000, 3099.000000, 2038.000000, 3101.000000,     small-vehicle,     432
2068.000000, 3022.000000, 2098.000000, 3021.000000, 2098.000000, 3086.000000, 2069.000000, 3089.000000,     small-vehicle,     433
3127.000000, 3176.000000, 3187.000000, 3172.000000, 3189.000000, 3201.000000, 3129.000000, 3204.000000,     small-vehicle,     445
275.000000, 3601.000000, 353.000000, 3595.000000, 353.000000, 3621.000000, 274.000000, 3627.000000,     large-vehicle,     498
2313.000000, 2802.000000, 2339.000000, 2800.000000, 2340.000000, 2863.000000, 2314.000000, 2864.000000,     small-vehicle,     564
2348.000000, 2815.000000, 2379.000000, 2813.000000, 2381.000000, 2878.000000, 2350.000000, 2879.000000,     small-vehicle,     568
1691.000000, 3342.000000, 1748.000000, 3338.000000, 1748.000000, 3370.000000, 1692.000000, 3374.000000,     small-vehicle,     575
3604.000000, 3164.000000, 3656.000000, 3162.000000, 3658.000000, 3191.000000, 3606.000000, 3195.000000,     small-vehicle,     577
2342.000000, 2731.000000, 2370.000000, 2729.000000, 2371.000000, 2800.000000, 2344.000000, 2801.000000,     small-vehicle,     590
2043.000000, 2767.000000, 2076.000000, 2765.000000, 2078.000000, 2836.000000, 2045.000000, 2837.000000,     small-vehicle,     593
2751.000000, 3268.000000, 2813.000000, 3264.000000, 2815.000000, 3296.000000, 2752.000000, 3300.000000,     small-vehicle,     614
2326.000000, 2648.000000, 2353.000000, 2646.000000, 2355.000000, 2713.000000, 2328.000000, 2714.000000,     small-vehicle,     632
2131.000000, 3416.000000, 2162.000000, 3414.000000, 2164.000000, 3487.000000, 2132.000000, 3489.000000,     small-vehicle,     635
3020.000000, 3233.000000, 3080.000000, 3229.000000, 3081.000000, 3263.000000, 3022.000000, 3266.000000,     small-vehicle,     636
2011.000000, 2593.000000, 2037.000000, 2591.000000, 2039.000000, 2655.000000, 2011.000000, 2656.000000,     small-vehicle,     660
2291.000000, 3577.000000, 2320.000000, 3576.000000, 2322.000000, 3643.000000, 2292.000000, 3645.000000,     small-vehicle,     664
2327.000000, 2560.000000, 2355.000000, 2559.000000, 2356.000000, 2626.000000, 2329.000000, 2628.000000,     small-vehicle,     666
2228.000000, 3565.000000, 2253.000000, 3563.000000, 2254.000000, 3618.000000, 2228.000000, 3620.000000,     small-vehicle,     667
2004.000000, 2520.000000, 2032.000000, 2519.000000, 2032.000000, 2576.000000, 2005.000000, 2577.000000,     small-vehicle,     704
2323.000000, 2474.000000, 2349.000000, 2473.000000, 2351.000000, 2535.000000, 2325.000000, 2537.000000,     small-vehicle,     718
2563.000000, 3290.000000, 2618.000000, 3287.000000, 2620.000000, 3319.000000, 2564.000000, 3323.000000,     small-vehicle,     756
2279.000000, 2370.000000, 2312.000000, 2369.000000, 2314.000000, 2448.000000, 2281.000000, 2450.000000,     small-vehicle,     761
1998.000000, 2440.000000, 2028.000000, 2438.000000, 2030.000000, 2503.000000, 1999.000000, 2504.000000,     small-vehicle,     762
1899.000000, 3346.000000, 1952.000000, 3342.000000, 1953.000000, 3365.000000, 1900.000000, 3369.000000,     small-vehicle,     765
3291.000000, 3199.000000, 3348.000000, 3195.000000, 3350.000000, 3230.000000, 3293.000000, 3234.000000,     small-vehicle,     789
3737.000000, 3142.000000, 3800.000000, 3138.000000, 3803.000000, 3173.000000, 3740.000000, 3177.000000,     small-vehicle,     792
1985.000000, 2296.000000, 2015.000000, 2295.000000, 2016.000000, 2361.000000, 1986.000000, 2362.000000,     small-vehicle,     813
3422.000000, 2307.000000, 3443.000000, 2307.000000, 3447.000000, 2364.000000, 3424.000000, 2364.000000,     small-vehicle,     815
2112.000000, 2604.000000, 2141.000000, 2602.000000, 2143.000000, 2667.000000, 2113.000000, 2668.000000,     small-vehicle,     816
2504.000000, 2308.000000, 2557.000000, 2307.000000, 2558.000000, 2337.000000, 2505.000000, 2339.000000,     small-vehicle,     818
2702.000000, 3260.000000, 2748.000000, 3257.000000, 2751.000000, 3313.000000, 2704.000000, 3316.000000,     small-vehicle,     824
1996.000000, 2245.000000, 2018.000000, 2245.000000, 2019.000000, 2288.000000, 1996.000000, 2289.000000,     small-vehicle,     840
2487.000000, 2227.000000, 2542.000000, 2226.000000, 2543.000000, 2252.000000, 2487.000000, 2254.000000,     small-vehicle,     841
2550.000000, 2216.000000, 2606.000000, 2214.000000, 2607.000000, 2246.000000, 2551.000000, 2249.000000,     small-vehicle,     845
1793.000000, 2742.000000, 1854.000000, 2740.000000, 1854.000000, 2770.000000, 1793.000000, 2773.000000,     small-vehicle,     847
2107.000000, 2438.000000, 2135.000000, 2436.000000, 2136.000000, 2497.000000, 2108.000000, 2497.000000,     small-vehicle,     867
2816.000000, 2194.000000, 2869.000000, 2193.000000, 2870.000000, 2217.000000, 2817.000000, 2218.000000,     small-vehicle,     870
2939.000000, 2171.000000, 2996.000000, 2170.000000, 2997.000000, 2198.000000, 2941.000000, 2201.000000,     small-vehicle,     875
1619.000000, 3351.000000, 1680.000000, 3347.000000, 1680.000000, 3392.000000, 1619.000000, 3396.000000,     small-vehicle,     876
3414.000000, 2216.000000, 3437.000000, 2216.000000, 3441.000000, 2274.000000, 3416.000000, 2275.000000,     small-vehicle,     878
2683.000000, 2207.000000, 2739.000000, 2205.000000, 2739.000000, 2232.000000, 2684.000000, 2233.000000,     small-vehicle,     880
1971.000000, 2191.000000, 1992.000000, 2191.000000, 1993.000000, 2244.000000, 1972.000000, 2245.000000,     small-vehicle,     885
3480.000000, 2106.000000, 3528.000000, 2105.000000, 3529.000000, 2134.000000, 3480.000000, 2135.000000,     small-vehicle,     886
3118.000000, 2149.000000, 3183.000000, 2148.000000, 3185.000000, 2176.000000, 3120.000000, 2178.000000,     small-vehicle,     889
1975.000000, 2127.000000, 1998.000000, 2126.000000, 1999.000000, 2180.000000, 1975.000000, 2181.000000,     small-vehicle,     892
3246.000000, 2136.000000, 3301.000000, 2135.000000, 3303.000000, 2167.000000, 3247.000000, 2169.000000,     small-vehicle,     893
3424.000000, 2110.000000, 3472.000000, 2109.000000, 3472.000000, 2138.000000, 3426.000000, 2140.000000,     small-vehicle,     894
3033.000000, 2157.000000, 3093.000000, 2155.000000, 3095.000000, 2187.000000, 3035.000000, 2188.000000,     small-vehicle,     895
3583.000000, 2090.000000, 3635.000000, 2089.000000, 3637.000000, 2116.000000, 3584.000000, 2117.000000,     small-vehicle,     897
2882.000000, 2178.000000, 2931.000000, 2177.000000, 2932.000000, 2207.000000, 2883.000000, 2208.000000,     small-vehicle,     904
661.000000, 3173.000000, 730.000000, 3169.000000, 729.000000, 3209.000000, 661.000000, 3213.000000,     small-vehicle,     909
3232.000000, 2219.000000, 3285.000000, 2217.000000, 3287.000000, 2247.000000, 3233.000000, 2248.000000,     small-vehicle,     916
2284.000000, 2030.000000, 2315.000000, 2028.000000, 2317.000000, 2097.000000, 2285.000000, 2099.000000,     small-vehicle,     917
2264.000000, 2073.000000, 2296.000000, 2073.000000, 2298.000000, 2140.000000, 2265.000000, 2141.000000,     small-vehicle,     921
3720.000000, 2069.000000, 3761.000000, 2067.000000, 3763.000000, 2099.000000, 3722.000000, 2099.000000,     small-vehicle,     924
2064.000000, 2377.000000, 2093.000000, 2376.000000, 2094.000000, 2438.000000, 2066.000000, 2439.000000,     small-vehicle,     930
3664.000000, 3153.000000, 3732.000000, 3149.000000, 3734.000000, 3181.000000, 3666.000000, 3185.000000,     small-vehicle,     943
2278.000000, 1944.000000, 2309.000000, 1944.000000, 2311.000000, 2015.000000, 2280.000000, 2015.000000,     small-vehicle,     944
1964.000000, 1978.000000, 1993.000000, 1976.000000, 1994.000000, 2041.000000, 1965.000000, 2041.000000,     small-vehicle,     949
3583.000000, 3080.000000, 3628.000000, 3078.000000, 3629.000000, 3102.000000, 3584.000000, 3104.000000,     small-vehicle,     953
3170.000000, 2228.000000, 3221.000000, 2225.000000, 3223.000000, 2256.000000, 3172.000000, 2257.000000,     small-vehicle,     962
1087.000000, 1968.000000, 1137.000000, 1967.000000, 1137.000000, 1997.000000, 1087.000000, 1999.000000,     small-vehicle,     964
874.000000, 1982.000000, 939.000000, 1981.000000, 939.000000, 2014.000000, 874.000000, 2015.000000,     small-vehicle,     966
3581.000000, 2171.000000, 3625.000000, 2168.000000, 3627.000000, 2195.000000, 3582.000000, 2197.000000,     small-vehicle,     969
1263.000000, 1961.000000, 1290.000000, 1960.000000, 1289.000000, 2011.000000, 1263.000000, 2011.000000,     small-vehicle,     971
1662.000000, 2746.000000, 1720.000000, 2744.000000, 1720.000000, 2772.000000, 1662.000000, 2775.000000,     small-vehicle,     973
1257.000000, 2195.000000, 1300.000000, 2194.000000, 1300.000000, 2221.000000, 1257.000000, 2221.000000,     small-vehicle,     975
2015.000000, 2850.000000, 2037.000000, 2849.000000, 2038.000000, 2898.000000, 2016.000000, 2899.000000,     small-vehicle,     976
2081.000000, 2120.000000, 2111.000000, 2119.000000, 2113.000000, 2187.000000, 2081.000000, 2188.000000,     small-vehicle,     980
1958.000000, 1907.000000, 1985.000000, 1907.000000, 1986.000000, 1966.000000, 1959.000000, 1966.000000,     small-vehicle,     981
2244.000000, 1909.000000, 2272.000000, 1908.000000, 2274.000000, 1974.000000, 2244.000000, 1974.000000,     small-vehicle,     986
1011.000000, 1972.000000, 1070.000000, 1972.000000, 1069.000000, 2003.000000, 1011.000000, 2004.000000,     small-vehicle,     987
2172.000000, 3283.000000, 2197.000000, 3282.000000, 2199.000000, 3344.000000, 2173.000000, 3346.000000,     small-vehicle,     988
1163.000000, 1962.000000, 1224.000000, 1962.000000, 1224.000000, 1990.000000, 1163.000000, 1992.000000,     small-vehicle,     989
773.000000, 1897.000000, 844.000000, 1896.000000, 843.000000, 1930.000000, 772.000000, 1932.000000,     small-vehicle,     990
2656.000000, 2287.000000, 2709.000000, 2286.000000, 2709.000000, 2312.000000, 2657.000000, 2314.000000,     small-vehicle,     994
97.000000, 1982.000000, 157.000000, 1981.000000, 156.000000, 2010.000000, 96.000000, 2011.000000,     small-vehicle,     995
1983.000000, 1824.000000, 2009.000000, 1824.000000, 2011.000000, 1885.000000, 1984.000000, 1885.000000,     small-vehicle,     996
373.000000, 1945.000000, 434.000000, 1945.000000, 433.000000, 1975.000000, 373.000000, 1976.000000,     small-vehicle,     997
1957.000000, 1842.000000, 1981.000000, 1842.000000, 1982.000000, 1902.000000, 1958.000000, 1903.000000,     small-vehicle,     998
2277.000000, 1869.000000, 2302.000000, 1869.000000, 2304.000000, 1931.000000, 2278.000000, 1932.000000,     small-vehicle,     1001
446.000000, 1941.000000, 501.000000, 1939.000000, 501.000000, 1968.000000, 445.000000, 1970.000000,     small-vehicle,     1008
1150.000000, 1869.000000, 1221.000000, 1868.000000, 1221.000000, 1901.000000, 1150.000000, 1902.000000,     small-vehicle,     1009
2045.000000, 2180.000000, 2074.000000, 2180.000000, 2076.000000, 2257.000000, 2046.000000, 2258.000000,     small-vehicle,     1010
985.000000, 1882.000000, 1053.000000, 1881.000000, 1052.000000, 1914.000000, 984.000000, 1915.000000,     small-vehicle,     1012
681.000000, 1898.000000, 731.000000, 1897.000000, 730.000000, 1928.000000, 680.000000, 1929.000000,     small-vehicle,     1013
1066.000000, 1874.000000, 1124.000000, 1874.000000, 1124.000000, 1904.000000, 1066.000000, 1906.000000,     small-vehicle,     1014
2272.000000, 1803.000000, 2295.000000, 1803.000000, 2296.000000, 1849.000000, 2274.000000, 1850.000000,     small-vehicle,     1017
2035.000000, 1894.000000, 2067.000000, 1892.000000, 2067.000000, 1954.000000, 2036.000000, 1955.000000,     small-vehicle,     1032
2642.000000, 1788.000000, 2668.000000, 1788.000000, 2670.000000, 1848.000000, 2645.000000, 1849.000000,     small-vehicle,     1033
2617.000000, 2309.000000, 2655.000000, 2307.000000, 2657.000000, 2369.000000, 2618.000000, 2371.000000,     small-vehicle,     1038
1953.000000, 1755.000000, 1979.000000, 1754.000000, 1980.000000, 1819.000000, 1954.000000, 1819.000000,     small-vehicle,     1039
820.000000, 2780.000000, 892.000000, 2777.000000, 891.000000, 2809.000000, 820.000000, 2812.000000,     small-vehicle,     1042
2035.000000, 2961.000000, 2059.000000, 2959.000000, 2061.000000, 3021.000000, 2037.000000, 3022.000000,     small-vehicle,     1052
1188.000000, 2761.000000, 1256.000000, 2758.000000, 1256.000000, 2790.000000, 1188.000000, 2793.000000,     small-vehicle,     1053
2232.000000, 1708.000000, 2257.000000, 1708.000000, 2258.000000, 1763.000000, 2234.000000, 1763.000000,     small-vehicle,     1056
1189.000000, 2775.000000, 1258.000000, 2772.000000, 1258.000000, 2796.000000, 1189.000000, 2798.000000,     large-vehicle,     1065
3329.000000, 2117.000000, 3359.000000, 2117.000000, 3360.000000, 2136.000000, 3330.000000, 2137.000000,     small-vehicle,     1067
3431.000000, 2390.000000, 3457.000000, 2389.000000, 3460.000000, 2446.000000, 3435.000000, 2447.000000,     small-vehicle,     1069
3199.000000, 3222.000000, 3260.000000, 3218.000000, 3261.000000, 3247.000000, 3200.000000, 3251.000000,     small-vehicle,     1070
3112.000000, 2227.000000, 3161.000000, 2226.000000, 3163.000000, 2264.000000, 3113.000000, 2266.000000,     small-vehicle,     1071
538.000000, 1713.000000, 568.000000, 1713.000000, 567.000000, 1771.000000, 537.000000, 1772.000000,     small-vehicle,     1076
2254.000000, 2564.000000, 2289.000000, 2563.000000, 2292.000000, 2650.000000, 2255.000000, 2652.000000,     large-vehicle,     1078
1946.000000, 1668.000000, 1972.000000, 1667.000000, 1973.000000, 1732.000000, 1946.000000, 1732.000000,     small-vehicle,     1079
2258.000000, 1631.000000, 2282.000000, 1631.000000, 2283.000000, 1684.000000, 2259.000000, 1684.000000,     small-vehicle,     1086
2755.000000, 1770.000000, 2784.000000, 1770.000000, 2786.000000, 1839.000000, 2758.000000, 1840.000000,     small-vehicle,     1088
2134.000000, 3450.000000, 2170.000000, 3447.000000, 2173.000000, 3538.000000, 2136.000000, 3541.000000,     large-vehicle,     1091
1262.000000, 1652.000000, 1291.000000, 1652.000000, 1291.000000, 1721.000000, 1262.000000, 1722.000000,     small-vehicle,     1092
1794.000000, 1991.000000, 1849.000000, 1989.000000, 1850.000000, 2016.000000, 1795.000000, 2017.000000,     small-vehicle,     1099
1264.000000, 1598.000000, 1286.000000, 1598.000000, 1286.000000, 1640.000000, 1264.000000, 1641.000000,     small-vehicle,     1104
2397.000000, 3403.000000, 2422.000000, 3402.000000, 2422.000000, 3448.000000, 2398.000000, 3450.000000,     small-vehicle,     1105
2253.000000, 1565.000000, 2276.000000, 1564.000000, 2277.000000, 1616.000000, 2255.000000, 1616.000000,     small-vehicle,     1113
1940.000000, 1580.000000, 1968.000000, 1580.000000, 1969.000000, 1643.000000, 1941.000000, 1643.000000,     small-vehicle,     1115
1223.000000, 1563.000000, 1269.000000, 1562.000000, 1269.000000, 1589.000000, 1223.000000, 1590.000000,     small-vehicle,     1116
2407.000000, 1809.000000, 2426.000000, 1808.000000, 2428.000000, 1861.000000, 2408.000000, 1862.000000,     small-vehicle,     1117
2632.000000, 3285.000000, 2681.000000, 3281.000000, 2683.000000, 3312.000000, 2633.000000, 3314.000000,     small-vehicle,     1118
2151.000000, 3237.000000, 2182.000000, 3234.000000, 2183.000000, 3313.000000, 2153.000000, 3315.000000,     small-vehicle,     1120
858.000000, 1566.000000, 908.000000, 1566.000000, 908.000000, 1597.000000, 858.000000, 1597.000000,     small-vehicle,     1121
3448.000000, 2552.000000, 3473.000000, 2551.000000, 3477.000000, 2614.000000, 3451.000000, 2614.000000,     small-vehicle,     1122
1133.000000, 1561.000000, 1188.000000, 1561.000000, 1188.000000, 1590.000000, 1133.000000, 1590.000000,     small-vehicle,     1135
782.000000, 1491.000000, 840.000000, 1490.000000, 840.000000, 1518.000000, 781.000000, 1519.000000,     small-vehicle,     1139
1932.000000, 1494.000000, 1961.000000, 1494.000000, 1962.000000, 1552.000000, 1933.000000, 1553.000000,     small-vehicle,     1140
1963.000000, 1468.000000, 2006.000000, 1467.000000, 2007.000000, 1588.000000, 1966.000000, 1588.000000,     large-vehicle,     1141
2217.000000, 1510.000000, 2244.000000, 1510.000000, 2244.000000, 1562.000000, 2218.000000, 1562.000000,     small-vehicle,     1142
3094.000000, 3228.000000, 3164.000000, 3224.000000, 3166.000000, 3260.000000, 3096.000000, 3264.000000,     large-vehicle,     1143
966.000000, 1555.000000, 1018.000000, 1555.000000, 1018.000000, 1587.000000, 966.000000, 1588.000000,     small-vehicle,     1144
2355.000000, 3484.000000, 2389.000000, 3482.000000, 2391.000000, 3559.000000, 2357.000000, 3561.000000,     small-vehicle,     1150
2825.000000, 2265.000000, 2881.000000, 2263.000000, 2882.000000, 2293.000000, 2827.000000, 2294.000000,     small-vehicle,     1151
766.000000, 1566.000000, 826.000000, 1566.000000, 826.000000, 1599.000000, 766.000000, 1599.000000,     small-vehicle,     1153
1178.000000, 1479.000000, 1248.000000, 1479.000000, 1248.000000, 1513.000000, 1177.000000, 1513.000000,     small-vehicle,     1155
626.000000, 1501.000000, 674.000000, 1500.000000, 673.000000, 1527.000000, 625.000000, 1527.000000,     small-vehicle,     1156
688.000000, 1497.000000, 739.000000, 1497.000000, 739.000000, 1523.000000, 688.000000, 1523.000000,     small-vehicle,     1157
1010.000000, 1482.000000, 1069.000000, 1481.000000, 1069.000000, 1510.000000, 1010.000000, 1510.000000,     small-vehicle,     1159
3036.000000, 2244.000000, 3085.000000, 2243.000000, 3086.000000, 2270.000000, 3036.000000, 2272.000000,     small-vehicle,     1164
1931.000000, 1420.000000, 1957.000000, 1420.000000, 1958.000000, 1481.000000, 1931.000000, 1481.000000,     small-vehicle,     1168
679.000000, 1555.000000, 723.000000, 1555.000000, 722.000000, 1580.000000, 679.000000, 1580.000000,     small-vehicle,     1170
239.000000, 2811.000000, 319.000000, 2807.000000, 319.000000, 2839.000000, 238.000000, 2843.000000,     small-vehicle,     1171
2212.000000, 1414.000000, 2241.000000, 1414.000000, 2243.000000, 1478.000000, 2214.000000, 1478.000000,     small-vehicle,     1175
1474.000000, 2766.000000, 1527.000000, 2763.000000, 1527.000000, 2791.000000, 1474.000000, 2793.000000,     small-vehicle,     1176
327.000000, 2811.000000, 384.000000, 2808.000000, 383.000000, 2837.000000, 326.000000, 2839.000000,     small-vehicle,     1177
1269.000000, 1426.000000, 1295.000000, 1426.000000, 1294.000000, 1482.000000, 1269.000000, 1482.000000,     small-vehicle,     1179
3097.000000, 3234.000000, 3163.000000, 3230.000000, 3165.000000, 3266.000000, 3099.000000, 3270.000000,     small-vehicle,     1180
3427.000000, 2198.000000, 3462.000000, 2197.000000, 3463.000000, 2220.000000, 3427.000000, 2222.000000,     small-vehicle,     1182
1921.000000, 1329.000000, 1953.000000, 1329.000000, 1955.000000, 1411.000000, 1923.000000, 1412.000000,     small-vehicle,     1183
618.000000, 3274.000000, 685.000000, 3270.000000, 684.000000, 3294.000000, 618.000000, 3298.000000,     large-vehicle,     1187
2333.000000, 2932.000000, 2363.000000, 2930.000000, 2364.000000, 3009.000000, 2336.000000, 3011.000000,     small-vehicle,     1190
2047.000000, 2650.000000, 2082.000000, 2650.000000, 2084.000000, 2720.000000, 2048.000000, 2722.000000,     small-vehicle,     1191
2958.000000, 2252.000000, 3018.000000, 2250.000000, 3019.000000, 2281.000000, 2958.000000, 2283.000000,     small-vehicle,     1192
3689.000000, 3126.000000, 3749.000000, 3123.000000, 3751.000000, 3150.000000, 3691.000000, 3154.000000,     small-vehicle,     1193
2764.000000, 2275.000000, 2811.000000, 2273.000000, 2812.000000, 2303.000000, 2765.000000, 2306.000000,     small-vehicle,     1195
2046.000000, 2628.000000, 2080.000000, 2626.000000, 2080.000000, 2695.000000, 2048.000000, 2697.000000,     large-vehicle,     1196
2262.000000, 3229.000000, 2278.000000, 3228.000000, 2279.000000, 3263.000000, 2262.000000, 3263.000000,     small-vehicle,     1197
1187.000000, 2748.000000, 1256.000000, 2745.000000, 1256.000000, 2780.000000, 1187.000000, 2783.000000,     small-vehicle,     1199
2332.000000, 2914.000000, 2362.000000, 2912.000000, 2364.000000, 2995.000000, 2334.000000, 2996.000000,     large-vehicle,     1200
2151.000000, 3236.000000, 2181.000000, 3233.000000, 2182.000000, 3315.000000, 2153.000000, 3316.000000,     large-vehicle,     1201
524.000000, 1308.000000, 555.000000, 1308.000000, 553.000000, 1380.000000, 522.000000, 1379.000000,     small-vehicle,     1202
2033.000000, 3110.000000, 2054.000000, 3107.000000, 2055.000000, 3160.000000, 2034.000000, 3161.000000,     small-vehicle,     1204
1947.000000, 1308.000000, 1980.000000, 1309.000000, 1981.000000, 1372.000000, 1948.000000, 1371.000000,     small-vehicle,     1205
