2013.000000, 2853.000000, 2041.000000, 2851.000000, 2042.000000, 2915.000000, 2014.000000, 2916.000000,     small-vehicle,     0
2342.000000, 2909.000000, 2371.000000, 2907.000000, 2373.000000, 2974.000000, 2345.000000, 2977.000000,     small-vehicle,     1
2022.000000, 2936.000000, 2046.000000, 2935.000000, 2047.000000, 2997.000000, 2023.000000, 2998.000000,     small-vehicle,     2
2217.000000, 3459.000000, 2244.000000, 3457.000000, 2247.000000, 3519.000000, 2219.000000, 3519.000000,     small-vehicle,     3
2024.000000, 2571.000000, 2049.000000, 2570.000000, 2051.000000, 2632.000000, 2025.000000, 2632.000000,     small-vehicle,     4
2364.000000, 3260.000000, 2393.000000, 3258.000000, 2396.000000, 3328.000000, 2367.000000, 3328.000000,     small-vehicle,     5
1381.000000, 3655.000000, 1413.000000, 3655.000000, 1412.000000, 3733.000000, 1381.000000, 3735.000000,     small-vehicle,     6
2335.000000, 3096.000000, 2362.000000, 3095.000000, 2365.000000, 3165.000000, 2338.000000, 3166.000000,     small-vehicle,     8
1406.000000, 2947.000000, 1436.000000, 2945.000000, 1436.000000, 3025.000000, 1406.000000, 3025.000000,     small-vehicle,     12
2334.000000, 2826.000000, 2364.000000, 2826.000000, 2367.000000, 2896.000000, 2336.000000, 2897.000000,     small-vehicle,     17
2312.000000, 3009.000000, 2365.000000, 3006.000000, 2368.000000, 3075.000000, 2315.000000, 3077.000000,     small-vehicle,     19
2039.000000, 2764.000000, 2068.000000, 2763.000000, 2069.000000, 2824.000000, 2040.000000, 2825.000000,     small-vehicle,     21
2376.000000, 3355.000000, 2405.000000, 3353.000000, 2409.000000, 3426.000000, 2379.000000, 3427.000000,     small-vehicle,     26
2450.000000, 4217.000000, 2486.000000, 4213.000000, 2490.000000, 4308.000000, 2453.000000, 4312.000000,     small-vehicle,     29
2351.000000, 3171.000000, 2387.000000, 3170.000000, 2390.000000, 3245.000000, 2353.000000, 3246.000000,     small-vehicle,     32
2095.000000, 2951.000000, 2122.000000, 2950.000000, 2124.000000, 3018.000000, 2098.000000, 3020.000000,     small-vehicle,     36
2341.000000, 3331.000000, 2369.000000, 3329.000000, 2371.000000, 3405.000000, 2344.000000, 3406.000000,     small-vehicle,     40
1411.000000, 2596.000000, 1467.000000, 2595.000000, 1466.000000, 2635.000000, 1412.000000, 2636.000000,     small-vehicle,     41
2823.000000, 3656.000000, 2854.000000, 3654.000000, 2858.000000, 3737.000000, 2826.000000, 3740.000000,     small-vehicle,     42
1405.000000, 2870.000000, 1431.000000, 2868.000000, 1431.000000, 2926.000000, 1404.000000, 2929.000000,     small-vehicle,     43
2298.000000, 2721.000000, 2325.000000, 2721.000000, 2328.000000, 2798.000000, 2301.000000, 2799.000000,     small-vehicle,     46
2363.000000, 3092.000000, 2387.000000, 3092.000000, 2389.000000, 3154.000000, 2365.000000, 3155.000000,     small-vehicle,     48
2272.000000, 2571.000000, 2328.000000, 2568.000000, 2331.000000, 2628.000000, 2272.000000, 2630.000000,     small-vehicle,     66
1399.000000, 3144.000000, 1430.000000, 3143.000000, 1430.000000, 3218.000000, 1399.000000, 3221.000000,     small-vehicle,     75
2140.000000, 3106.000000, 2168.000000, 3104.000000, 2171.000000, 3187.000000, 2142.000000, 3188.000000,     small-vehicle,     76
2067.000000, 3454.000000, 2094.000000, 3453.000000, 2095.000000, 3519.000000, 2069.000000, 3520.000000,     small-vehicle,     77
403.000000, 2820.000000, 468.000000, 2818.000000, 467.000000, 2852.000000, 403.000000, 2855.000000,     small-vehicle,     79
3028.000000, 2550.000000, 3069.000000, 2548.000000, 3071.000000, 2571.000000, 3029.000000, 2572.000000,     small-vehicle,     85
2294.000000, 2928.000000, 2321.000000, 2928.000000, 2325.000000, 3006.000000, 2296.000000, 3006.000000,     small-vehicle,     86
2206.000000, 3327.000000, 2237.000000, 3326.000000, 2240.000000, 3413.000000, 2210.000000, 3413.000000,     small-vehicle,     90
2112.000000, 3257.000000, 2141.000000, 3255.000000, 2143.000000, 3321.000000, 2113.000000, 3321.000000,     small-vehicle,     101
2084.000000, 3360.000000, 2114.000000, 3360.000000, 2117.000000, 3437.000000, 2086.000000, 3437.000000,     small-vehicle,     110
2429.000000, 4436.000000, 2459.000000, 4434.000000, 2462.000000, 4515.000000, 2432.000000, 4519.000000,     small-vehicle,     114
2015.000000, 2497.000000, 2045.000000, 2498.000000, 2047.000000, 2559.000000, 2016.000000, 2561.000000,     small-vehicle,     120
2911.000000, 2508.000000, 2959.000000, 2507.000000, 2960.000000, 2537.000000, 2912.000000, 2539.000000,     small-vehicle,     121
2095.000000, 2699.000000, 2126.000000, 2698.000000, 2128.000000, 2773.000000, 2097.000000, 2774.000000,     small-vehicle,     127
1396.000000, 3250.000000, 1422.000000, 3249.000000, 1423.000000, 3312.000000, 1396.000000, 3314.000000,     small-vehicle,     132
1389.000000, 3480.000000, 1420.000000, 3478.000000, 1421.000000, 3555.000000, 1389.000000, 3558.000000,     small-vehicle,     140
2064.000000, 3301.000000, 2087.000000, 3299.000000, 2088.000000, 3351.000000, 2065.000000, 3352.000000,     small-vehicle,     144
2356.000000, 3822.000000, 2389.000000, 3821.000000, 2392.000000, 3894.000000, 2358.000000, 3898.000000,     small-vehicle,     148
1767.000000, 2623.000000, 1827.000000, 2622.000000, 1826.000000, 2650.000000, 1768.000000, 2653.000000,     small-vehicle,     164
155.000000, 2818.000000, 230.000000, 2815.000000, 229.000000, 2852.000000, 154.000000, 2855.000000,     small-vehicle,     165
2920.000000, 2549.000000, 2987.000000, 2547.000000, 2989.000000, 2580.000000, 2923.000000, 2581.000000,     small-vehicle,     202
2036.000000, 3230.000000, 2062.000000, 3230.000000, 2064.000000, 3284.000000, 2037.000000, 3285.000000,     small-vehicle,     223
2310.000000, 3518.000000, 2346.000000, 3515.000000, 2350.000000, 3629.000000, 2314.000000, 3631.000000,     large-vehicle,     230
2054.000000, 3017.000000, 2094.000000, 3015.000000, 2095.000000, 3106.000000, 2056.000000, 3107.000000,     large-vehicle,     232
2407.000000, 3867.000000, 2444.000000, 3865.000000, 2447.000000, 3961.000000, 2412.000000, 3964.000000,     large-vehicle,     239
1114.000000, 3366.000000, 1178.000000, 3363.000000, 1178.000000, 3399.000000, 1114.000000, 3403.000000,     small-vehicle,     337
3411.000000, 2465.000000, 3472.000000, 2463.000000, 3476.000000, 2514.000000, 3415.000000, 2515.000000,     large-vehicle,     345
2111.000000, 3233.000000, 2140.000000, 3231.000000, 2142.000000, 3302.000000, 2112.000000, 3303.000000,     small-vehicle,     353
3580.000000, 2465.000000, 3621.000000, 2464.000000, 3622.000000, 2486.000000, 3582.000000, 2487.000000,     small-vehicle,     385
2822.000000, 2624.000000, 2881.000000, 2622.000000, 2883.000000, 2666.000000, 2825.000000, 2668.000000,     small-vehicle,     386
2186.000000, 3102.000000, 2215.000000, 3101.000000, 2217.000000, 3182.000000, 2189.000000, 3183.000000,     small-vehicle,     421
2195.000000, 3222.000000, 2224.000000, 3222.000000, 2227.000000, 3298.000000, 2197.000000, 3299.000000,     small-vehicle,     431
1988.000000, 2397.000000, 2013.000000, 2395.000000, 2015.000000, 2461.000000, 1989.000000, 2462.000000,     small-vehicle,     432
2015.000000, 2390.000000, 2044.000000, 2389.000000, 2046.000000, 2452.000000, 2017.000000, 2452.000000,     small-vehicle,     433
1200.000000, 3350.000000, 1258.000000, 3348.000000, 1258.000000, 3381.000000, 1200.000000, 3384.000000,     small-vehicle,     438
3053.000000, 2572.000000, 3114.000000, 2570.000000, 3116.000000, 2601.000000, 3056.000000, 2603.000000,     small-vehicle,     445
2154.000000, 3178.000000, 2182.000000, 3176.000000, 2184.000000, 3240.000000, 2156.000000, 3241.000000,     small-vehicle,     457
2273.000000, 2303.000000, 2299.000000, 2303.000000, 2302.000000, 2380.000000, 2275.000000, 2381.000000,     small-vehicle,     484
255.000000, 2893.000000, 339.000000, 2890.000000, 337.000000, 2916.000000, 254.000000, 2919.000000,     large-vehicle,     498
1983.000000, 2334.000000, 2007.000000, 2333.000000, 2008.000000, 2393.000000, 1984.000000, 2394.000000,     small-vehicle,     506
2114.000000, 3073.000000, 2142.000000, 3073.000000, 2143.000000, 3137.000000, 2116.000000, 3137.000000,     small-vehicle,     531
2251.000000, 2183.000000, 2276.000000, 2184.000000, 2278.000000, 2244.000000, 2254.000000, 2244.000000,     small-vehicle,     564
2288.000000, 2197.000000, 2316.000000, 2197.000000, 2318.000000, 2257.000000, 2290.000000, 2259.000000,     small-vehicle,     568
1648.000000, 2693.000000, 1706.000000, 2691.000000, 1706.000000, 2722.000000, 1648.000000, 2723.000000,     small-vehicle,     575
3513.000000, 2576.000000, 3570.000000, 2574.000000, 3572.000000, 2606.000000, 3516.000000, 2608.000000,     small-vehicle,     577
2280.000000, 2117.000000, 2306.000000, 2118.000000, 2309.000000, 2183.000000, 2283.000000, 2184.000000,     small-vehicle,     590
2035.000000, 3115.000000, 2075.000000, 3113.000000, 2076.000000, 3186.000000, 2036.000000, 3188.000000,     small-vehicle,     591
1991.000000, 2142.000000, 2020.000000, 2141.000000, 2021.000000, 2205.000000, 1993.000000, 2206.000000,     small-vehicle,     593
2688.000000, 2652.000000, 2745.000000, 2651.000000, 2747.000000, 2678.000000, 2691.000000, 2680.000000,     small-vehicle,     614
2263.000000, 2035.000000, 2290.000000, 2035.000000, 2292.000000, 2098.000000, 2266.000000, 2099.000000,     small-vehicle,     632
2076.000000, 2732.000000, 2108.000000, 2731.000000, 2110.000000, 2812.000000, 2079.000000, 2814.000000,     small-vehicle,     635
2946.000000, 2624.000000, 3007.000000, 2623.000000, 3009.000000, 2656.000000, 2948.000000, 2658.000000,     small-vehicle,     636
1956.000000, 1974.000000, 1984.000000, 1974.000000, 1985.000000, 2033.000000, 1958.000000, 2032.000000,     small-vehicle,     660
2242.000000, 2985.000000, 2272.000000, 2984.000000, 2274.000000, 3055.000000, 2244.000000, 3056.000000,     small-vehicle,     664
2263.000000, 1951.000000, 2290.000000, 1952.000000, 2293.000000, 2017.000000, 2266.000000, 2018.000000,     small-vehicle,     666
2175.000000, 2919.000000, 2202.000000, 2918.000000, 2204.000000, 2975.000000, 2177.000000, 2975.000000,     small-vehicle,     667
534.000000, 2026.000000, 589.000000, 2025.000000, 588.000000, 2049.000000, 532.000000, 2050.000000,     small-vehicle,     668
1949.000000, 1903.000000, 1977.000000, 1903.000000, 1978.000000, 1959.000000, 1950.000000, 1960.000000,     small-vehicle,     704
876.000000, 2838.000000, 928.000000, 2837.000000, 928.000000, 2870.000000, 876.000000, 2871.000000,     small-vehicle,     708
2259.000000, 1866.000000, 2285.000000, 1866.000000, 2286.000000, 1929.000000, 2261.000000, 1928.000000,     small-vehicle,     718
2696.000000, 2559.000000, 2756.000000, 2557.000000, 2758.000000, 2585.000000, 2698.000000, 2587.000000,     large-vehicle,     727
2564.000000, 2662.000000, 2615.000000, 2660.000000, 2617.000000, 2687.000000, 2565.000000, 2688.000000,     small-vehicle,     736
2055.000000, 2403.000000, 2087.000000, 2403.000000, 2090.000000, 2484.000000, 2057.000000, 2486.000000,     large-vehicle,     744
2499.000000, 2667.000000, 2555.000000, 2666.000000, 2556.000000, 2697.000000, 2501.000000, 2699.000000,     small-vehicle,     756
2216.000000, 1769.000000, 2246.000000, 1768.000000, 2249.000000, 1844.000000, 2218.000000, 1844.000000,     small-vehicle,     761
1944.000000, 1821.000000, 1972.000000, 1822.000000, 1974.000000, 1889.000000, 1946.000000, 1888.000000,     small-vehicle,     762
1852.000000, 2701.000000, 1903.000000, 2698.000000, 1904.000000, 2719.000000, 1852.000000, 2721.000000,     small-vehicle,     765
3723.000000, 2550.000000, 3769.000000, 2549.000000, 3771.000000, 2580.000000, 3726.000000, 2581.000000,     small-vehicle,     767
3214.000000, 2601.000000, 3270.000000, 2600.000000, 3272.000000, 2631.000000, 3216.000000, 2634.000000,     small-vehicle,     789
3646.000000, 2559.000000, 3711.000000, 2557.000000, 3714.000000, 2592.000000, 3650.000000, 2593.000000,     small-vehicle,     792
1930.000000, 1689.000000, 1959.000000, 1689.000000, 1960.000000, 1756.000000, 1930.000000, 1756.000000,     small-vehicle,     813
3318.000000, 1742.000000, 3338.000000, 1741.000000, 3343.000000, 1800.000000, 3323.000000, 1800.000000,     small-vehicle,     815
2053.000000, 1951.000000, 2081.000000, 1952.000000, 2082.000000, 2016.000000, 2054.000000, 2016.000000,     small-vehicle,     816
2433.000000, 1717.000000, 2480.000000, 1717.000000, 2482.000000, 1744.000000, 2435.000000, 1745.000000,     small-vehicle,     818
2634.000000, 2640.000000, 2683.000000, 2639.000000, 2686.000000, 2701.000000, 2636.000000, 2702.000000,     small-vehicle,     824
2566.000000, 2572.000000, 2616.000000, 2572.000000, 2617.000000, 2597.000000, 2568.000000, 2598.000000,     small-vehicle,     839
1941.000000, 1642.000000, 1961.000000, 1642.000000, 1961.000000, 1682.000000, 1941.000000, 1682.000000,     small-vehicle,     840
2414.000000, 1638.000000, 2468.000000, 1639.000000, 2469.000000, 1665.000000, 2415.000000, 1666.000000,     small-vehicle,     841
2475.000000, 1629.000000, 2530.000000, 1630.000000, 2532.000000, 1664.000000, 2476.000000, 1664.000000,     small-vehicle,     845
1277.000000, 2793.000000, 1339.000000, 2792.000000, 1339.000000, 2833.000000, 1277.000000, 2835.000000,     small-vehicle,     846
1748.000000, 2111.000000, 1807.000000, 2110.000000, 1807.000000, 2136.000000, 1749.000000, 2135.000000,     small-vehicle,     847
2123.000000, 2871.000000, 2164.000000, 2870.000000, 2166.000000, 2968.000000, 2126.000000, 2970.000000,     large-vehicle,     856
2047.000000, 1802.000000, 2075.000000, 1800.000000, 2078.000000, 1862.000000, 2048.000000, 1861.000000,     small-vehicle,     867
2729.000000, 1617.000000, 2784.000000, 1617.000000, 2784.000000, 1647.000000, 2731.000000, 1647.000000,     small-vehicle,     870
614.000000, 2041.000000, 706.000000, 2041.000000, 705.000000, 2070.000000, 613.000000, 2070.000000,     small-vehicle,     871
2850.000000, 1603.000000, 2901.000000, 1602.000000, 2903.000000, 1628.000000, 2852.000000, 1628.000000,     small-vehicle,     875
1578.000000, 2694.000000, 1638.000000, 2692.000000, 1639.000000, 2735.000000, 1578.000000, 2738.000000,     small-vehicle,     876
3111.000000, 2521.000000, 3157.000000, 2521.000000, 3160.000000, 2550.000000, 3112.000000, 2551.000000,     small-vehicle,     877
3309.000000, 1662.000000, 3332.000000, 1663.000000, 3335.000000, 1712.000000, 3313.000000, 1711.000000,     small-vehicle,     878
2661.000000, 1614.000000, 2707.000000, 1615.000000, 2708.000000, 1643.000000, 2663.000000, 1642.000000,     small-vehicle,     879
2604.000000, 1624.000000, 2658.000000, 1624.000000, 2660.000000, 1656.000000, 2606.000000, 1656.000000,     small-vehicle,     880
2066.000000, 3205.000000, 2094.000000, 3204.000000, 2097.000000, 3281.000000, 2069.000000, 3283.000000,     small-vehicle,     884
1916.000000, 1585.000000, 1937.000000, 1586.000000, 1938.000000, 1642.000000, 1918.000000, 1642.000000,     small-vehicle,     885
3369.000000, 1556.000000, 3416.000000, 1557.000000, 3418.000000, 1584.000000, 3371.000000, 1584.000000,     small-vehicle,     886
3026.000000, 1584.000000, 3074.000000, 1584.000000, 3075.000000, 1612.000000, 3028.000000, 1613.000000,     small-vehicle,     889
1365.000000, 1871.000000, 1387.000000, 1871.000000, 1387.000000, 1918.000000, 1365.000000, 1917.000000,     small-vehicle,     890
1917.000000, 1516.000000, 1941.000000, 1517.000000, 1942.000000, 1571.000000, 1918.000000, 1570.000000,     small-vehicle,     892
3145.000000, 1579.000000, 3197.000000, 1579.000000, 3199.000000, 1609.000000, 3146.000000, 1609.000000,     small-vehicle,     893
3316.000000, 1559.000000, 3364.000000, 1560.000000, 3366.000000, 1585.000000, 3318.000000, 1586.000000,     small-vehicle,     894
2941.000000, 1589.000000, 2997.000000, 1589.000000, 3000.000000, 1621.000000, 2943.000000, 1622.000000,     small-vehicle,     895
3467.000000, 1544.000000, 3518.000000, 1545.000000, 3521.000000, 1571.000000, 3469.000000, 1570.000000,     small-vehicle,     897
3314.000000, 1635.000000, 3352.000000, 1635.000000, 3354.000000, 1660.000000, 3315.000000, 1661.000000,     small-vehicle,     901
2795.000000, 1606.000000, 2844.000000, 1606.000000, 2845.000000, 1631.000000, 2797.000000, 1632.000000,     small-vehicle,     904
644.000000, 2486.000000, 711.000000, 2485.000000, 710.000000, 2525.000000, 643.000000, 2526.000000,     small-vehicle,     909
2485.000000, 1699.000000, 2520.000000, 1699.000000, 2521.000000, 1725.000000, 2486.000000, 1725.000000,     small-vehicle,     915
3132.000000, 1656.000000, 3186.000000, 1656.000000, 3187.000000, 1684.000000, 3135.000000, 1683.000000,     small-vehicle,     916
2217.000000, 1445.000000, 2247.000000, 1446.000000, 2249.000000, 1513.000000, 2219.000000, 1513.000000,     small-vehicle,     917
871.000000, 2878.000000, 934.000000, 2876.000000, 934.000000, 2915.000000, 871.000000, 2917.000000,     small-vehicle,     919
2197.000000, 1483.000000, 2230.000000, 1485.000000, 2232.000000, 1548.000000, 2199.000000, 1548.000000,     small-vehicle,     921
3600.000000, 1528.000000, 3644.000000, 1529.000000, 3646.000000, 1556.000000, 3603.000000, 1556.000000,     small-vehicle,     924
2004.000000, 1736.000000, 2034.000000, 1736.000000, 2034.000000, 1797.000000, 2006.000000, 1796.000000,     small-vehicle,     930
2301.000000, 2852.000000, 2333.000000, 2851.000000, 2336.000000, 2921.000000, 2303.000000, 2923.000000,     small-vehicle,     941
3576.000000, 2569.000000, 3644.000000, 2567.000000, 3647.000000, 2598.000000, 3579.000000, 2600.000000,     small-vehicle,     943
2211.000000, 1367.000000, 2240.000000, 1367.000000, 2242.000000, 1434.000000, 2213.000000, 1435.000000,     small-vehicle,     944
2288.000000, 3506.000000, 2326.000000, 3504.000000, 2330.000000, 3591.000000, 2292.000000, 3594.000000,     small-vehicle,     945
1910.000000, 1383.000000, 1933.000000, 1384.000000, 1935.000000, 1445.000000, 1911.000000, 1445.000000,     small-vehicle,     949
3273.000000, 2598.000000, 3333.000000, 2597.000000, 3334.000000, 2622.000000, 3274.000000, 2624.000000,     small-vehicle,     951
3484.000000, 2490.000000, 3552.000000, 2489.000000, 3555.000000, 2519.000000, 3487.000000, 2520.000000,     small-vehicle,     953
2062.000000, 2162.000000, 2090.000000, 2161.000000, 2091.000000, 2234.000000, 2064.000000, 2235.000000,     large-vehicle,     959
3073.000000, 1661.000000, 3126.000000, 1662.000000, 3129.000000, 1690.000000, 3076.000000, 1689.000000,     small-vehicle,     962
1065.000000, 1345.000000, 1115.000000, 1345.000000, 1114.000000, 1377.000000, 1065.000000, 1376.000000,     small-vehicle,     964
859.000000, 1351.000000, 925.000000, 1352.000000, 925.000000, 1384.000000, 858.000000, 1383.000000,     small-vehicle,     966
3468.000000, 1622.000000, 3510.000000, 1622.000000, 3512.000000, 1646.000000, 3470.000000, 1644.000000,     small-vehicle,     969
1237.000000, 1349.000000, 1263.000000, 1350.000000, 1263.000000, 1393.000000, 1236.000000, 1394.000000,     small-vehicle,     971
3020.000000, 2623.000000, 3085.000000, 2621.000000, 3086.000000, 2654.000000, 3022.000000, 2655.000000,     small-vehicle,     972
1617.000000, 2108.000000, 1677.000000, 2109.000000, 1677.000000, 2133.000000, 1617.000000, 2134.000000,     small-vehicle,     973
1229.000000, 1564.000000, 1268.000000, 1565.000000, 1268.000000, 1592.000000, 1229.000000, 1593.000000,     small-vehicle,     975
1962.000000, 2218.000000, 1983.000000, 2219.000000, 1984.000000, 2269.000000, 1964.000000, 2268.000000,     small-vehicle,     976
2328.000000, 3233.000000, 2359.000000, 3232.000000, 2362.000000, 3309.000000, 2331.000000, 3311.000000,     large-vehicle,     977
1172.000000, 2101.000000, 1225.000000, 2101.000000, 1225.000000, 2119.000000, 1172.000000, 2119.000000,     large-vehicle,     979
2020.000000, 1485.000000, 2047.000000, 1485.000000, 2049.000000, 1550.000000, 2021.000000, 1549.000000,     small-vehicle,     980
1902.000000, 1317.000000, 1930.000000, 1317.000000, 1931.000000, 1378.000000, 1903.000000, 1377.000000,     small-vehicle,     981
3632.000000, 2480.000000, 3691.000000, 2480.000000, 3694.000000, 2501.000000, 3635.000000, 2502.000000,     large-vehicle,     982
2177.000000, 1331.000000, 2205.000000, 1331.000000, 2207.000000, 1398.000000, 2179.000000, 1397.000000,     small-vehicle,     986
995.000000, 1351.000000, 1050.000000, 1351.000000, 1050.000000, 1377.000000, 995.000000, 1376.000000,     small-vehicle,     987
2113.000000, 2604.000000, 2141.000000, 2603.000000, 2144.000000, 2663.000000, 2114.000000, 2664.000000,     small-vehicle,     988
1138.000000, 1344.000000, 1199.000000, 1345.000000, 1199.000000, 1373.000000, 1138.000000, 1372.000000,     small-vehicle,     989
764.000000, 1269.000000, 830.000000, 1269.000000, 828.000000, 1302.000000, 764.000000, 1303.000000,     small-vehicle,     990
2067.000000, 2187.000000, 2093.000000, 2186.000000, 2096.000000, 2264.000000, 2070.000000, 2266.000000,     small-vehicle,     991
2699.000000, 2551.000000, 2754.000000, 2551.000000, 2756.000000, 2575.000000, 2701.000000, 2576.000000,     small-vehicle,     992
3327.000000, 1815.000000, 3351.000000, 1815.000000, 3356.000000, 1860.000000, 3330.000000, 1860.000000,     small-vehicle,     993
2541.000000, 1722.000000, 2579.000000, 1722.000000, 2582.000000, 1779.000000, 2543.000000, 1780.000000,     small-vehicle,     994
118.000000, 1329.000000, 174.000000, 1329.000000, 174.000000, 1355.000000, 116.000000, 1354.000000,     small-vehicle,     995
1924.000000, 1242.000000, 1952.000000, 1243.000000, 1954.000000, 1301.000000, 1927.000000, 1301.000000,     small-vehicle,     996
382.000000, 1302.000000, 442.000000, 1302.000000, 440.000000, 1329.000000, 382.000000, 1329.000000,     small-vehicle,     997
1901.000000, 1257.000000, 1925.000000, 1257.000000, 1927.000000, 1314.000000, 1902.000000, 1314.000000,     small-vehicle,     998
2324.000000, 3197.000000, 2355.000000, 3197.000000, 2358.000000, 3280.000000, 2327.000000, 3280.000000,     small-vehicle,     999
1163.000000, 2090.000000, 1225.000000, 2089.000000, 1225.000000, 2112.000000, 1163.000000, 2113.000000,     small-vehicle,     1000
2209.000000, 1293.000000, 2235.000000, 1294.000000, 2237.000000, 1350.000000, 2210.000000, 1351.000000,     small-vehicle,     1001
2289.000000, 3501.000000, 2326.000000, 3501.000000, 2330.000000, 3588.000000, 2293.000000, 3591.000000,     large-vehicle,     1003
2298.000000, 2821.000000, 2330.000000, 2820.000000, 2332.000000, 2893.000000, 2301.000000, 2895.000000,     large-vehicle,     1004
3018.000000, 2611.000000, 3083.000000, 2609.000000, 3085.000000, 2645.000000, 3021.000000, 2647.000000,     large-vehicle,     1005
1418.000000, 2150.000000, 1511.000000, 2149.000000, 1511.000000, 2187.000000, 1418.000000, 2187.000000,     large-vehicle,     1007
449.000000, 1297.000000, 502.000000, 1298.000000, 501.000000, 1325.000000, 448.000000, 1325.000000,     small-vehicle,     1008
1126.000000, 1258.000000, 1194.000000, 1259.000000, 1193.000000, 1287.000000, 1126.000000, 1285.000000,     small-vehicle,     1009
1984.000000, 1537.000000, 2013.000000, 1536.000000, 2014.000000, 1614.000000, 1987.000000, 1613.000000,     small-vehicle,     1010
1993.000000, 2012.000000, 2019.000000, 2012.000000, 2020.000000, 2079.000000, 1995.000000, 2078.000000,     small-vehicle,     1011
967.000000, 1262.000000, 1034.000000, 1263.000000, 1034.000000, 1293.000000, 967.000000, 1292.000000,     small-vehicle,     1012
678.000000, 1267.000000, 724.000000, 1268.000000, 724.000000, 1299.000000, 676.000000, 1298.000000,     small-vehicle,     1013
1047.000000, 1258.000000, 1102.000000, 1260.000000, 1101.000000, 1288.000000, 1047.000000, 1287.000000,     small-vehicle,     1014
2273.000000, 2312.000000, 2300.000000, 2311.000000, 2303.000000, 2388.000000, 2275.000000, 2389.000000,     small-vehicle,     1015
2696.000000, 2559.000000, 2755.000000, 2557.000000, 2757.000000, 2579.000000, 2698.000000, 2581.000000,     small-vehicle,     1016
2202.000000, 1233.000000, 2227.000000, 1234.000000, 2229.000000, 1280.000000, 2205.000000, 1280.000000,     small-vehicle,     1017
2329.000000, 3226.000000, 2359.000000, 3225.000000, 2362.000000, 3305.000000, 2331.000000, 3308.000000,     small-vehicle,     1018
1159.000000, 2108.000000, 1223.000000, 2107.000000, 1223.000000, 2137.000000, 1159.000000, 2138.000000,     small-vehicle,     1019
2319.000000, 1868.000000, 2335.000000, 1868.000000, 2337.000000, 1899.000000, 2321.000000, 1899.000000,     small-vehicle,     1020
933.000000, 2107.000000, 986.000000, 2106.000000, 986.000000, 2132.000000, 933.000000, 2132.000000,     small-vehicle,     1021
2305.000000, 2312.000000, 2329.000000, 2312.000000, 2332.000000, 2362.000000, 2307.000000, 2363.000000,     small-vehicle,     1022
2299.000000, 2849.000000, 2332.000000, 2848.000000, 2335.000000, 2923.000000, 2302.000000, 2924.000000,     large-vehicle,     1023
3602.000000, 1594.000000, 3663.000000, 1594.000000, 3665.000000, 1613.000000, 3604.000000, 1613.000000,     large-vehicle,     1024
3018.000000, 2622.000000, 3085.000000, 2620.000000, 3087.000000, 2655.000000, 3020.000000, 2657.000000,     large-vehicle,     1025
1282.000000, 2134.000000, 1324.000000, 2133.000000, 1324.000000, 2237.000000, 1282.000000, 2237.000000,     large-vehicle,     1026
2288.000000, 3504.000000, 2328.000000, 3503.000000, 2332.000000, 3591.000000, 2292.000000, 3594.000000,     large-vehicle,     1027
2064.000000, 2182.000000, 2093.000000, 2181.000000, 2095.000000, 2255.000000, 2065.000000, 2256.000000,     large-vehicle,     1028
1985.000000, 1530.000000, 2012.000000, 1530.000000, 2013.000000, 1607.000000, 1987.000000, 1606.000000,     large-vehicle,     1029
2272.000000, 2307.000000, 2300.000000, 2307.000000, 2303.000000, 2385.000000, 2274.000000, 2385.000000,     large-vehicle,     1030
1157.000000, 2105.000000, 1225.000000, 2104.000000, 1225.000000, 2125.000000, 1157.000000, 2126.000000,     large-vehicle,     1031
1974.000000, 1250.000000, 2002.000000, 1251.000000, 2003.000000, 1315.000000, 1976.000000, 1313.000000,     small-vehicle,     1032
2560.000000, 1241.000000, 2583.000000, 1241.000000, 2585.000000, 1286.000000, 2563.000000, 1285.000000,     small-vehicle,     1033
