2012.000000, 2854.000000, 2041.000000, 2852.000000, 2042.000000, 2915.000000, 2014.000000, 2915.000000,     small-vehicle,     0
2342.000000, 2909.000000, 2371.000000, 2907.000000, 2373.000000, 2975.000000, 2344.000000, 2978.000000,     small-vehicle,     1
2021.000000, 2935.000000, 2047.000000, 2935.000000, 2047.000000, 2998.000000, 2022.000000, 2998.000000,     small-vehicle,     2
2217.000000, 3458.000000, 2244.000000, 3456.000000, 2247.000000, 3520.000000, 2219.000000, 3520.000000,     small-vehicle,     3
2024.000000, 2572.000000, 2049.000000, 2571.000000, 2051.000000, 2631.000000, 2025.000000, 2631.000000,     small-vehicle,     4
2365.000000, 3260.000000, 2393.000000, 3258.000000, 2396.000000, 3328.000000, 2368.000000, 3328.000000,     small-vehicle,     5
1381.000000, 3656.000000, 1413.000000, 3656.000000, 1412.000000, 3732.000000, 1381.000000, 3734.000000,     small-vehicle,     6
2336.000000, 3096.000000, 2362.000000, 3095.000000, 2365.000000, 3165.000000, 2339.000000, 3165.000000,     small-vehicle,     8
493.000000, 3873.000000, 554.000000, 3869.000000, 552.000000, 3901.000000, 493.000000, 3905.000000,     small-vehicle,     11
1406.000000, 2949.000000, 1436.000000, 2946.000000, 1436.000000, 3024.000000, 1406.000000, 3024.000000,     small-vehicle,     12
2333.000000, 2825.000000, 2365.000000, 2825.000000, 2368.000000, 2897.000000, 2335.000000, 2898.000000,     small-vehicle,     17
2311.000000, 3008.000000, 2365.000000, 3005.000000, 2368.000000, 3076.000000, 2314.000000, 3078.000000,     small-vehicle,     19
2040.000000, 2757.000000, 2067.000000, 2757.000000, 2069.000000, 2830.000000, 2041.000000, 2831.000000,     small-vehicle,     21
148.000000, 3898.000000, 211.000000, 3894.000000, 210.000000, 3930.000000, 146.000000, 3934.000000,     small-vehicle,     25
2376.000000, 3355.000000, 2406.000000, 3352.000000, 2410.000000, 3425.000000, 2378.000000, 3428.000000,     small-vehicle,     26
904.000000, 3837.000000, 967.000000, 3833.000000, 966.000000, 3867.000000, 903.000000, 3871.000000,     small-vehicle,     27
2450.000000, 4220.000000, 2486.000000, 4217.000000, 2490.000000, 4304.000000, 2453.000000, 4308.000000,     small-vehicle,     29
2352.000000, 3171.000000, 2387.000000, 3169.000000, 2390.000000, 3246.000000, 2354.000000, 3246.000000,     small-vehicle,     32
2095.000000, 2949.000000, 2122.000000, 2948.000000, 2124.000000, 3021.000000, 2098.000000, 3022.000000,     small-vehicle,     36
2340.000000, 3331.000000, 2370.000000, 3329.000000, 2372.000000, 3406.000000, 2343.000000, 3406.000000,     small-vehicle,     40
1411.000000, 2596.000000, 1467.000000, 2596.000000, 1466.000000, 2634.000000, 1412.000000, 2636.000000,     small-vehicle,     41
2821.000000, 3655.000000, 2855.000000, 3653.000000, 2860.000000, 3738.000000, 2825.000000, 3741.000000,     small-vehicle,     42
1406.000000, 2868.000000, 1430.000000, 2867.000000, 1430.000000, 2929.000000, 1404.000000, 2930.000000,     small-vehicle,     43
2298.000000, 2719.000000, 2324.000000, 2719.000000, 2327.000000, 2799.000000, 2302.000000, 2800.000000,     small-vehicle,     46
1045.000000, 3826.000000, 1110.000000, 3822.000000, 1110.000000, 3862.000000, 1045.000000, 3867.000000,     small-vehicle,     47
2363.000000, 3093.000000, 2388.000000, 3093.000000, 2390.000000, 3153.000000, 2365.000000, 3153.000000,     small-vehicle,     48
67.000000, 3909.000000, 137.000000, 3905.000000, 134.000000, 3939.000000, 64.000000, 3943.000000,     small-vehicle,     50
604.000000, 3861.000000, 676.000000, 3856.000000, 675.000000, 3890.000000, 604.000000, 3893.000000,     small-vehicle,     51
694.000000, 3851.000000, 752.000000, 3847.000000, 751.000000, 3882.000000, 694.000000, 3887.000000,     small-vehicle,     62
3503.000000, 3540.000000, 3531.000000, 3539.000000, 3536.000000, 3593.000000, 3508.000000, 3596.000000,     small-vehicle,     63
2272.000000, 2569.000000, 2327.000000, 2566.000000, 2330.000000, 2631.000000, 2273.000000, 2632.000000,     small-vehicle,     66
228.000000, 3892.000000, 284.000000, 3889.000000, 283.000000, 3920.000000, 226.000000, 3924.000000,     small-vehicle,     74
1398.000000, 3144.000000, 1430.000000, 3142.000000, 1430.000000, 3219.000000, 1398.000000, 3221.000000,     small-vehicle,     75
2141.000000, 3106.000000, 2167.000000, 3104.000000, 2170.000000, 3188.000000, 2143.000000, 3188.000000,     small-vehicle,     76
2067.000000, 3454.000000, 2093.000000, 3453.000000, 2095.000000, 3519.000000, 2070.000000, 3520.000000,     small-vehicle,     77
405.000000, 2821.000000, 468.000000, 2818.000000, 466.000000, 2852.000000, 404.000000, 2854.000000,     small-vehicle,     79
3029.000000, 2549.000000, 3068.000000, 2548.000000, 3070.000000, 2571.000000, 3030.000000, 2572.000000,     small-vehicle,     85
2293.000000, 2929.000000, 2322.000000, 2928.000000, 2325.000000, 3005.000000, 2295.000000, 3006.000000,     small-vehicle,     86
2206.000000, 3328.000000, 2237.000000, 3328.000000, 2240.000000, 3412.000000, 2210.000000, 3412.000000,     small-vehicle,     90
2111.000000, 3256.000000, 2142.000000, 3254.000000, 2144.000000, 3321.000000, 2112.000000, 3322.000000,     small-vehicle,     101
2084.000000, 3360.000000, 2114.000000, 3359.000000, 2117.000000, 3437.000000, 2086.000000, 3438.000000,     small-vehicle,     110
2426.000000, 4436.000000, 2461.000000, 4432.000000, 2464.000000, 4516.000000, 2430.000000, 4520.000000,     small-vehicle,     114
2015.000000, 2497.000000, 2045.000000, 2497.000000, 2047.000000, 2561.000000, 2016.000000, 2561.000000,     small-vehicle,     120
2911.000000, 2508.000000, 2959.000000, 2508.000000, 2961.000000, 2537.000000, 2911.000000, 2537.000000,     small-vehicle,     121
2095.000000, 2701.000000, 2126.000000, 2699.000000, 2128.000000, 2771.000000, 2098.000000, 2773.000000,     small-vehicle,     127
3044.000000, 2494.000000, 3098.000000, 2492.000000, 3100.000000, 2517.000000, 3045.000000, 2519.000000,     small-vehicle,     130
1396.000000, 3249.000000, 1422.000000, 3248.000000, 1423.000000, 3314.000000, 1397.000000, 3315.000000,     small-vehicle,     132
1389.000000, 3484.000000, 1420.000000, 3482.000000, 1421.000000, 3551.000000, 1389.000000, 3552.000000,     small-vehicle,     140
2064.000000, 3302.000000, 2087.000000, 3300.000000, 2088.000000, 3350.000000, 2065.000000, 3352.000000,     small-vehicle,     144
2356.000000, 3819.000000, 2389.000000, 3817.000000, 2392.000000, 3897.000000, 2358.000000, 3900.000000,     small-vehicle,     148
3579.000000, 3521.000000, 3613.000000, 3518.000000, 3619.000000, 3585.000000, 3585.000000, 3588.000000,     small-vehicle,     161
1766.000000, 2622.000000, 1828.000000, 2621.000000, 1827.000000, 2651.000000, 1767.000000, 2654.000000,     small-vehicle,     164
155.000000, 2820.000000, 231.000000, 2817.000000, 229.000000, 2850.000000, 152.000000, 2854.000000,     small-vehicle,     165
2920.000000, 2549.000000, 2987.000000, 2547.000000, 2989.000000, 2580.000000, 2923.000000, 2581.000000,     small-vehicle,     202
2036.000000, 3221.000000, 2062.000000, 3220.000000, 2064.000000, 3294.000000, 2037.000000, 3294.000000,     small-vehicle,     223
2310.000000, 3519.000000, 2347.000000, 3516.000000, 2351.000000, 3628.000000, 2313.000000, 3630.000000,     large-vehicle,     230
2054.000000, 3016.000000, 2094.000000, 3015.000000, 2095.000000, 3107.000000, 2056.000000, 3107.000000,     large-vehicle,     232
2408.000000, 3866.000000, 2443.000000, 3863.000000, 2446.000000, 3963.000000, 2414.000000, 3967.000000,     large-vehicle,     239
1115.000000, 3366.000000, 1178.000000, 3364.000000, 1178.000000, 3398.000000, 1115.000000, 3402.000000,     small-vehicle,     337
3415.000000, 2491.000000, 3476.000000, 2490.000000, 3480.000000, 2543.000000, 3418.000000, 2544.000000,     large-vehicle,     345
2111.000000, 3229.000000, 2141.000000, 3229.000000, 2144.000000, 3303.000000, 2112.000000, 3303.000000,     small-vehicle,     353
1286.000000, 3366.000000, 1341.000000, 3364.000000, 1341.000000, 3400.000000, 1286.000000, 3401.000000,     small-vehicle,     360
3561.000000, 2479.000000, 3622.000000, 2477.000000, 3625.000000, 2506.000000, 3564.000000, 2507.000000,     small-vehicle,     385
2820.000000, 2623.000000, 2881.000000, 2621.000000, 2884.000000, 2666.000000, 2823.000000, 2669.000000,     small-vehicle,     386
2185.000000, 3100.000000, 2215.000000, 3099.000000, 2217.000000, 3181.000000, 2188.000000, 3184.000000,     small-vehicle,     421
2196.000000, 3223.000000, 2224.000000, 3223.000000, 2226.000000, 3298.000000, 2197.000000, 3299.000000,     small-vehicle,     431
1988.000000, 2397.000000, 2013.000000, 2395.000000, 2016.000000, 2463.000000, 1988.000000, 2463.000000,     small-vehicle,     432
2014.000000, 2388.000000, 2045.000000, 2388.000000, 2046.000000, 2452.000000, 2017.000000, 2454.000000,     small-vehicle,     433
1212.000000, 3368.000000, 1262.000000, 3365.000000, 1262.000000, 3395.000000, 1212.000000, 3398.000000,     small-vehicle,     438
3057.000000, 2570.000000, 3117.000000, 2569.000000, 3120.000000, 2599.000000, 3059.000000, 2601.000000,     small-vehicle,     445
2154.000000, 3164.000000, 2181.000000, 3163.000000, 2184.000000, 3228.000000, 2157.000000, 3229.000000,     small-vehicle,     457
2274.000000, 2313.000000, 2299.000000, 2312.000000, 2303.000000, 2389.000000, 2276.000000, 2391.000000,     small-vehicle,     484
256.000000, 2895.000000, 337.000000, 2892.000000, 336.000000, 2914.000000, 256.000000, 2917.000000,     large-vehicle,     498
1986.000000, 2334.000000, 2011.000000, 2333.000000, 2011.000000, 2391.000000, 1988.000000, 2392.000000,     small-vehicle,     506
2112.000000, 3048.000000, 2141.000000, 3046.000000, 2144.000000, 3116.000000, 2115.000000, 3116.000000,     small-vehicle,     531
2252.000000, 2185.000000, 2276.000000, 2185.000000, 2279.000000, 2244.000000, 2254.000000, 2245.000000,     small-vehicle,     564
2288.000000, 2199.000000, 2315.000000, 2200.000000, 2316.000000, 2257.000000, 2291.000000, 2259.000000,     small-vehicle,     568
1649.000000, 2683.000000, 1705.000000, 2682.000000, 1705.000000, 2711.000000, 1649.000000, 2711.000000,     small-vehicle,     575
3511.000000, 2575.000000, 3569.000000, 2572.000000, 3571.000000, 2603.000000, 3514.000000, 2604.000000,     small-vehicle,     577
2280.000000, 2117.000000, 2307.000000, 2118.000000, 2310.000000, 2182.000000, 2283.000000, 2183.000000,     small-vehicle,     590
2035.000000, 3115.000000, 2076.000000, 3114.000000, 2077.000000, 3186.000000, 2037.000000, 3189.000000,     small-vehicle,     591
1990.000000, 2142.000000, 2021.000000, 2142.000000, 2023.000000, 2211.000000, 1991.000000, 2211.000000,     small-vehicle,     593
2688.000000, 2651.000000, 2745.000000, 2648.000000, 2747.000000, 2678.000000, 2690.000000, 2679.000000,     small-vehicle,     614
2263.000000, 2036.000000, 2290.000000, 2036.000000, 2292.000000, 2099.000000, 2266.000000, 2099.000000,     small-vehicle,     632
2073.000000, 2683.000000, 2104.000000, 2681.000000, 2107.000000, 2765.000000, 2076.000000, 2766.000000,     small-vehicle,     635
2946.000000, 2624.000000, 3005.000000, 2624.000000, 3007.000000, 2655.000000, 2949.000000, 2657.000000,     small-vehicle,     636
1957.000000, 1975.000000, 1983.000000, 1975.000000, 1985.000000, 2032.000000, 1958.000000, 2032.000000,     small-vehicle,     660
2247.000000, 3046.000000, 2276.000000, 3044.000000, 2278.000000, 3116.000000, 2249.000000, 3117.000000,     small-vehicle,     664
2262.000000, 1953.000000, 2291.000000, 1953.000000, 2294.000000, 2016.000000, 2265.000000, 2017.000000,     small-vehicle,     666
2174.000000, 2913.000000, 2200.000000, 2912.000000, 2202.000000, 2966.000000, 2175.000000, 2967.000000,     small-vehicle,     667
531.000000, 2033.000000, 589.000000, 2032.000000, 588.000000, 2060.000000, 531.000000, 2061.000000,     small-vehicle,     668
1951.000000, 1904.000000, 1977.000000, 1903.000000, 1977.000000, 1957.000000, 1953.000000, 1958.000000,     small-vehicle,     704
848.000000, 2838.000000, 910.000000, 2837.000000, 910.000000, 2876.000000, 848.000000, 2878.000000,     small-vehicle,     708
2259.000000, 1867.000000, 2285.000000, 1868.000000, 2286.000000, 1927.000000, 2261.000000, 1927.000000,     small-vehicle,     718
2696.000000, 2556.000000, 2758.000000, 2555.000000, 2759.000000, 2584.000000, 2697.000000, 2586.000000,     large-vehicle,     727
2563.000000, 2661.000000, 2617.000000, 2660.000000, 2617.000000, 2686.000000, 2565.000000, 2687.000000,     small-vehicle,     736
2050.000000, 2348.000000, 2086.000000, 2348.000000, 2088.000000, 2433.000000, 2053.000000, 2435.000000,     large-vehicle,     744
2500.000000, 2666.000000, 2556.000000, 2664.000000, 2558.000000, 2696.000000, 2501.000000, 2698.000000,     small-vehicle,     756
2216.000000, 1771.000000, 2246.000000, 1771.000000, 2249.000000, 1845.000000, 2218.000000, 1844.000000,     small-vehicle,     761
1945.000000, 1822.000000, 1971.000000, 1822.000000, 1974.000000, 1887.000000, 1946.000000, 1887.000000,     small-vehicle,     762
1849.000000, 2699.000000, 1905.000000, 2697.000000, 1906.000000, 2719.000000, 1849.000000, 2721.000000,     small-vehicle,     765
3724.000000, 2549.000000, 3774.000000, 2547.000000, 3776.000000, 2577.000000, 3727.000000, 2579.000000,     small-vehicle,     767
3209.000000, 2599.000000, 3268.000000, 2598.000000, 3271.000000, 2631.000000, 3210.000000, 2633.000000,     small-vehicle,     789
3645.000000, 2556.000000, 3711.000000, 2554.000000, 3714.000000, 2590.000000, 3648.000000, 2592.000000,     small-vehicle,     792
1932.000000, 1689.000000, 1960.000000, 1690.000000, 1962.000000, 1756.000000, 1933.000000, 1755.000000,     small-vehicle,     813
3318.000000, 1744.000000, 3338.000000, 1743.000000, 3343.000000, 1798.000000, 3322.000000, 1797.000000,     small-vehicle,     815
2049.000000, 1916.000000, 2077.000000, 1915.000000, 2079.000000, 1980.000000, 2050.000000, 1980.000000,     small-vehicle,     816
2434.000000, 1718.000000, 2480.000000, 1718.000000, 2481.000000, 1746.000000, 2434.000000, 1747.000000,     small-vehicle,     818
2636.000000, 2640.000000, 2683.000000, 2639.000000, 2686.000000, 2695.000000, 2639.000000, 2696.000000,     small-vehicle,     824
2565.000000, 2567.000000, 2615.000000, 2567.000000, 2616.000000, 2595.000000, 2566.000000, 2597.000000,     small-vehicle,     839
1941.000000, 1640.000000, 1961.000000, 1641.000000, 1961.000000, 1681.000000, 1941.000000, 1682.000000,     small-vehicle,     840
2414.000000, 1636.000000, 2468.000000, 1637.000000, 2469.000000, 1665.000000, 2415.000000, 1665.000000,     small-vehicle,     841
2476.000000, 1629.000000, 2529.000000, 1630.000000, 2530.000000, 1663.000000, 2478.000000, 1663.000000,     small-vehicle,     845
1281.000000, 2796.000000, 1340.000000, 2793.000000, 1340.000000, 2832.000000, 1281.000000, 2834.000000,     small-vehicle,     846
1751.000000, 2110.000000, 1807.000000, 2109.000000, 1807.000000, 2137.000000, 1753.000000, 2137.000000,     small-vehicle,     847
2121.000000, 2834.000000, 2163.000000, 2832.000000, 2165.000000, 2936.000000, 2125.000000, 2937.000000,     large-vehicle,     856
2045.000000, 1771.000000, 2074.000000, 1771.000000, 2075.000000, 1830.000000, 2047.000000, 1830.000000,     small-vehicle,     867
2728.000000, 1616.000000, 2784.000000, 1615.000000, 2785.000000, 1645.000000, 2729.000000, 1645.000000,     small-vehicle,     870
616.000000, 2038.000000, 708.000000, 2037.000000, 706.000000, 2068.000000, 615.000000, 2069.000000,     small-vehicle,     871
2850.000000, 1601.000000, 2909.000000, 1602.000000, 2910.000000, 1626.000000, 2851.000000, 1626.000000,     small-vehicle,     875
1578.000000, 2697.000000, 1637.000000, 2696.000000, 1637.000000, 2733.000000, 1578.000000, 2734.000000,     small-vehicle,     876
3105.000000, 2521.000000, 3156.000000, 2519.000000, 3159.000000, 2551.000000, 3107.000000, 2552.000000,     small-vehicle,     877
3309.000000, 1663.000000, 3331.000000, 1662.000000, 3335.000000, 1712.000000, 3314.000000, 1712.000000,     small-vehicle,     878
2662.000000, 1615.000000, 2708.000000, 1614.000000, 2710.000000, 1641.000000, 2663.000000, 1640.000000,     small-vehicle,     879
2605.000000, 1625.000000, 2656.000000, 1624.000000, 2658.000000, 1655.000000, 2607.000000, 1655.000000,     small-vehicle,     880
2066.000000, 3205.000000, 2095.000000, 3205.000000, 2097.000000, 3284.000000, 2068.000000, 3285.000000,     small-vehicle,     884
1915.000000, 1584.000000, 1936.000000, 1585.000000, 1938.000000, 1643.000000, 1916.000000, 1643.000000,     small-vehicle,     885
3370.000000, 1553.000000, 3416.000000, 1555.000000, 3418.000000, 1581.000000, 3373.000000, 1582.000000,     small-vehicle,     886
3025.000000, 1586.000000, 3083.000000, 1587.000000, 3085.000000, 1613.000000, 3027.000000, 1614.000000,     small-vehicle,     889
1366.000000, 1870.000000, 1387.000000, 1870.000000, 1387.000000, 1915.000000, 1366.000000, 1915.000000,     small-vehicle,     890
1915.000000, 1516.000000, 1943.000000, 1516.000000, 1945.000000, 1585.000000, 1916.000000, 1584.000000,     small-vehicle,     892
3146.000000, 1576.000000, 3196.000000, 1577.000000, 3199.000000, 1608.000000, 3148.000000, 1608.000000,     small-vehicle,     893
3314.000000, 1558.000000, 3366.000000, 1559.000000, 3369.000000, 1585.000000, 3316.000000, 1587.000000,     small-vehicle,     894
2942.000000, 1589.000000, 2998.000000, 1588.000000, 3001.000000, 1622.000000, 2943.000000, 1622.000000,     small-vehicle,     895
3467.000000, 1542.000000, 3521.000000, 1542.000000, 3523.000000, 1571.000000, 3470.000000, 1570.000000,     small-vehicle,     897
3315.000000, 1633.000000, 3351.000000, 1634.000000, 3354.000000, 1659.000000, 3318.000000, 1660.000000,     small-vehicle,     901
2794.000000, 1606.000000, 2845.000000, 1607.000000, 2847.000000, 1631.000000, 2795.000000, 1632.000000,     small-vehicle,     904
645.000000, 2485.000000, 709.000000, 2484.000000, 709.000000, 2523.000000, 643.000000, 2525.000000,     small-vehicle,     909
2487.000000, 1720.000000, 2523.000000, 1719.000000, 2524.000000, 1742.000000, 2488.000000, 1742.000000,     small-vehicle,     915
3131.000000, 1655.000000, 3185.000000, 1655.000000, 3187.000000, 1684.000000, 3134.000000, 1684.000000,     small-vehicle,     916
2219.000000, 1448.000000, 2248.000000, 1448.000000, 2250.000000, 1512.000000, 2221.000000, 1511.000000,     small-vehicle,     917
873.000000, 2877.000000, 935.000000, 2875.000000, 934.000000, 2914.000000, 872.000000, 2916.000000,     small-vehicle,     919
2198.000000, 1485.000000, 2228.000000, 1486.000000, 2231.000000, 1548.000000, 2200.000000, 1547.000000,     small-vehicle,     921
3596.000000, 1527.000000, 3644.000000, 1527.000000, 3647.000000, 1556.000000, 3598.000000, 1555.000000,     small-vehicle,     924
2002.000000, 1694.000000, 2030.000000, 1695.000000, 2031.000000, 1758.000000, 2003.000000, 1757.000000,     small-vehicle,     930
2776.000000, 2552.000000, 2826.000000, 2550.000000, 2828.000000, 2578.000000, 2777.000000, 2578.000000,     large-vehicle,     935
2377.000000, 3463.000000, 2410.000000, 3462.000000, 2413.000000, 3543.000000, 2379.000000, 3545.000000,     small-vehicle,     940
2301.000000, 2854.000000, 2333.000000, 2851.000000, 2336.000000, 2920.000000, 2303.000000, 2920.000000,     small-vehicle,     941
3305.000000, 2508.000000, 3361.000000, 2508.000000, 3364.000000, 2534.000000, 3307.000000, 2535.000000,     small-vehicle,     942
3577.000000, 2550.000000, 3641.000000, 2550.000000, 3643.000000, 2579.000000, 3579.000000, 2581.000000,     small-vehicle,     943
2210.000000, 1367.000000, 2240.000000, 1366.000000, 2243.000000, 1435.000000, 2213.000000, 1436.000000,     small-vehicle,     944
2294.000000, 3538.000000, 2332.000000, 3536.000000, 2336.000000, 3626.000000, 2297.000000, 3628.000000,     small-vehicle,     945
1908.000000, 1386.000000, 1936.000000, 1385.000000, 1937.000000, 1448.000000, 1910.000000, 1448.000000,     small-vehicle,     949
3269.000000, 2597.000000, 3332.000000, 2596.000000, 3334.000000, 2621.000000, 3272.000000, 2623.000000,     small-vehicle,     951
3485.000000, 2487.000000, 3551.000000, 2486.000000, 3553.000000, 2516.000000, 3487.000000, 2518.000000,     small-vehicle,     953
2059.000000, 2106.000000, 2087.000000, 2107.000000, 2088.000000, 2184.000000, 2062.000000, 2184.000000,     large-vehicle,     959
1994.000000, 2018.000000, 2018.000000, 2018.000000, 2020.000000, 2079.000000, 1995.000000, 2079.000000,     large-vehicle,     961
3072.000000, 1659.000000, 3126.000000, 1660.000000, 3129.000000, 1690.000000, 3075.000000, 1689.000000,     small-vehicle,     962
1980.000000, 1489.000000, 2009.000000, 1490.000000, 2011.000000, 1567.000000, 1983.000000, 1566.000000,     small-vehicle,     963
1066.000000, 1343.000000, 1115.000000, 1344.000000, 1114.000000, 1372.000000, 1066.000000, 1371.000000,     small-vehicle,     964
861.000000, 1351.000000, 925.000000, 1352.000000, 925.000000, 1380.000000, 859.000000, 1379.000000,     small-vehicle,     966
1990.000000, 2003.000000, 2020.000000, 2004.000000, 2020.000000, 2067.000000, 1992.000000, 2069.000000,     small-vehicle,     967
2063.000000, 2136.000000, 2089.000000, 2135.000000, 2092.000000, 2207.000000, 2064.000000, 2209.000000,     small-vehicle,     968
3469.000000, 1620.000000, 3509.000000, 1620.000000, 3511.000000, 1643.000000, 3471.000000, 1642.000000,     small-vehicle,     969
1235.000000, 1345.000000, 1262.000000, 1344.000000, 1262.000000, 1391.000000, 1235.000000, 1390.000000,     small-vehicle,     971
3019.000000, 2614.000000, 3083.000000, 2614.000000, 3086.000000, 2648.000000, 3022.000000, 2650.000000,     small-vehicle,     972
1619.000000, 2107.000000, 1677.000000, 2108.000000, 1677.000000, 2131.000000, 1619.000000, 2132.000000,     small-vehicle,     973
1229.000000, 1563.000000, 1268.000000, 1563.000000, 1267.000000, 1593.000000, 1229.000000, 1592.000000,     small-vehicle,     975
1962.000000, 2218.000000, 1983.000000, 2218.000000, 1985.000000, 2270.000000, 1963.000000, 2271.000000,     small-vehicle,     976
2328.000000, 3232.000000, 2360.000000, 3231.000000, 2363.000000, 3311.000000, 2331.000000, 3312.000000,     large-vehicle,     977
2299.000000, 2831.000000, 2332.000000, 2830.000000, 2334.000000, 2904.000000, 2302.000000, 2905.000000,     large-vehicle,     978
1286.000000, 2134.000000, 1322.000000, 2133.000000, 1322.000000, 2233.000000, 1286.000000, 2234.000000,     large-vehicle,     979
2015.000000, 1432.000000, 2043.000000, 1432.000000, 2044.000000, 1498.000000, 2017.000000, 1497.000000,     small-vehicle,     980
1902.000000, 1317.000000, 1930.000000, 1319.000000, 1932.000000, 1378.000000, 1903.000000, 1378.000000,     small-vehicle,     981
3631.000000, 2474.000000, 3689.000000, 2473.000000, 3692.000000, 2497.000000, 3634.000000, 2499.000000,     large-vehicle,     982
1161.000000, 2094.000000, 1223.000000, 2092.000000, 1223.000000, 2110.000000, 1160.000000, 2111.000000,     large-vehicle,     983
2294.000000, 3534.000000, 2332.000000, 3532.000000, 2336.000000, 3624.000000, 2297.000000, 3627.000000,     large-vehicle,     984
3179.000000, 2507.000000, 3230.000000, 2505.000000, 3232.000000, 2526.000000, 3180.000000, 2529.000000,     large-vehicle,     985
2178.000000, 1331.000000, 2205.000000, 1332.000000, 2207.000000, 1394.000000, 2179.000000, 1394.000000,     small-vehicle,     986
994.000000, 1346.000000, 1049.000000, 1348.000000, 1049.000000, 1374.000000, 994.000000, 1374.000000,     small-vehicle,     987
2111.000000, 2552.000000, 2136.000000, 2552.000000, 2139.000000, 2610.000000, 2111.000000, 2611.000000,     small-vehicle,     988
1140.000000, 1338.000000, 1200.000000, 1340.000000, 1200.000000, 1371.000000, 1139.000000, 1370.000000,     small-vehicle,     989
