2013.000000, 2852.000000, 2041.000000, 2851.000000, 2042.000000, 2916.000000, 2014.000000, 2916.000000,     small-vehicle,     0
2342.000000, 2910.000000, 2371.000000, 2908.000000, 2373.000000, 2973.000000, 2344.000000, 2975.000000,     small-vehicle,     1
2021.000000, 2933.000000, 2047.000000, 2933.000000, 2047.000000, 2999.000000, 2022.000000, 2999.000000,     small-vehicle,     2
2216.000000, 3456.000000, 2246.000000, 3454.000000, 2248.000000, 3521.000000, 2217.000000, 3524.000000,     small-vehicle,     3
2024.000000, 2569.000000, 2049.000000, 2569.000000, 2051.000000, 2633.000000, 2025.000000, 2634.000000,     small-vehicle,     4
2364.000000, 3261.000000, 2393.000000, 3259.000000, 2396.000000, 3327.000000, 2367.000000, 3327.000000,     small-vehicle,     5
1382.000000, 3658.000000, 1412.000000, 3656.000000, 1411.000000, 3731.000000, 1382.000000, 3732.000000,     small-vehicle,     6
1702.000000, 3939.000000, 1756.000000, 3935.000000, 1756.000000, 3967.000000, 1704.000000, 3971.000000,     small-vehicle,     7
2335.000000, 3096.000000, 2363.000000, 3095.000000, 2365.000000, 3165.000000, 2338.000000, 3166.000000,     small-vehicle,     8
3361.000000, 3640.000000, 3415.000000, 3636.000000, 3417.000000, 3665.000000, 3364.000000, 3668.000000,     small-vehicle,     9
1195.000000, 3816.000000, 1245.000000, 3813.000000, 1245.000000, 3846.000000, 1195.000000, 3849.000000,     small-vehicle,     10
490.000000, 3874.000000, 557.000000, 3869.000000, 555.000000, 3903.000000, 489.000000, 3906.000000,     small-vehicle,     11
1406.000000, 2951.000000, 1436.000000, 2951.000000, 1436.000000, 3021.000000, 1406.000000, 3022.000000,     small-vehicle,     12
2853.000000, 3782.000000, 2905.000000, 3778.000000, 2907.000000, 3810.000000, 2855.000000, 3814.000000,     small-vehicle,     14
2254.000000, 4136.000000, 2287.000000, 4133.000000, 2290.000000, 4210.000000, 2256.000000, 4211.000000,     small-vehicle,     15
2334.000000, 2825.000000, 2364.000000, 2825.000000, 2367.000000, 2897.000000, 2336.000000, 2898.000000,     small-vehicle,     17
1817.000000, 3844.000000, 1873.000000, 3840.000000, 1874.000000, 3871.000000, 1818.000000, 3874.000000,     small-vehicle,     18
2311.000000, 3008.000000, 2366.000000, 3005.000000, 2369.000000, 3076.000000, 2314.000000, 3078.000000,     small-vehicle,     19
2040.000000, 2761.000000, 2067.000000, 2759.000000, 2069.000000, 2828.000000, 2042.000000, 2829.000000,     small-vehicle,     21
1822.000000, 4031.000000, 1888.000000, 4027.000000, 1888.000000, 4060.000000, 1823.000000, 4065.000000,     small-vehicle,     22
2674.000000, 4010.000000, 2729.000000, 4006.000000, 2730.000000, 4034.000000, 2677.000000, 4037.000000,     small-vehicle,     23
144.000000, 3901.000000, 215.000000, 3896.000000, 213.000000, 3928.000000, 143.000000, 3932.000000,     small-vehicle,     25
2377.000000, 3357.000000, 2405.000000, 3355.000000, 2408.000000, 3424.000000, 2379.000000, 3424.000000,     small-vehicle,     26
907.000000, 3837.000000, 965.000000, 3832.000000, 964.000000, 3868.000000, 905.000000, 3872.000000,     small-vehicle,     27
2447.000000, 4218.000000, 2488.000000, 4214.000000, 2493.000000, 4307.000000, 2451.000000, 4311.000000,     small-vehicle,     29
2352.000000, 3171.000000, 2387.000000, 3169.000000, 2390.000000, 3246.000000, 2354.000000, 3246.000000,     small-vehicle,     32
2096.000000, 3540.000000, 2158.000000, 3537.000000, 2161.000000, 3585.000000, 2096.000000, 3590.000000,     small-vehicle,     33
2927.000000, 3765.000000, 2985.000000, 3762.000000, 2987.000000, 3796.000000, 2929.000000, 3799.000000,     small-vehicle,     34
2383.000000, 3472.000000, 2414.000000, 3469.000000, 2418.000000, 3553.000000, 2386.000000, 3554.000000,     small-vehicle,     35
2096.000000, 2949.000000, 2122.000000, 2949.000000, 2123.000000, 3021.000000, 2099.000000, 3022.000000,     small-vehicle,     36
3164.000000, 3747.000000, 3222.000000, 3743.000000, 3224.000000, 3776.000000, 3167.000000, 3780.000000,     small-vehicle,     38
2340.000000, 3332.000000, 2370.000000, 3331.000000, 2372.000000, 3405.000000, 2343.000000, 3405.000000,     small-vehicle,     40
1423.000000, 2588.000000, 1455.000000, 2587.000000, 1456.000000, 2644.000000, 1423.000000, 2643.000000,     small-vehicle,     41
2813.000000, 3682.000000, 2865.000000, 3679.000000, 2868.000000, 3713.000000, 2815.000000, 3715.000000,     small-vehicle,     42
1406.000000, 2869.000000, 1430.000000, 2868.000000, 1430.000000, 2927.000000, 1404.000000, 2929.000000,     small-vehicle,     43
1860.000000, 3926.000000, 1925.000000, 3922.000000, 1926.000000, 3956.000000, 1860.000000, 3961.000000,     small-vehicle,     44
1549.000000, 3948.000000, 1605.000000, 3943.000000, 1605.000000, 3983.000000, 1549.000000, 3986.000000,     small-vehicle,     45
2298.000000, 2720.000000, 2324.000000, 2721.000000, 2327.000000, 2798.000000, 2302.000000, 2799.000000,     small-vehicle,     46
1045.000000, 3827.000000, 1110.000000, 3823.000000, 1110.000000, 3861.000000, 1045.000000, 3866.000000,     small-vehicle,     47
2362.000000, 3093.000000, 2389.000000, 3092.000000, 2391.000000, 3153.000000, 2364.000000, 3154.000000,     small-vehicle,     48
3164.000000, 3656.000000, 3213.000000, 3653.000000, 3215.000000, 3684.000000, 3167.000000, 3688.000000,     small-vehicle,     49
66.000000, 3908.000000, 138.000000, 3903.000000, 136.000000, 3939.000000, 63.000000, 3945.000000,     small-vehicle,     50
603.000000, 3860.000000, 678.000000, 3855.000000, 676.000000, 3891.000000, 602.000000, 3896.000000,     small-vehicle,     51
2269.000000, 4215.000000, 2303.000000, 4213.000000, 2307.000000, 4291.000000, 2272.000000, 4294.000000,     small-vehicle,     52
1549.000000, 4004.000000, 1608.000000, 3999.000000, 1609.000000, 4036.000000, 1549.000000, 4040.000000,     small-vehicle,     53
329.000000, 4202.000000, 393.000000, 4198.000000, 392.000000, 4230.000000, 327.000000, 4235.000000,     small-vehicle,     55
3106.000000, 3972.000000, 3160.000000, 3969.000000, 3163.000000, 4006.000000, 3107.000000, 4010.000000,     small-vehicle,     56
1251.000000, 3988.000000, 1318.000000, 3983.000000, 1317.000000, 4019.000000, 1251.000000, 4025.000000,     small-vehicle,     58
693.000000, 3853.000000, 753.000000, 3848.000000, 752.000000, 3881.000000, 693.000000, 3886.000000,     small-vehicle,     62
3500.000000, 3536.000000, 3534.000000, 3534.000000, 3539.000000, 3600.000000, 3506.000000, 3602.000000,     small-vehicle,     63
1257.000000, 4130.000000, 1311.000000, 4127.000000, 1311.000000, 4163.000000, 1257.000000, 4167.000000,     small-vehicle,     64
3272.000000, 3645.000000, 3338.000000, 3641.000000, 3340.000000, 3673.000000, 3274.000000, 3677.000000,     small-vehicle,     65
2284.000000, 2568.000000, 2314.000000, 2568.000000, 2316.000000, 2630.000000, 2287.000000, 2632.000000,     small-vehicle,     66
955.000000, 4016.000000, 1016.000000, 4012.000000, 1014.000000, 4049.000000, 955.000000, 4052.000000,     small-vehicle,     67
2773.000000, 2521.000000, 2828.000000, 2520.000000, 2828.000000, 2551.000000, 2775.000000, 2553.000000,     small-vehicle,     69
3437.000000, 3633.000000, 3492.000000, 3629.000000, 3494.000000, 3660.000000, 3439.000000, 3662.000000,     small-vehicle,     73
227.000000, 3891.000000, 285.000000, 3887.000000, 284.000000, 3921.000000, 226.000000, 3926.000000,     small-vehicle,     74
1399.000000, 3148.000000, 1429.000000, 3146.000000, 1429.000000, 3216.000000, 1399.000000, 3216.000000,     small-vehicle,     75
2141.000000, 3107.000000, 2168.000000, 3105.000000, 2170.000000, 3185.000000, 2142.000000, 3187.000000,     small-vehicle,     76
2066.000000, 3453.000000, 2095.000000, 3452.000000, 2096.000000, 3520.000000, 2068.000000, 3522.000000,     small-vehicle,     77
2926.000000, 3988.000000, 2992.000000, 3984.000000, 2995.000000, 4016.000000, 2929.000000, 4022.000000,     small-vehicle,     78
406.000000, 2819.000000, 467.000000, 2817.000000, 465.000000, 2853.000000, 404.000000, 2856.000000,     small-vehicle,     79
1714.000000, 3976.000000, 1784.000000, 3972.000000, 1783.000000, 4006.000000, 1714.000000, 4011.000000,     small-vehicle,     80
1341.000000, 4028.000000, 1401.000000, 4024.000000, 1401.000000, 4058.000000, 1341.000000, 4062.000000,     small-vehicle,     82
2800.000000, 3832.000000, 2872.000000, 3827.000000, 2874.000000, 3865.000000, 2802.000000, 3869.000000,     small-vehicle,     83
1357.000000, 3970.000000, 1427.000000, 3966.000000, 1427.000000, 3999.000000, 1357.000000, 4004.000000,     small-vehicle,     84
3028.000000, 2550.000000, 3069.000000, 2548.000000, 3070.000000, 2571.000000, 3030.000000, 2572.000000,     small-vehicle,     85
2294.000000, 2931.000000, 2321.000000, 2930.000000, 2324.000000, 3003.000000, 2296.000000, 3004.000000,     small-vehicle,     86
2561.000000, 2548.000000, 2615.000000, 2548.000000, 2617.000000, 2579.000000, 2562.000000, 2582.000000,     small-vehicle,     87
2598.000000, 3735.000000, 2657.000000, 3730.000000, 2659.000000, 3768.000000, 2599.000000, 3772.000000,     small-vehicle,     88
3564.000000, 3940.000000, 3619.000000, 3936.000000, 3621.000000, 3968.000000, 3566.000000, 3973.000000,     small-vehicle,     89
2206.000000, 3327.000000, 2237.000000, 3326.000000, 2240.000000, 3413.000000, 2210.000000, 3413.000000,     small-vehicle,     90
3657.000000, 3622.000000, 3719.000000, 3618.000000, 3722.000000, 3653.000000, 3660.000000, 3657.000000,     small-vehicle,     91
3283.000000, 3961.000000, 3333.000000, 3956.000000, 3334.000000, 3985.000000, 3286.000000, 3990.000000,     small-vehicle,     92
2064.000000, 3214.000000, 2094.000000, 3212.000000, 2096.000000, 3289.000000, 2066.000000, 3291.000000,     small-vehicle,     94
3094.000000, 3754.000000, 3146.000000, 3751.000000, 3148.000000, 3783.000000, 3095.000000, 3787.000000,     small-vehicle,     96
882.000000, 4017.000000, 943.000000, 4013.000000, 943.000000, 4054.000000, 881.000000, 4059.000000,     small-vehicle,     97
3839.000000, 3665.000000, 3896.000000, 3662.000000, 3899.000000, 3699.000000, 3842.000000, 3704.000000,     small-vehicle,     98
3029.000000, 3978.000000, 3077.000000, 3974.000000, 3079.000000, 4011.000000, 3031.000000, 4015.000000,     small-vehicle,     100
2111.000000, 3256.000000, 2141.000000, 3253.000000, 2144.000000, 3322.000000, 2113.000000, 3322.000000,     small-vehicle,     101
3703.000000, 3933.000000, 3771.000000, 3929.000000, 3774.000000, 3963.000000, 3706.000000, 3970.000000,     small-vehicle,     102
1850.000000, 3973.000000, 1915.000000, 3967.000000, 1916.000000, 4005.000000, 1850.000000, 4009.000000,     small-vehicle,     103
3118.000000, 3699.000000, 3173.000000, 3696.000000, 3175.000000, 3728.000000, 3118.000000, 3731.000000,     small-vehicle,     106
3279.000000, 3689.000000, 3343.000000, 3685.000000, 3346.000000, 3716.000000, 3281.000000, 3720.000000,     small-vehicle,     109
2085.000000, 3360.000000, 2114.000000, 3360.000000, 2116.000000, 3437.000000, 2086.000000, 3437.000000,     small-vehicle,     110
2686.000000, 3724.000000, 2753.000000, 3719.000000, 2755.000000, 3761.000000, 2687.000000, 3765.000000,     small-vehicle,     111
1158.000000, 4090.000000, 1223.000000, 4086.000000, 1223.000000, 4119.000000, 1158.000000, 4125.000000,     small-vehicle,     113
2422.000000, 4434.000000, 2465.000000, 4431.000000, 2468.000000, 4519.000000, 2426.000000, 4522.000000,     small-vehicle,     114
2588.000000, 3790.000000, 2645.000000, 3786.000000, 2648.000000, 3826.000000, 2589.000000, 3831.000000,     small-vehicle,     115
1624.000000, 3939.000000, 1688.000000, 3935.000000, 1688.000000, 3971.000000, 1624.000000, 3975.000000,     small-vehicle,     116
1137.000000, 3993.000000, 1204.000000, 3988.000000, 1203.000000, 4024.000000, 1137.000000, 4028.000000,     small-vehicle,     118
3547.000000, 3718.000000, 3610.000000, 3715.000000, 3612.000000, 3753.000000, 3550.000000, 3757.000000,     small-vehicle,     119
2015.000000, 2498.000000, 2045.000000, 2499.000000, 2046.000000, 2558.000000, 2017.000000, 2559.000000,     small-vehicle,     120
2909.000000, 2506.000000, 2961.000000, 2506.000000, 2963.000000, 2539.000000, 2911.000000, 2540.000000,     small-vehicle,     121
3199.000000, 3700.000000, 3255.000000, 3696.000000, 3258.000000, 3727.000000, 3202.000000, 3729.000000,     small-vehicle,     122
1955.000000, 3960.000000, 2015.000000, 3956.000000, 2016.000000, 3994.000000, 1956.000000, 3999.000000,     small-vehicle,     123
1250.000000, 4078.000000, 1310.000000, 4073.000000, 1310.000000, 4110.000000, 1250.000000, 4114.000000,     small-vehicle,     126
2095.000000, 2700.000000, 2126.000000, 2699.000000, 2128.000000, 2772.000000, 2098.000000, 2773.000000,     small-vehicle,     127
3043.000000, 2489.000000, 3098.000000, 2487.000000, 3101.000000, 2522.000000, 3045.000000, 2524.000000,     small-vehicle,     130
3102.000000, 3654.000000, 3157.000000, 3651.000000, 3160.000000, 3691.000000, 3105.000000, 3694.000000,     small-vehicle,     131
1397.000000, 3250.000000, 1422.000000, 3249.000000, 1423.000000, 3312.000000, 1398.000000, 3313.000000,     small-vehicle,     132
284.000000, 2816.000000, 353.000000, 2814.000000, 352.000000, 2847.000000, 283.000000, 2850.000000,     small-vehicle,     134
411.000000, 4189.000000, 481.000000, 4183.000000, 480.000000, 4223.000000, 410.000000, 4227.000000,     small-vehicle,     135
1560.000000, 4102.000000, 1616.000000, 4097.000000, 1616.000000, 4135.000000, 1560.000000, 4139.000000,     small-vehicle,     136
626.000000, 4183.000000, 697.000000, 4178.000000, 695.000000, 4215.000000, 625.000000, 4220.000000,     small-vehicle,     137
3562.000000, 3667.000000, 3623.000000, 3663.000000, 3626.000000, 3697.000000, 3565.000000, 3700.000000,     small-vehicle,     139
1391.000000, 3483.000000, 1419.000000, 3481.000000, 1420.000000, 3553.000000, 1391.000000, 3553.000000,     small-vehicle,     140
2064.000000, 3302.000000, 2086.000000, 3300.000000, 2087.000000, 3350.000000, 2065.000000, 3352.000000,     small-vehicle,     144
903.000000, 4109.000000, 964.000000, 4104.000000, 964.000000, 4139.000000, 903.000000, 4143.000000,     small-vehicle,     145
982.000000, 3822.000000, 1032.000000, 3818.000000, 1032.000000, 3849.000000, 982.000000, 3853.000000,     small-vehicle,     147
2356.000000, 3819.000000, 2389.000000, 3816.000000, 2392.000000, 3898.000000, 2358.000000, 3900.000000,     small-vehicle,     148
3458.000000, 3675.000000, 3512.000000, 3670.000000, 3515.000000, 3708.000000, 3460.000000, 3712.000000,     small-vehicle,     149
2732.000000, 3996.000000, 2798.000000, 3991.000000, 2800.000000, 4028.000000, 2734.000000, 4032.000000,     small-vehicle,     150
3829.000000, 3620.000000, 3888.000000, 3618.000000, 3892.000000, 3653.000000, 3832.000000, 3658.000000,     small-vehicle,     152
3101.000000, 2486.000000, 3158.000000, 2484.000000, 3161.000000, 2516.000000, 3103.000000, 2516.000000,     small-vehicle,     153
1737.000000, 4034.000000, 1789.000000, 4030.000000, 1789.000000, 4067.000000, 1738.000000, 4072.000000,     small-vehicle,     158
1628.000000, 3998.000000, 1692.000000, 3994.000000, 1693.000000, 4034.000000, 1629.000000, 4039.000000,     small-vehicle,     160
3576.000000, 3516.000000, 3615.000000, 3513.000000, 3621.000000, 3591.000000, 3582.000000, 3593.000000,     small-vehicle,     161
1450.000000, 3971.000000, 1516.000000, 3967.000000, 1516.000000, 4005.000000, 1450.000000, 4011.000000,     small-vehicle,     162
3639.000000, 3667.000000, 3705.000000, 3662.000000, 3708.000000, 3701.000000, 3641.000000, 3705.000000,     small-vehicle,     163
1765.000000, 2620.000000, 1829.000000, 2619.000000, 1828.000000, 2653.000000, 1766.000000, 2656.000000,     small-vehicle,     164
159.000000, 2818.000000, 227.000000, 2817.000000, 224.000000, 2852.000000, 157.000000, 2855.000000,     small-vehicle,     165
3490.000000, 3948.000000, 3546.000000, 3944.000000, 3549.000000, 3969.000000, 3491.000000, 3974.000000,     small-vehicle,     166
1052.000000, 3996.000000, 1119.000000, 3991.000000, 1118.000000, 4035.000000, 1051.000000, 4039.000000,     small-vehicle,     167
3380.000000, 3684.000000, 3438.000000, 3681.000000, 3441.000000, 3716.000000, 3383.000000, 3718.000000,     small-vehicle,     168
1082.000000, 4144.000000, 1149.000000, 4140.000000, 1149.000000, 4178.000000, 1081.000000, 4183.000000,     small-vehicle,     169
3278.000000, 3736.000000, 3340.000000, 3732.000000, 3342.000000, 3769.000000, 3280.000000, 3773.000000,     small-vehicle,     170
1059.000000, 4093.000000, 1135.000000, 4086.000000, 1135.000000, 4128.000000, 1059.000000, 4133.000000,     small-vehicle,     171
3640.000000, 3718.000000, 3701.000000, 3714.000000, 3705.000000, 3755.000000, 3645.000000, 3757.000000,     small-vehicle,     172
2627.000000, 2544.000000, 2689.000000, 2542.000000, 2691.000000, 2572.000000, 2628.000000, 2574.000000,     small-vehicle,     173
1518.000000, 4048.000000, 1577.000000, 4044.000000, 1578.000000, 4082.000000, 1518.000000, 4086.000000,     small-vehicle,     175
1765.000000, 3768.000000, 1826.000000, 3764.000000, 1827.000000, 3798.000000, 1764.000000, 3802.000000,     small-vehicle,     177
3012.000000, 3761.000000, 3073.000000, 3756.000000, 3076.000000, 3795.000000, 3015.000000, 3798.000000,     small-vehicle,     178
1406.000000, 4112.000000, 1472.000000, 4107.000000, 1472.000000, 4148.000000, 1406.000000, 4154.000000,     small-vehicle,     179
3039.000000, 3702.000000, 3105.000000, 3699.000000, 3108.000000, 3739.000000, 3042.000000, 3743.000000,     small-vehicle,     182
1497.000000, 4107.000000, 1561.000000, 4103.000000, 1561.000000, 4139.000000, 1497.000000, 4143.000000,     small-vehicle,     186
1604.000000, 2614.000000, 1663.000000, 2613.000000, 1665.000000, 2645.000000, 1604.000000, 2646.000000,     small-vehicle,     189
1443.000000, 4016.000000, 1505.000000, 4012.000000, 1505.000000, 4048.000000, 1443.000000, 4052.000000,     small-vehicle,     190
3749.000000, 3711.000000, 3820.000000, 3706.000000, 3823.000000, 3748.000000, 3752.000000, 3752.000000,     small-vehicle,     193
3517.000000, 3623.000000, 3564.000000, 3620.000000, 3570.000000, 3684.000000, 3523.000000, 3687.000000,     small-vehicle,     196
1665.000000, 4087.000000, 1727.000000, 4083.000000, 1728.000000, 4118.000000, 1667.000000, 4122.000000,     small-vehicle,     198
2920.000000, 2549.000000, 2987.000000, 2547.000000, 2989.000000, 2580.000000, 2923.000000, 2581.000000,     small-vehicle,     202
1421.000000, 4062.000000, 1475.000000, 4058.000000, 1475.000000, 4092.000000, 1420.000000, 4096.000000,     small-vehicle,     203
2491.000000, 2562.000000, 2555.000000, 2560.000000, 2556.000000, 2592.000000, 2493.000000, 2593.000000,     small-vehicle,     212
124.000000, 4128.000000, 196.000000, 4122.000000, 194.000000, 4163.000000, 121.000000, 4167.000000,     small-vehicle,     213
1171.000000, 4141.000000, 1227.000000, 4137.000000, 1227.000000, 4170.000000, 1171.000000, 4175.000000,     small-vehicle,     214
984.000000, 4095.000000, 1047.000000, 4090.000000, 1046.000000, 4131.000000, 984.000000, 4135.000000,     small-vehicle,     217
2038.000000, 3232.000000, 2060.000000, 3232.000000, 2062.000000, 3282.000000, 2038.000000, 3282.000000,     small-vehicle,     223
2310.000000, 3520.000000, 2347.000000, 3517.000000, 2351.000000, 3626.000000, 2313.000000, 3628.000000,     large-vehicle,     230
1888.000000, 4002.000000, 2030.000000, 3991.000000, 2031.000000, 4081.000000, 1891.000000, 4090.000000,     large-vehicle,     231
2052.000000, 3015.000000, 2095.000000, 3014.000000, 2097.000000, 3108.000000, 2055.000000, 3110.000000,     large-vehicle,     232
706.000000, 4172.000000, 791.000000, 4164.000000, 790.000000, 4217.000000, 705.000000, 4224.000000,     large-vehicle,     236
939.000000, 4153.000000, 1043.000000, 4145.000000, 1042.000000, 4197.000000, 937.000000, 4204.000000,     large-vehicle,     237
2405.000000, 3867.000000, 2447.000000, 3864.000000, 2450.000000, 3962.000000, 2410.000000, 3964.000000,     large-vehicle,     239
1651.000000, 4038.000000, 1717.000000, 4034.000000, 1718.000000, 4076.000000, 1651.000000, 4082.000000,     large-vehicle,     240
2951.000000, 3715.000000, 3029.000000, 3710.000000, 3030.000000, 3745.000000, 2953.000000, 3751.000000,     large-vehicle,     242
557.000000, 4153.000000, 620.000000, 4148.000000, 618.000000, 4186.000000, 555.000000, 4192.000000,     small-vehicle,     317
3246.000000, 2473.000000, 3306.000000, 2472.000000, 3309.000000, 2497.000000, 3248.000000, 2500.000000,     small-vehicle,     329
3178.000000, 2497.000000, 3233.000000, 2496.000000, 3236.000000, 2528.000000, 3181.000000, 2530.000000,     small-vehicle,     330
3806.000000, 3753.000000, 3878.000000, 3748.000000, 3882.000000, 3792.000000, 3809.000000, 3797.000000,     small-vehicle,     334
1115.000000, 3373.000000, 1179.000000, 3372.000000, 1179.000000, 3406.000000, 1115.000000, 3409.000000,     small-vehicle,     337
3409.000000, 2465.000000, 3479.000000, 2464.000000, 3484.000000, 2527.000000, 3413.000000, 2529.000000,     large-vehicle,     345
2106.000000, 3137.000000, 2134.000000, 3134.000000, 2136.000000, 3205.000000, 2108.000000, 3206.000000,     small-vehicle,     353
1273.000000, 3371.000000, 1340.000000, 3368.000000, 1340.000000, 3405.000000, 1273.000000, 3408.000000,     small-vehicle,     360
3307.000000, 2482.000000, 3361.000000, 2480.000000, 3364.000000, 2510.000000, 3308.000000, 2511.000000,     small-vehicle,     364
3486.000000, 2469.000000, 3552.000000, 2467.000000, 3554.000000, 2502.000000, 3488.000000, 2504.000000,     small-vehicle,     382
824.000000, 4086.000000, 888.000000, 4082.000000, 887.000000, 4119.000000, 823.000000, 4124.000000,     small-vehicle,     383
3560.000000, 2457.000000, 3627.000000, 2456.000000, 3629.000000, 2490.000000, 3562.000000, 2492.000000,     small-vehicle,     385
2816.000000, 2601.000000, 2875.000000, 2599.000000, 2877.000000, 2653.000000, 2820.000000, 2654.000000,     small-vehicle,     386
1192.000000, 4015.000000, 1257.000000, 4011.000000, 1257.000000, 4044.000000, 1192.000000, 4049.000000,     small-vehicle,     409
2176.000000, 3000.000000, 2208.000000, 2999.000000, 2211.000000, 3078.000000, 2178.000000, 3078.000000,     small-vehicle,     421
644.000000, 4040.000000, 708.000000, 4036.000000, 707.000000, 4074.000000, 643.000000, 4079.000000,     small-vehicle,     430
2196.000000, 3223.000000, 2225.000000, 3223.000000, 2228.000000, 3299.000000, 2198.000000, 3299.000000,     small-vehicle,     431
1986.000000, 2398.000000, 2013.000000, 2397.000000, 2015.000000, 2464.000000, 1987.000000, 2464.000000,     small-vehicle,     432
2015.000000, 2387.000000, 2044.000000, 2387.000000, 2046.000000, 2453.000000, 2017.000000, 2455.000000,     small-vehicle,     433
1200.000000, 3374.000000, 1258.000000, 3371.000000, 1258.000000, 3403.000000, 1200.000000, 3405.000000,     small-vehicle,     438
3066.000000, 2556.000000, 3129.000000, 2555.000000, 3131.000000, 2588.000000, 3069.000000, 2590.000000,     small-vehicle,     445
1539.000000, 2595.000000, 1593.000000, 2595.000000, 1593.000000, 2620.000000, 1539.000000, 2621.000000,     small-vehicle,     446
2135.000000, 2882.000000, 2162.000000, 2881.000000, 2164.000000, 2947.000000, 2138.000000, 2948.000000,     small-vehicle,     457
3349.000000, 3759.000000, 3416.000000, 3754.000000, 3419.000000, 3793.000000, 3352.000000, 3798.000000,     small-vehicle,     462
1856.000000, 4040.000000, 1917.000000, 4036.000000, 1919.000000, 4084.000000, 1856.000000, 4090.000000,     small-vehicle,     463
3117.000000, 2596.000000, 3180.000000, 2594.000000, 3182.000000, 2628.000000, 3119.000000, 2629.000000,     small-vehicle,     465
2272.000000, 2307.000000, 2299.000000, 2306.000000, 2302.000000, 2379.000000, 2274.000000, 2380.000000,     small-vehicle,     484
256.000000, 2897.000000, 336.000000, 2895.000000, 334.000000, 2914.000000, 256.000000, 2917.000000,     large-vehicle,     498
1981.000000, 2335.000000, 2006.000000, 2334.000000, 2008.000000, 2394.000000, 1982.000000, 2395.000000,     small-vehicle,     506
58.000000, 2812.000000, 133.000000, 2809.000000, 131.000000, 2843.000000, 56.000000, 2847.000000,     small-vehicle,     511
2086.000000, 2710.000000, 2115.000000, 2708.000000, 2117.000000, 2775.000000, 2087.000000, 2776.000000,     small-vehicle,     531
1557.000000, 4202.000000, 1607.000000, 4199.000000, 1607.000000, 4254.000000, 1558.000000, 4258.000000,     small-vehicle,     537
2870.000000, 3735.000000, 2939.000000, 3730.000000, 2942.000000, 3771.000000, 2872.000000, 3776.000000,     large-vehicle,     553
2252.000000, 2185.000000, 2276.000000, 2185.000000, 2278.000000, 2243.000000, 2255.000000, 2244.000000,     small-vehicle,     564
2286.000000, 2193.000000, 2315.000000, 2194.000000, 2317.000000, 2255.000000, 2288.000000, 2257.000000,     small-vehicle,     568
440.000000, 4065.000000, 509.000000, 4059.000000, 508.000000, 4098.000000, 439.000000, 4102.000000,     small-vehicle,     569
1646.000000, 2695.000000, 1702.000000, 2694.000000, 1702.000000, 2717.000000, 1646.000000, 2720.000000,     small-vehicle,     575
3506.000000, 2553.000000, 3571.000000, 2551.000000, 3573.000000, 2584.000000, 3509.000000, 2586.000000,     small-vehicle,     577
3630.000000, 2445.000000, 3692.000000, 2444.000000, 3695.000000, 2481.000000, 3632.000000, 2482.000000,     small-vehicle,     578
2583.000000, 3858.000000, 2644.000000, 3854.000000, 2645.000000, 3888.000000, 2585.000000, 3893.000000,     small-vehicle,     583
2279.000000, 2112.000000, 2306.000000, 2113.000000, 2309.000000, 2178.000000, 2281.000000, 2177.000000,     small-vehicle,     590
2036.000000, 3117.000000, 2074.000000, 3116.000000, 2076.000000, 3188.000000, 2037.000000, 3190.000000,     small-vehicle,     591
1989.000000, 2139.000000, 2019.000000, 2140.000000, 2020.000000, 2210.000000, 1991.000000, 2210.000000,     small-vehicle,     593
1867.000000, 3739.000000, 1923.000000, 3736.000000, 1924.000000, 3777.000000, 1869.000000, 3779.000000,     small-vehicle,     598
1335.000000, 4059.000000, 1406.000000, 4054.000000, 1406.000000, 4093.000000, 1335.000000, 4097.000000,     small-vehicle,     613
2688.000000, 2645.000000, 2742.000000, 2642.000000, 2745.000000, 2674.000000, 2690.000000, 2674.000000,     small-vehicle,     614
1020.000000, 4024.000000, 1078.000000, 4020.000000, 1077.000000, 4059.000000, 1018.000000, 4064.000000,     small-vehicle,     615
2263.000000, 2033.000000, 2289.000000, 2033.000000, 2291.000000, 2094.000000, 2266.000000, 2093.000000,     small-vehicle,     632
2039.000000, 2253.000000, 2069.000000, 2253.000000, 2072.000000, 2332.000000, 2041.000000, 2333.000000,     small-vehicle,     635
2947.000000, 2616.000000, 3007.000000, 2614.000000, 3009.000000, 2649.000000, 2950.000000, 2649.000000,     small-vehicle,     636
3728.000000, 3702.000000, 3801.000000, 3697.000000, 3805.000000, 3739.000000, 3730.000000, 3744.000000,     small-vehicle,     637
1991.000000, 2008.000000, 2017.000000, 2009.000000, 2017.000000, 2074.000000, 1993.000000, 2075.000000,     small-vehicle,     638
1779.000000, 3913.000000, 1840.000000, 3910.000000, 1840.000000, 3943.000000, 1780.000000, 3948.000000,     small-vehicle,     659
1954.000000, 1971.000000, 1981.000000, 1970.000000, 1982.000000, 2033.000000, 1956.000000, 2033.000000,     small-vehicle,     660
221.000000, 4069.000000, 281.000000, 4065.000000, 279.000000, 4104.000000, 220.000000, 4107.000000,     small-vehicle,     661
2076.000000, 2138.000000, 2104.000000, 2138.000000, 2106.000000, 2204.000000, 2077.000000, 2204.000000,     small-vehicle,     663
2287.000000, 3481.000000, 2323.000000, 3480.000000, 2325.000000, 3554.000000, 2290.000000, 3557.000000,     small-vehicle,     664
1771.000000, 4071.000000, 1837.000000, 4067.000000, 1838.000000, 4102.000000, 1772.000000, 4107.000000,     small-vehicle,     665
2263.000000, 1950.000000, 2290.000000, 1950.000000, 2293.000000, 2014.000000, 2266.000000, 2015.000000,     small-vehicle,     666
2148.000000, 2714.000000, 2179.000000, 2713.000000, 2181.000000, 2772.000000, 2150.000000, 2773.000000,     small-vehicle,     667
526.000000, 2014.000000, 593.000000, 2014.000000, 593.000000, 2046.000000, 526.000000, 2047.000000,     small-vehicle,     668
47.000000, 4195.000000, 92.000000, 4192.000000, 91.000000, 4221.000000, 46.000000, 4226.000000,     small-vehicle,     672
212.000000, 4163.000000, 287.000000, 4158.000000, 284.000000, 4198.000000, 210.000000, 4204.000000,     large-vehicle,     676
3741.000000, 3898.000000, 3805.000000, 3893.000000, 3808.000000, 3928.000000, 3743.000000, 3933.000000,     small-vehicle,     686
434.000000, 2902.000000, 498.000000, 2900.000000, 497.000000, 2930.000000, 434.000000, 2932.000000,     small-vehicle,     687
859.000000, 4351.000000, 893.000000, 4349.000000, 892.000000, 4415.000000, 858.000000, 4419.000000,     small-vehicle,     691
2775.000000, 3741.000000, 2852.000000, 3736.000000, 2854.000000, 3771.000000, 2778.000000, 3776.000000,     large-vehicle,     692
1810.000000, 3825.000000, 1874.000000, 3821.000000, 1874.000000, 3860.000000, 1811.000000, 3864.000000,     large-vehicle,     693
2300.000000, 2855.000000, 2332.000000, 2854.000000, 2335.000000, 2924.000000, 2302.000000, 2926.000000,     large-vehicle,     695
2671.000000, 3849.000000, 2777.000000, 3841.000000, 2780.000000, 3893.000000, 2673.000000, 3902.000000,     large-vehicle,     697
2365.000000, 3906.000000, 2409.000000, 3904.000000, 2414.000000, 3996.000000, 2368.000000, 3999.000000,     large-vehicle,     698
1948.000000, 1901.000000, 1975.000000, 1900.000000, 1976.000000, 1956.000000, 1949.000000, 1956.000000,     small-vehicle,     704
1985.000000, 3954.000000, 2040.000000, 3949.000000, 2041.000000, 3983.000000, 1986.000000, 3988.000000,     small-vehicle,     706
666.000000, 2859.000000, 731.000000, 2857.000000, 729.000000, 2917.000000, 665.000000, 2919.000000,     small-vehicle,     708
2776.000000, 3725.000000, 2825.000000, 3722.000000, 2828.000000, 3758.000000, 2778.000000, 3762.000000,     small-vehicle,     709
1027.000000, 3918.000000, 1075.000000, 3914.000000, 1074.000000, 3945.000000, 1027.000000, 3948.000000,     small-vehicle,     713
2258.000000, 1862.000000, 2283.000000, 1862.000000, 2285.000000, 1924.000000, 2260.000000, 1924.000000,     small-vehicle,     718
2328.000000, 3229.000000, 2360.000000, 3227.000000, 2363.000000, 3301.000000, 2330.000000, 3302.000000,     large-vehicle,     720
2668.000000, 3795.000000, 2745.000000, 3790.000000, 2748.000000, 3832.000000, 2669.000000, 3837.000000,     large-vehicle,     722
1335.000000, 4050.000000, 1409.000000, 4045.000000, 1409.000000, 4087.000000, 1335.000000, 4093.000000,     large-vehicle,     724
2695.000000, 2543.000000, 2753.000000, 2541.000000, 2756.000000, 2577.000000, 2698.000000, 2579.000000,     large-vehicle,     727
2301.000000, 2842.000000, 2332.000000, 2842.000000, 2336.000000, 2916.000000, 2303.000000, 2916.000000,     small-vehicle,     729
2774.000000, 3742.000000, 2830.000000, 3739.000000, 2831.000000, 3773.000000, 2777.000000, 3776.000000,     small-vehicle,     731
607.000000, 2007.000000, 705.000000, 2007.000000, 703.000000, 2043.000000, 606.000000, 2044.000000,     small-vehicle,     732
3878.000000, 3902.000000, 3918.000000, 3900.000000, 3921.000000, 3927.000000, 3881.000000, 3930.000000,     small-vehicle,     735
2564.000000, 2656.000000, 2617.000000, 2654.000000, 2618.000000, 2682.000000, 2565.000000, 2682.000000,     small-vehicle,     736
3019.000000, 2603.000000, 3085.000000, 2601.000000, 3087.000000, 2634.000000, 3022.000000, 2636.000000,     small-vehicle,     737
1393.000000, 3574.000000, 1411.000000, 3573.000000, 1411.000000, 3609.000000, 1392.000000, 3610.000000,     small-vehicle,     739
211.000000, 4172.000000, 286.000000, 4166.000000, 284.000000, 4205.000000, 209.000000, 4210.000000,     small-vehicle,     742
2026.000000, 1964.000000, 2062.000000, 1964.000000, 2065.000000, 2053.000000, 2028.000000, 2052.000000,     large-vehicle,     744
2697.000000, 2549.000000, 2755.000000, 2548.000000, 2757.000000, 2581.000000, 2699.000000, 2583.000000,     small-vehicle,     745
2572.000000, 3955.000000, 2636.000000, 3950.000000, 2639.000000, 4002.000000, 2575.000000, 4008.000000,     large-vehicle,     748
2694.000000, 2528.000000, 2755.000000, 2527.000000, 2756.000000, 2560.000000, 2695.000000, 2562.000000,     small-vehicle,     754
-34.000000, 4165.000000, 35.000000, 4160.000000, 33.000000, 4198.000000, -36.000000, 4204.000000,     small-vehicle,     755
2501.000000, 2664.000000, 2558.000000, 2662.000000, 2559.000000, 2691.000000, 2503.000000, 2692.000000,     small-vehicle,     756
2580.000000, 3968.000000, 2641.000000, 3964.000000, 2644.000000, 4011.000000, 2582.000000, 4015.000000,     small-vehicle,     757
2040.000000, 1824.000000, 2067.000000, 1824.000000, 2069.000000, 1901.000000, 2043.000000, 1901.000000,     small-vehicle,     758
42.000000, 4093.000000, 110.000000, 4088.000000, 108.000000, 4126.000000, 40.000000, 4130.000000,     small-vehicle,     759
3438.000000, 3744.000000, 3507.000000, 3740.000000, 3511.000000, 3781.000000, 3440.000000, 3785.000000,     small-vehicle,     760
2216.000000, 1763.000000, 2244.000000, 1763.000000, 2247.000000, 1839.000000, 2217.000000, 1839.000000,     small-vehicle,     761
1940.000000, 1819.000000, 1972.000000, 1819.000000, 1974.000000, 1882.000000, 1942.000000, 1882.000000,     small-vehicle,     762
2365.000000, 3906.000000, 2407.000000, 3903.000000, 2412.000000, 3998.000000, 2368.000000, 4000.000000,     small-vehicle,     763
2328.000000, 3232.000000, 2359.000000, 3231.000000, 2362.000000, 3309.000000, 2331.000000, 3310.000000,     small-vehicle,     764
1853.000000, 2699.000000, 1905.000000, 2698.000000, 1906.000000, 2719.000000, 1853.000000, 2721.000000,     small-vehicle,     765
2769.000000, 3789.000000, 2838.000000, 3783.000000, 2840.000000, 3826.000000, 2772.000000, 3831.000000,     small-vehicle,     766
3727.000000, 2523.000000, 3785.000000, 2521.000000, 3787.000000, 2559.000000, 3730.000000, 2559.000000,     small-vehicle,     767
2766.000000, 3768.000000, 2835.000000, 3764.000000, 2838.000000, 3801.000000, 2767.000000, 3806.000000,     large-vehicle,     770
3019.000000, 2606.000000, 3087.000000, 2604.000000, 3089.000000, 2642.000000, 3021.000000, 2644.000000,     large-vehicle,     771
606.000000, 1997.000000, 700.000000, 1996.000000, 698.000000, 2032.000000, 605.000000, 2034.000000,     large-vehicle,     772
2333.000000, 3487.000000, 2374.000000, 3484.000000, 2377.000000, 3580.000000, 2337.000000, 3582.000000,     large-vehicle,     773
2040.000000, 1834.000000, 2069.000000, 1834.000000, 2071.000000, 1909.000000, 2042.000000, 1909.000000,     large-vehicle,     774
