2463.000000, 2447.000000, 2499.000000, 2445.000000, 2499.000000, 2504.000000, 2462.000000, 2506.000000,     small-vehicle,     1216
2002.000000, 2355.000000, 2028.000000, 2353.000000, 2028.000000, 2401.000000, 2001.000000, 2402.000000,     small-vehicle,     1236
1986.000000, 2274.000000, 2016.000000, 2272.000000, 2015.000000, 2335.000000, 1986.000000, 2336.000000,     small-vehicle,     1254
2286.000000, 2232.000000, 2323.000000, 2231.000000, 2323.000000, 2302.000000, 2286.000000, 2303.000000,     small-vehicle,     1257
1320.000000, 2297.000000, 1350.000000, 2296.000000, 1350.000000, 2374.000000, 1319.000000, 2376.000000,     small-vehicle,     1273
2270.000000, 2131.000000, 2296.000000, 2130.000000, 2296.000000, 2197.000000, 2269.000000, 2198.000000,     small-vehicle,     1277
1980.000000, 2181.000000, 2010.000000, 2179.000000, 2010.000000, 2248.000000, 1980.000000, 2250.000000,     small-vehicle,     1282
2221.000000, 2027.000000, 2251.000000, 2026.000000, 2251.000000, 2095.000000, 2220.000000, 2096.000000,     small-vehicle,     1290
1315.000000, 2219.000000, 1338.000000, 2218.000000, 1338.000000, 2261.000000, 1315.000000, 2262.000000,     small-vehicle,     1293
2300.000000, 2086.000000, 2330.000000, 2085.000000, 2330.000000, 2154.000000, 2300.000000, 2155.000000,     small-vehicle,     1298
1974.000000, 2023.000000, 2001.000000, 2022.000000, 2001.000000, 2083.000000, 1974.000000, 2084.000000,     small-vehicle,     1309
1304.000000, 1995.000000, 1332.000000, 1994.000000, 1332.000000, 2057.000000, 1304.000000, 2058.000000,     small-vehicle,     1330
1301.000000, 1921.000000, 1330.000000, 1920.000000, 1330.000000, 1987.000000, 1300.000000, 1988.000000,     small-vehicle,     1333
1965.000000, 1854.000000, 1994.000000, 1853.000000, 1993.000000, 1909.000000, 1965.000000, 1911.000000,     small-vehicle,     1337
2264.000000, 1795.000000, 2290.000000, 1794.000000, 2290.000000, 1854.000000, 2264.000000, 1856.000000,     small-vehicle,     1342
1299.000000, 1858.000000, 1323.000000, 1857.000000, 1323.000000, 1909.000000, 1299.000000, 1910.000000,     small-vehicle,     1348
1987.000000, 1724.000000, 2018.000000, 1722.000000, 2018.000000, 1780.000000, 1987.000000, 1781.000000,     small-vehicle,     1360
2255.000000, 1725.000000, 2288.000000, 1724.000000, 2288.000000, 1789.000000, 2255.000000, 1790.000000,     small-vehicle,     1361
564.000000, 1813.000000, 616.000000, 1811.000000, 616.000000, 1837.000000, 564.000000, 1840.000000,     small-vehicle,     1369
440.000000, 1749.000000, 499.000000, 1747.000000, 499.000000, 1769.000000, 440.000000, 1772.000000,     small-vehicle,     1375
1388.000000, 1752.000000, 1449.000000, 1749.000000, 1449.000000, 1781.000000, 1388.000000, 1784.000000,     small-vehicle,     1379
1259.000000, 1690.000000, 1321.000000, 1687.000000, 1321.000000, 1727.000000, 1259.000000, 1730.000000,     small-vehicle,     1387
1517.000000, 1687.000000, 1572.000000, 1684.000000, 1572.000000, 1706.000000, 1517.000000, 1709.000000,     small-vehicle,     1388
509.000000, 1743.000000, 555.000000, 1741.000000, 555.000000, 1760.000000, 509.000000, 1762.000000,     small-vehicle,     1389
1292.000000, 1617.000000, 1320.000000, 1616.000000, 1320.000000, 1677.000000, 1292.000000, 1679.000000,     small-vehicle,     1399
1377.000000, 1718.000000, 1432.000000, 1716.000000, 1432.000000, 1754.000000, 1377.000000, 1757.000000,     small-vehicle,     1400
2471.000000, 1616.000000, 2528.000000, 1613.000000, 2528.000000, 1636.000000, 2471.000000, 1639.000000,     small-vehicle,     1403
2797.000000, 1669.000000, 2853.000000, 1666.000000, 2853.000000, 1693.000000, 2797.000000, 1695.000000,     small-vehicle,     1416
1462.000000, 1747.000000, 1519.000000, 1744.000000, 1519.000000, 1776.000000, 1462.000000, 1778.000000,     small-vehicle,     1423
2965.000000, 1509.000000, 2991.000000, 1508.000000, 2991.000000, 1561.000000, 2965.000000, 1562.000000,     small-vehicle,     1429
1282.000000, 1360.000000, 1307.000000, 1358.000000, 1307.000000, 1412.000000, 1282.000000, 1413.000000,     small-vehicle,     1451
1964.000000, 1335.000000, 1991.000000, 1334.000000, 1990.000000, 1386.000000, 1964.000000, 1387.000000,     small-vehicle,     1452
2944.000000, 1278.000000, 2979.000000, 1277.000000, 2979.000000, 1345.000000, 2943.000000, 1346.000000,     small-vehicle,     1453
2258.000000, 1230.000000, 2287.000000, 1229.000000, 2287.000000, 1292.000000, 2257.000000, 1293.000000,     small-vehicle,     1458
2229.000000, 1236.000000, 2252.000000, 1235.000000, 2251.000000, 1289.000000, 2229.000000, 1290.000000,     small-vehicle,     1459
1648.000000, 1736.000000, 1705.000000, 1733.000000, 1705.000000, 1759.000000, 1648.000000, 1761.000000,     small-vehicle,     1460
1274.000000, 1267.000000, 1296.000000, 1266.000000, 1296.000000, 1317.000000, 1274.000000, 1318.000000,     small-vehicle,     1462
2226.000000, 1155.000000, 2254.000000, 1154.000000, 2254.000000, 1217.000000, 2226.000000, 1218.000000,     small-vehicle,     1467
1722.000000, 1729.000000, 1786.000000, 1726.000000, 1786.000000, 1752.000000, 1722.000000, 1755.000000,     small-vehicle,     1468
2260.000000, 1176.000000, 2289.000000, 1174.000000, 2288.000000, 1219.000000, 2260.000000, 1221.000000,     small-vehicle,     1478
1929.000000, 1125.000000, 1954.000000, 1123.000000, 1953.000000, 1179.000000, 1929.000000, 1180.000000,     small-vehicle,     1479
1978.000000, 2104.000000, 2006.000000, 2103.000000, 2006.000000, 2161.000000, 1978.000000, 2163.000000,     small-vehicle,     1493
1981.000000, 2368.000000, 2002.000000, 2367.000000, 2002.000000, 2409.000000, 1981.000000, 2410.000000,     small-vehicle,     1498
1952.000000, 1073.000000, 1979.000000, 1072.000000, 1978.000000, 1132.000000, 1952.000000, 1133.000000,     small-vehicle,     1499
2361.000000, 1002.000000, 2427.000000, 999.000000, 2427.000000, 1030.000000, 2361.000000, 1033.000000,     small-vehicle,     1500
1254.000000, 1033.000000, 1278.000000, 1032.000000, 1278.000000, 1078.000000, 1253.000000, 1079.000000,     small-vehicle,     1507
1573.000000, 1740.000000, 1637.000000, 1737.000000, 1637.000000, 1764.000000, 1573.000000, 1767.000000,     small-vehicle,     1508
2208.000000, 930.000000, 2237.000000, 928.000000, 2237.000000, 985.000000, 2208.000000, 986.000000,     small-vehicle,     1509
2616.000000, 1609.000000, 2671.000000, 1606.000000, 2671.000000, 1628.000000, 2616.000000, 1630.000000,     small-vehicle,     1510
2590.000000, 974.000000, 2651.000000, 972.000000, 2651.000000, 1001.000000, 2590.000000, 1004.000000,     small-vehicle,     1511
2928.000000, 923.000000, 2957.000000, 922.000000, 2957.000000, 986.000000, 2928.000000, 987.000000,     small-vehicle,     1515
1252.000000, 979.000000, 1279.000000, 978.000000, 1278.000000, 1030.000000, 1252.000000, 1031.000000,     small-vehicle,     1517
254.000000, 1788.000000, 312.000000, 1785.000000, 312.000000, 1828.000000, 254.000000, 1830.000000,     small-vehicle,     1518
1915.000000, 886.000000, 1942.000000, 885.000000, 1941.000000, 946.000000, 1915.000000, 947.000000,     small-vehicle,     1522
2232.000000, 869.000000, 2261.000000, 867.000000, 2261.000000, 926.000000, 2232.000000, 927.000000,     small-vehicle,     1529
2497.000000, 1680.000000, 2543.000000, 1678.000000, 2543.000000, 1702.000000, 2497.000000, 1704.000000,     small-vehicle,     1530
2616.000000, 1677.000000, 2670.000000, 1674.000000, 2670.000000, 1701.000000, 2616.000000, 1704.000000,     small-vehicle,     1531
2445.000000, 995.000000, 2508.000000, 992.000000, 2507.000000, 1022.000000, 2445.000000, 1025.000000,     small-vehicle,     1532
2515.000000, 986.000000, 2577.000000, 983.000000, 2577.000000, 1013.000000, 2514.000000, 1016.000000,     small-vehicle,     1533
2230.000000, 786.000000, 2258.000000, 784.000000, 2257.000000, 839.000000, 2230.000000, 840.000000,     small-vehicle,     1536
1913.000000, 815.000000, 1941.000000, 813.000000, 1941.000000, 876.000000, 1913.000000, 878.000000,     small-vehicle,     1537
2541.000000, 1610.000000, 2593.000000, 1608.000000, 2592.000000, 1633.000000, 2541.000000, 1636.000000,     small-vehicle,     1541
1251.000000, 812.000000, 1274.000000, 811.000000, 1274.000000, 861.000000, 1251.000000, 862.000000,     small-vehicle,     1548
1920.000000, 748.000000, 1943.000000, 747.000000, 1943.000000, 800.000000, 1920.000000, 801.000000,     small-vehicle,     1549
2229.000000, 709.000000, 2257.000000, 707.000000, 2257.000000, 764.000000, 2229.000000, 765.000000,     small-vehicle,     1552
1244.000000, 728.000000, 1270.000000, 727.000000, 1270.000000, 788.000000, 1244.000000, 789.000000,     small-vehicle,     1554
1903.000000, 669.000000, 1930.000000, 667.000000, 1930.000000, 723.000000, 1902.000000, 724.000000,     small-vehicle,     1562
1929.000000, 616.000000, 1954.000000, 615.000000, 1954.000000, 672.000000, 1928.000000, 673.000000,     small-vehicle,     1566
2915.000000, 695.000000, 2942.000000, 694.000000, 2942.000000, 747.000000, 2914.000000, 749.000000,     small-vehicle,     1567
2317.000000, 2148.000000, 2338.000000, 2147.000000, 2338.000000, 2182.000000, 2317.000000, 2183.000000,     small-vehicle,     1570
2194.000000, 603.000000, 2224.000000, 602.000000, 2223.000000, 665.000000, 2194.000000, 666.000000,     small-vehicle,     1571
687.000000, 634.000000, 739.000000, 631.000000, 739.000000, 660.000000, 687.000000, 663.000000,     small-vehicle,     1573
816.000000, 621.000000, 873.000000, 618.000000, 873.000000, 647.000000, 816.000000, 649.000000,     small-vehicle,     1574
397.000000, 640.000000, 454.000000, 638.000000, 454.000000, 669.000000, 397.000000, 671.000000,     small-vehicle,     1575
885.000000, 616.000000, 941.000000, 614.000000, 941.000000, 644.000000, 885.000000, 646.000000,     small-vehicle,     1576
472.000000, 643.000000, 518.000000, 641.000000, 518.000000, 668.000000, 472.000000, 670.000000,     small-vehicle,     1578
753.000000, 627.000000, 803.000000, 624.000000, 803.000000, 651.000000, 753.000000, 653.000000,     small-vehicle,     1585
1731.000000, 529.000000, 1789.000000, 526.000000, 1789.000000, 557.000000, 1731.000000, 560.000000,     small-vehicle,     1586
1619.000000, 534.000000, 1670.000000, 531.000000, 1670.000000, 561.000000, 1619.000000, 564.000000,     small-vehicle,     1588
1236.000000, 582.000000, 1284.000000, 579.000000, 1284.000000, 606.000000, 1235.000000, 608.000000,     small-vehicle,     1589
1469.000000, 556.000000, 1521.000000, 554.000000, 1521.000000, 585.000000, 1469.000000, 587.000000,     small-vehicle,     1590
348.000000, 573.000000, 377.000000, 571.000000, 377.000000, 625.000000, 348.000000, 626.000000,     small-vehicle,     1594
2397.000000, 447.000000, 2457.000000, 444.000000, 2457.000000, 476.000000, 2397.000000, 479.000000,     small-vehicle,     1600
657.000000, 1356.000000, 687.000000, 1354.000000, 687.000000, 1415.000000, 657.000000, 1417.000000,     small-vehicle,     1601
1917.000000, 450.000000, 1947.000000, 448.000000, 1947.000000, 503.000000, 1917.000000, 504.000000,     small-vehicle,     1602
3111.000000, 395.000000, 3166.000000, 392.000000, 3166.000000, 422.000000, 3111.000000, 425.000000,     small-vehicle,     1610
2587.000000, 424.000000, 2651.000000, 422.000000, 2650.000000, 454.000000, 2587.000000, 457.000000,     small-vehicle,     1612
3144.000000, 234.000000, 3171.000000, 233.000000, 3170.000000, 296.000000, 3143.000000, 297.000000,     small-vehicle,     1613
2876.000000, 384.000000, 2941.000000, 381.000000, 2941.000000, 417.000000, 2876.000000, 420.000000,     small-vehicle,     1614
277.000000, 494.000000, 328.000000, 492.000000, 328.000000, 553.000000, 277.000000, 555.000000,     small-vehicle,     1615
2661.000000, 417.000000, 2714.000000, 415.000000, 2714.000000, 438.000000, 2661.000000, 440.000000,     small-vehicle,     1621
2191.000000, 414.000000, 2213.000000, 413.000000, 2212.000000, 465.000000, 2191.000000, 465.000000,     small-vehicle,     1623
3433.000000, 319.000000, 3501.000000, 316.000000, 3501.000000, 351.000000, 3432.000000, 354.000000,     small-vehicle,     1628
3359.000000, 328.000000, 3416.000000, 326.000000, 3415.000000, 358.000000, 3359.000000, 360.000000,     small-vehicle,     1631
47.000000, 569.000000, 100.000000, 566.000000, 100.000000, 604.000000, 47.000000, 606.000000,     small-vehicle,     1632
2180.000000, 331.000000, 2211.000000, 330.000000, 2211.000000, 403.000000, 2180.000000, 404.000000,     small-vehicle,     1633
356.000000, 1827.000000, 414.000000, 1824.000000, 414.000000, 1844.000000, 356.000000, 1847.000000,     small-vehicle,     1635
3646.000000, 284.000000, 3697.000000, 281.000000, 3697.000000, 316.000000, 3646.000000, 318.000000,     small-vehicle,     1636
1887.000000, 275.000000, 1914.000000, 274.000000, 1914.000000, 334.000000, 1887.000000, 335.000000,     small-vehicle,     1637
3177.000000, 230.000000, 3208.000000, 229.000000, 3208.000000, 289.000000, 3177.000000, 290.000000,     small-vehicle,     1638
396.000000, 376.000000, 421.000000, 375.000000, 421.000000, 429.000000, 396.000000, 430.000000,     small-vehicle,     1643
605.000000, 2172.000000, 630.000000, 2171.000000, 630.000000, 2234.000000, 605.000000, 2236.000000,     small-vehicle,     1645
464.000000, 342.000000, 517.000000, 340.000000, 517.000000, 386.000000, 464.000000, 388.000000,     small-vehicle,     1646
625.000000, 1368.000000, 651.000000, 1367.000000, 650.000000, 1422.000000, 625.000000, 1423.000000,     small-vehicle,     1648
545.000000, 1247.000000, 581.000000, 1245.000000, 581.000000, 1384.000000, 545.000000, 1385.000000,     large-vehicle,     1649
320.000000, 353.000000, 345.000000, 352.000000, 345.000000, 401.000000, 320.000000, 402.000000,     small-vehicle,     1650
2919.000000, 787.000000, 2953.000000, 785.000000, 2952.000000, 845.000000, 2919.000000, 847.000000,     small-vehicle,     1651
2238.000000, 647.000000, 2253.000000, 647.000000, 2253.000000, 670.000000, 2238.000000, 671.000000,     small-vehicle,     1655
2204.000000, 199.000000, 2233.000000, 198.000000, 2233.000000, 258.000000, 2203.000000, 259.000000,     small-vehicle,     1656
3387.000000, 1010.000000, 3424.000000, 1008.000000, 3423.000000, 1030.000000, 3387.000000, 1031.000000,     small-vehicle,     1657
1882.000000, 205.000000, 1909.000000, 204.000000, 1909.000000, 264.000000, 1882.000000, 265.000000,     small-vehicle,     1658
1006.000000, 663.000000, 1046.000000, 662.000000, 1046.000000, 685.000000, 1006.000000, 687.000000,     small-vehicle,     1659
517.000000, 301.000000, 567.000000, 299.000000, 567.000000, 347.000000, 517.000000, 350.000000,     small-vehicle,     1663
2992.000000, 1045.000000, 3052.000000, 1042.000000, 3052.000000, 1072.000000, 2992.000000, 1075.000000,     small-vehicle,     1664
3170.000000, 143.000000, 3208.000000, 141.000000, 3207.000000, 203.000000, 3170.000000, 205.000000,     small-vehicle,     1665
319.000000, 285.000000, 347.000000, 284.000000, 347.000000, 337.000000, 319.000000, 338.000000,     small-vehicle,     1666
2919.000000, 855.000000, 2950.000000, 854.000000, 2950.000000, 912.000000, 2918.000000, 914.000000,     small-vehicle,     1667
458.000000, 263.000000, 511.000000, 261.000000, 511.000000, 310.000000, 458.000000, 313.000000,     small-vehicle,     1668
514.000000, 927.000000, 575.000000, 925.000000, 575.000000, 949.000000, 514.000000, 952.000000,     small-vehicle,     1669
2731.000000, 406.000000, 2789.000000, 404.000000, 2788.000000, 433.000000, 2731.000000, 435.000000,     small-vehicle,     1670
2505.000000, 1052.000000, 2568.000000, 1049.000000, 2568.000000, 1072.000000, 2505.000000, 1075.000000,     small-vehicle,     1671
311.000000, 408.000000, 346.000000, 407.000000, 346.000000, 472.000000, 311.000000, 474.000000,     small-vehicle,     1678
1912.000000, 956.000000, 1935.000000, 955.000000, 1935.000000, 1005.000000, 1911.000000, 1006.000000,     small-vehicle,     1679
2166.000000, 134.000000, 2193.000000, 132.000000, 2193.000000, 189.000000, 2166.000000, 190.000000,     small-vehicle,     1680
3413.000000, 1616.000000, 3484.000000, 1613.000000, 3484.000000, 1638.000000, 3413.000000, 1642.000000,     small-vehicle,     1681
1314.000000, 2098.000000, 1335.000000, 2097.000000, 1335.000000, 2153.000000, 1314.000000, 2154.000000,     small-vehicle,     1682
1909.000000, 164.000000, 1935.000000, 163.000000, 1935.000000, 222.000000, 1909.000000, 223.000000,     small-vehicle,     1683
3416.000000, 1642.000000, 3486.000000, 1638.000000, 3486.000000, 1664.000000, 3416.000000, 1667.000000,     large-vehicle,     1685
1884.000000, 135.000000, 1910.000000, 134.000000, 1910.000000, 195.000000, 1883.000000, 196.000000,     small-vehicle,     1687
3197.000000, 424.000000, 3260.000000, 421.000000, 3260.000000, 449.000000, 3197.000000, 452.000000,     small-vehicle,     1688
2907.000000, 564.000000, 2937.000000, 563.000000, 2937.000000, 613.000000, 2906.000000, 614.000000,     small-vehicle,     1689
321.000000, 222.000000, 349.000000, 221.000000, 349.000000, 273.000000, 322.000000, 275.000000,     small-vehicle,     1690
447.000000, 934.000000, 517.000000, 931.000000, 517.000000, 954.000000, 447.000000, 957.000000,     small-vehicle,     1691
3426.000000, 976.000000, 3499.000000, 973.000000, 3499.000000, 1000.000000, 3426.000000, 1003.000000,     small-vehicle,     1692
2418.000000, 521.000000, 2468.000000, 518.000000, 2468.000000, 538.000000, 2418.000000, 540.000000,     small-vehicle,     1693
1954.000000, 1806.000000, 1977.000000, 1805.000000, 1977.000000, 1853.000000, 1954.000000, 1854.000000,     small-vehicle,     1694
2305.000000, 2291.000000, 2343.000000, 2289.000000, 2343.000000, 2370.000000, 2305.000000, 2371.000000,     large-vehicle,     1695
520.000000, 1371.000000, 549.000000, 1370.000000, 549.000000, 1540.000000, 520.000000, 1541.000000,     large-vehicle,     1696
2199.000000, 106.000000, 2226.000000, 105.000000, 2226.000000, 165.000000, 2199.000000, 166.000000,     small-vehicle,     1697
3415.000000, 1648.000000, 3486.000000, 1645.000000, 3486.000000, 1669.000000, 3415.000000, 1672.000000,     small-vehicle,     1698
1911.000000, 84.000000, 1939.000000, 82.000000, 1938.000000, 148.000000, 1910.000000, 149.000000,     small-vehicle,     1699
1256.000000, 1967.000000, 1275.000000, 1966.000000, 1275.000000, 2023.000000, 1256.000000, 2024.000000,     large-vehicle,     1700
1310.000000, 2070.000000, 1333.000000, 2069.000000, 1333.000000, 2128.000000, 1310.000000, 2129.000000,     large-vehicle,     1701
2805.000000, 1023.000000, 2861.000000, 1021.000000, 2861.000000, 1049.000000, 2805.000000, 1051.000000,     small-vehicle,     1702
