2064.000000, 3497.000000, 2094.000000, 3495.000000, 2095.000000, 3559.000000, 2066.000000, 3561.000000,     small-vehicle,     0
2395.000000, 3543.000000, 2426.000000, 3540.000000, 2427.000000, 3613.000000, 2398.000000, 3615.000000,     small-vehicle,     1
2071.000000, 3578.000000, 2096.000000, 3576.000000, 2097.000000, 3639.000000, 2073.000000, 3641.000000,     small-vehicle,     2
2078.000000, 3214.000000, 2105.000000, 3213.000000, 2107.000000, 3271.000000, 2079.000000, 3273.000000,     small-vehicle,     4
2388.000000, 3738.000000, 2413.000000, 3736.000000, 2415.000000, 3791.000000, 2390.000000, 3793.000000,     small-vehicle,     8
1449.000000, 3608.000000, 1480.000000, 3605.000000, 1480.000000, 3682.000000, 1450.000000, 3684.000000,     small-vehicle,     12
2390.000000, 3460.000000, 2421.000000, 3457.000000, 2424.000000, 3534.000000, 2391.000000, 3535.000000,     small-vehicle,     17
2366.000000, 3648.000000, 2419.000000, 3644.000000, 2422.000000, 3715.000000, 2368.000000, 3720.000000,     small-vehicle,     19
2090.000000, 3402.000000, 2120.000000, 3400.000000, 2121.000000, 3459.000000, 2092.000000, 3461.000000,     small-vehicle,     21
2325.000000, 3709.000000, 2357.000000, 3706.000000, 2360.000000, 3793.000000, 2328.000000, 3795.000000,     small-vehicle,     29
1385.000000, 3444.000000, 1444.000000, 3440.000000, 1444.000000, 3483.000000, 1386.000000, 3487.000000,     small-vehicle,     41
1450.000000, 3533.000000, 1478.000000, 3530.000000, 1479.000000, 3592.000000, 1450.000000, 3594.000000,     small-vehicle,     43
2356.000000, 3353.000000, 2382.000000, 3350.000000, 2385.000000, 3431.000000, 2357.000000, 3434.000000,     small-vehicle,     46
2414.000000, 3734.000000, 2442.000000, 3733.000000, 2443.000000, 3785.000000, 2416.000000, 3787.000000,     small-vehicle,     48
2285.000000, 2299.000000, 2342.000000, 2298.000000, 2343.000000, 2333.000000, 2285.000000, 2334.000000,     small-vehicle,     66
1439.000000, 3799.000000, 1473.000000, 3796.000000, 1473.000000, 3864.000000, 1439.000000, 3867.000000,     small-vehicle,     75
3022.000000, 3196.000000, 3060.000000, 3194.000000, 3061.000000, 3214.000000, 3022.000000, 3217.000000,     small-vehicle,     85
2347.000000, 3566.000000, 2375.000000, 3565.000000, 2378.000000, 3644.000000, 2349.000000, 3647.000000,     small-vehicle,     86
2307.000000, 3909.000000, 2337.000000, 3906.000000, 2339.000000, 3984.000000, 2308.000000, 3986.000000,     small-vehicle,     114
2069.000000, 3136.000000, 2099.000000, 3135.000000, 2101.000000, 3195.000000, 2070.000000, 3197.000000,     small-vehicle,     120
2223.000000, 2484.000000, 2253.000000, 2483.000000, 2255.000000, 2551.000000, 2224.000000, 2552.000000,     small-vehicle,     148
2917.000000, 3195.000000, 2983.000000, 3191.000000, 2984.000000, 3226.000000, 2919.000000, 3230.000000,     small-vehicle,     202
2182.000000, 2092.000000, 2216.000000, 2091.000000, 2219.000000, 2192.000000, 2184.000000, 2193.000000,     large-vehicle,     230
2104.000000, 3662.000000, 2144.000000, 3659.000000, 2146.000000, 3753.000000, 2106.000000, 3756.000000,     large-vehicle,     232
2889.000000, 3236.000000, 2952.000000, 3232.000000, 2954.000000, 3277.000000, 2891.000000, 3281.000000,     small-vehicle,     386
2038.000000, 3032.000000, 2066.000000, 3031.000000, 2067.000000, 3097.000000, 2039.000000, 3100.000000,     small-vehicle,     432
2067.000000, 3022.000000, 2098.000000, 3021.000000, 2098.000000, 3086.000000, 2068.000000, 3089.000000,     small-vehicle,     433
3127.000000, 3175.000000, 3186.000000, 3171.000000, 3188.000000, 3202.000000, 3129.000000, 3206.000000,     small-vehicle,     445
276.000000, 3601.000000, 353.000000, 3595.000000, 353.000000, 3621.000000, 275.000000, 3625.000000,     large-vehicle,     498
2313.000000, 2802.000000, 2339.000000, 2800.000000, 2340.000000, 2863.000000, 2314.000000, 2864.000000,     small-vehicle,     564
2348.000000, 2815.000000, 2378.000000, 2813.000000, 2380.000000, 2878.000000, 2350.000000, 2879.000000,     small-vehicle,     568
1689.000000, 3341.000000, 1749.000000, 3337.000000, 1749.000000, 3370.000000, 1689.000000, 3374.000000,     small-vehicle,     575
3604.000000, 3163.000000, 3655.000000, 3161.000000, 3658.000000, 3191.000000, 3607.000000, 3195.000000,     small-vehicle,     577
2342.000000, 2732.000000, 2370.000000, 2730.000000, 2371.000000, 2800.000000, 2344.000000, 2801.000000,     small-vehicle,     590
2044.000000, 2767.000000, 2074.000000, 2765.000000, 2076.000000, 2836.000000, 2046.000000, 2837.000000,     small-vehicle,     593
2752.000000, 3268.000000, 2813.000000, 3264.000000, 2815.000000, 3295.000000, 2753.000000, 3299.000000,     small-vehicle,     614
2325.000000, 2648.000000, 2354.000000, 2646.000000, 2356.000000, 2713.000000, 2327.000000, 2714.000000,     small-vehicle,     632
2131.000000, 3419.000000, 2161.000000, 3417.000000, 2163.000000, 3483.000000, 2132.000000, 3486.000000,     small-vehicle,     635
3019.000000, 3232.000000, 3080.000000, 3228.000000, 3081.000000, 3263.000000, 3021.000000, 3266.000000,     small-vehicle,     636
2011.000000, 2594.000000, 2038.000000, 2593.000000, 2040.000000, 2655.000000, 2011.000000, 2656.000000,     small-vehicle,     660
2290.000000, 3575.000000, 2321.000000, 3572.000000, 2323.000000, 3644.000000, 2291.000000, 3646.000000,     small-vehicle,     664
2327.000000, 2560.000000, 2355.000000, 2559.000000, 2356.000000, 2627.000000, 2329.000000, 2629.000000,     small-vehicle,     666
2228.000000, 3563.000000, 2253.000000, 3561.000000, 2254.000000, 3621.000000, 2228.000000, 3622.000000,     small-vehicle,     667
2004.000000, 2518.000000, 2032.000000, 2517.000000, 2032.000000, 2577.000000, 2005.000000, 2578.000000,     small-vehicle,     704
2322.000000, 2470.000000, 2349.000000, 2469.000000, 2352.000000, 2540.000000, 2324.000000, 2541.000000,     small-vehicle,     718
2563.000000, 3290.000000, 2618.000000, 3287.000000, 2620.000000, 3319.000000, 2564.000000, 3323.000000,     small-vehicle,     756
2279.000000, 2370.000000, 2313.000000, 2369.000000, 2315.000000, 2447.000000, 2281.000000, 2448.000000,     small-vehicle,     761
1997.000000, 2440.000000, 2029.000000, 2438.000000, 2031.000000, 2503.000000, 1998.000000, 2504.000000,     small-vehicle,     762
1902.000000, 3347.000000, 1951.000000, 3343.000000, 1952.000000, 3363.000000, 1902.000000, 3367.000000,     small-vehicle,     765
3289.000000, 3200.000000, 3350.000000, 3196.000000, 3351.000000, 3229.000000, 3291.000000, 3233.000000,     small-vehicle,     789
3738.000000, 3143.000000, 3800.000000, 3139.000000, 3802.000000, 3173.000000, 3740.000000, 3177.000000,     small-vehicle,     792
1984.000000, 2294.000000, 2017.000000, 2292.000000, 2018.000000, 2363.000000, 1985.000000, 2364.000000,     small-vehicle,     813
3421.000000, 2305.000000, 3444.000000, 2305.000000, 3447.000000, 2366.000000, 3424.000000, 2366.000000,     small-vehicle,     815
2111.000000, 2604.000000, 2141.000000, 2602.000000, 2143.000000, 2668.000000, 2112.000000, 2669.000000,     small-vehicle,     816
2505.000000, 2307.000000, 2555.000000, 2306.000000, 2556.000000, 2339.000000, 2506.000000, 2340.000000,     small-vehicle,     818
2703.000000, 3261.000000, 2749.000000, 3258.000000, 2751.000000, 3312.000000, 2705.000000, 3315.000000,     small-vehicle,     824
1995.000000, 2245.000000, 2018.000000, 2245.000000, 2019.000000, 2289.000000, 1996.000000, 2290.000000,     small-vehicle,     840
2488.000000, 2227.000000, 2542.000000, 2226.000000, 2543.000000, 2252.000000, 2488.000000, 2254.000000,     small-vehicle,     841
2550.000000, 2216.000000, 2606.000000, 2214.000000, 2607.000000, 2247.000000, 2551.000000, 2250.000000,     small-vehicle,     845
1793.000000, 2743.000000, 1855.000000, 2741.000000, 1855.000000, 2768.000000, 1793.000000, 2771.000000,     small-vehicle,     847
2109.000000, 2438.000000, 2134.000000, 2436.000000, 2135.000000, 2497.000000, 2110.000000, 2497.000000,     small-vehicle,     867
2815.000000, 2194.000000, 2870.000000, 2193.000000, 2871.000000, 2218.000000, 2816.000000, 2220.000000,     small-vehicle,     870
2936.000000, 2172.000000, 2998.000000, 2170.000000, 2999.000000, 2197.000000, 2938.000000, 2199.000000,     small-vehicle,     875
1619.000000, 3352.000000, 1681.000000, 3348.000000, 1681.000000, 3391.000000, 1619.000000, 3395.000000,     small-vehicle,     876
3413.000000, 2220.000000, 3438.000000, 2219.000000, 3441.000000, 2272.000000, 3415.000000, 2273.000000,     small-vehicle,     878
2745.000000, 2195.000000, 2793.000000, 2194.000000, 2794.000000, 2217.000000, 2745.000000, 2219.000000,     small-vehicle,     879
2683.000000, 2206.000000, 2739.000000, 2204.000000, 2740.000000, 2233.000000, 2684.000000, 2234.000000,     small-vehicle,     880
1971.000000, 2193.000000, 1992.000000, 2193.000000, 1993.000000, 2242.000000, 1972.000000, 2243.000000,     small-vehicle,     885
3480.000000, 2105.000000, 3526.000000, 2104.000000, 3528.000000, 2134.000000, 3481.000000, 2135.000000,     small-vehicle,     886
3119.000000, 2149.000000, 3183.000000, 2148.000000, 3185.000000, 2176.000000, 3121.000000, 2178.000000,     small-vehicle,     889
1974.000000, 2123.000000, 1998.000000, 2123.000000, 1999.000000, 2184.000000, 1975.000000, 2184.000000,     small-vehicle,     892
3245.000000, 2137.000000, 3301.000000, 2136.000000, 3303.000000, 2165.000000, 3247.000000, 2167.000000,     small-vehicle,     893
3422.000000, 2111.000000, 3474.000000, 2110.000000, 3475.000000, 2137.000000, 3424.000000, 2139.000000,     small-vehicle,     894
3033.000000, 2156.000000, 3093.000000, 2154.000000, 3095.000000, 2188.000000, 3034.000000, 2189.000000,     small-vehicle,     895
3582.000000, 2091.000000, 3636.000000, 2090.000000, 3637.000000, 2116.000000, 3583.000000, 2117.000000,     small-vehicle,     897
2880.000000, 2178.000000, 2933.000000, 2177.000000, 2934.000000, 2207.000000, 2881.000000, 2208.000000,     small-vehicle,     904
661.000000, 3171.000000, 730.000000, 3168.000000, 729.000000, 3210.000000, 661.000000, 3214.000000,     small-vehicle,     909
3230.000000, 2220.000000, 3286.000000, 2217.000000, 3288.000000, 2246.000000, 3232.000000, 2248.000000,     small-vehicle,     916
2283.000000, 2027.000000, 2316.000000, 2026.000000, 2318.000000, 2099.000000, 2285.000000, 2101.000000,     small-vehicle,     917
2264.000000, 2075.000000, 2296.000000, 2074.000000, 2298.000000, 2140.000000, 2265.000000, 2141.000000,     small-vehicle,     921
3721.000000, 2070.000000, 3761.000000, 2068.000000, 3763.000000, 2098.000000, 3723.000000, 2098.000000,     small-vehicle,     924
2065.000000, 2377.000000, 2093.000000, 2376.000000, 2094.000000, 2438.000000, 2066.000000, 2439.000000,     small-vehicle,     930
3664.000000, 3155.000000, 3731.000000, 3151.000000, 3733.000000, 3180.000000, 3666.000000, 3184.000000,     small-vehicle,     943
2278.000000, 1944.000000, 2309.000000, 1944.000000, 2311.000000, 2015.000000, 2280.000000, 2015.000000,     small-vehicle,     944
1965.000000, 1977.000000, 1993.000000, 1975.000000, 1994.000000, 2041.000000, 1966.000000, 2041.000000,     small-vehicle,     949
3583.000000, 3079.000000, 3629.000000, 3077.000000, 3630.000000, 3103.000000, 3584.000000, 3105.000000,     small-vehicle,     953
3169.000000, 2228.000000, 3223.000000, 2226.000000, 3225.000000, 2257.000000, 3171.000000, 2258.000000,     small-vehicle,     962
1084.000000, 1967.000000, 1141.000000, 1965.000000, 1141.000000, 1999.000000, 1084.000000, 2001.000000,     small-vehicle,     964
874.000000, 1984.000000, 939.000000, 1983.000000, 939.000000, 2013.000000, 874.000000, 2014.000000,     small-vehicle,     966
3581.000000, 2171.000000, 3624.000000, 2169.000000, 3626.000000, 2195.000000, 3582.000000, 2197.000000,     small-vehicle,     969
1264.000000, 1962.000000, 1290.000000, 1961.000000, 1289.000000, 2011.000000, 1264.000000, 2011.000000,     small-vehicle,     971
1659.000000, 2747.000000, 1722.000000, 2744.000000, 1722.000000, 2772.000000, 1659.000000, 2775.000000,     small-vehicle,     973
1258.000000, 2195.000000, 1299.000000, 2194.000000, 1299.000000, 2221.000000, 1258.000000, 2221.000000,     small-vehicle,     975
2015.000000, 2853.000000, 2037.000000, 2852.000000, 2038.000000, 2895.000000, 2016.000000, 2896.000000,     small-vehicle,     976
2082.000000, 2120.000000, 2110.000000, 2120.000000, 2112.000000, 2187.000000, 2082.000000, 2188.000000,     small-vehicle,     980
1958.000000, 1906.000000, 1986.000000, 1905.000000, 1987.000000, 1968.000000, 1959.000000, 1968.000000,     small-vehicle,     981
2244.000000, 1907.000000, 2272.000000, 1907.000000, 2273.000000, 1974.000000, 2244.000000, 1974.000000,     small-vehicle,     986
1011.000000, 1972.000000, 1070.000000, 1972.000000, 1069.000000, 2004.000000, 1011.000000, 2005.000000,     small-vehicle,     987
2171.000000, 3286.000000, 2198.000000, 3284.000000, 2200.000000, 3340.000000, 2172.000000, 3342.000000,     small-vehicle,     988
1163.000000, 1963.000000, 1224.000000, 1963.000000, 1224.000000, 1990.000000, 1163.000000, 1992.000000,     small-vehicle,     989
773.000000, 1897.000000, 843.000000, 1896.000000, 842.000000, 1930.000000, 772.000000, 1932.000000,     small-vehicle,     990
2658.000000, 2288.000000, 2707.000000, 2286.000000, 2707.000000, 2314.000000, 2659.000000, 2315.000000,     small-vehicle,     994
96.000000, 1982.000000, 157.000000, 1981.000000, 156.000000, 2008.000000, 95.000000, 2010.000000,     small-vehicle,     995
1983.000000, 1824.000000, 2010.000000, 1824.000000, 2012.000000, 1886.000000, 1984.000000, 1886.000000,     small-vehicle,     996
373.000000, 1945.000000, 434.000000, 1945.000000, 433.000000, 1975.000000, 373.000000, 1976.000000,     small-vehicle,     997
1956.000000, 1842.000000, 1981.000000, 1842.000000, 1982.000000, 1902.000000, 1957.000000, 1903.000000,     small-vehicle,     998
2275.000000, 1870.000000, 2303.000000, 1870.000000, 2305.000000, 1930.000000, 2276.000000, 1931.000000,     small-vehicle,     1001
444.000000, 1941.000000, 502.000000, 1939.000000, 502.000000, 1969.000000, 443.000000, 1971.000000,     small-vehicle,     1008
1149.000000, 1870.000000, 1221.000000, 1869.000000, 1221.000000, 1901.000000, 1149.000000, 1902.000000,     small-vehicle,     1009
2045.000000, 2180.000000, 2074.000000, 2180.000000, 2076.000000, 2257.000000, 2046.000000, 2258.000000,     small-vehicle,     1010
984.000000, 1881.000000, 1054.000000, 1880.000000, 1052.000000, 1914.000000, 983.000000, 1915.000000,     small-vehicle,     1012
683.000000, 1898.000000, 729.000000, 1897.000000, 728.000000, 1928.000000, 682.000000, 1929.000000,     small-vehicle,     1013
1067.000000, 1874.000000, 1123.000000, 1874.000000, 1123.000000, 1905.000000, 1067.000000, 1906.000000,     small-vehicle,     1014
2272.000000, 1802.000000, 2295.000000, 1802.000000, 2296.000000, 1850.000000, 2274.000000, 1851.000000,     small-vehicle,     1017
2033.000000, 1892.000000, 2068.000000, 1890.000000, 2068.000000, 1956.000000, 2034.000000, 1957.000000,     small-vehicle,     1032
2641.000000, 1788.000000, 2668.000000, 1788.000000, 2670.000000, 1847.000000, 2644.000000, 1848.000000,     small-vehicle,     1033
2618.000000, 2309.000000, 2654.000000, 2308.000000, 2656.000000, 2369.000000, 2619.000000, 2371.000000,     small-vehicle,     1038
1953.000000, 1756.000000, 1979.000000, 1755.000000, 1980.000000, 1818.000000, 1954.000000, 1818.000000,     small-vehicle,     1039
822.000000, 2780.000000, 890.000000, 2777.000000, 890.000000, 2810.000000, 821.000000, 2813.000000,     small-vehicle,     1042
2035.000000, 2963.000000, 2060.000000, 2961.000000, 2062.000000, 3023.000000, 2037.000000, 3024.000000,     small-vehicle,     1052
1114.000000, 2782.000000, 1169.000000, 2780.000000, 1169.000000, 2804.000000, 1114.000000, 2807.000000,     small-vehicle,     1053
2232.000000, 1710.000000, 2257.000000, 1710.000000, 2258.000000, 1768.000000, 2234.000000, 1768.000000,     small-vehicle,     1056
1188.000000, 2770.000000, 1256.000000, 2766.000000, 1256.000000, 2791.000000, 1188.000000, 2794.000000,     large-vehicle,     1065
3328.000000, 2117.000000, 3358.000000, 2116.000000, 3359.000000, 2136.000000, 3329.000000, 2137.000000,     small-vehicle,     1067
3434.000000, 2396.000000, 3458.000000, 2395.000000, 3460.000000, 2445.000000, 3437.000000, 2446.000000,     small-vehicle,     1069
3196.000000, 3221.000000, 3258.000000, 3217.000000, 3259.000000, 3248.000000, 3197.000000, 3252.000000,     small-vehicle,     1070
3112.000000, 2227.000000, 3161.000000, 2226.000000, 3163.000000, 2265.000000, 3114.000000, 2267.000000,     small-vehicle,     1071
533.000000, 1717.000000, 569.000000, 1717.000000, 568.000000, 1774.000000, 531.000000, 1775.000000,     small-vehicle,     1076
2258.000000, 2624.000000, 2295.000000, 2623.000000, 2297.000000, 2709.000000, 2260.000000, 2711.000000,     large-vehicle,     1078
1946.000000, 1670.000000, 1971.000000, 1669.000000, 1973.000000, 1734.000000, 1946.000000, 1734.000000,     small-vehicle,     1079
2257.000000, 1635.000000, 2283.000000, 1635.000000, 2283.000000, 1689.000000, 2258.000000, 1689.000000,     small-vehicle,     1086
2754.000000, 1772.000000, 2783.000000, 1771.000000, 2785.000000, 1839.000000, 2757.000000, 1840.000000,     small-vehicle,     1088
2132.000000, 3427.000000, 2168.000000, 3424.000000, 2170.000000, 3510.000000, 2133.000000, 3513.000000,     large-vehicle,     1091
1261.000000, 1652.000000, 1291.000000, 1652.000000, 1291.000000, 1721.000000, 1261.000000, 1722.000000,     small-vehicle,     1092
1793.000000, 1993.000000, 1848.000000, 1991.000000, 1849.000000, 2019.000000, 1794.000000, 2020.000000,     small-vehicle,     1099
1263.000000, 1594.000000, 1285.000000, 1594.000000, 1285.000000, 1640.000000, 1263.000000, 1641.000000,     small-vehicle,     1104
2396.000000, 3398.000000, 2420.000000, 3396.000000, 2420.000000, 3450.000000, 2397.000000, 3452.000000,     small-vehicle,     1105
2251.000000, 1568.000000, 2275.000000, 1567.000000, 2276.000000, 1620.000000, 2253.000000, 1620.000000,     small-vehicle,     1113
1940.000000, 1585.000000, 1966.000000, 1585.000000, 1967.000000, 1646.000000, 1941.000000, 1646.000000,     small-vehicle,     1115
1222.000000, 1565.000000, 1268.000000, 1564.000000, 1268.000000, 1594.000000, 1222.000000, 1595.000000,     small-vehicle,     1116
2406.000000, 1812.000000, 2426.000000, 1811.000000, 2428.000000, 1861.000000, 2407.000000, 1862.000000,     small-vehicle,     1117
2627.000000, 3284.000000, 2681.000000, 3280.000000, 2683.000000, 3312.000000, 2628.000000, 3315.000000,     small-vehicle,     1118
2148.000000, 3208.000000, 2178.000000, 3206.000000, 2180.000000, 3281.000000, 2150.000000, 3282.000000,     small-vehicle,     1120
850.000000, 1567.000000, 911.000000, 1566.000000, 911.000000, 1599.000000, 849.000000, 1600.000000,     small-vehicle,     1121
3446.000000, 2545.000000, 3472.000000, 2545.000000, 3476.000000, 2609.000000, 3449.000000, 2610.000000,     small-vehicle,     1122
1135.000000, 1563.000000, 1187.000000, 1562.000000, 1187.000000, 1592.000000, 1135.000000, 1593.000000,     small-vehicle,     1135
780.000000, 1491.000000, 835.000000, 1491.000000, 835.000000, 1522.000000, 779.000000, 1522.000000,     small-vehicle,     1139
1931.000000, 1497.000000, 1961.000000, 1497.000000, 1962.000000, 1556.000000, 1932.000000, 1556.000000,     small-vehicle,     1140
1963.000000, 1467.000000, 2005.000000, 1466.000000, 2006.000000, 1593.000000, 1966.000000, 1594.000000,     large-vehicle,     1141
2217.000000, 1514.000000, 2244.000000, 1514.000000, 2245.000000, 1566.000000, 2218.000000, 1566.000000,     small-vehicle,     1142
3094.000000, 3233.000000, 3165.000000, 3229.000000, 3167.000000, 3266.000000, 3096.000000, 3270.000000,     large-vehicle,     1143
966.000000, 1557.000000, 1016.000000, 1557.000000, 1016.000000, 1585.000000, 966.000000, 1585.000000,     small-vehicle,     1144
2355.000000, 3484.000000, 2388.000000, 3482.000000, 2390.000000, 3558.000000, 2357.000000, 3559.000000,     small-vehicle,     1150
2827.000000, 2267.000000, 2879.000000, 2265.000000, 2881.000000, 2293.000000, 2828.000000, 2294.000000,     small-vehicle,     1151
765.000000, 1567.000000, 827.000000, 1567.000000, 827.000000, 1600.000000, 765.000000, 1600.000000,     small-vehicle,     1153
1180.000000, 1484.000000, 1249.000000, 1483.000000, 1249.000000, 1513.000000, 1179.000000, 1514.000000,     small-vehicle,     1155
624.000000, 1502.000000, 673.000000, 1502.000000, 672.000000, 1529.000000, 623.000000, 1529.000000,     small-vehicle,     1156
686.000000, 1498.000000, 740.000000, 1498.000000, 740.000000, 1525.000000, 686.000000, 1525.000000,     small-vehicle,     1157
1011.000000, 1483.000000, 1066.000000, 1482.000000, 1066.000000, 1510.000000, 1011.000000, 1510.000000,     small-vehicle,     1159
2144.000000, 3164.000000, 2174.000000, 3163.000000, 2176.000000, 3241.000000, 2145.000000, 3242.000000,     large-vehicle,     1162
3035.000000, 2247.000000, 3083.000000, 2245.000000, 3084.000000, 2271.000000, 3036.000000, 2273.000000,     small-vehicle,     1164
1930.000000, 1422.000000, 1958.000000, 1422.000000, 1959.000000, 1486.000000, 1930.000000, 1485.000000,     small-vehicle,     1168
678.000000, 1566.000000, 726.000000, 1565.000000, 725.000000, 1592.000000, 677.000000, 1593.000000,     small-vehicle,     1170
240.000000, 2812.000000, 316.000000, 2808.000000, 315.000000, 2838.000000, 239.000000, 2841.000000,     small-vehicle,     1171
3733.000000, 3104.000000, 3792.000000, 3101.000000, 3794.000000, 3133.000000, 3734.000000, 3137.000000,     small-vehicle,     1173
2213.000000, 1418.000000, 2240.000000, 1417.000000, 2242.000000, 1482.000000, 2215.000000, 1482.000000,     small-vehicle,     1175
1472.000000, 2766.000000, 1525.000000, 2763.000000, 1525.000000, 2790.000000, 1472.000000, 2792.000000,     small-vehicle,     1176
326.000000, 2811.000000, 385.000000, 2808.000000, 384.000000, 2837.000000, 325.000000, 2840.000000,     small-vehicle,     1177
1269.000000, 1432.000000, 1296.000000, 1431.000000, 1295.000000, 1483.000000, 1269.000000, 1483.000000,     small-vehicle,     1179
3095.000000, 3229.000000, 3165.000000, 3225.000000, 3167.000000, 3261.000000, 3097.000000, 3265.000000,     small-vehicle,     1180
2207.000000, 2112.000000, 2224.000000, 2111.000000, 2225.000000, 2143.000000, 2208.000000, 2144.000000,     small-vehicle,     1181
3428.000000, 2191.000000, 3469.000000, 2190.000000, 3471.000000, 2216.000000, 3429.000000, 2218.000000,     small-vehicle,     1182
1921.000000, 1324.000000, 1952.000000, 1324.000000, 1954.000000, 1418.000000, 1923.000000, 1418.000000,     small-vehicle,     1183
2353.000000, 3474.000000, 2386.000000, 3471.000000, 2388.000000, 3551.000000, 2356.000000, 3554.000000,     large-vehicle,     1184
2047.000000, 2647.000000, 2079.000000, 2646.000000, 2080.000000, 2714.000000, 2048.000000, 2716.000000,     large-vehicle,     1186
619.000000, 3277.000000, 685.000000, 3272.000000, 684.000000, 3295.000000, 619.000000, 3299.000000,     large-vehicle,     1187
1188.000000, 2774.000000, 1256.000000, 2771.000000, 1256.000000, 2798.000000, 1188.000000, 2801.000000,     small-vehicle,     1188
2333.000000, 2932.000000, 2362.000000, 2930.000000, 2363.000000, 3013.000000, 2336.000000, 3015.000000,     small-vehicle,     1190
2045.000000, 2643.000000, 2078.000000, 2641.000000, 2079.000000, 2707.000000, 2047.000000, 2708.000000,     small-vehicle,     1191
2957.000000, 2252.000000, 3016.000000, 2251.000000, 3017.000000, 2277.000000, 2957.000000, 2280.000000,     small-vehicle,     1192
