2286.000000, 2301.000000, 2340.000000, 2299.000000, 2341.000000, 2331.000000, 2286.000000, 2332.000000,     small-vehicle,     66
2224.000000, 2485.000000, 2253.000000, 2484.000000, 2255.000000, 2551.000000, 2225.000000, 2552.000000,     small-vehicle,     148
2182.000000, 2097.000000, 2217.000000, 2096.000000, 2219.000000, 2188.000000, 2184.000000, 2188.000000,     large-vehicle,     230
2038.000000, 3029.000000, 2066.000000, 3027.000000, 2068.000000, 3101.000000, 2039.000000, 3102.000000,     small-vehicle,     432
2068.000000, 3023.000000, 2097.000000, 3022.000000, 2097.000000, 3085.000000, 2069.000000, 3088.000000,     small-vehicle,     433
2313.000000, 2801.000000, 2339.000000, 2799.000000, 2340.000000, 2864.000000, 2314.000000, 2865.000000,     small-vehicle,     564
2348.000000, 2813.000000, 2377.000000, 2811.000000, 2380.000000, 2880.000000, 2350.000000, 2882.000000,     small-vehicle,     568
2043.000000, 2767.000000, 2076.000000, 2765.000000, 2078.000000, 2836.000000, 2045.000000, 2837.000000,     small-vehicle,     593
2325.000000, 2646.000000, 2354.000000, 2644.000000, 2356.000000, 2715.000000, 2326.000000, 2716.000000,     small-vehicle,     632
2010.000000, 2592.000000, 2038.000000, 2590.000000, 2040.000000, 2657.000000, 2010.000000, 2658.000000,     small-vehicle,     660
2290.000000, 3573.000000, 2321.000000, 3570.000000, 2323.000000, 3646.000000, 2291.000000, 3649.000000,     small-vehicle,     664
2326.000000, 2561.000000, 2355.000000, 2560.000000, 2356.000000, 2625.000000, 2328.000000, 2627.000000,     small-vehicle,     666
2004.000000, 2520.000000, 2032.000000, 2519.000000, 2032.000000, 2576.000000, 2005.000000, 2577.000000,     small-vehicle,     704
2321.000000, 2469.000000, 2350.000000, 2468.000000, 2353.000000, 2541.000000, 2324.000000, 2542.000000,     small-vehicle,     718
2279.000000, 2370.000000, 2312.000000, 2369.000000, 2314.000000, 2447.000000, 2281.000000, 2448.000000,     small-vehicle,     761
1999.000000, 2437.000000, 2028.000000, 2436.000000, 2030.000000, 2504.000000, 2000.000000, 2505.000000,     small-vehicle,     762
1985.000000, 2296.000000, 2015.000000, 2295.000000, 2016.000000, 2361.000000, 1986.000000, 2362.000000,     small-vehicle,     813
3421.000000, 2307.000000, 3443.000000, 2307.000000, 3447.000000, 2363.000000, 3423.000000, 2363.000000,     small-vehicle,     815
2504.000000, 2309.000000, 2556.000000, 2308.000000, 2557.000000, 2337.000000, 2505.000000, 2339.000000,     small-vehicle,     818
1995.000000, 2244.000000, 2019.000000, 2244.000000, 2020.000000, 2290.000000, 1996.000000, 2291.000000,     small-vehicle,     840
2488.000000, 2228.000000, 2542.000000, 2227.000000, 2543.000000, 2251.000000, 2488.000000, 2253.000000,     small-vehicle,     841
2549.000000, 2218.000000, 2607.000000, 2215.000000, 2608.000000, 2245.000000, 2550.000000, 2248.000000,     small-vehicle,     845
1972.000000, 2196.000000, 1991.000000, 2195.000000, 1992.000000, 2238.000000, 1973.000000, 2239.000000,     small-vehicle,     885
3480.000000, 2106.000000, 3526.000000, 2105.000000, 3528.000000, 2133.000000, 3481.000000, 2134.000000,     small-vehicle,     886
1974.000000, 2121.000000, 1998.000000, 2120.000000, 1999.000000, 2185.000000, 1975.000000, 2185.000000,     small-vehicle,     892
3420.000000, 2110.000000, 3477.000000, 2109.000000, 3478.000000, 2138.000000, 3422.000000, 2140.000000,     small-vehicle,     894
2283.000000, 2026.000000, 2316.000000, 2025.000000, 2318.000000, 2099.000000, 2285.000000, 2101.000000,     small-vehicle,     917
2265.000000, 2075.000000, 2295.000000, 2074.000000, 2297.000000, 2140.000000, 2266.000000, 2141.000000,     small-vehicle,     921
2065.000000, 2378.000000, 2092.000000, 2377.000000, 2093.000000, 2437.000000, 2066.000000, 2437.000000,     small-vehicle,     930
2278.000000, 1944.000000, 2308.000000, 1944.000000, 2310.000000, 2015.000000, 2280.000000, 2015.000000,     small-vehicle,     944
1966.000000, 1978.000000, 1992.000000, 1976.000000, 1993.000000, 2039.000000, 1967.000000, 2040.000000,     small-vehicle,     949
3172.000000, 2230.000000, 3219.000000, 2227.000000, 3221.000000, 2255.000000, 3174.000000, 2256.000000,     small-vehicle,     962
1086.000000, 1967.000000, 1139.000000, 1966.000000, 1139.000000, 2000.000000, 1086.000000, 2001.000000,     small-vehicle,     964
874.000000, 1982.000000, 938.000000, 1981.000000, 938.000000, 2015.000000, 874.000000, 2017.000000,     small-vehicle,     966
3579.000000, 2171.000000, 3627.000000, 2168.000000, 3629.000000, 2197.000000, 3580.000000, 2198.000000,     small-vehicle,     969
1263.000000, 1960.000000, 1291.000000, 1959.000000, 1290.000000, 2012.000000, 1263.000000, 2013.000000,     small-vehicle,     971
1257.000000, 2193.000000, 1300.000000, 2192.000000, 1300.000000, 2223.000000, 1257.000000, 2224.000000,     small-vehicle,     975
2082.000000, 2123.000000, 2110.000000, 2122.000000, 2112.000000, 2185.000000, 2082.000000, 2186.000000,     small-vehicle,     980
1959.000000, 1907.000000, 1985.000000, 1907.000000, 1986.000000, 1967.000000, 1960.000000, 1967.000000,     small-vehicle,     981
2244.000000, 1909.000000, 2272.000000, 1908.000000, 2274.000000, 1973.000000, 2244.000000, 1973.000000,     small-vehicle,     986
1010.000000, 1971.000000, 1071.000000, 1971.000000, 1070.000000, 2006.000000, 1010.000000, 2006.000000,     small-vehicle,     987
1164.000000, 1962.000000, 1223.000000, 1962.000000, 1223.000000, 1991.000000, 1164.000000, 1993.000000,     small-vehicle,     989
776.000000, 1898.000000, 841.000000, 1896.000000, 840.000000, 1930.000000, 774.000000, 1932.000000,     small-vehicle,     990
2656.000000, 2286.000000, 2709.000000, 2285.000000, 2709.000000, 2313.000000, 2657.000000, 2315.000000,     small-vehicle,     994
92.000000, 1984.000000, 161.000000, 1982.000000, 160.000000, 2009.000000, 91.000000, 2010.000000,     small-vehicle,     995
1982.000000, 1824.000000, 2010.000000, 1824.000000, 2012.000000, 1885.000000, 1983.000000, 1885.000000,     small-vehicle,     996
371.000000, 1946.000000, 436.000000, 1946.000000, 436.000000, 1975.000000, 370.000000, 1976.000000,     small-vehicle,     997
1957.000000, 1844.000000, 1982.000000, 1844.000000, 1982.000000, 1899.000000, 1958.000000, 1900.000000,     small-vehicle,     998
2276.000000, 1868.000000, 2302.000000, 1868.000000, 2304.000000, 1932.000000, 2277.000000, 1934.000000,     small-vehicle,     1001
446.000000, 1944.000000, 500.000000, 1943.000000, 500.000000, 1965.000000, 445.000000, 1965.000000,     small-vehicle,     1008
1151.000000, 1868.000000, 1219.000000, 1867.000000, 1219.000000, 1902.000000, 1151.000000, 1903.000000,     small-vehicle,     1009
2044.000000, 2180.000000, 2074.000000, 2180.000000, 2076.000000, 2257.000000, 2045.000000, 2258.000000,     small-vehicle,     1010
982.000000, 1881.000000, 1056.000000, 1880.000000, 1055.000000, 1915.000000, 981.000000, 1916.000000,     small-vehicle,     1012
682.000000, 1897.000000, 731.000000, 1896.000000, 730.000000, 1928.000000, 681.000000, 1929.000000,     small-vehicle,     1013
1064.000000, 1873.000000, 1125.000000, 1873.000000, 1125.000000, 1904.000000, 1064.000000, 1906.000000,     small-vehicle,     1014
2273.000000, 1805.000000, 2294.000000, 1805.000000, 2295.000000, 1848.000000, 2274.000000, 1849.000000,     small-vehicle,     1017
2036.000000, 1897.000000, 2066.000000, 1897.000000, 2066.000000, 1951.000000, 2037.000000, 1951.000000,     small-vehicle,     1032
2641.000000, 1788.000000, 2668.000000, 1788.000000, 2670.000000, 1848.000000, 2644.000000, 1849.000000,     small-vehicle,     1033
2619.000000, 2310.000000, 2653.000000, 2309.000000, 2655.000000, 2368.000000, 2620.000000, 2369.000000,     small-vehicle,     1038
1953.000000, 1756.000000, 1979.000000, 1755.000000, 1980.000000, 1818.000000, 1954.000000, 1818.000000,     small-vehicle,     1039
820.000000, 2783.000000, 893.000000, 2779.000000, 892.000000, 2808.000000, 820.000000, 2811.000000,     small-vehicle,     1042
2031.000000, 2963.000000, 2055.000000, 2962.000000, 2056.000000, 3020.000000, 2033.000000, 3021.000000,     small-vehicle,     1052
2231.000000, 1704.000000, 2255.000000, 1704.000000, 2256.000000, 1761.000000, 2233.000000, 1761.000000,     small-vehicle,     1056
3434.000000, 2407.000000, 3459.000000, 2406.000000, 3462.000000, 2466.000000, 3437.000000, 2466.000000,     small-vehicle,     1069
3114.000000, 2234.000000, 3162.000000, 2233.000000, 3165.000000, 2275.000000, 3115.000000, 2278.000000,     small-vehicle,     1071
535.000000, 1737.000000, 567.000000, 1736.000000, 566.000000, 1798.000000, 534.000000, 1798.000000,     small-vehicle,     1076
2204.000000, 1890.000000, 2237.000000, 1890.000000, 2240.000000, 1969.000000, 2206.000000, 1970.000000,     large-vehicle,     1078
1946.000000, 1665.000000, 1970.000000, 1664.000000, 1971.000000, 1725.000000, 1946.000000, 1726.000000,     small-vehicle,     1079
2256.000000, 1626.000000, 2280.000000, 1626.000000, 2281.000000, 1682.000000, 2257.000000, 1683.000000,     small-vehicle,     1086
2754.000000, 1775.000000, 2784.000000, 1774.000000, 2785.000000, 1840.000000, 2757.000000, 1842.000000,     small-vehicle,     1088
1261.000000, 1647.000000, 1290.000000, 1647.000000, 1290.000000, 1721.000000, 1261.000000, 1722.000000,     small-vehicle,     1092
1792.000000, 1991.000000, 1848.000000, 1989.000000, 1849.000000, 2015.000000, 1793.000000, 2016.000000,     small-vehicle,     1099
1265.000000, 1615.000000, 1286.000000, 1615.000000, 1286.000000, 1660.000000, 1265.000000, 1660.000000,     small-vehicle,     1104
2250.000000, 1559.000000, 2274.000000, 1559.000000, 2275.000000, 1613.000000, 2252.000000, 1613.000000,     small-vehicle,     1113
1937.000000, 1576.000000, 1966.000000, 1576.000000, 1967.000000, 1636.000000, 1939.000000, 1637.000000,     small-vehicle,     1115
1223.000000, 1584.000000, 1268.000000, 1584.000000, 1268.000000, 1612.000000, 1223.000000, 1612.000000,     small-vehicle,     1116
853.000000, 1593.000000, 909.000000, 1593.000000, 909.000000, 1624.000000, 852.000000, 1624.000000,     small-vehicle,     1121
3450.000000, 2571.000000, 3476.000000, 2570.000000, 3479.000000, 2633.000000, 3454.000000, 2634.000000,     small-vehicle,     1122
1136.000000, 1584.000000, 1188.000000, 1583.000000, 1188.000000, 1614.000000, 1136.000000, 1614.000000,     small-vehicle,     1135
782.000000, 1516.000000, 841.000000, 1516.000000, 841.000000, 1544.000000, 782.000000, 1544.000000,     small-vehicle,     1139
1931.000000, 1489.000000, 1959.000000, 1489.000000, 1960.000000, 1547.000000, 1932.000000, 1547.000000,     small-vehicle,     1140
1959.000000, 1463.000000, 2006.000000, 1463.000000, 2007.000000, 1588.000000, 1962.000000, 1589.000000,     large-vehicle,     1141
2217.000000, 1506.000000, 2243.000000, 1506.000000, 2243.000000, 1560.000000, 2219.000000, 1560.000000,     small-vehicle,     1142
966.000000, 1582.000000, 1016.000000, 1582.000000, 1016.000000, 1613.000000, 964.000000, 1615.000000,     small-vehicle,     1144
2824.000000, 2269.000000, 2881.000000, 2267.000000, 2883.000000, 2301.000000, 2826.000000, 2303.000000,     small-vehicle,     1151
1181.000000, 1505.000000, 1251.000000, 1505.000000, 1251.000000, 1534.000000, 1180.000000, 1534.000000,     small-vehicle,     1155
628.000000, 1527.000000, 676.000000, 1527.000000, 676.000000, 1552.000000, 627.000000, 1552.000000,     small-vehicle,     1156
687.000000, 1523.000000, 741.000000, 1523.000000, 740.000000, 1550.000000, 686.000000, 1551.000000,     small-vehicle,     1157
1009.000000, 1506.000000, 1067.000000, 1506.000000, 1067.000000, 1534.000000, 1009.000000, 1535.000000,     small-vehicle,     1159
3033.000000, 2252.000000, 3086.000000, 2251.000000, 3088.000000, 2282.000000, 3033.000000, 2284.000000,     small-vehicle,     1164
1930.000000, 1411.000000, 1957.000000, 1411.000000, 1958.000000, 1475.000000, 1931.000000, 1475.000000,     small-vehicle,     1168
254.000000, 2832.000000, 312.000000, 2830.000000, 311.000000, 2858.000000, 253.000000, 2861.000000,     small-vehicle,     1171
2211.000000, 1411.000000, 2239.000000, 1411.000000, 2241.000000, 1473.000000, 2213.000000, 1473.000000,     small-vehicle,     1175
1470.000000, 2783.000000, 1522.000000, 2780.000000, 1522.000000, 2806.000000, 1470.000000, 2808.000000,     small-vehicle,     1176
322.000000, 2829.000000, 384.000000, 2826.000000, 383.000000, 2861.000000, 321.000000, 2864.000000,     small-vehicle,     1177
1270.000000, 1443.000000, 1296.000000, 1443.000000, 1295.000000, 1494.000000, 1270.000000, 1494.000000,     small-vehicle,     1179
3428.000000, 2209.000000, 3480.000000, 2208.000000, 3481.000000, 2239.000000, 3429.000000, 2240.000000,     small-vehicle,     1182
1921.000000, 1305.000000, 1950.000000, 1305.000000, 1951.000000, 1387.000000, 1922.000000, 1386.000000,     small-vehicle,     1183
2100.000000, 2899.000000, 2134.000000, 2898.000000, 2135.000000, 2962.000000, 2101.000000, 2964.000000,     small-vehicle,     1191
2960.000000, 2259.000000, 3018.000000, 2258.000000, 3019.000000, 2291.000000, 2962.000000, 2292.000000,     small-vehicle,     1192
2762.000000, 2268.000000, 2815.000000, 2266.000000, 2817.000000, 2302.000000, 2763.000000, 2305.000000,     small-vehicle,     1195
524.000000, 1342.000000, 558.000000, 1342.000000, 557.000000, 1404.000000, 522.000000, 1404.000000,     small-vehicle,     1202
1948.000000, 1302.000000, 1978.000000, 1303.000000, 1979.000000, 1367.000000, 1949.000000, 1367.000000,     small-vehicle,     1205
1919.000000, 1237.000000, 1948.000000, 1237.000000, 1950.000000, 1301.000000, 1920.000000, 1301.000000,     small-vehicle,     1211
2613.000000, 1262.000000, 2660.000000, 1262.000000, 2661.000000, 1288.000000, 2614.000000, 1288.000000,     small-vehicle,     1212
2416.000000, 1276.000000, 2478.000000, 1277.000000, 2479.000000, 1309.000000, 2417.000000, 1308.000000,     small-vehicle,     1214
2361.000000, 1285.000000, 2411.000000, 1285.000000, 2412.000000, 1311.000000, 2360.000000, 1311.000000,     small-vehicle,     1216
2551.000000, 1268.000000, 2601.000000, 1268.000000, 2602.000000, 1294.000000, 2552.000000, 1294.000000,     small-vehicle,     1217
3462.000000, 2644.000000, 3488.000000, 2643.000000, 3491.000000, 2702.000000, 3465.000000, 2703.000000,     small-vehicle,     1218
2197.000000, 1235.000000, 2225.000000, 1236.000000, 2227.000000, 1292.000000, 2198.000000, 1293.000000,     small-vehicle,     1232
1921.000000, 1161.000000, 1951.000000, 1161.000000, 1952.000000, 1222.000000, 1922.000000, 1221.000000,     small-vehicle,     1236
2041.000000, 1880.000000, 2070.000000, 1879.000000, 2070.000000, 1949.000000, 2043.000000, 1951.000000,     small-vehicle,     1241
1902.000000, 1173.000000, 1927.000000, 1173.000000, 1927.000000, 1229.000000, 1903.000000, 1229.000000,     small-vehicle,     1245
3296.000000, 1197.000000, 3355.000000, 1197.000000, 3357.000000, 1228.000000, 3296.000000, 1227.000000,     small-vehicle,     1248
3366.000000, 1192.000000, 3428.000000, 1192.000000, 3430.000000, 1221.000000, 3368.000000, 1221.000000,     small-vehicle,     1249
1259.000000, 1150.000000, 1286.000000, 1150.000000, 1286.000000, 1220.000000, 1259.000000, 1220.000000,     small-vehicle,     1250
3497.000000, 1179.000000, 3550.000000, 1178.000000, 3552.000000, 1209.000000, 3499.000000, 1208.000000,     small-vehicle,     1251
1905.000000, 1086.000000, 1936.000000, 1086.000000, 1937.000000, 1152.000000, 1907.000000, 1151.000000,     small-vehicle,     1254
2191.000000, 1057.000000, 2227.000000, 1058.000000, 2228.000000, 1125.000000, 2193.000000, 1124.000000,     small-vehicle,     1257
2213.000000, 1135.000000, 2249.000000, 1135.000000, 2251.000000, 1207.000000, 2215.000000, 1208.000000,     small-vehicle,     1258
3570.000000, 1171.000000, 3627.000000, 1172.000000, 3630.000000, 1205.000000, 3571.000000, 1205.000000,     small-vehicle,     1260
1258.000000, 2264.000000, 1299.000000, 2262.000000, 1299.000000, 2296.000000, 1258.000000, 2297.000000,     small-vehicle,     1265
292.000000, 2081.000000, 361.000000, 2079.000000, 361.000000, 2109.000000, 291.000000, 2111.000000,     small-vehicle,     1271
1255.000000, 1042.000000, 1283.000000, 1042.000000, 1283.000000, 1107.000000, 1254.000000, 1107.000000,     small-vehicle,     1273
2174.000000, 965.000000, 2197.000000, 966.000000, 2199.000000, 1023.000000, 2174.000000, 1023.000000,     small-vehicle,     1277
1899.000000, 1001.000000, 1928.000000, 1001.000000, 1930.000000, 1069.000000, 1900.000000, 1069.000000,     small-vehicle,     1282
1064.000000, 1590.000000, 1125.000000, 1589.000000, 1124.000000, 1615.000000, 1063.000000, 1616.000000,     small-vehicle,     1284
2332.000000, 2934.000000, 2362.000000, 2933.000000, 2363.000000, 3017.000000, 2335.000000, 3018.000000,     small-vehicle,     1285
2378.000000, 2396.000000, 2396.000000, 2395.000000, 2398.000000, 2430.000000, 2379.000000, 2430.000000,     small-vehicle,     1286
2250.000000, 2541.000000, 2283.000000, 2540.000000, 2285.000000, 2621.000000, 2253.000000, 2623.000000,     small-vehicle,     1290
1893.000000, 920.000000, 1925.000000, 920.000000, 1925.000000, 984.000000, 1894.000000, 984.000000,     small-vehicle,     1292
1249.000000, 963.000000, 1271.000000, 963.000000, 1271.000000, 1002.000000, 1249.000000, 1002.000000,     small-vehicle,     1293
653.000000, 2046.000000, 717.000000, 2045.000000, 717.000000, 2079.000000, 652.000000, 2081.000000,     small-vehicle,     1294
796.000000, 2034.000000, 857.000000, 2033.000000, 856.000000, 2064.000000, 796.000000, 2065.000000,     small-vehicle,     1295
2202.000000, 921.000000, 2227.000000, 921.000000, 2228.000000, 983.000000, 2202.000000, 982.000000,     small-vehicle,     1298
1994.000000, 1146.000000, 2021.000000, 1146.000000, 2022.000000, 1215.000000, 1996.000000, 1215.000000,     small-vehicle,     1302
2385.000000, 1361.000000, 2442.000000, 1360.000000, 2443.000000, 1384.000000, 2386.000000, 1384.000000,     small-vehicle,     1303
2340.000000, 2730.000000, 2370.000000, 2728.000000, 2371.000000, 2798.000000, 2342.000000, 2799.000000,     small-vehicle,     1304
-15.000000, 2020.000000, 35.000000, 2019.000000, 34.000000, 2049.000000, -16.000000, 2050.000000,     small-vehicle,     1305
2406.000000, 1818.000000, 2426.000000, 1817.000000, 2428.000000, 1868.000000, 2406.000000, 1869.000000,     small-vehicle,     1306
771.000000, 1596.000000, 787.000000, 1596.000000, 787.000000, 1627.000000, 770.000000, 1628.000000,     small-vehicle,     1307
2340.000000, 2718.000000, 2368.000000, 2718.000000, 2369.000000, 2788.000000, 2342.000000, 2790.000000,     large-vehicle,     1308
1890.000000, 844.000000, 1918.000000, 845.000000, 1919.000000, 906.000000, 1892.000000, 906.000000,     small-vehicle,     1309
1245.000000, 834.000000, 1269.000000, 834.000000, 1269.000000, 887.000000, 1245.000000, 887.000000,     small-vehicle,     1312
1921.000000, 1321.000000, 1951.000000, 1321.000000, 1952.000000, 1404.000000, 1923.000000, 1404.000000,     small-vehicle,     1313
2260.000000, 1702.000000, 2290.000000, 1701.000000, 2292.000000, 1752.000000, 2260.000000, 1753.000000,     small-vehicle,     1314
3413.000000, 2247.000000, 3441.000000, 2246.000000, 3445.000000, 2315.000000, 3417.000000, 2317.000000,     small-vehicle,     1315
1185.000000, 2775.000000, 1251.000000, 2772.000000, 1251.000000, 2801.000000, 1185.000000, 2804.000000,     large-vehicle,     1316
3350.000000, 1277.000000, 3411.000000, 1277.000000, 3412.000000, 1308.000000, 3352.000000, 1308.000000,     large-vehicle,     1317
724.000000, 2044.000000, 781.000000, 2042.000000, 781.000000, 2071.000000, 724.000000, 2073.000000,     small-vehicle,     1318
2098.000000, 2375.000000, 2113.000000, 2375.000000, 2114.000000, 2401.000000, 2098.000000, 2402.000000,     small-vehicle,     1319
1765.000000, 2013.000000, 1834.000000, 2012.000000, 1834.000000, 2048.000000, 1765.000000, 2050.000000,     small-vehicle,     1320
2169.000000, 1911.000000, 2186.000000, 1910.000000, 2187.000000, 1939.000000, 2168.000000, 1939.000000,     small-vehicle,     1321
2301.000000, 2110.000000, 2325.000000, 2110.000000, 2327.000000, 2159.000000, 2303.000000, 2159.000000,     small-vehicle,     1322
1768.000000, 2020.000000, 1834.000000, 2018.000000, 1834.000000, 2057.000000, 1768.000000, 2058.000000,     large-vehicle,     1323
2213.000000, 1122.000000, 2247.000000, 1122.000000, 2249.000000, 1200.000000, 2214.000000, 1200.000000,     large-vehicle,     1324
1918.000000, 1221.000000, 1948.000000, 1222.000000, 1949.000000, 1288.000000, 1919.000000, 1288.000000,     large-vehicle,     1325
2043.000000, 2863.000000, 2056.000000, 2862.000000, 2058.000000, 2932.000000, 2045.000000, 2933.000000,     large-vehicle,     1326
1260.000000, 1664.000000, 1291.000000, 1664.000000, 1291.000000, 1747.000000, 1260.000000, 1747.000000,     large-vehicle,     1327
2100.000000, 2890.000000, 2132.000000, 2888.000000, 2134.000000, 2955.000000, 2101.000000, 2956.000000,     large-vehicle,     1328
1260.000000, 1657.000000, 1290.000000, 1656.000000, 1290.000000, 1727.000000, 1260.000000, 1727.000000,     small-vehicle,     1329
1238.000000, 747.000000, 1266.000000, 748.000000, 1266.000000, 807.000000, 1238.000000, 807.000000,     small-vehicle,     1330
