2177.000000, 1215.000000, 2237.000000, 1215.000000, 2237.000000, 1283.000000, 2177.000000, 1283.000000,   small-vehicle,   1290
2276.000000, 1817.000000, 2302.000000, 1817.000000, 2302.000000, 1863.000000, 2276.000000, 1863.000000,   small-vehicle,   1459
1316.000000, 1806.000000, 1338.000000, 1806.000000, 1338.000000, 1851.000000, 1316.000000, 1851.000000,   small-vehicle,   1462
2309.000000, 1764.000000, 2339.000000, 1764.000000, 2339.000000, 1811.000000, 2309.000000, 1811.000000,   small-vehicle,   1478
1973.000000, 1698.000000, 2000.000000, 1698.000000, 2000.000000, 1749.000000, 1973.000000, 1749.000000,   small-vehicle,   1479
2001.000000, 1649.000000, 2023.000000, 1649.000000, 2023.000000, 1705.000000, 2001.000000, 1705.000000,   small-vehicle,   1499
1295.000000, 1582.000000, 1319.000000, 1582.000000, 1319.000000, 1625.000000, 1295.000000, 1625.000000,   small-vehicle,   1507
2256.000000, 1524.000000, 2286.000000, 1524.000000, 2286.000000, 1583.000000, 2256.000000, 1583.000000,   small-vehicle,   1509
2984.000000, 1574.000000, 3011.000000, 1574.000000, 3011.000000, 1634.000000, 2984.000000, 1634.000000,   small-vehicle,   1515
1292.000000, 1527.000000, 1320.000000, 1527.000000, 1320.000000, 1581.000000, 1292.000000, 1581.000000,   small-vehicle,   1517
1960.000000, 1474.000000, 1986.000000, 1474.000000, 1986.000000, 1528.000000, 1960.000000, 1528.000000,   small-vehicle,   1522
2277.000000, 1464.000000, 2310.000000, 1464.000000, 2310.000000, 1525.000000, 2277.000000, 1525.000000,   small-vehicle,   1529
2276.000000, 1392.000000, 2303.000000, 1392.000000, 2303.000000, 1447.000000, 2276.000000, 1447.000000,   small-vehicle,   1536
1957.000000, 1403.000000, 1984.000000, 1403.000000, 1984.000000, 1461.000000, 1957.000000, 1461.000000,   small-vehicle,   1537
1291.000000, 1367.000000, 1316.000000, 1367.000000, 1316.000000, 1420.000000, 1291.000000, 1420.000000,   small-vehicle,   1548
1958.000000, 1333.000000, 1989.000000, 1333.000000, 1989.000000, 1395.000000, 1958.000000, 1395.000000,   small-vehicle,   1549
2276.000000, 1317.000000, 2301.000000, 1317.000000, 2301.000000, 1373.000000, 2276.000000, 1373.000000,   small-vehicle,   1552
1284.000000, 1292.000000, 1311.000000, 1292.000000, 1311.000000, 1347.000000, 1284.000000, 1347.000000,   small-vehicle,   1554
1946.000000, 1268.000000, 1974.000000, 1268.000000, 1974.000000, 1319.000000, 1946.000000, 1319.000000,   small-vehicle,   1562
1973.000000, 1221.000000, 1998.000000, 1221.000000, 1998.000000, 1272.000000, 1973.000000, 1272.000000,   small-vehicle,   1566
2237.000000, 1222.000000, 2272.000000, 1222.000000, 2272.000000, 1285.000000, 2237.000000, 1285.000000,   small-vehicle,   1571
728.000000, 1183.000000, 784.000000, 1183.000000, 784.000000, 1206.000000, 728.000000, 1206.000000,   small-vehicle,   1573
855.000000, 1180.000000, 908.000000, 1180.000000, 908.000000, 1202.000000, 855.000000, 1202.000000,   small-vehicle,   1574
439.000000, 1174.000000, 497.000000, 1174.000000, 497.000000, 1203.000000, 439.000000, 1203.000000,   small-vehicle,   1575
926.000000, 1179.000000, 973.000000, 1179.000000, 973.000000, 1196.000000, 926.000000, 1196.000000,   small-vehicle,   1576
509.000000, 1182.000000, 564.000000, 1182.000000, 564.000000, 1209.000000, 509.000000, 1209.000000,   small-vehicle,   1578
796.000000, 1180.000000, 844.000000, 1180.000000, 844.000000, 1201.000000, 796.000000, 1201.000000,   small-vehicle,   1585
1774.000000, 1130.000000, 1829.000000, 1130.000000, 1829.000000, 1156.000000, 1774.000000, 1156.000000,   small-vehicle,   1586
1512.000000, 1143.000000, 1561.000000, 1143.000000, 1561.000000, 1168.000000, 1512.000000, 1168.000000,   small-vehicle,   1590
387.000000, 1115.000000, 413.000000, 1115.000000, 413.000000, 1169.000000, 387.000000, 1169.000000,   small-vehicle,   1594
1960.000000, 1064.000000, 1989.000000, 1064.000000, 1989.000000, 1117.000000, 1960.000000, 1117.000000,   small-vehicle,   1602
2925.000000, 1062.000000, 2996.000000, 1062.000000, 2996.000000, 1094.000000, 2925.000000, 1094.000000,   small-vehicle,   1614
320.000000, 1034.000000, 368.000000, 1034.000000, 368.000000, 1093.000000, 320.000000, 1093.000000,   small-vehicle,   1615
2232.000000, 1041.000000, 2256.000000, 1041.000000, 2256.000000, 1093.000000, 2232.000000, 1093.000000,   small-vehicle,   1623
3491.000000, 1039.000000, 3557.000000, 1039.000000, 3557.000000, 1066.000000, 3491.000000, 1066.000000,   small-vehicle,   1628
3414.000000, 1041.000000, 3476.000000, 1041.000000, 3476.000000, 1068.000000, 3414.000000, 1068.000000,   small-vehicle,   1631
84.000000, 1091.000000, 140.000000, 1091.000000, 140.000000, 1129.000000, 84.000000, 1129.000000,   small-vehicle,   1632
2225.000000, 971.000000, 2256.000000, 971.000000, 2256.000000, 1033.000000, 2225.000000, 1033.000000,   small-vehicle,   1633
1929.000000, 900.000000, 1955.000000, 900.000000, 1955.000000, 955.000000, 1929.000000, 955.000000,   small-vehicle,   1637
3226.000000, 931.000000, 3263.000000, 931.000000, 3263.000000, 992.000000, 3226.000000, 992.000000,   small-vehicle,   1638
433.000000, 916.000000, 465.000000, 916.000000, 465.000000, 980.000000, 433.000000, 980.000000,   small-vehicle,   1643
503.000000, 900.000000, 555.000000, 900.000000, 555.000000, 942.000000, 503.000000, 942.000000,   small-vehicle,   1646
358.000000, 895.000000, 385.000000, 895.000000, 385.000000, 946.000000, 358.000000, 946.000000,   small-vehicle,   1650
2974.000000, 1439.000000, 3007.000000, 1439.000000, 3007.000000, 1499.000000, 2974.000000, 1499.000000,   small-vehicle,   1651
2247.000000, 845.000000, 2278.000000, 845.000000, 2278.000000, 907.000000, 2247.000000, 907.000000,   small-vehicle,   1656
1924.000000, 830.000000, 1953.000000, 830.000000, 1953.000000, 888.000000, 1924.000000, 888.000000,   small-vehicle,   1658
1038.000000, 1223.000000, 1091.000000, 1223.000000, 1091.000000, 1250.000000, 1038.000000, 1250.000000,   small-vehicle,   1659
3045.000000, 1690.000000, 3115.000000, 1690.000000, 3115.000000, 1720.000000, 3045.000000, 1720.000000,   small-vehicle,   1664
3222.000000, 853.000000, 3260.000000, 853.000000, 3260.000000, 910.000000, 3222.000000, 910.000000,   small-vehicle,   1665
360.000000, 837.000000, 386.000000, 837.000000, 386.000000, 886.000000, 360.000000, 886.000000,   small-vehicle,   1666
2974.000000, 1502.000000, 3009.000000, 1502.000000, 3009.000000, 1563.000000, 2974.000000, 1563.000000,   small-vehicle,   1667
2557.000000, 1663.000000, 2618.000000, 1663.000000, 2618.000000, 1693.000000, 2557.000000, 1693.000000,   small-vehicle,   1671
2208.000000, 780.000000, 2235.000000, 780.000000, 2235.000000, 834.000000, 2208.000000, 834.000000,   small-vehicle,   1680
1952.000000, 800.000000, 1977.000000, 800.000000, 1977.000000, 851.000000, 1952.000000, 851.000000,   small-vehicle,   1683
1927.000000, 774.000000, 1950.000000, 774.000000, 1950.000000, 820.000000, 1927.000000, 820.000000,   small-vehicle,   1687
3252.000000, 1118.000000, 3318.000000, 1118.000000, 3318.000000, 1148.000000, 3252.000000, 1148.000000,   small-vehicle,   1688
2962.000000, 1233.000000, 2990.000000, 1233.000000, 2990.000000, 1277.000000, 2962.000000, 1277.000000,   small-vehicle,   1689
2466.000000, 1160.000000, 2520.000000, 1160.000000, 2520.000000, 1181.000000, 2466.000000, 1181.000000,   small-vehicle,   1693
2243.000000, 763.000000, 2270.000000, 763.000000, 2270.000000, 815.000000, 2243.000000, 815.000000,   small-vehicle,   1697
1952.000000, 724.000000, 1980.000000, 724.000000, 1980.000000, 787.000000, 1952.000000, 787.000000,   small-vehicle,   1699
2860.000000, 1656.000000, 2921.000000, 1656.000000, 2921.000000, 1685.000000, 2860.000000, 1685.000000,   small-vehicle,   1702
2242.000000, 690.000000, 2270.000000, 690.000000, 2270.000000, 738.000000, 2242.000000, 738.000000,   small-vehicle,   1705
2154.000000, 482.000000, 2181.000000, 482.000000, 2181.000000, 549.000000, 2154.000000, 549.000000,   small-vehicle,   1706
1936.000000, 627.000000, 1962.000000, 627.000000, 1962.000000, 680.000000, 1936.000000, 680.000000,   small-vehicle,   1708
1916.000000, 690.000000, 1946.000000, 690.000000, 1946.000000, 747.000000, 1916.000000, 747.000000,   small-vehicle,   1709
233.000000, 1224.000000, 277.000000, 1224.000000, 277.000000, 1285.000000, 233.000000, 1285.000000,   small-vehicle,   1710
1956.000000, 1559.000000, 1988.000000, 1559.000000, 1988.000000, 1610.000000, 1956.000000, 1610.000000,   small-vehicle,   1712
3222.000000, 628.000000, 3252.000000, 628.000000, 3252.000000, 685.000000, 3222.000000, 685.000000,   small-vehicle,   1715
2283.000000, 1258.000000, 2306.000000, 1258.000000, 2306.000000, 1304.000000, 2283.000000, 1304.000000,   small-vehicle,   1719
2724.000000, 608.000000, 2751.000000, 608.000000, 2751.000000, 665.000000, 2724.000000, 665.000000,   small-vehicle,   1727
2643.000000, 601.000000, 2673.000000, 601.000000, 2673.000000, 660.000000, 2643.000000, 660.000000,   small-vehicle,   1728
2230.000000, 561.000000, 2257.000000, 561.000000, 2257.000000, 624.000000, 2230.000000, 624.000000,   small-vehicle,   1729
2535.000000, 1153.000000, 2593.000000, 1153.000000, 2593.000000, 1182.000000, 2535.000000, 1182.000000,   small-vehicle,   1730
2762.000000, 597.000000, 2794.000000, 597.000000, 2794.000000, 654.000000, 2762.000000, 654.000000,   small-vehicle,   1731
400.000000, 1251.000000, 465.000000, 1251.000000, 465.000000, 1283.000000, 400.000000, 1283.000000,   small-vehicle,   1732
2609.000000, 604.000000, 2634.000000, 604.000000, 2634.000000, 656.000000, 2609.000000, 656.000000,   small-vehicle,   1737
2808.000000, 592.000000, 2839.000000, 592.000000, 2839.000000, 651.000000, 2808.000000, 651.000000,   small-vehicle,   1739
1918.000000, 533.000000, 1948.000000, 533.000000, 1948.000000, 593.000000, 1918.000000, 593.000000,   small-vehicle,   1742
2197.000000, 523.000000, 2226.000000, 523.000000, 2226.000000, 588.000000, 2197.000000, 588.000000,   small-vehicle,   1744
1458.000000, 1206.000000, 1504.000000, 1206.000000, 1504.000000, 1224.000000, 1458.000000, 1224.000000,   small-vehicle,   1747
543.000000, 1246.000000, 593.000000, 1246.000000, 593.000000, 1276.000000, 543.000000, 1276.000000,   small-vehicle,   1752
1899.000000, 422.000000, 1928.000000, 422.000000, 1928.000000, 482.000000, 1899.000000, 482.000000,   small-vehicle,   1760
3168.000000, 1120.000000, 3232.000000, 1120.000000, 3232.000000, 1149.000000, 3168.000000, 1149.000000,   small-vehicle,   1761
1516.000000, 1200.000000, 1580.000000, 1200.000000, 1580.000000, 1222.000000, 1516.000000, 1222.000000,   small-vehicle,   1762
3204.000000, 485.000000, 3230.000000, 485.000000, 3230.000000, 547.000000, 3204.000000, 547.000000,   small-vehicle,   1763
64.000000, 432.000000, 123.000000, 432.000000, 123.000000, 457.000000, 64.000000, 457.000000,   small-vehicle,   1765
3197.000000, 409.000000, 3229.000000, 409.000000, 3229.000000, 476.000000, 3197.000000, 476.000000,   small-vehicle,   1767
2372.000000, 657.000000, 2421.000000, 657.000000, 2421.000000, 682.000000, 2372.000000, 682.000000,   small-vehicle,   1769
1047.000000, 371.000000, 1104.000000, 371.000000, 1104.000000, 397.000000, 1047.000000, 397.000000,   small-vehicle,   1772
48.000000, 353.000000, 109.000000, 353.000000, 109.000000, 383.000000, 48.000000, 383.000000,   small-vehicle,   1773
2614.000000, 1152.000000, 2677.000000, 1152.000000, 2677.000000, 1179.000000, 2614.000000, 1179.000000,   small-vehicle,   1774
3704.000000, 1101.000000, 3775.000000, 1101.000000, 3775.000000, 1127.000000, 3704.000000, 1127.000000,   small-vehicle,   1776
1897.000000, 366.000000, 1921.000000, 366.000000, 1921.000000, 410.000000, 1897.000000, 410.000000,   small-vehicle,   1777
1977.000000, 1761.000000, 2003.000000, 1761.000000, 2003.000000, 1810.000000, 1977.000000, 1810.000000,   small-vehicle,   1780
2004.000000, 726.000000, 2034.000000, 726.000000, 2034.000000, 793.000000, 2004.000000, 793.000000,   small-vehicle,   1783
2152.000000, 307.000000, 2178.000000, 307.000000, 2178.000000, 359.000000, 2152.000000, 359.000000,   small-vehicle,   1785
2221.000000, 366.000000, 2249.000000, 366.000000, 2249.000000, 420.000000, 2221.000000, 420.000000,   small-vehicle,   1787
2684.000000, 596.000000, 2718.000000, 596.000000, 2718.000000, 657.000000, 2684.000000, 657.000000,   large-vehicle,   1788
562.000000, 320.000000, 613.000000, 320.000000, 613.000000, 346.000000, 562.000000, 346.000000,   small-vehicle,   1790
3549.000000, 1109.000000, 3615.000000, 1109.000000, 3615.000000, 1135.000000, 3549.000000, 1135.000000,   small-vehicle,   1791
498.000000, 327.000000, 550.000000, 327.000000, 550.000000, 350.000000, 498.000000, 350.000000,   small-vehicle,   1793
3193.000000, 325.000000, 3227.000000, 325.000000, 3227.000000, 384.000000, 3193.000000, 384.000000,   small-vehicle,   1794
696.000000, 348.000000, 757.000000, 348.000000, 757.000000, 375.000000, 696.000000, 375.000000,   small-vehicle,   1795
632.000000, 318.000000, 685.000000, 318.000000, 685.000000, 343.000000, 632.000000, 343.000000,   small-vehicle,   1799
701.000000, 312.000000, 758.000000, 312.000000, 758.000000, 336.000000, 701.000000, 336.000000,   small-vehicle,   1804
889.000000, 300.000000, 944.000000, 300.000000, 944.000000, 330.000000, 889.000000, 330.000000,   small-vehicle,   1805
1743.000000, 307.000000, 1799.000000, 307.000000, 1799.000000, 337.000000, 1743.000000, 337.000000,   small-vehicle,   1807
949.000000, 296.000000, 1008.000000, 296.000000, 1008.000000, 323.000000, 949.000000, 323.000000,   small-vehicle,   1808
768.000000, 309.000000, 816.000000, 309.000000, 816.000000, 332.000000, 768.000000, 332.000000,   small-vehicle,   1810
479.000000, 1247.000000, 538.000000, 1247.000000, 538.000000, 1278.000000, 479.000000, 1278.000000,   small-vehicle,   1813
350.000000, 283.000000, 380.000000, 283.000000, 380.000000, 335.000000, 350.000000, 335.000000,   small-vehicle,   1814
2664.000000, 495.000000, 2718.000000, 495.000000, 2718.000000, 527.000000, 2664.000000, 527.000000,   small-vehicle,   1815
1032.000000, 290.000000, 1079.000000, 290.000000, 1079.000000, 316.000000, 1032.000000, 316.000000,   small-vehicle,   1817
829.000000, 304.000000, 879.000000, 304.000000, 879.000000, 330.000000, 829.000000, 330.000000,   small-vehicle,   1818
2186.000000, 302.000000, 2212.000000, 302.000000, 2212.000000, 351.000000, 2186.000000, 351.000000,   small-vehicle,   1819
727.000000, 1230.000000, 793.000000, 1230.000000, 793.000000, 1265.000000, 727.000000, 1265.000000,   small-vehicle,   1821
1675.000000, 238.000000, 1731.000000, 238.000000, 1731.000000, 268.000000, 1675.000000, 268.000000,   small-vehicle,   1822
1163.000000, 281.000000, 1219.000000, 281.000000, 1219.000000, 311.000000, 1163.000000, 311.000000,   small-vehicle,   1825
1572.000000, 249.000000, 1626.000000, 249.000000, 1626.000000, 277.000000, 1572.000000, 277.000000,   small-vehicle,   1826
1397.000000, 265.000000, 1448.000000, 265.000000, 1448.000000, 288.000000, 1397.000000, 288.000000,   small-vehicle,   1827
2443.000000, 1094.000000, 2503.000000, 1094.000000, 2503.000000, 1112.000000, 2443.000000, 1112.000000,   small-vehicle,   1828
1234.000000, 278.000000, 1285.000000, 278.000000, 1285.000000, 302.000000, 1234.000000, 302.000000,   small-vehicle,   1831
1739.000000, 232.000000, 1788.000000, 232.000000, 1788.000000, 259.000000, 1739.000000, 259.000000,   small-vehicle,   1833
3191.000000, 265.000000, 3217.000000, 265.000000, 3217.000000, 326.000000, 3191.000000, 326.000000,   small-vehicle,   1835
1337.000000, 268.000000, 1385.000000, 268.000000, 1385.000000, 293.000000, 1337.000000, 293.000000,   small-vehicle,   1836
2962.000000, 1281.000000, 2993.000000, 1281.000000, 2993.000000, 1336.000000, 2962.000000, 1336.000000,   small-vehicle,   1837
1797.000000, 226.000000, 1853.000000, 226.000000, 1853.000000, 254.000000, 1797.000000, 254.000000,   small-vehicle,   1838
430.000000, 993.000000, 460.000000, 993.000000, 460.000000, 1035.000000, 430.000000, 1035.000000,   small-vehicle,   1839
350.000000, 220.000000, 379.000000, 220.000000, 379.000000, 270.000000, 350.000000, 270.000000,   small-vehicle,   1845
3146.000000, 532.000000, 3165.000000, 532.000000, 3165.000000, 582.000000, 3146.000000, 582.000000,   small-vehicle,   1850
2679.000000, 164.000000, 2736.000000, 164.000000, 2736.000000, 190.000000, 2679.000000, 190.000000,   small-vehicle,   1854
2531.000000, 176.000000, 2587.000000, 176.000000, 2587.000000, 202.000000, 2531.000000, 202.000000,   small-vehicle,   1856
2476.000000, 180.000000, 2528.000000, 180.000000, 2528.000000, 208.000000, 2476.000000, 208.000000,   small-vehicle,   1858
2394.000000, 185.000000, 2462.000000, 185.000000, 2462.000000, 214.000000, 2394.000000, 214.000000,   small-vehicle,   1859
1771.000000, 173.000000, 1828.000000, 173.000000, 1828.000000, 200.000000, 1771.000000, 200.000000,   small-vehicle,   1860
409.000000, 1028.000000, 455.000000, 1028.000000, 455.000000, 1088.000000, 409.000000, 1088.000000,   small-vehicle,   1864
1969.000000, 287.000000, 1997.000000, 287.000000, 1997.000000, 355.000000, 1969.000000, 355.000000,   small-vehicle,   1866
353.000000, 133.000000, 377.000000, 133.000000, 377.000000, 178.000000, 353.000000, 178.000000,   small-vehicle,   1868
2961.000000, 141.000000, 3015.000000, 141.000000, 3015.000000, 168.000000, 2961.000000, 168.000000,   small-vehicle,   1869
3040.000000, 140.000000, 3102.000000, 140.000000, 3102.000000, 171.000000, 3040.000000, 171.000000,   small-vehicle,   1872
2820.000000, 154.000000, 2891.000000, 154.000000, 2891.000000, 185.000000, 2820.000000, 185.000000,   small-vehicle,   1874
2208.000000, 77.000000, 2235.000000, 77.000000, 2235.000000, 136.000000, 2208.000000, 136.000000,   small-vehicle,   1875
223.000000, 421.000000, 286.000000, 421.000000, 286.000000, 447.000000, 223.000000, 447.000000,   small-vehicle,   1876
349.000000, 70.000000, 373.000000, 70.000000, 373.000000, 118.000000, 349.000000, 118.000000,   small-vehicle,   1878
350.000000, 954.000000, 388.000000, 954.000000, 388.000000, 1015.000000, 350.000000, 1015.000000,   large-vehicle,   1879
2813.000000, 187.000000, 2872.000000, 187.000000, 2872.000000, 219.000000, 2813.000000, 219.000000,   small-vehicle,   1882
3666.000000, 76.000000, 3714.000000, 76.000000, 3714.000000, 98.000000, 3666.000000, 98.000000,   small-vehicle,   1887
299.000000, 1249.000000, 348.000000, 1249.000000, 348.000000, 1309.000000, 299.000000, 1309.000000,   small-vehicle,   1888
2233.000000, 512.000000, 2263.000000, 512.000000, 2263.000000, 552.000000, 2233.000000, 552.000000,   small-vehicle,   1889
1950.000000, 85.000000, 1978.000000, 85.000000, 1978.000000, 137.000000, 1950.000000, 137.000000,   small-vehicle,   1893
982.000000, 375.000000, 1030.000000, 375.000000, 1030.000000, 397.000000, 982.000000, 397.000000,   small-vehicle,   1895
3110.000000, 21.000000, 3146.000000, 21.000000, 3146.000000, 85.000000, 3110.000000, 85.000000,   small-vehicle,   1898
1902.000000, -42.000000, 1929.000000, -42.000000, 1929.000000, 10.000000, 1902.000000, 10.000000,   small-vehicle,   1900
1875.000000, -10.000000, 1906.000000, -10.000000, 1906.000000, 43.000000, 1875.000000, 43.000000,   small-vehicle,   1902
384.000000, 397.000000, 419.000000, 397.000000, 419.000000, 448.000000, 384.000000, 448.000000,   small-vehicle,   1909
1927.000000, 432.000000, 1965.000000, 432.000000, 1965.000000, 519.000000, 1927.000000, 519.000000,   large-vehicle,   1917
2350.000000, 228.000000, 2400.000000, 228.000000, 2400.000000, 255.000000, 2350.000000, 255.000000,   small-vehicle,   1918
2193.000000, -88.000000, 2223.000000, -88.000000, 2223.000000, -31.000000, 2193.000000, -31.000000,   small-vehicle,   1921
-6.000000, 426.000000, 53.000000, 426.000000, 53.000000, 447.000000, -6.000000, 447.000000,   small-vehicle,   1922
625.000000, 1679.000000, 654.000000, 1679.000000, 654.000000, 1738.000000, 625.000000, 1738.000000,   small-vehicle,   1925
186.000000, 1336.000000, 228.000000, 1336.000000, 228.000000, 1395.000000, 186.000000, 1395.000000,   small-vehicle,   1927
3436.000000, 1694.000000, 3491.000000, 1694.000000, 3491.000000, 1714.000000, 3436.000000, 1714.000000,   small-vehicle,   1930
2078.000000, -322.000000, 2097.000000, -322.000000, 2097.000000, -294.000000, 2078.000000, -294.000000,   small-vehicle,   1935
1950.000000, 118.000000, 1980.000000, 118.000000, 1980.000000, 173.000000, 1950.000000, 173.000000,   small-vehicle,   1936
2183.000000, 1354.000000, 2218.000000, 1354.000000, 2218.000000, 1422.000000, 2183.000000, 1422.000000,   small-vehicle,   1937
1869.000000, -125.000000, 1893.000000, -125.000000, 1893.000000, -82.000000, 1869.000000, -82.000000,   small-vehicle,   1941
2191.000000, -170.000000, 2218.000000, -170.000000, 2218.000000, -110.000000, 2191.000000, -110.000000,   small-vehicle,   1945
910.000000, 372.000000, 961.000000, 372.000000, 961.000000, 394.000000, 910.000000, 394.000000,   small-vehicle,   1950
3238.000000, 155.000000, 3311.000000, 155.000000, 3311.000000, 190.000000, 3238.000000, 190.000000,   small-vehicle,   1951
1896.000000, -175.000000, 1919.000000, -175.000000, 1919.000000, -115.000000, 1896.000000, -115.000000,   small-vehicle,   1952
2814.000000, 225.000000, 2878.000000, 225.000000, 2878.000000, 255.000000, 2814.000000, 255.000000,   small-vehicle,   1954
1904.000000, 589.000000, 1925.000000, 589.000000, 1925.000000, 631.000000, 1904.000000, 631.000000,   small-vehicle,   1955
2272.000000, 1744.000000, 2305.000000, 1744.000000, 2305.000000, 1807.000000, 2272.000000, 1807.000000,   small-vehicle,   1956
488.000000, 1461.000000, 551.000000, 1461.000000, 551.000000, 1487.000000, 488.000000, 1487.000000,   large-vehicle,   1961
287.000000, 404.000000, 332.000000, 404.000000, 332.000000, 429.000000, 287.000000, 429.000000,   small-vehicle,   1966
1862.000000, -214.000000, 1892.000000, -214.000000, 1892.000000, -155.000000, 1862.000000, -155.000000,   small-vehicle,   1967
3092.000000, -211.000000, 3123.000000, -211.000000, 3123.000000, -154.000000, 3092.000000, -154.000000,   small-vehicle,   1968
2661.000000, 238.000000, 2712.000000, 238.000000, 2712.000000, 265.000000, 2661.000000, 265.000000,   small-vehicle,   1970
1934.000000, -168.000000, 1964.000000, -168.000000, 1964.000000, -107.000000, 1934.000000, -107.000000,   small-vehicle,   1971
2184.000000, -245.000000, 2214.000000, -245.000000, 2214.000000, -186.000000, 2184.000000, -186.000000,   small-vehicle,   1972
1343.000000, 347.000000, 1403.000000, 347.000000, 1403.000000, 382.000000, 1343.000000, 382.000000,   small-vehicle,   1974
2158.000000, -230.000000, 2187.000000, -230.000000, 2187.000000, -170.000000, 2158.000000, -170.000000,   small-vehicle,   1977
2971.000000, 1384.000000, 2998.000000, 1384.000000, 2998.000000, 1432.000000, 2971.000000, 1432.000000,   small-vehicle,   1980
322.000000, 904.000000, 343.000000, 904.000000, 343.000000, 946.000000, 322.000000, 946.000000,   small-vehicle,   1981
1886.000000, 102.000000, 1908.000000, 102.000000, 1908.000000, 136.000000, 1886.000000, 136.000000,   small-vehicle,   1982
156.000000, 1411.000000, 190.000000, 1411.000000, 190.000000, 1457.000000, 156.000000, 1457.000000,   small-vehicle,   1983
2011.000000, 480.000000, 2044.000000, 480.000000, 2044.000000, 546.000000, 2011.000000, 546.000000,   small-vehicle,   1984
2149.000000, -303.000000, 2178.000000, -303.000000, 2178.000000, -243.000000, 2149.000000, -243.000000,   small-vehicle,   1988
3254.000000, 129.000000, 3330.000000, 129.000000, 3330.000000, 165.000000, 3254.000000, 165.000000,   large-vehicle,   1989
3229.000000, 193.000000, 3308.000000, 193.000000, 3308.000000, 219.000000, 3229.000000, 219.000000,   small-vehicle,   1992
2073.000000, 514.000000, 2105.000000, 514.000000, 2105.000000, 573.000000, 2073.000000, 573.000000,   small-vehicle,   1993
486.000000, 1434.000000, 547.000000, 1434.000000, 547.000000, 1462.000000, 486.000000, 1462.000000,   small-vehicle,   1994
132.000000, 1458.000000, 172.000000, 1458.000000, 172.000000, 1511.000000, 132.000000, 1511.000000,   small-vehicle,   1995
348.000000, 945.000000, 383.000000, 945.000000, 383.000000, 1006.000000, 348.000000, 1006.000000,   small-vehicle,   1996
1922.000000, -329.000000, 1951.000000, -329.000000, 1951.000000, -269.000000, 1922.000000, -269.000000,   small-vehicle,   1997
2014.000000, 523.000000, 2048.000000, 523.000000, 2048.000000, 590.000000, 2014.000000, 590.000000,   small-vehicle,   1998
1330.000000, 344.000000, 1495.000000, 344.000000, 1495.000000, 380.000000, 1330.000000, 380.000000,   large-vehicle,   1999
348.000000, 950.000000, 385.000000, 950.000000, 385.000000, 1011.000000, 348.000000, 1011.000000,   large-vehicle,   2000
2074.000000, 510.000000, 2105.000000, 510.000000, 2105.000000, 570.000000, 2074.000000, 570.000000,   large-vehicle,   2001
3242.000000, 151.000000, 3314.000000, 151.000000, 3314.000000, 183.000000, 3242.000000, 183.000000,   large-vehicle,   2002
2011.000000, 490.000000, 2045.000000, 490.000000, 2045.000000, 557.000000, 2011.000000, 557.000000,   large-vehicle,   2003
2204.000000, 405.000000, 2221.000000, 405.000000, 2221.000000, 474.000000, 2204.000000, 474.000000,   large-vehicle,   2004
3089.000000, -291.000000, 3115.000000, -291.000000, 3115.000000, -238.000000, 3089.000000, -238.000000,   small-vehicle,   2005
2180.000000, -322.000000, 2209.000000, -322.000000, 2209.000000, -262.000000, 2180.000000, -262.000000,   small-vehicle,   2006
1383.000000, 1201.000000, 1443.000000, 1201.000000, 1443.000000, 1222.000000, 1383.000000, 1222.000000,   small-vehicle,   2007
252.000000, -320.000000, 303.000000, -320.000000, 303.000000, -272.000000, 252.000000, -272.000000,   small-vehicle,   2008
765.000000, 370.000000, 821.000000, 370.000000, 821.000000, 393.000000, 765.000000, 393.000000,   small-vehicle,   2009
3648.000000, 168.000000, 3702.000000, 168.000000, 3702.000000, 187.000000, 3648.000000, 187.000000,   small-vehicle,   2010
485.000000, 1447.000000, 550.000000, 1447.000000, 550.000000, 1476.000000, 485.000000, 1476.000000,   small-vehicle,   2011
3323.000000, 192.000000, 3376.000000, 192.000000, 3376.000000, 212.000000, 3323.000000, 212.000000,   small-vehicle,   2012
