2174.000000, 1223.000000, 2241.000000, 1223.000000, 2241.000000, 1276.000000, 2174.000000, 1276.000000,   small-vehicle,   1290
1974.000000, 1229.000000, 1998.000000, 1229.000000, 1998.000000, 1265.000000, 1974.000000, 1265.000000,   small-vehicle,   1566
2237.000000, 1228.000000, 2272.000000, 1228.000000, 2272.000000, 1280.000000, 2237.000000, 1280.000000,   small-vehicle,   1571
438.000000, 1173.000000, 498.000000, 1173.000000, 498.000000, 1205.000000, 438.000000, 1205.000000,   small-vehicle,   1575
512.000000, 1182.000000, 561.000000, 1182.000000, 561.000000, 1210.000000, 512.000000, 1210.000000,   small-vehicle,   1578
383.000000, 1114.000000, 417.000000, 1114.000000, 417.000000, 1170.000000, 383.000000, 1170.000000,   small-vehicle,   1594
1961.000000, 1065.000000, 1989.000000, 1065.000000, 1989.000000, 1116.000000, 1961.000000, 1116.000000,   small-vehicle,   1602
2926.000000, 1061.000000, 2994.000000, 1061.000000, 2994.000000, 1094.000000, 2926.000000, 1094.000000,   small-vehicle,   1614
320.000000, 1034.000000, 369.000000, 1034.000000, 369.000000, 1093.000000, 320.000000, 1093.000000,   small-vehicle,   1615
2232.000000, 1039.000000, 2257.000000, 1039.000000, 2257.000000, 1096.000000, 2232.000000, 1096.000000,   small-vehicle,   1623
86.000000, 1091.000000, 138.000000, 1091.000000, 138.000000, 1130.000000, 86.000000, 1130.000000,   small-vehicle,   1632
2225.000000, 969.000000, 2255.000000, 969.000000, 2255.000000, 1036.000000, 2225.000000, 1036.000000,   small-vehicle,   1633
1928.000000, 900.000000, 1955.000000, 900.000000, 1955.000000, 956.000000, 1928.000000, 956.000000,   small-vehicle,   1637
3226.000000, 931.000000, 3262.000000, 931.000000, 3262.000000, 993.000000, 3226.000000, 993.000000,   small-vehicle,   1638
433.000000, 915.000000, 464.000000, 915.000000, 464.000000, 981.000000, 433.000000, 981.000000,   small-vehicle,   1643
359.000000, 895.000000, 385.000000, 895.000000, 385.000000, 945.000000, 359.000000, 945.000000,   small-vehicle,   1650
2247.000000, 845.000000, 2278.000000, 845.000000, 2278.000000, 906.000000, 2247.000000, 906.000000,   small-vehicle,   1656
1924.000000, 832.000000, 1953.000000, 832.000000, 1953.000000, 886.000000, 1924.000000, 886.000000,   small-vehicle,   1658
1040.000000, 1220.000000, 1090.000000, 1220.000000, 1090.000000, 1253.000000, 1040.000000, 1253.000000,   small-vehicle,   1659
3222.000000, 852.000000, 3260.000000, 852.000000, 3260.000000, 911.000000, 3222.000000, 911.000000,   small-vehicle,   1665
358.000000, 837.000000, 387.000000, 837.000000, 387.000000, 886.000000, 358.000000, 886.000000,   small-vehicle,   1666
2208.000000, 779.000000, 2236.000000, 779.000000, 2236.000000, 835.000000, 2208.000000, 835.000000,   small-vehicle,   1680
1951.000000, 799.000000, 1978.000000, 799.000000, 1978.000000, 852.000000, 1951.000000, 852.000000,   small-vehicle,   1683
1926.000000, 771.000000, 1950.000000, 771.000000, 1950.000000, 823.000000, 1926.000000, 823.000000,   small-vehicle,   1687
3251.000000, 1117.000000, 3319.000000, 1117.000000, 3319.000000, 1149.000000, 3251.000000, 1149.000000,   small-vehicle,   1688
2466.000000, 1157.000000, 2519.000000, 1157.000000, 2519.000000, 1184.000000, 2466.000000, 1184.000000,   small-vehicle,   1693
2243.000000, 761.000000, 2270.000000, 761.000000, 2270.000000, 817.000000, 2243.000000, 817.000000,   small-vehicle,   1697
1950.000000, 723.000000, 1982.000000, 723.000000, 1982.000000, 788.000000, 1950.000000, 788.000000,   small-vehicle,   1699
2242.000000, 687.000000, 2270.000000, 687.000000, 2270.000000, 742.000000, 2242.000000, 742.000000,   small-vehicle,   1705
2154.000000, 483.000000, 2182.000000, 483.000000, 2182.000000, 549.000000, 2154.000000, 549.000000,   small-vehicle,   1706
1934.000000, 627.000000, 1964.000000, 627.000000, 1964.000000, 680.000000, 1934.000000, 680.000000,   small-vehicle,   1708
1916.000000, 690.000000, 1946.000000, 690.000000, 1946.000000, 747.000000, 1916.000000, 747.000000,   small-vehicle,   1709
233.000000, 1228.000000, 276.000000, 1228.000000, 276.000000, 1280.000000, 233.000000, 1280.000000,   small-vehicle,   1710
3224.000000, 627.000000, 3251.000000, 627.000000, 3251.000000, 686.000000, 3224.000000, 686.000000,   small-vehicle,   1715
2724.000000, 609.000000, 2751.000000, 609.000000, 2751.000000, 663.000000, 2724.000000, 663.000000,   small-vehicle,   1727
2640.000000, 598.000000, 2675.000000, 598.000000, 2675.000000, 664.000000, 2640.000000, 664.000000,   small-vehicle,   1728
2230.000000, 560.000000, 2257.000000, 560.000000, 2257.000000, 625.000000, 2230.000000, 625.000000,   small-vehicle,   1729
2535.000000, 1152.000000, 2593.000000, 1152.000000, 2593.000000, 1183.000000, 2535.000000, 1183.000000,   small-vehicle,   1730
2762.000000, 594.000000, 2794.000000, 594.000000, 2794.000000, 656.000000, 2762.000000, 656.000000,   small-vehicle,   1731
2809.000000, 591.000000, 2838.000000, 591.000000, 2838.000000, 653.000000, 2809.000000, 653.000000,   small-vehicle,   1739
1918.000000, 533.000000, 1948.000000, 533.000000, 1948.000000, 594.000000, 1918.000000, 594.000000,   small-vehicle,   1742
1457.000000, 1207.000000, 1505.000000, 1207.000000, 1505.000000, 1223.000000, 1457.000000, 1223.000000,   small-vehicle,   1747
1899.000000, 420.000000, 1929.000000, 420.000000, 1929.000000, 485.000000, 1899.000000, 485.000000,   small-vehicle,   1760
3167.000000, 1121.000000, 3232.000000, 1121.000000, 3232.000000, 1149.000000, 3167.000000, 1149.000000,   small-vehicle,   1761
1519.000000, 1200.000000, 1576.000000, 1200.000000, 1576.000000, 1223.000000, 1519.000000, 1223.000000,   small-vehicle,   1762
3204.000000, 484.000000, 3230.000000, 484.000000, 3230.000000, 547.000000, 3204.000000, 547.000000,   small-vehicle,   1763
64.000000, 430.000000, 123.000000, 430.000000, 123.000000, 459.000000, 64.000000, 459.000000,   small-vehicle,   1765
3197.000000, 410.000000, 3229.000000, 410.000000, 3229.000000, 475.000000, 3197.000000, 475.000000,   small-vehicle,   1767
2371.000000, 656.000000, 2422.000000, 656.000000, 2422.000000, 682.000000, 2371.000000, 682.000000,   small-vehicle,   1769
1046.000000, 369.000000, 1105.000000, 369.000000, 1105.000000, 399.000000, 1046.000000, 399.000000,   small-vehicle,   1772
47.000000, 354.000000, 109.000000, 354.000000, 109.000000, 383.000000, 47.000000, 383.000000,   small-vehicle,   1773
1896.000000, 366.000000, 1921.000000, 366.000000, 1921.000000, 410.000000, 1896.000000, 410.000000,   small-vehicle,   1777
2152.000000, 306.000000, 2178.000000, 306.000000, 2178.000000, 360.000000, 2152.000000, 360.000000,   small-vehicle,   1785
2221.000000, 366.000000, 2250.000000, 366.000000, 2250.000000, 420.000000, 2221.000000, 420.000000,   small-vehicle,   1787
562.000000, 319.000000, 612.000000, 319.000000, 612.000000, 347.000000, 562.000000, 347.000000,   small-vehicle,   1790
498.000000, 326.000000, 551.000000, 326.000000, 551.000000, 351.000000, 498.000000, 351.000000,   small-vehicle,   1793
3194.000000, 324.000000, 3226.000000, 324.000000, 3226.000000, 384.000000, 3194.000000, 384.000000,   small-vehicle,   1794
632.000000, 318.000000, 685.000000, 318.000000, 685.000000, 344.000000, 632.000000, 344.000000,   small-vehicle,   1799
700.000000, 312.000000, 759.000000, 312.000000, 759.000000, 337.000000, 700.000000, 337.000000,   small-vehicle,   1804
889.000000, 301.000000, 944.000000, 301.000000, 944.000000, 329.000000, 889.000000, 329.000000,   small-vehicle,   1805
1744.000000, 306.000000, 1799.000000, 306.000000, 1799.000000, 338.000000, 1744.000000, 338.000000,   small-vehicle,   1807
949.000000, 296.000000, 1008.000000, 296.000000, 1008.000000, 322.000000, 949.000000, 322.000000,   small-vehicle,   1808
767.000000, 308.000000, 817.000000, 308.000000, 817.000000, 332.000000, 767.000000, 332.000000,   small-vehicle,   1810
350.000000, 281.000000, 380.000000, 281.000000, 380.000000, 337.000000, 350.000000, 337.000000,   small-vehicle,   1814
1030.000000, 291.000000, 1081.000000, 291.000000, 1081.000000, 315.000000, 1030.000000, 315.000000,   small-vehicle,   1817
829.000000, 306.000000, 879.000000, 306.000000, 879.000000, 328.000000, 829.000000, 328.000000,   small-vehicle,   1818
2185.000000, 299.000000, 2213.000000, 299.000000, 2213.000000, 354.000000, 2185.000000, 354.000000,   small-vehicle,   1819
1675.000000, 239.000000, 1730.000000, 239.000000, 1730.000000, 267.000000, 1675.000000, 267.000000,   small-vehicle,   1822
1162.000000, 281.000000, 1219.000000, 281.000000, 1219.000000, 311.000000, 1162.000000, 311.000000,   small-vehicle,   1825
1572.000000, 249.000000, 1626.000000, 249.000000, 1626.000000, 276.000000, 1572.000000, 276.000000,   small-vehicle,   1826
1397.000000, 265.000000, 1448.000000, 265.000000, 1448.000000, 288.000000, 1397.000000, 288.000000,   small-vehicle,   1827
1233.000000, 278.000000, 1285.000000, 278.000000, 1285.000000, 302.000000, 1233.000000, 302.000000,   small-vehicle,   1831
1738.000000, 232.000000, 1790.000000, 232.000000, 1790.000000, 258.000000, 1738.000000, 258.000000,   small-vehicle,   1833
3191.000000, 266.000000, 3218.000000, 266.000000, 3218.000000, 326.000000, 3191.000000, 326.000000,   small-vehicle,   1835
1339.000000, 269.000000, 1384.000000, 269.000000, 1384.000000, 292.000000, 1339.000000, 292.000000,   small-vehicle,   1836
1800.000000, 227.000000, 1850.000000, 227.000000, 1850.000000, 253.000000, 1800.000000, 253.000000,   small-vehicle,   1838
432.000000, 992.000000, 458.000000, 992.000000, 458.000000, 1035.000000, 432.000000, 1035.000000,   small-vehicle,   1839
350.000000, 217.000000, 379.000000, 217.000000, 379.000000, 273.000000, 350.000000, 273.000000,   small-vehicle,   1845
3145.000000, 533.000000, 3166.000000, 533.000000, 3166.000000, 580.000000, 3145.000000, 580.000000,   small-vehicle,   1850
2534.000000, 177.000000, 2584.000000, 177.000000, 2584.000000, 201.000000, 2534.000000, 201.000000,   small-vehicle,   1856
2478.000000, 182.000000, 2526.000000, 182.000000, 2526.000000, 206.000000, 2478.000000, 206.000000,   small-vehicle,   1858
2401.000000, 188.000000, 2455.000000, 188.000000, 2455.000000, 211.000000, 2401.000000, 211.000000,   small-vehicle,   1859
1772.000000, 174.000000, 1827.000000, 174.000000, 1827.000000, 200.000000, 1772.000000, 200.000000,   small-vehicle,   1860
409.000000, 1031.000000, 454.000000, 1031.000000, 454.000000, 1086.000000, 409.000000, 1086.000000,   small-vehicle,   1864
351.000000, 130.000000, 378.000000, 130.000000, 378.000000, 180.000000, 351.000000, 180.000000,   small-vehicle,   1868
2962.000000, 143.000000, 3015.000000, 143.000000, 3015.000000, 167.000000, 2962.000000, 167.000000,   small-vehicle,   1869
3042.000000, 142.000000, 3100.000000, 142.000000, 3100.000000, 170.000000, 3042.000000, 170.000000,   small-vehicle,   1872
2208.000000, 78.000000, 2236.000000, 78.000000, 2236.000000, 135.000000, 2208.000000, 135.000000,   small-vehicle,   1875
223.000000, 420.000000, 285.000000, 420.000000, 285.000000, 447.000000, 223.000000, 447.000000,   small-vehicle,   1876
349.000000, 67.000000, 374.000000, 67.000000, 374.000000, 120.000000, 349.000000, 120.000000,   small-vehicle,   1878
2233.000000, 511.000000, 2263.000000, 511.000000, 2263.000000, 553.000000, 2233.000000, 553.000000,   small-vehicle,   1889
1949.000000, 84.000000, 1978.000000, 84.000000, 1978.000000, 139.000000, 1949.000000, 139.000000,   small-vehicle,   1893
980.000000, 374.000000, 1031.000000, 374.000000, 1031.000000, 397.000000, 980.000000, 397.000000,   small-vehicle,   1895
1903.000000, -40.000000, 1931.000000, -40.000000, 1931.000000, 12.000000, 1903.000000, 12.000000,   small-vehicle,   1900
1877.000000, -10.000000, 1907.000000, -10.000000, 1907.000000, 42.000000, 1877.000000, 42.000000,   small-vehicle,   1902
199.000000, 348.000000, 251.000000, 348.000000, 251.000000, 376.000000, 199.000000, 376.000000,   small-vehicle,   1909
2352.000000, 234.000000, 2402.000000, 234.000000, 2402.000000, 258.000000, 2352.000000, 258.000000,   small-vehicle,   1918
2195.000000, -85.000000, 2224.000000, -85.000000, 2224.000000, -31.000000, 2195.000000, -31.000000,   small-vehicle,   1921
-9.000000, 410.000000, 51.000000, 410.000000, 51.000000, 437.000000, -9.000000, 437.000000,   small-vehicle,   1922
2001.000000, 841.000000, 2030.000000, 841.000000, 2030.000000, 893.000000, 2001.000000, 893.000000,   small-vehicle,   1936
1870.000000, -124.000000, 1894.000000, -124.000000, 1894.000000, -84.000000, 1870.000000, -84.000000,   small-vehicle,   1941
2192.000000, -170.000000, 2219.000000, -170.000000, 2219.000000, -113.000000, 2192.000000, -113.000000,   small-vehicle,   1945
909.000000, 359.000000, 959.000000, 359.000000, 959.000000, 383.000000, 909.000000, 383.000000,   small-vehicle,   1950
1897.000000, -176.000000, 1921.000000, -176.000000, 1921.000000, -115.000000, 1897.000000, -115.000000,   small-vehicle,   1952
2816.000000, 240.000000, 2884.000000, 240.000000, 2884.000000, 266.000000, 2816.000000, 266.000000,   small-vehicle,   1954
1907.000000, 592.000000, 1928.000000, 592.000000, 1928.000000, 634.000000, 1907.000000, 634.000000,   small-vehicle,   1955
275.000000, 391.000000, 331.000000, 391.000000, 331.000000, 417.000000, 275.000000, 417.000000,   small-vehicle,   1966
1865.000000, -217.000000, 1891.000000, -217.000000, 1891.000000, -166.000000, 1865.000000, -166.000000,   small-vehicle,   1967
3094.000000, -195.000000, 3125.000000, -195.000000, 3125.000000, -137.000000, 3094.000000, -137.000000,   small-vehicle,   1968
2661.000000, 250.000000, 2715.000000, 250.000000, 2715.000000, 276.000000, 2661.000000, 276.000000,   small-vehicle,   1970
1968.000000, 411.000000, 1997.000000, 411.000000, 1997.000000, 462.000000, 1968.000000, 462.000000,   small-vehicle,   1971
2186.000000, -242.000000, 2216.000000, -242.000000, 2216.000000, -186.000000, 2186.000000, -186.000000,   small-vehicle,   1972
1342.000000, 341.000000, 1404.000000, 341.000000, 1404.000000, 373.000000, 1342.000000, 373.000000,   small-vehicle,   1974
2160.000000, -226.000000, 2189.000000, -226.000000, 2189.000000, -167.000000, 2160.000000, -167.000000,   small-vehicle,   1977
2150.000000, -302.000000, 2180.000000, -302.000000, 2180.000000, -241.000000, 2150.000000, -241.000000,   small-vehicle,   1988
1950.000000, 204.000000, 1981.000000, 204.000000, 1981.000000, 260.000000, 1950.000000, 260.000000,   small-vehicle,   1997
3088.000000, -275.000000, 3118.000000, -275.000000, 3118.000000, -219.000000, 3088.000000, -219.000000,   small-vehicle,   2005
2182.000000, -322.000000, 2209.000000, -322.000000, 2209.000000, -262.000000, 2182.000000, -262.000000,   small-vehicle,   2006
1387.000000, 1210.000000, 1441.000000, 1210.000000, 1441.000000, 1231.000000, 1387.000000, 1231.000000,   small-vehicle,   2007
251.000000, -342.000000, 302.000000, -342.000000, 302.000000, -294.000000, 251.000000, -294.000000,   small-vehicle,   2008
2618.000000, -386.000000, 2679.000000, -386.000000, 2679.000000, -358.000000, 2618.000000, -358.000000,   small-vehicle,   2013
3319.000000, 213.000000, 3381.000000, 213.000000, 3381.000000, 242.000000, 3319.000000, 242.000000,   small-vehicle,   2016
3451.000000, 209.000000, 3513.000000, 209.000000, 3513.000000, 231.000000, 3451.000000, 231.000000,   small-vehicle,   2017
3656.000000, 198.000000, 3717.000000, 198.000000, 3717.000000, 219.000000, 3656.000000, 219.000000,   small-vehicle,   2021
1855.000000, -381.000000, 1885.000000, -381.000000, 1885.000000, -324.000000, 1855.000000, -324.000000,   small-vehicle,   2023
189.000000, -482.000000, 244.000000, -482.000000, 244.000000, -431.000000, 189.000000, -431.000000,   small-vehicle,   2028
2949.000000, 230.000000, 3012.000000, 230.000000, 3012.000000, 262.000000, 2949.000000, 262.000000,   small-vehicle,   2030
240.000000, -442.000000, 289.000000, -442.000000, 289.000000, -397.000000, 240.000000, -397.000000,   small-vehicle,   2031
1877.000000, -450.000000, 1904.000000, -450.000000, 1904.000000, -390.000000, 1877.000000, -390.000000,   small-vehicle,   2033
2163.000000, -412.000000, 2186.000000, -412.000000, 2186.000000, -362.000000, 2163.000000, -362.000000,   small-vehicle,   2035
39.000000, -519.000000, 98.000000, -519.000000, 98.000000, -467.000000, 39.000000, -467.000000,   small-vehicle,   2038
2159.000000, -485.000000, 2185.000000, -485.000000, 2185.000000, -435.000000, 2159.000000, -435.000000,   small-vehicle,   2039
1933.000000, -114.000000, 1962.000000, -114.000000, 1962.000000, -49.000000, 1933.000000, -49.000000,   small-vehicle,   2041
1993.000000, 144.000000, 2022.000000, 144.000000, 2022.000000, 204.000000, 1993.000000, 204.000000,   small-vehicle,   2042
80.000000, -443.000000, 131.000000, -443.000000, 131.000000, -380.000000, 80.000000, -380.000000,   small-vehicle,   2043
347.000000, 945.000000, 380.000000, 945.000000, 380.000000, 1010.000000, 347.000000, 1010.000000,   large-vehicle,   2047
1872.000000, -519.000000, 1904.000000, -519.000000, 1904.000000, -455.000000, 1872.000000, -455.000000,   small-vehicle,   2050
3081.000000, -355.000000, 3113.000000, -355.000000, 3113.000000, -300.000000, 3081.000000, -300.000000,   small-vehicle,   2054
-13.000000, -556.000000, 45.000000, -556.000000, 45.000000, -508.000000, -13.000000, -508.000000,   small-vehicle,   2060
2477.000000, 256.000000, 2531.000000, 256.000000, 2531.000000, 281.000000, 2477.000000, 281.000000,   small-vehicle,   2064
2165.000000, -547.000000, 2191.000000, -547.000000, 2191.000000, -499.000000, 2165.000000, -499.000000,   small-vehicle,   2065
48.000000, -597.000000, 112.000000, -597.000000, 112.000000, -538.000000, 48.000000, -538.000000,   small-vehicle,   2066
2620.000000, -349.000000, 2666.000000, -349.000000, 2666.000000, -323.000000, 2620.000000, -323.000000,   small-vehicle,   2068
1888.000000, 106.000000, 1909.000000, 106.000000, 1909.000000, 139.000000, 1888.000000, 139.000000,   small-vehicle,   2069
1397.000000, -537.000000, 1449.000000, -537.000000, 1449.000000, -511.000000, 1397.000000, -511.000000,   small-vehicle,   2072
3666.000000, 122.000000, 3716.000000, 122.000000, 3716.000000, 146.000000, 3666.000000, 146.000000,   small-vehicle,   2075
1520.000000, 336.000000, 1564.000000, 336.000000, 1564.000000, 363.000000, 1520.000000, 363.000000,   small-vehicle,   2077
353.000000, 433.000000, 379.000000, 433.000000, 379.000000, 485.000000, 353.000000, 485.000000,   small-vehicle,   2080
-8.000000, -634.000000, 46.000000, -634.000000, 46.000000, -585.000000, -8.000000, -585.000000,   small-vehicle,   2084
293.000000, -308.000000, 347.000000, -308.000000, 347.000000, -260.000000, 293.000000, -260.000000,   small-vehicle,   2085
3055.000000, -670.000000, 3091.000000, -670.000000, 3091.000000, -611.000000, 3055.000000, -611.000000,   small-vehicle,   2090
2683.000000, 182.000000, 2738.000000, 182.000000, 2738.000000, 204.000000, 2683.000000, 204.000000,   small-vehicle,   2093
3089.000000, 193.000000, 3153.000000, 193.000000, 3153.000000, 246.000000, 3089.000000, 246.000000,   small-vehicle,   2108
2687.000000, 605.000000, 2721.000000, 605.000000, 2721.000000, 669.000000, 2687.000000, 669.000000,   large-vehicle,   2109
2578.000000, -715.000000, 2642.000000, -715.000000, 2642.000000, -684.000000, 2578.000000, -684.000000,   small-vehicle,   2110
2733.000000, 210.000000, 2801.000000, 210.000000, 2801.000000, 240.000000, 2733.000000, 240.000000,   small-vehicle,   2111
3055.000000, -746.000000, 3114.000000, -746.000000, 3114.000000, -704.000000, 3055.000000, -704.000000,   small-vehicle,   2112
294.000000, -402.000000, 350.000000, -402.000000, 350.000000, -367.000000, 294.000000, -367.000000,   small-vehicle,   2113
299.000000, -338.000000, 344.000000, -338.000000, 344.000000, -298.000000, 299.000000, -298.000000,   small-vehicle,   2114
2075.000000, 516.000000, 2108.000000, 516.000000, 2108.000000, 581.000000, 2075.000000, 581.000000,   small-vehicle,   2117
2078.000000, -868.000000, 2106.000000, -868.000000, 2106.000000, -808.000000, 2078.000000, -808.000000,   small-vehicle,   2118
2735.000000, -818.000000, 2801.000000, -818.000000, 2801.000000, -782.000000, 2735.000000, -782.000000,   small-vehicle,   2119
3027.000000, 230.000000, 3071.000000, 230.000000, 3071.000000, 251.000000, 3027.000000, 251.000000,   small-vehicle,   2120
1850.000000, -317.000000, 1873.000000, -317.000000, 1873.000000, -276.000000, 1850.000000, -276.000000,   small-vehicle,   2121
2427.000000, 232.000000, 2484.000000, 232.000000, 2484.000000, 260.000000, 2427.000000, 260.000000,   small-vehicle,   2122
-35.000000, -388.000000, 15.000000, -388.000000, 15.000000, -364.000000, -35.000000, -364.000000,   small-vehicle,   2126
3111.000000, 34.000000, 3146.000000, 34.000000, 3146.000000, 101.000000, 3111.000000, 101.000000,   large-vehicle,   2128
2181.000000, 1130.000000, 2212.000000, 1130.000000, 2212.000000, 1202.000000, 2181.000000, 1202.000000,   small-vehicle,   2131
387.000000, 394.000000, 422.000000, 394.000000, 422.000000, 452.000000, 387.000000, 452.000000,   small-vehicle,   2132
2198.000000, 528.000000, 2228.000000, 528.000000, 2228.000000, 593.000000, 2198.000000, 593.000000,   small-vehicle,   2133
3111.000000, 38.000000, 3150.000000, 38.000000, 3150.000000, 106.000000, 3111.000000, 106.000000,   small-vehicle,   2134
1829.000000, -789.000000, 1853.000000, -789.000000, 1853.000000, -746.000000, 1829.000000, -746.000000,   small-vehicle,   2135
2416.000000, -788.000000, 2469.000000, -788.000000, 2469.000000, -759.000000, 2416.000000, -759.000000,   small-vehicle,   2136
3715.000000, 1139.000000, 3791.000000, 1139.000000, 3791.000000, 1171.000000, 3715.000000, 1171.000000,   small-vehicle,   2138
1966.000000, -349.000000, 1979.000000, -349.000000, 1979.000000, -321.000000, 1966.000000, -321.000000,   small-vehicle,   2139
2686.000000, 617.000000, 2722.000000, 617.000000, 2722.000000, 683.000000, 2686.000000, 683.000000,   small-vehicle,   2140
1929.000000, 453.000000, 1967.000000, 453.000000, 1967.000000, 527.000000, 1929.000000, 527.000000,   small-vehicle,   2141
-39.000000, -585.000000, 0.000000, -585.000000, 0.000000, -552.000000, -39.000000, -552.000000,   small-vehicle,   2142
3239.000000, 217.000000, 3309.000000, 217.000000, 3309.000000, 238.000000, 3239.000000, 238.000000,   large-vehicle,   2144
2391.000000, 669.000000, 2481.000000, 669.000000, 2481.000000, 686.000000, 2391.000000, 686.000000,   large-vehicle,   2145
2075.000000, 514.000000, 2107.000000, 514.000000, 2107.000000, 576.000000, 2075.000000, 576.000000,   large-vehicle,   2146
2140.000000, 342.000000, 2171.000000, 342.000000, 2171.000000, 407.000000, 2140.000000, 407.000000,   large-vehicle,   2148
2344.000000, -780.000000, 2400.000000, -780.000000, 2400.000000, -755.000000, 2344.000000, -755.000000,   small-vehicle,   2150
2826.000000, 175.000000, 2898.000000, 175.000000, 2898.000000, 201.000000, 2826.000000, 201.000000,   small-vehicle,   2151
3181.000000, -851.000000, 3256.000000, -851.000000, 3256.000000, -820.000000, 3181.000000, -820.000000,   small-vehicle,   2152
315.000000, -846.000000, 338.000000, -846.000000, 338.000000, -802.000000, 315.000000, -802.000000,   small-vehicle,   2155
2218.000000, -876.000000, 2248.000000, -876.000000, 2248.000000, -822.000000, 2218.000000, -822.000000,   small-vehicle,   2156
2141.000000, 352.000000, 2173.000000, 352.000000, 2173.000000, 414.000000, 2141.000000, 414.000000,   small-vehicle,   2157
1858.000000, -648.000000, 1879.000000, -648.000000, 1879.000000, -622.000000, 1858.000000, -622.000000,   small-vehicle,   2158
3100.000000, -847.000000, 3166.000000, -847.000000, 3166.000000, -817.000000, 3100.000000, -817.000000,   small-vehicle,   2159
1827.000000, -860.000000, 1856.000000, -860.000000, 1856.000000, -804.000000, 1827.000000, -804.000000,   small-vehicle,   2161
1893.000000, -792.000000, 1937.000000, -792.000000, 1937.000000, -690.000000, 1893.000000, -690.000000,   large-vehicle,   2162
1930.000000, 448.000000, 1967.000000, 448.000000, 1967.000000, 521.000000, 1930.000000, 521.000000,   large-vehicle,   2163
2873.000000, -832.000000, 2931.000000, -832.000000, 2931.000000, -800.000000, 2873.000000, -800.000000,   small-vehicle,   2164
