2155.000000, 1418.000000, 2181.000000, 1417.000000, 2182.000000, 1478.000000, 2157.000000, 1478.000000,     small-vehicle,     148
1124.000000, 2567.000000, 1155.000000, 2565.000000, 1155.000000, 2636.000000, 1123.000000, 2638.000000,     small-vehicle,     1014
2005.000000, 2369.000000, 2029.000000, 2368.000000, 2030.000000, 2423.000000, 2007.000000, 2424.000000,     small-vehicle,     1039
2288.000000, 2311.000000, 2314.000000, 2309.000000, 2317.000000, 2373.000000, 2290.000000, 2374.000000,     small-vehicle,     1056
571.000000, 2425.000000, 595.000000, 2424.000000, 593.000000, 2479.000000, 570.000000, 2480.000000,     small-vehicle,     1076
1998.000000, 2284.000000, 2023.000000, 2283.000000, 2024.000000, 2341.000000, 1999.000000, 2342.000000,     small-vehicle,     1079
2313.000000, 2228.000000, 2338.000000, 2227.000000, 2341.000000, 2288.000000, 2314.000000, 2289.000000,     small-vehicle,     1086
1307.000000, 2268.000000, 1324.000000, 2267.000000, 1324.000000, 2312.000000, 1307.000000, 2313.000000,     small-vehicle,     1104
2306.000000, 2159.000000, 2332.000000, 2158.000000, 2333.000000, 2215.000000, 2308.000000, 2217.000000,     small-vehicle,     1113
1989.000000, 2191.000000, 2015.000000, 2190.000000, 2017.000000, 2251.000000, 1990.000000, 2252.000000,     small-vehicle,     1115
1259.000000, 2237.000000, 1311.000000, 2234.000000, 1312.000000, 2263.000000, 1259.000000, 2266.000000,     small-vehicle,     1116
887.000000, 2260.000000, 944.000000, 2257.000000, 943.000000, 2293.000000, 887.000000, 2297.000000,     small-vehicle,     1121
1176.000000, 2241.000000, 1227.000000, 2239.000000, 1227.000000, 2267.000000, 1176.000000, 2270.000000,     small-vehicle,     1135
1980.000000, 2101.000000, 2009.000000, 2100.000000, 2011.000000, 2161.000000, 1981.000000, 2163.000000,     small-vehicle,     1140
2010.000000, 2065.000000, 2055.000000, 2063.000000, 2059.000000, 2207.000000, 2013.000000, 2209.000000,     large-vehicle,     1141
2271.000000, 2106.000000, 2299.000000, 2104.000000, 2301.000000, 2165.000000, 2272.000000, 2166.000000,     small-vehicle,     1142
1000.000000, 2248.000000, 1056.000000, 2246.000000, 1056.000000, 2280.000000, 1000.000000, 2283.000000,     small-vehicle,     1144
1977.000000, 2020.000000, 2007.000000, 2018.000000, 2008.000000, 2087.000000, 1979.000000, 2088.000000,     small-vehicle,     1168
2265.000000, 2006.000000, 2296.000000, 2005.000000, 2298.000000, 2075.000000, 2268.000000, 2076.000000,     small-vehicle,     1175
1309.000000, 2085.000000, 1335.000000, 2084.000000, 1335.000000, 2146.000000, 1310.000000, 2147.000000,     small-vehicle,     1179
1995.000000, 1906.000000, 2027.000000, 1905.000000, 2029.000000, 1974.000000, 1997.000000, 1975.000000,     small-vehicle,     1205
1967.000000, 1843.000000, 1997.000000, 1841.000000, 1998.000000, 1906.000000, 1968.000000, 1906.000000,     small-vehicle,     1211
2421.000000, 1875.000000, 2464.000000, 1873.000000, 2465.000000, 1901.000000, 2422.000000, 1903.000000,     small-vehicle,     1216
2249.000000, 1830.000000, 2279.000000, 1829.000000, 2280.000000, 1889.000000, 2251.000000, 1890.000000,     small-vehicle,     1232
1967.000000, 1765.000000, 1997.000000, 1764.000000, 1999.000000, 1824.000000, 1969.000000, 1824.000000,     small-vehicle,     1236
1297.000000, 1789.000000, 1325.000000, 1788.000000, 1325.000000, 1856.000000, 1298.000000, 1857.000000,     small-vehicle,     1250
1953.000000, 1688.000000, 1982.000000, 1687.000000, 1984.000000, 1751.000000, 1954.000000, 1753.000000,     small-vehicle,     1254
2243.000000, 1647.000000, 2278.000000, 1646.000000, 2280.000000, 1716.000000, 2245.000000, 1716.000000,     small-vehicle,     1257
2265.000000, 1725.000000, 2301.000000, 1723.000000, 2304.000000, 1797.000000, 2267.000000, 1798.000000,     small-vehicle,     1258
1293.000000, 1671.000000, 1322.000000, 1670.000000, 1322.000000, 1743.000000, 1293.000000, 1745.000000,     small-vehicle,     1273
2222.000000, 1553.000000, 2248.000000, 1552.000000, 2250.000000, 1615.000000, 2223.000000, 1616.000000,     small-vehicle,     1277
1945.000000, 1600.000000, 1975.000000, 1600.000000, 1976.000000, 1668.000000, 1947.000000, 1669.000000,     small-vehicle,     1282
1103.000000, 2249.000000, 1162.000000, 2246.000000, 1162.000000, 2278.000000, 1103.000000, 2281.000000,     small-vehicle,     1284
2295.000000, 2898.000000, 2324.000000, 2896.000000, 2327.000000, 2975.000000, 2297.000000, 2977.000000,     small-vehicle,     1290
1287.000000, 1595.000000, 1310.000000, 1594.000000, 1310.000000, 1638.000000, 1287.000000, 1640.000000,     small-vehicle,     1293
2250.000000, 1504.000000, 2278.000000, 1504.000000, 2280.000000, 1571.000000, 2252.000000, 1571.000000,     small-vehicle,     1298
2441.000000, 1952.000000, 2504.000000, 1949.000000, 2505.000000, 1976.000000, 2442.000000, 1979.000000,     small-vehicle,     1303
781.000000, 2270.000000, 847.000000, 2266.000000, 847.000000, 2300.000000, 781.000000, 2303.000000,     small-vehicle,     1307
1934.000000, 1442.000000, 1960.000000, 1441.000000, 1962.000000, 1502.000000, 1935.000000, 1504.000000,     small-vehicle,     1309
1284.000000, 1460.000000, 1305.000000, 1460.000000, 1305.000000, 1514.000000, 1283.000000, 1515.000000,     small-vehicle,     1312
2317.000000, 2304.000000, 2350.000000, 2301.000000, 2351.000000, 2364.000000, 2320.000000, 2366.000000,     small-vehicle,     1314
1277.000000, 1373.000000, 1305.000000, 1371.000000, 1304.000000, 1435.000000, 1277.000000, 1435.000000,     small-vehicle,     1330
700.000000, 2274.000000, 769.000000, 2270.000000, 768.000000, 2311.000000, 699.000000, 2314.000000,     small-vehicle,     1331
1273.000000, 1303.000000, 1302.000000, 1303.000000, 1302.000000, 1369.000000, 1273.000000, 1371.000000,     small-vehicle,     1333
1923.000000, 1279.000000, 1950.000000, 1278.000000, 1952.000000, 1334.000000, 1924.000000, 1335.000000,     small-vehicle,     1337
2205.000000, 1214.000000, 2228.000000, 1215.000000, 2231.000000, 1283.000000, 2207.000000, 1284.000000,     small-vehicle,     1342
2719.000000, 1919.000000, 2781.000000, 1916.000000, 2782.000000, 1950.000000, 2720.000000, 1953.000000,     small-vehicle,     1347
1269.000000, 1238.000000, 1295.000000, 1238.000000, 1295.000000, 1295.000000, 1269.000000, 1295.000000,     small-vehicle,     1348
1940.000000, 1149.000000, 1967.000000, 1147.000000, 1969.000000, 1204.000000, 1940.000000, 1205.000000,     small-vehicle,     1360
2195.000000, 1149.000000, 2224.000000, 1149.000000, 2226.000000, 1210.000000, 2196.000000, 1212.000000,     small-vehicle,     1361
1360.000000, 1081.000000, 1414.000000, 1079.000000, 1413.000000, 1109.000000, 1360.000000, 1111.000000,     small-vehicle,     1364
532.000000, 1180.000000, 582.000000, 1179.000000, 581.000000, 1209.000000, 531.000000, 1210.000000,     small-vehicle,     1369
165.000000, 1113.000000, 223.000000, 1111.000000, 222.000000, 1143.000000, 164.000000, 1145.000000,     small-vehicle,     1373
404.000000, 1112.000000, 463.000000, 1111.000000, 462.000000, 1136.000000, 403.000000, 1138.000000,     small-vehicle,     1375
331.000000, 1112.000000, 392.000000, 1110.000000, 392.000000, 1140.000000, 330.000000, 1142.000000,     small-vehicle,     1377
1102.000000, 1095.000000, 1148.000000, 1094.000000, 1148.000000, 1117.000000, 1102.000000, 1118.000000,     small-vehicle,     1378
1359.000000, 1143.000000, 1419.000000, 1142.000000, 1419.000000, 1172.000000, 1359.000000, 1174.000000,     small-vehicle,     1379
3580.000000, 1858.000000, 3634.000000, 1855.000000, 3636.000000, 1881.000000, 3582.000000, 1883.000000,     small-vehicle,     1381
1179.000000, 1090.000000, 1228.000000, 1089.000000, 1228.000000, 1111.000000, 1179.000000, 1112.000000,     small-vehicle,     1384
955.000000, 1096.000000, 1006.000000, 1094.000000, 1006.000000, 1118.000000, 954.000000, 1119.000000,     small-vehicle,     1385
1030.000000, 1096.000000, 1073.000000, 1095.000000, 1073.000000, 1117.000000, 1030.000000, 1118.000000,     small-vehicle,     1386
1232.000000, 1076.000000, 1295.000000, 1074.000000, 1295.000000, 1117.000000, 1232.000000, 1119.000000,     small-vehicle,     1387
1485.000000, 1082.000000, 1541.000000, 1080.000000, 1542.000000, 1106.000000, 1485.000000, 1106.000000,     small-vehicle,     1388
474.000000, 1107.000000, 523.000000, 1105.000000, 523.000000, 1130.000000, 474.000000, 1131.000000,     small-vehicle,     1389
103.000000, 1098.000000, 161.000000, 1096.000000, 160.000000, 1136.000000, 101.000000, 1136.000000,     small-vehicle,     1395
2731.000000, 1015.000000, 2781.000000, 1015.000000, 2782.000000, 1038.000000, 2731.000000, 1039.000000,     small-vehicle,     1397
1267.000000, 1010.000000, 1290.000000, 1009.000000, 1290.000000, 1065.000000, 1266.000000, 1066.000000,     small-vehicle,     1399
1378.000000, 1111.000000, 1439.000000, 1109.000000, 1440.000000, 1138.000000, 1378.000000, 1140.000000,     small-vehicle,     1400
3509.000000, 1861.000000, 3579.000000, 1858.000000, 3582.000000, 1890.000000, 3511.000000, 1892.000000,     small-vehicle,     1402
2390.000000, 1039.000000, 2446.000000, 1038.000000, 2447.000000, 1061.000000, 2391.000000, 1061.000000,     small-vehicle,     1403
2595.000000, 1029.000000, 2643.000000, 1027.000000, 2645.000000, 1053.000000, 2596.000000, 1053.000000,     small-vehicle,     1405
3056.000000, 999.000000, 3117.000000, 999.000000, 3119.000000, 1029.000000, 3058.000000, 1029.000000,     small-vehicle,     1409
3234.000000, 999.000000, 3282.000000, 999.000000, 3284.000000, 1023.000000, 3235.000000, 1024.000000,     small-vehicle,     1410
2887.000000, 1009.000000, 2945.000000, 1008.000000, 2946.000000, 1035.000000, 2889.000000, 1036.000000,     small-vehicle,     1412
2696.000000, 1093.000000, 2749.000000, 1092.000000, 2751.000000, 1123.000000, 2698.000000, 1124.000000,     small-vehicle,     1416
2961.000000, 1004.000000, 3022.000000, 1002.000000, 3024.000000, 1032.000000, 2963.000000, 1033.000000,     small-vehicle,     1418
3357.000000, 992.000000, 3417.000000, 991.000000, 3420.000000, 1018.000000, 3360.000000, 1019.000000,     small-vehicle,     1420
3295.000000, 993.000000, 3346.000000, 992.000000, 3347.000000, 1023.000000, 3297.000000, 1023.000000,     small-vehicle,     1422
1431.000000, 1144.000000, 1470.000000, 1143.000000, 1470.000000, 1168.000000, 1431.000000, 1168.000000,     small-vehicle,     1423
1976.000000, 1158.000000, 2009.000000, 1157.000000, 2010.000000, 1219.000000, 1978.000000, 1219.000000,     small-vehicle,     1424
1969.000000, 1925.000000, 1997.000000, 1924.000000, 1999.000000, 2000.000000, 1970.000000, 2002.000000,     small-vehicle,     1425
2839.000000, 946.000000, 2867.000000, 946.000000, 2870.000000, 998.000000, 2842.000000, 998.000000,     small-vehicle,     1429
718.000000, 1101.000000, 770.000000, 1100.000000, 769.000000, 1128.000000, 718.000000, 1129.000000,     small-vehicle,     1433
2048.000000, 1981.000000, 2082.000000, 1980.000000, 2084.000000, 2057.000000, 2050.000000, 2059.000000,     small-vehicle,     1438
2099.000000, 2310.000000, 2124.000000, 2308.000000, 2125.000000, 2366.000000, 2100.000000, 2368.000000,     small-vehicle,     1449
1254.000000, 758.000000, 1278.000000, 757.000000, 1278.000000, 808.000000, 1254.000000, 808.000000,     small-vehicle,     1451
1909.000000, 757.000000, 1933.000000, 757.000000, 1934.000000, 808.000000, 1910.000000, 808.000000,     small-vehicle,     1452
2810.000000, 732.000000, 2843.000000, 732.000000, 2847.000000, 792.000000, 2813.000000, 793.000000,     small-vehicle,     1453
2180.000000, 668.000000, 2209.000000, 668.000000, 2210.000000, 726.000000, 2181.000000, 726.000000,     small-vehicle,     1458
2152.000000, 670.000000, 2176.000000, 670.000000, 2177.000000, 724.000000, 2154.000000, 724.000000,     small-vehicle,     1459
1614.000000, 1134.000000, 1668.000000, 1133.000000, 1668.000000, 1159.000000, 1614.000000, 1160.000000,     small-vehicle,     1460
1247.000000, 668.000000, 1268.000000, 668.000000, 1268.000000, 714.000000, 1247.000000, 714.000000,     small-vehicle,     1462
2148.000000, 595.000000, 2175.000000, 595.000000, 2177.000000, 653.000000, 2150.000000, 653.000000,     small-vehicle,     1467
1687.000000, 1131.000000, 1751.000000, 1129.000000, 1751.000000, 1155.000000, 1687.000000, 1156.000000,     small-vehicle,     1468
2180.000000, 618.000000, 2208.000000, 618.000000, 2209.000000, 657.000000, 2182.000000, 657.000000,     small-vehicle,     1478
1869.000000, 557.000000, 1895.000000, 557.000000, 1896.000000, 609.000000, 1871.000000, 610.000000,     small-vehicle,     1479
2252.000000, 1919.000000, 2325.000000, 1915.000000, 2328.000000, 1992.000000, 2254.000000, 1995.000000,     large-vehicle,     1487
1939.000000, 1506.000000, 1967.000000, 1505.000000, 1969.000000, 1567.000000, 1940.000000, 1567.000000,     small-vehicle,     1493
1949.000000, 1764.000000, 1972.000000, 1763.000000, 1974.000000, 1826.000000, 1951.000000, 1827.000000,     small-vehicle,     1498
1889.000000, 510.000000, 1917.000000, 510.000000, 1918.000000, 564.000000, 1890.000000, 564.000000,     small-vehicle,     1499
2266.000000, 459.000000, 2329.000000, 459.000000, 2330.000000, 487.000000, 2267.000000, 488.000000,     small-vehicle,     1500
2067.000000, 435.000000, 2083.000000, 434.000000, 2083.000000, 460.000000, 2068.000000, 460.000000,     small-vehicle,     1503
1226.000000, 446.000000, 1250.000000, 446.000000, 1250.000000, 491.000000, 1226.000000, 491.000000,     small-vehicle,     1507
1540.000000, 1138.000000, 1602.000000, 1137.000000, 1602.000000, 1161.000000, 1539.000000, 1162.000000,     small-vehicle,     1508
2124.000000, 386.000000, 2153.000000, 386.000000, 2155.000000, 440.000000, 2126.000000, 441.000000,     small-vehicle,     1509
2530.000000, 1033.000000, 2578.000000, 1031.000000, 2580.000000, 1056.000000, 2532.000000, 1057.000000,     small-vehicle,     1510
2481.000000, 440.000000, 2529.000000, 440.000000, 2530.000000, 465.000000, 2482.000000, 465.000000,     small-vehicle,     1511
2779.000000, 408.000000, 2802.000000, 408.000000, 2805.000000, 463.000000, 2781.000000, 463.000000,     small-vehicle,     1515
1224.000000, 396.000000, 1252.000000, 396.000000, 1252.000000, 446.000000, 1224.000000, 446.000000,     small-vehicle,     1517
215.000000, 1148.000000, 270.000000, 1148.000000, 268.000000, 1193.000000, 213.000000, 1194.000000,     small-vehicle,     1518
3252.000000, 1061.000000, 3317.000000, 1060.000000, 3318.000000, 1083.000000, 3254.000000, 1085.000000,     small-vehicle,     1521
1852.000000, 333.000000, 1878.000000, 333.000000, 1880.000000, 391.000000, 1853.000000, 392.000000,     small-vehicle,     1522
2984.000000, 1087.000000, 3029.000000, 1086.000000, 3031.000000, 1110.000000, 2984.000000, 1111.000000,     small-vehicle,     1525
2144.000000, 331.000000, 2171.000000, 330.000000, 2173.000000, 382.000000, 2146.000000, 382.000000,     small-vehicle,     1529
2423.000000, 1102.000000, 2458.000000, 1101.000000, 2458.000000, 1122.000000, 2424.000000, 1123.000000,     small-vehicle,     1530
2528.000000, 1101.000000, 2583.000000, 1099.000000, 2584.000000, 1124.000000, 2529.000000, 1125.000000,     small-vehicle,     1531
2344.000000, 453.000000, 2402.000000, 453.000000, 2403.000000, 484.000000, 2344.000000, 484.000000,     small-vehicle,     1532
2406.000000, 448.000000, 2464.000000, 449.000000, 2466.000000, 480.000000, 2408.000000, 480.000000,     small-vehicle,     1533
2140.000000, 256.000000, 2166.000000, 256.000000, 2167.000000, 306.000000, 2142.000000, 306.000000,     small-vehicle,     1536
1849.000000, 269.000000, 1873.000000, 269.000000, 1874.000000, 322.000000, 1850.000000, 322.000000,     small-vehicle,     1537
2457.000000, 1033.000000, 2506.000000, 1031.000000, 2508.000000, 1060.000000, 2458.000000, 1061.000000,     small-vehicle,     1541
596.000000, 333.000000, 623.000000, 333.000000, 622.000000, 380.000000, 595.000000, 381.000000,     small-vehicle,     1542
3197.000000, 1076.000000, 3238.000000, 1075.000000, 3239.000000, 1098.000000, 3198.000000, 1098.000000,     small-vehicle,     1543
1223.000000, 244.000000, 1246.000000, 244.000000, 1246.000000, 286.000000, 1223.000000, 286.000000,     small-vehicle,     1548
1853.000000, 206.000000, 1876.000000, 206.000000, 1877.000000, 259.000000, 1853.000000, 259.000000,     small-vehicle,     1549
1252.000000, 716.000000, 1274.000000, 716.000000, 1274.000000, 747.000000, 1253.000000, 747.000000,     small-vehicle,     1550
2137.000000, 183.000000, 2161.000000, 183.000000, 2163.000000, 240.000000, 2139.000000, 240.000000,     small-vehicle,     1552
