2141.000000, 529.000000, 2168.000000, 527.000000, 2168.000000, 591.000000, 2140.000000, 592.000000,     small-vehicle,     148
2334.000000, 2741.000000, 2361.000000, 2740.000000, 2360.000000, 2798.000000, 2334.000000, 2800.000000,     small-vehicle,     1113
2009.000000, 2766.000000, 2033.000000, 2765.000000, 2032.000000, 2810.000000, 2009.000000, 2811.000000,     small-vehicle,     1115
2000.000000, 2677.000000, 2032.000000, 2675.000000, 2032.000000, 2737.000000, 2000.000000, 2738.000000,     small-vehicle,     1140
2034.000000, 2653.000000, 2080.000000, 2651.000000, 2080.000000, 2786.000000, 2033.000000, 2788.000000,     large-vehicle,     1141
2298.000000, 2684.000000, 2327.000000, 2683.000000, 2327.000000, 2742.000000, 2297.000000, 2743.000000,     small-vehicle,     1142
2002.000000, 2599.000000, 2031.000000, 2598.000000, 2031.000000, 2663.000000, 2001.000000, 2664.000000,     small-vehicle,     1168
2298.000000, 2593.000000, 2327.000000, 2592.000000, 2326.000000, 2659.000000, 2298.000000, 2661.000000,     small-vehicle,     1175
1334.000000, 2718.000000, 1359.000000, 2717.000000, 1359.000000, 2774.000000, 1333.000000, 2775.000000,     small-vehicle,     1179
2022.000000, 2487.000000, 2055.000000, 2486.000000, 2055.000000, 2553.000000, 2022.000000, 2555.000000,     small-vehicle,     1205
1995.000000, 2423.000000, 2026.000000, 2421.000000, 2026.000000, 2486.000000, 1995.000000, 2487.000000,     small-vehicle,     1211
2461.000000, 2465.000000, 2500.000000, 2463.000000, 2500.000000, 2486.000000, 2461.000000, 2488.000000,     small-vehicle,     1216
2289.000000, 2416.000000, 2317.000000, 2414.000000, 2316.000000, 2474.000000, 2289.000000, 2475.000000,     small-vehicle,     1232
1999.000000, 2351.000000, 2030.000000, 2349.000000, 2030.000000, 2406.000000, 1998.000000, 2408.000000,     small-vehicle,     1236
1322.000000, 2418.000000, 1350.000000, 2417.000000, 1350.000000, 2483.000000, 1322.000000, 2485.000000,     small-vehicle,     1250
1986.000000, 2273.000000, 2016.000000, 2271.000000, 2015.000000, 2335.000000, 1986.000000, 2336.000000,     small-vehicle,     1254
2285.000000, 2232.000000, 2324.000000, 2231.000000, 2324.000000, 2303.000000, 2285.000000, 2304.000000,     small-vehicle,     1257
2307.000000, 2310.000000, 2342.000000, 2308.000000, 2342.000000, 2383.000000, 2307.000000, 2385.000000,     small-vehicle,     1258
1321.000000, 2301.000000, 1349.000000, 2300.000000, 1349.000000, 2371.000000, 1320.000000, 2372.000000,     small-vehicle,     1273
2269.000000, 2135.000000, 2296.000000, 2133.000000, 2296.000000, 2195.000000, 2268.000000, 2196.000000,     small-vehicle,     1277
1980.000000, 2181.000000, 2009.000000, 2179.000000, 2009.000000, 2248.000000, 1980.000000, 2250.000000,     small-vehicle,     1282
2222.000000, 2027.000000, 2251.000000, 2026.000000, 2251.000000, 2095.000000, 2221.000000, 2096.000000,     small-vehicle,     1290
1315.000000, 2219.000000, 1338.000000, 2218.000000, 1338.000000, 2261.000000, 1315.000000, 2262.000000,     small-vehicle,     1293
2300.000000, 2086.000000, 2329.000000, 2085.000000, 2329.000000, 2154.000000, 2300.000000, 2155.000000,     small-vehicle,     1298
2484.000000, 2543.000000, 2544.000000, 2540.000000, 2544.000000, 2562.000000, 2484.000000, 2565.000000,     small-vehicle,     1303
1972.000000, 2023.000000, 2002.000000, 2022.000000, 2002.000000, 2083.000000, 1972.000000, 2085.000000,     small-vehicle,     1309
1312.000000, 2084.000000, 1336.000000, 2083.000000, 1336.000000, 2139.000000, 1312.000000, 2140.000000,     small-vehicle,     1312
1305.000000, 1995.000000, 1332.000000, 1994.000000, 1332.000000, 2058.000000, 1305.000000, 2059.000000,     small-vehicle,     1330
1302.000000, 1924.000000, 1329.000000, 1923.000000, 1329.000000, 1983.000000, 1301.000000, 1985.000000,     small-vehicle,     1333
1965.000000, 1854.000000, 1994.000000, 1853.000000, 1993.000000, 1908.000000, 1965.000000, 1910.000000,     small-vehicle,     1337
2264.000000, 1791.000000, 2289.000000, 1790.000000, 2289.000000, 1859.000000, 2264.000000, 1860.000000,     small-vehicle,     1342
2777.000000, 2512.000000, 2843.000000, 2509.000000, 2843.000000, 2543.000000, 2777.000000, 2546.000000,     small-vehicle,     1347
1299.000000, 1857.000000, 1323.000000, 1856.000000, 1323.000000, 1909.000000, 1299.000000, 1910.000000,     small-vehicle,     1348
1987.000000, 1724.000000, 2018.000000, 1722.000000, 2018.000000, 1780.000000, 1987.000000, 1781.000000,     small-vehicle,     1360
2256.000000, 1726.000000, 2287.000000, 1725.000000, 2287.000000, 1788.000000, 2256.000000, 1789.000000,     small-vehicle,     1361
1388.000000, 1692.000000, 1441.000000, 1690.000000, 1441.000000, 1716.000000, 1388.000000, 1718.000000,     small-vehicle,     1364
566.000000, 1811.000000, 614.000000, 1809.000000, 614.000000, 1838.000000, 566.000000, 1841.000000,     small-vehicle,     1369
207.000000, 1755.000000, 261.000000, 1752.000000, 261.000000, 1784.000000, 207.000000, 1787.000000,     small-vehicle,     1373
444.000000, 1748.000000, 495.000000, 1746.000000, 495.000000, 1770.000000, 444.000000, 1773.000000,     small-vehicle,     1375
363.000000, 1748.000000, 426.000000, 1745.000000, 426.000000, 1777.000000, 363.000000, 1780.000000,     small-vehicle,     1377
1388.000000, 1752.000000, 1449.000000, 1749.000000, 1449.000000, 1780.000000, 1388.000000, 1783.000000,     small-vehicle,     1379
3708.000000, 2442.000000, 3769.000000, 2439.000000, 3768.000000, 2466.000000, 3708.000000, 2469.000000,     small-vehicle,     1381
1205.000000, 1701.000000, 1257.000000, 1698.000000, 1257.000000, 1726.000000, 1205.000000, 1728.000000,     small-vehicle,     1384
977.000000, 1715.000000, 1029.000000, 1713.000000, 1029.000000, 1736.000000, 977.000000, 1739.000000,     small-vehicle,     1385
1056.000000, 1714.000000, 1097.000000, 1712.000000, 1097.000000, 1733.000000, 1056.000000, 1735.000000,     small-vehicle,     1386
1259.000000, 1690.000000, 1321.000000, 1687.000000, 1321.000000, 1726.000000, 1259.000000, 1729.000000,     small-vehicle,     1387
1516.000000, 1683.000000, 1574.000000, 1681.000000, 1574.000000, 1710.000000, 1516.000000, 1712.000000,     small-vehicle,     1388
509.000000, 1740.000000, 555.000000, 1738.000000, 555.000000, 1762.000000, 509.000000, 1764.000000,     small-vehicle,     1389
2840.000000, 1585.000000, 2893.000000, 1583.000000, 2892.000000, 1608.000000, 2840.000000, 1610.000000,     small-vehicle,     1397
1292.000000, 1619.000000, 1319.000000, 1618.000000, 1319.000000, 1674.000000, 1292.000000, 1676.000000,     small-vehicle,     1399
1375.000000, 1722.000000, 1433.000000, 1719.000000, 1433.000000, 1751.000000, 1375.000000, 1754.000000,     small-vehicle,     1400
3638.000000, 2444.000000, 3701.000000, 2441.000000, 3700.000000, 2473.000000, 3637.000000, 2476.000000,     small-vehicle,     1402
2470.000000, 1616.000000, 2528.000000, 1613.000000, 2528.000000, 1636.000000, 2470.000000, 1639.000000,     small-vehicle,     1403
2689.000000, 1602.000000, 2743.000000, 1600.000000, 2743.000000, 1627.000000, 2688.000000, 1629.000000,     small-vehicle,     1405
3196.000000, 1566.000000, 3265.000000, 1562.000000, 3265.000000, 1588.000000, 3196.000000, 1591.000000,     small-vehicle,     1409
3398.000000, 1556.000000, 3449.000000, 1554.000000, 3449.000000, 1578.000000, 3398.000000, 1581.000000,     small-vehicle,     1410
3011.000000, 1572.000000, 3073.000000, 1569.000000, 3072.000000, 1598.000000, 3011.000000, 1601.000000,     small-vehicle,     1412
2797.000000, 1668.000000, 2854.000000, 1665.000000, 2854.000000, 1694.000000, 2797.000000, 1696.000000,     small-vehicle,     1416
3092.000000, 1566.000000, 3156.000000, 1563.000000, 3155.000000, 1593.000000, 3092.000000, 1596.000000,     small-vehicle,     1418
3538.000000, 1547.000000, 3605.000000, 1544.000000, 3605.000000, 1569.000000, 3538.000000, 1572.000000,     small-vehicle,     1420
3467.000000, 1547.000000, 3520.000000, 1544.000000, 3520.000000, 1574.000000, 3467.000000, 1577.000000,     small-vehicle,     1422
1469.000000, 1749.000000, 1511.000000, 1747.000000, 1511.000000, 1774.000000, 1468.000000, 1776.000000,     small-vehicle,     1423
2039.000000, 1917.000000, 2069.000000, 1915.000000, 2068.000000, 1976.000000, 2039.000000, 1977.000000,     small-vehicle,     1424
1996.000000, 2515.000000, 2025.000000, 2514.000000, 2024.000000, 2586.000000, 1996.000000, 2587.000000,     small-vehicle,     1425
2965.000000, 1508.000000, 2992.000000, 1507.000000, 2992.000000, 1561.000000, 2965.000000, 1562.000000,     small-vehicle,     1429
746.000000, 1729.000000, 795.000000, 1727.000000, 795.000000, 1751.000000, 746.000000, 1754.000000,     small-vehicle,     1433
1282.000000, 1361.000000, 1308.000000, 1359.000000, 1308.000000, 1411.000000, 1282.000000, 1412.000000,     small-vehicle,     1451
1965.000000, 1335.000000, 1990.000000, 1334.000000, 1989.000000, 1387.000000, 1965.000000, 1388.000000,     small-vehicle,     1452
2943.000000, 1281.000000, 2980.000000, 1280.000000, 2980.000000, 1342.000000, 2942.000000, 1344.000000,     small-vehicle,     1453
2257.000000, 1230.000000, 2287.000000, 1229.000000, 2287.000000, 1292.000000, 2256.000000, 1293.000000,     small-vehicle,     1458
2227.000000, 1236.000000, 2253.000000, 1235.000000, 2252.000000, 1289.000000, 2227.000000, 1290.000000,     small-vehicle,     1459
1647.000000, 1736.000000, 1705.000000, 1733.000000, 1705.000000, 1759.000000, 1647.000000, 1761.000000,     small-vehicle,     1460
1275.000000, 1268.000000, 1296.000000, 1267.000000, 1296.000000, 1316.000000, 1275.000000, 1317.000000,     small-vehicle,     1462
2226.000000, 1154.000000, 2254.000000, 1153.000000, 2254.000000, 1218.000000, 2226.000000, 1219.000000,     small-vehicle,     1467
1723.000000, 1730.000000, 1785.000000, 1728.000000, 1785.000000, 1751.000000, 1723.000000, 1754.000000,     small-vehicle,     1468
2260.000000, 1176.000000, 2289.000000, 1174.000000, 2288.000000, 1219.000000, 2260.000000, 1221.000000,     small-vehicle,     1478
1929.000000, 1123.000000, 1954.000000, 1122.000000, 1953.000000, 1180.000000, 1929.000000, 1181.000000,     small-vehicle,     1479
2301.000000, 2506.000000, 2379.000000, 2502.000000, 2379.000000, 2567.000000, 2301.000000, 2571.000000,     large-vehicle,     1487
1979.000000, 2104.000000, 2006.000000, 2103.000000, 2006.000000, 2163.000000, 1979.000000, 2164.000000,     small-vehicle,     1493
1979.000000, 2357.000000, 2005.000000, 2356.000000, 2005.000000, 2420.000000, 1979.000000, 2421.000000,     small-vehicle,     1498
1952.000000, 1074.000000, 1979.000000, 1073.000000, 1978.000000, 1131.000000, 1952.000000, 1132.000000,     small-vehicle,     1499
2361.000000, 1003.000000, 2426.000000, 1000.000000, 2426.000000, 1029.000000, 2361.000000, 1032.000000,     small-vehicle,     1500
2128.000000, 757.000000, 2146.000000, 756.000000, 2146.000000, 785.000000, 2128.000000, 786.000000,     small-vehicle,     1503
1255.000000, 1032.000000, 1278.000000, 1031.000000, 1278.000000, 1080.000000, 1254.000000, 1081.000000,     small-vehicle,     1507
1575.000000, 1741.000000, 1634.000000, 1739.000000, 1634.000000, 1764.000000, 1575.000000, 1767.000000,     small-vehicle,     1508
2208.000000, 927.000000, 2237.000000, 926.000000, 2237.000000, 986.000000, 2208.000000, 987.000000,     small-vehicle,     1509
2614.000000, 1607.000000, 2673.000000, 1604.000000, 2673.000000, 1630.000000, 2614.000000, 1632.000000,     small-vehicle,     1510
2591.000000, 975.000000, 2650.000000, 973.000000, 2650.000000, 1002.000000, 2591.000000, 1004.000000,     small-vehicle,     1511
2929.000000, 923.000000, 2957.000000, 922.000000, 2957.000000, 986.000000, 2929.000000, 987.000000,     small-vehicle,     1515
1252.000000, 979.000000, 1280.000000, 978.000000, 1279.000000, 1029.000000, 1252.000000, 1030.000000,     small-vehicle,     1517
254.000000, 1785.000000, 311.000000, 1782.000000, 311.000000, 1831.000000, 254.000000, 1834.000000,     small-vehicle,     1518
1916.000000, 885.000000, 1942.000000, 884.000000, 1941.000000, 946.000000, 1916.000000, 947.000000,     small-vehicle,     1522
3100.000000, 1653.000000, 3170.000000, 1650.000000, 3170.000000, 1675.000000, 3100.000000, 1678.000000,     small-vehicle,     1525
2233.000000, 870.000000, 2260.000000, 869.000000, 2260.000000, 924.000000, 2233.000000, 925.000000,     small-vehicle,     1529
2503.000000, 1680.000000, 2537.000000, 1678.000000, 2537.000000, 1702.000000, 2503.000000, 1703.000000,     small-vehicle,     1530
2617.000000, 1677.000000, 2670.000000, 1674.000000, 2670.000000, 1701.000000, 2617.000000, 1703.000000,     small-vehicle,     1531
2444.000000, 994.000000, 2509.000000, 991.000000, 2508.000000, 1023.000000, 2444.000000, 1026.000000,     small-vehicle,     1532
2513.000000, 983.000000, 2580.000000, 980.000000, 2580.000000, 1015.000000, 2512.000000, 1018.000000,     small-vehicle,     1533
2230.000000, 786.000000, 2258.000000, 784.000000, 2257.000000, 840.000000, 2230.000000, 841.000000,     small-vehicle,     1536
1913.000000, 817.000000, 1940.000000, 816.000000, 1940.000000, 874.000000, 1913.000000, 876.000000,     small-vehicle,     1537
2542.000000, 1609.000000, 2593.000000, 1607.000000, 2592.000000, 1633.000000, 2542.000000, 1636.000000,     small-vehicle,     1541
1250.000000, 812.000000, 1274.000000, 811.000000, 1274.000000, 861.000000, 1250.000000, 862.000000,     small-vehicle,     1548
1920.000000, 747.000000, 1944.000000, 746.000000, 1944.000000, 803.000000, 1920.000000, 804.000000,     small-vehicle,     1549
2229.000000, 706.000000, 2257.000000, 705.000000, 2257.000000, 767.000000, 2229.000000, 768.000000,     small-vehicle,     1552
1244.000000, 729.000000, 1269.000000, 728.000000, 1269.000000, 787.000000, 1244.000000, 788.000000,     small-vehicle,     1554
2123.000000, 834.000000, 2141.000000, 833.000000, 2141.000000, 860.000000, 2123.000000, 861.000000,     small-vehicle,     1556
1902.000000, 668.000000, 1930.000000, 666.000000, 1930.000000, 725.000000, 1901.000000, 726.000000,     small-vehicle,     1562
3410.000000, 1626.000000, 3485.000000, 1623.000000, 3485.000000, 1648.000000, 3410.000000, 1651.000000,     large-vehicle,     1564
1929.000000, 615.000000, 1954.000000, 614.000000, 1954.000000, 673.000000, 1928.000000, 674.000000,     small-vehicle,     1566
2915.000000, 691.000000, 2944.000000, 690.000000, 2943.000000, 753.000000, 2914.000000, 754.000000,     small-vehicle,     1567
3182.000000, 1642.000000, 3252.000000, 1638.000000, 3252.000000, 1666.000000, 3182.000000, 1669.000000,     small-vehicle,     1568
2315.000000, 2148.000000, 2340.000000, 2147.000000, 2339.000000, 2182.000000, 2315.000000, 2183.000000,     small-vehicle,     1570
2192.000000, 604.000000, 2225.000000, 603.000000, 2224.000000, 665.000000, 2192.000000, 666.000000,     small-vehicle,     1571
685.000000, 632.000000, 741.000000, 629.000000, 741.000000, 662.000000, 685.000000, 665.000000,     small-vehicle,     1573
815.000000, 622.000000, 873.000000, 619.000000, 873.000000, 646.000000, 815.000000, 648.000000,     small-vehicle,     1574
397.000000, 640.000000, 454.000000, 638.000000, 454.000000, 669.000000, 398.000000, 671.000000,     small-vehicle,     1575
885.000000, 617.000000, 941.000000, 615.000000, 941.000000, 644.000000, 885.000000, 646.000000,     small-vehicle,     1576
3412.000000, 1606.000000, 3483.000000, 1602.000000, 3483.000000, 1628.000000, 3412.000000, 1631.000000,     small-vehicle,     1577
473.000000, 643.000000, 518.000000, 641.000000, 518.000000, 668.000000, 473.000000, 670.000000,     small-vehicle,     1578
3333.000000, 1635.000000, 3402.000000, 1632.000000, 3402.000000, 1659.000000, 3333.000000, 1662.000000,     small-vehicle,     1579
1277.000000, 1297.000000, 1303.000000, 1296.000000, 1303.000000, 1331.000000, 1277.000000, 1332.000000,     small-vehicle,     1580
620.000000, 1267.000000, 655.000000, 1265.000000, 655.000000, 1328.000000, 620.000000, 1330.000000,     small-vehicle,     1582
2240.000000, 616.000000, 2257.000000, 615.000000, 2257.000000, 664.000000, 2239.000000, 664.000000,     small-vehicle,     1583
753.000000, 624.000000, 804.000000, 622.000000, 804.000000, 654.000000, 753.000000, 656.000000,     small-vehicle,     1585
1730.000000, 527.000000, 1790.000000, 524.000000, 1790.000000, 559.000000, 1730.000000, 562.000000,     small-vehicle,     1586
3414.000000, 1630.000000, 3483.000000, 1627.000000, 3483.000000, 1653.000000, 3414.000000, 1657.000000,     small-vehicle,     1587
1619.000000, 534.000000, 1671.000000, 531.000000, 1671.000000, 561.000000, 1619.000000, 564.000000,     small-vehicle,     1588
1235.000000, 581.000000, 1284.000000, 578.000000, 1284.000000, 607.000000, 1234.000000, 609.000000,     small-vehicle,     1589
1467.000000, 556.000000, 1522.000000, 554.000000, 1522.000000, 585.000000, 1467.000000, 587.000000,     small-vehicle,     1590
138.000000, 2226.000000, 182.000000, 2224.000000, 183.000000, 2302.000000, 138.000000, 2304.000000,     large-vehicle,     1591
562.000000, 1552.000000, 590.000000, 1551.000000, 590.000000, 1634.000000, 562.000000, 1635.000000,     large-vehicle,     1592
2305.000000, 2312.000000, 2344.000000, 2310.000000, 2343.000000, 2389.000000, 2305.000000, 2390.000000,     large-vehicle,     1593
345.000000, 584.000000, 375.000000, 582.000000, 375.000000, 633.000000, 345.000000, 634.000000,     small-vehicle,     1594
3412.000000, 1631.000000, 3485.000000, 1628.000000, 3485.000000, 1652.000000, 3412.000000, 1656.000000,     small-vehicle,     1595
1130.000000, 1709.000000, 1176.000000, 1707.000000, 1176.000000, 1728.000000, 1130.000000, 1730.000000,     small-vehicle,     1596
1954.000000, 1804.000000, 1978.000000, 1803.000000, 1978.000000, 1854.000000, 1954.000000, 1855.000000,     small-vehicle,     1597
560.000000, 1349.000000, 608.000000, 1347.000000, 608.000000, 1378.000000, 560.000000, 1380.000000,     small-vehicle,     1598
