2177.000000, 1215.000000, 2237.000000, 1215.000000, 2237.000000, 1283.000000, 2177.000000, 1283.000000,   small-vehicle,   1290
2310.000000, 1765.000000, 2338.000000, 1765.000000, 2338.000000, 1810.000000, 2310.000000, 1810.000000,   small-vehicle,   1478
1974.000000, 1697.000000, 1999.000000, 1697.000000, 1999.000000, 1749.000000, 1974.000000, 1749.000000,   small-vehicle,   1479
2000.000000, 1647.000000, 2023.000000, 1647.000000, 2023.000000, 1707.000000, 2000.000000, 1707.000000,   small-vehicle,   1499
1294.000000, 1581.000000, 1319.000000, 1581.000000, 1319.000000, 1625.000000, 1294.000000, 1625.000000,   small-vehicle,   1507
2256.000000, 1523.000000, 2287.000000, 1523.000000, 2287.000000, 1584.000000, 2256.000000, 1584.000000,   small-vehicle,   1509
2984.000000, 1573.000000, 3011.000000, 1573.000000, 3011.000000, 1635.000000, 2984.000000, 1635.000000,   small-vehicle,   1515
1293.000000, 1527.000000, 1319.000000, 1527.000000, 1319.000000, 1581.000000, 1293.000000, 1581.000000,   small-vehicle,   1517
1960.000000, 1473.000000, 1986.000000, 1473.000000, 1986.000000, 1528.000000, 1960.000000, 1528.000000,   small-vehicle,   1522
2277.000000, 1464.000000, 2310.000000, 1464.000000, 2310.000000, 1525.000000, 2277.000000, 1525.000000,   small-vehicle,   1529
2275.000000, 1392.000000, 2304.000000, 1392.000000, 2304.000000, 1447.000000, 2275.000000, 1447.000000,   small-vehicle,   1536
1959.000000, 1403.000000, 1983.000000, 1403.000000, 1983.000000, 1461.000000, 1959.000000, 1461.000000,   small-vehicle,   1537
1291.000000, 1367.000000, 1316.000000, 1367.000000, 1316.000000, 1420.000000, 1291.000000, 1420.000000,   small-vehicle,   1548
1959.000000, 1334.000000, 1987.000000, 1334.000000, 1987.000000, 1394.000000, 1959.000000, 1394.000000,   small-vehicle,   1549
2274.000000, 1315.000000, 2303.000000, 1315.000000, 2303.000000, 1376.000000, 2274.000000, 1376.000000,   small-vehicle,   1552
1285.000000, 1290.000000, 1310.000000, 1290.000000, 1310.000000, 1348.000000, 1285.000000, 1348.000000,   small-vehicle,   1554
1947.000000, 1268.000000, 1973.000000, 1268.000000, 1973.000000, 1318.000000, 1947.000000, 1318.000000,   small-vehicle,   1562
1973.000000, 1221.000000, 1999.000000, 1221.000000, 1999.000000, 1272.000000, 1973.000000, 1272.000000,   small-vehicle,   1566
2238.000000, 1222.000000, 2271.000000, 1222.000000, 2271.000000, 1285.000000, 2238.000000, 1285.000000,   small-vehicle,   1571
728.000000, 1183.000000, 785.000000, 1183.000000, 785.000000, 1206.000000, 728.000000, 1206.000000,   small-vehicle,   1573
854.000000, 1180.000000, 910.000000, 1180.000000, 910.000000, 1202.000000, 854.000000, 1202.000000,   small-vehicle,   1574
439.000000, 1175.000000, 496.000000, 1175.000000, 496.000000, 1203.000000, 439.000000, 1203.000000,   small-vehicle,   1575
928.000000, 1178.000000, 972.000000, 1178.000000, 972.000000, 1196.000000, 928.000000, 1196.000000,   small-vehicle,   1576
510.000000, 1182.000000, 562.000000, 1182.000000, 562.000000, 1209.000000, 510.000000, 1209.000000,   small-vehicle,   1578
799.000000, 1180.000000, 842.000000, 1180.000000, 842.000000, 1201.000000, 799.000000, 1201.000000,   small-vehicle,   1585
1774.000000, 1131.000000, 1828.000000, 1131.000000, 1828.000000, 1155.000000, 1774.000000, 1155.000000,   small-vehicle,   1586
1511.000000, 1143.000000, 1561.000000, 1143.000000, 1561.000000, 1169.000000, 1511.000000, 1169.000000,   small-vehicle,   1590
388.000000, 1114.000000, 413.000000, 1114.000000, 413.000000, 1170.000000, 388.000000, 1170.000000,   small-vehicle,   1594
1959.000000, 1066.000000, 1990.000000, 1066.000000, 1990.000000, 1116.000000, 1959.000000, 1116.000000,   small-vehicle,   1602
2927.000000, 1061.000000, 2994.000000, 1061.000000, 2994.000000, 1094.000000, 2927.000000, 1094.000000,   small-vehicle,   1614
321.000000, 1036.000000, 368.000000, 1036.000000, 368.000000, 1092.000000, 321.000000, 1092.000000,   small-vehicle,   1615
2232.000000, 1042.000000, 2256.000000, 1042.000000, 2256.000000, 1093.000000, 2232.000000, 1093.000000,   small-vehicle,   1623
3492.000000, 1039.000000, 3557.000000, 1039.000000, 3557.000000, 1065.000000, 3492.000000, 1065.000000,   small-vehicle,   1628
3416.000000, 1041.000000, 3475.000000, 1041.000000, 3475.000000, 1067.000000, 3416.000000, 1067.000000,   small-vehicle,   1631
85.000000, 1091.000000, 140.000000, 1091.000000, 140.000000, 1130.000000, 85.000000, 1130.000000,   small-vehicle,   1632
2225.000000, 970.000000, 2256.000000, 970.000000, 2256.000000, 1035.000000, 2225.000000, 1035.000000,   small-vehicle,   1633
1928.000000, 901.000000, 1955.000000, 901.000000, 1955.000000, 955.000000, 1928.000000, 955.000000,   small-vehicle,   1637
3226.000000, 931.000000, 3262.000000, 931.000000, 3262.000000, 992.000000, 3226.000000, 992.000000,   small-vehicle,   1638
434.000000, 917.000000, 464.000000, 917.000000, 464.000000, 979.000000, 434.000000, 979.000000,   small-vehicle,   1643
504.000000, 900.000000, 555.000000, 900.000000, 555.000000, 941.000000, 504.000000, 941.000000,   small-vehicle,   1646
359.000000, 896.000000, 385.000000, 896.000000, 385.000000, 945.000000, 359.000000, 945.000000,   small-vehicle,   1650
2975.000000, 1440.000000, 3007.000000, 1440.000000, 3007.000000, 1499.000000, 2975.000000, 1499.000000,   small-vehicle,   1651
2247.000000, 845.000000, 2277.000000, 845.000000, 2277.000000, 907.000000, 2247.000000, 907.000000,   small-vehicle,   1656
1925.000000, 831.000000, 1953.000000, 831.000000, 1953.000000, 887.000000, 1925.000000, 887.000000,   small-vehicle,   1658
1039.000000, 1223.000000, 1090.000000, 1223.000000, 1090.000000, 1250.000000, 1039.000000, 1250.000000,   small-vehicle,   1659
3049.000000, 1689.000000, 3110.000000, 1689.000000, 3110.000000, 1721.000000, 3049.000000, 1721.000000,   small-vehicle,   1664
3223.000000, 853.000000, 3260.000000, 853.000000, 3260.000000, 910.000000, 3223.000000, 910.000000,   small-vehicle,   1665
357.000000, 835.000000, 388.000000, 835.000000, 388.000000, 888.000000, 357.000000, 888.000000,   small-vehicle,   1666
2971.000000, 1500.000000, 3011.000000, 1500.000000, 3011.000000, 1565.000000, 2971.000000, 1565.000000,   small-vehicle,   1667
2558.000000, 1661.000000, 2618.000000, 1661.000000, 2618.000000, 1695.000000, 2558.000000, 1695.000000,   small-vehicle,   1671
2208.000000, 780.000000, 2235.000000, 780.000000, 2235.000000, 833.000000, 2208.000000, 833.000000,   small-vehicle,   1680
1951.000000, 800.000000, 1978.000000, 800.000000, 1978.000000, 851.000000, 1951.000000, 851.000000,   small-vehicle,   1683
1926.000000, 773.000000, 1951.000000, 773.000000, 1951.000000, 822.000000, 1926.000000, 822.000000,   small-vehicle,   1687
3252.000000, 1118.000000, 3318.000000, 1118.000000, 3318.000000, 1149.000000, 3252.000000, 1149.000000,   small-vehicle,   1688
2963.000000, 1234.000000, 2990.000000, 1234.000000, 2990.000000, 1276.000000, 2963.000000, 1276.000000,   small-vehicle,   1689
2466.000000, 1160.000000, 2519.000000, 1160.000000, 2519.000000, 1181.000000, 2466.000000, 1181.000000,   small-vehicle,   1693
2243.000000, 762.000000, 2270.000000, 762.000000, 2270.000000, 815.000000, 2243.000000, 815.000000,   small-vehicle,   1697
1952.000000, 724.000000, 1980.000000, 724.000000, 1980.000000, 788.000000, 1952.000000, 788.000000,   small-vehicle,   1699
2862.000000, 1658.000000, 2919.000000, 1658.000000, 2919.000000, 1684.000000, 2862.000000, 1684.000000,   small-vehicle,   1702
2242.000000, 690.000000, 2270.000000, 690.000000, 2270.000000, 738.000000, 2242.000000, 738.000000,   small-vehicle,   1705
2154.000000, 482.000000, 2182.000000, 482.000000, 2182.000000, 550.000000, 2154.000000, 550.000000,   small-vehicle,   1706
1936.000000, 627.000000, 1962.000000, 627.000000, 1962.000000, 680.000000, 1936.000000, 680.000000,   small-vehicle,   1708
1915.000000, 690.000000, 1946.000000, 690.000000, 1946.000000, 748.000000, 1915.000000, 748.000000,   small-vehicle,   1709
232.000000, 1224.000000, 277.000000, 1224.000000, 277.000000, 1284.000000, 232.000000, 1284.000000,   small-vehicle,   1710
1955.000000, 1547.000000, 1989.000000, 1547.000000, 1989.000000, 1621.000000, 1955.000000, 1621.000000,   small-vehicle,   1712
3222.000000, 626.000000, 3253.000000, 626.000000, 3253.000000, 686.000000, 3222.000000, 686.000000,   small-vehicle,   1715
2284.000000, 1257.000000, 2306.000000, 1257.000000, 2306.000000, 1304.000000, 2284.000000, 1304.000000,   small-vehicle,   1719
2724.000000, 610.000000, 2751.000000, 610.000000, 2751.000000, 662.000000, 2724.000000, 662.000000,   small-vehicle,   1727
2642.000000, 601.000000, 2673.000000, 601.000000, 2673.000000, 660.000000, 2642.000000, 660.000000,   small-vehicle,   1728
2230.000000, 559.000000, 2256.000000, 559.000000, 2256.000000, 626.000000, 2230.000000, 626.000000,   small-vehicle,   1729
2536.000000, 1154.000000, 2593.000000, 1154.000000, 2593.000000, 1182.000000, 2536.000000, 1182.000000,   small-vehicle,   1730
2763.000000, 596.000000, 2794.000000, 596.000000, 2794.000000, 655.000000, 2763.000000, 655.000000,   small-vehicle,   1731
400.000000, 1250.000000, 466.000000, 1250.000000, 466.000000, 1283.000000, 400.000000, 1283.000000,   small-vehicle,   1732
2610.000000, 603.000000, 2634.000000, 603.000000, 2634.000000, 656.000000, 2610.000000, 656.000000,   small-vehicle,   1737
2809.000000, 593.000000, 2838.000000, 593.000000, 2838.000000, 650.000000, 2809.000000, 650.000000,   small-vehicle,   1739
1918.000000, 533.000000, 1948.000000, 533.000000, 1948.000000, 594.000000, 1918.000000, 594.000000,   small-vehicle,   1742
2198.000000, 524.000000, 2225.000000, 524.000000, 2225.000000, 587.000000, 2198.000000, 587.000000,   small-vehicle,   1744
1461.000000, 1207.000000, 1501.000000, 1207.000000, 1501.000000, 1223.000000, 1461.000000, 1223.000000,   small-vehicle,   1747
543.000000, 1246.000000, 594.000000, 1246.000000, 594.000000, 1275.000000, 543.000000, 1275.000000,   small-vehicle,   1752
1898.000000, 422.000000, 1929.000000, 422.000000, 1929.000000, 483.000000, 1898.000000, 483.000000,   small-vehicle,   1760
3168.000000, 1121.000000, 3231.000000, 1121.000000, 3231.000000, 1149.000000, 3168.000000, 1149.000000,   small-vehicle,   1761
1514.000000, 1200.000000, 1581.000000, 1200.000000, 1581.000000, 1223.000000, 1514.000000, 1223.000000,   small-vehicle,   1762
3204.000000, 485.000000, 3230.000000, 485.000000, 3230.000000, 546.000000, 3204.000000, 546.000000,   small-vehicle,   1763
64.000000, 432.000000, 123.000000, 432.000000, 123.000000, 457.000000, 64.000000, 457.000000,   small-vehicle,   1765
3196.000000, 408.000000, 3230.000000, 408.000000, 3230.000000, 476.000000, 3196.000000, 476.000000,   small-vehicle,   1767
2372.000000, 657.000000, 2421.000000, 657.000000, 2421.000000, 681.000000, 2372.000000, 681.000000,   small-vehicle,   1769
1046.000000, 372.000000, 1105.000000, 372.000000, 1105.000000, 397.000000, 1046.000000, 397.000000,   small-vehicle,   1772
49.000000, 354.000000, 108.000000, 354.000000, 108.000000, 383.000000, 49.000000, 383.000000,   small-vehicle,   1773
2613.000000, 1151.000000, 2678.000000, 1151.000000, 2678.000000, 1179.000000, 2613.000000, 1179.000000,   small-vehicle,   1774
3708.000000, 1098.000000, 3770.000000, 1098.000000, 3770.000000, 1130.000000, 3708.000000, 1130.000000,   small-vehicle,   1776
1897.000000, 366.000000, 1920.000000, 366.000000, 1920.000000, 409.000000, 1897.000000, 409.000000,   small-vehicle,   1777
1976.000000, 1762.000000, 2003.000000, 1762.000000, 2003.000000, 1809.000000, 1976.000000, 1809.000000,   small-vehicle,   1780
2003.000000, 725.000000, 2035.000000, 725.000000, 2035.000000, 795.000000, 2003.000000, 795.000000,   small-vehicle,   1783
2152.000000, 306.000000, 2178.000000, 306.000000, 2178.000000, 360.000000, 2152.000000, 360.000000,   small-vehicle,   1785
2221.000000, 367.000000, 2250.000000, 367.000000, 2250.000000, 419.000000, 2221.000000, 419.000000,   small-vehicle,   1787
2683.000000, 594.000000, 2719.000000, 594.000000, 2719.000000, 660.000000, 2683.000000, 660.000000,   large-vehicle,   1788
562.000000, 321.000000, 612.000000, 321.000000, 612.000000, 346.000000, 562.000000, 346.000000,   small-vehicle,   1790
3549.000000, 1109.000000, 3615.000000, 1109.000000, 3615.000000, 1134.000000, 3549.000000, 1134.000000,   small-vehicle,   1791
499.000000, 326.000000, 550.000000, 326.000000, 550.000000, 350.000000, 499.000000, 350.000000,   small-vehicle,   1793
3193.000000, 325.000000, 3226.000000, 325.000000, 3226.000000, 384.000000, 3193.000000, 384.000000,   small-vehicle,   1794
696.000000, 348.000000, 757.000000, 348.000000, 757.000000, 376.000000, 696.000000, 376.000000,   small-vehicle,   1795
633.000000, 318.000000, 685.000000, 318.000000, 685.000000, 343.000000, 633.000000, 343.000000,   small-vehicle,   1799
701.000000, 313.000000, 758.000000, 313.000000, 758.000000, 336.000000, 701.000000, 336.000000,   small-vehicle,   1804
890.000000, 302.000000, 943.000000, 302.000000, 943.000000, 328.000000, 890.000000, 328.000000,   small-vehicle,   1805
1743.000000, 306.000000, 1800.000000, 306.000000, 1800.000000, 338.000000, 1743.000000, 338.000000,   small-vehicle,   1807
948.000000, 296.000000, 1009.000000, 296.000000, 1009.000000, 322.000000, 948.000000, 322.000000,   small-vehicle,   1808
767.000000, 308.000000, 817.000000, 308.000000, 817.000000, 332.000000, 767.000000, 332.000000,   small-vehicle,   1810
478.000000, 1246.000000, 539.000000, 1246.000000, 539.000000, 1279.000000, 478.000000, 1279.000000,   small-vehicle,   1813
349.000000, 282.000000, 381.000000, 282.000000, 381.000000, 336.000000, 349.000000, 336.000000,   small-vehicle,   1814
2664.000000, 495.000000, 2718.000000, 495.000000, 2718.000000, 527.000000, 2664.000000, 527.000000,   small-vehicle,   1815
1031.000000, 290.000000, 1080.000000, 290.000000, 1080.000000, 317.000000, 1031.000000, 317.000000,   small-vehicle,   1817
828.000000, 305.000000, 880.000000, 305.000000, 880.000000, 330.000000, 828.000000, 330.000000,   small-vehicle,   1818
2186.000000, 302.000000, 2212.000000, 302.000000, 2212.000000, 352.000000, 2186.000000, 352.000000,   small-vehicle,   1819
729.000000, 1232.000000, 791.000000, 1232.000000, 791.000000, 1262.000000, 729.000000, 1262.000000,   small-vehicle,   1821
1674.000000, 238.000000, 1731.000000, 238.000000, 1731.000000, 268.000000, 1674.000000, 268.000000,   small-vehicle,   1822
1164.000000, 281.000000, 1218.000000, 281.000000, 1218.000000, 311.000000, 1164.000000, 311.000000,   small-vehicle,   1825
1572.000000, 249.000000, 1627.000000, 249.000000, 1627.000000, 277.000000, 1572.000000, 277.000000,   small-vehicle,   1826
1397.000000, 265.000000, 1448.000000, 265.000000, 1448.000000, 287.000000, 1397.000000, 287.000000,   small-vehicle,   1827
2442.000000, 1094.000000, 2504.000000, 1094.000000, 2504.000000, 1113.000000, 2442.000000, 1113.000000,   small-vehicle,   1828
1235.000000, 278.000000, 1283.000000, 278.000000, 1283.000000, 302.000000, 1235.000000, 302.000000,   small-vehicle,   1831
1738.000000, 230.000000, 1790.000000, 230.000000, 1790.000000, 260.000000, 1738.000000, 260.000000,   small-vehicle,   1833
3190.000000, 265.000000, 3218.000000, 265.000000, 3218.000000, 326.000000, 3190.000000, 326.000000,   small-vehicle,   1835
1339.000000, 269.000000, 1384.000000, 269.000000, 1384.000000, 293.000000, 1339.000000, 293.000000,   small-vehicle,   1836
2960.000000, 1280.000000, 2994.000000, 1280.000000, 2994.000000, 1337.000000, 2960.000000, 1337.000000,   small-vehicle,   1837
1798.000000, 226.000000, 1852.000000, 226.000000, 1852.000000, 253.000000, 1798.000000, 253.000000,   small-vehicle,   1838
431.000000, 993.000000, 459.000000, 993.000000, 459.000000, 1035.000000, 431.000000, 1035.000000,   small-vehicle,   1839
351.000000, 219.000000, 378.000000, 219.000000, 378.000000, 271.000000, 351.000000, 271.000000,   small-vehicle,   1845
3145.000000, 533.000000, 3165.000000, 533.000000, 3165.000000, 581.000000, 3145.000000, 581.000000,   small-vehicle,   1850
2678.000000, 165.000000, 2736.000000, 165.000000, 2736.000000, 190.000000, 2678.000000, 190.000000,   small-vehicle,   1854
2532.000000, 176.000000, 2586.000000, 176.000000, 2586.000000, 202.000000, 2532.000000, 202.000000,   small-vehicle,   1856
2476.000000, 180.000000, 2529.000000, 180.000000, 2529.000000, 207.000000, 2476.000000, 207.000000,   small-vehicle,   1858
2395.000000, 186.000000, 2461.000000, 186.000000, 2461.000000, 213.000000, 2395.000000, 213.000000,   small-vehicle,   1859
1771.000000, 174.000000, 1829.000000, 174.000000, 1829.000000, 200.000000, 1771.000000, 200.000000,   small-vehicle,   1860
409.000000, 1028.000000, 455.000000, 1028.000000, 455.000000, 1089.000000, 409.000000, 1089.000000,   small-vehicle,   1864
1969.000000, 286.000000, 1996.000000, 286.000000, 1996.000000, 356.000000, 1969.000000, 356.000000,   small-vehicle,   1866
352.000000, 131.000000, 378.000000, 131.000000, 378.000000, 180.000000, 352.000000, 180.000000,   small-vehicle,   1868
2961.000000, 141.000000, 3015.000000, 141.000000, 3015.000000, 168.000000, 2961.000000, 168.000000,   small-vehicle,   1869
3040.000000, 142.000000, 3101.000000, 142.000000, 3101.000000, 170.000000, 3040.000000, 170.000000,   small-vehicle,   1872
2820.000000, 153.000000, 2892.000000, 153.000000, 2892.000000, 186.000000, 2820.000000, 186.000000,   small-vehicle,   1874
2208.000000, 79.000000, 2236.000000, 79.000000, 2236.000000, 135.000000, 2208.000000, 135.000000,   small-vehicle,   1875
222.000000, 419.000000, 287.000000, 419.000000, 287.000000, 448.000000, 222.000000, 448.000000,   small-vehicle,   1876
350.000000, 71.000000, 373.000000, 71.000000, 373.000000, 116.000000, 350.000000, 116.000000,   small-vehicle,   1878
2815.000000, 188.000000, 2871.000000, 188.000000, 2871.000000, 218.000000, 2815.000000, 218.000000,   small-vehicle,   1882
3665.000000, 77.000000, 3715.000000, 77.000000, 3715.000000, 98.000000, 3665.000000, 98.000000,   small-vehicle,   1887
300.000000, 1251.000000, 346.000000, 1251.000000, 346.000000, 1307.000000, 300.000000, 1307.000000,   small-vehicle,   1888
2233.000000, 513.000000, 2262.000000, 513.000000, 2262.000000, 550.000000, 2233.000000, 550.000000,   small-vehicle,   1889
1948.000000, 85.000000, 1979.000000, 85.000000, 1979.000000, 138.000000, 1948.000000, 138.000000,   small-vehicle,   1893
983.000000, 375.000000, 1029.000000, 375.000000, 1029.000000, 397.000000, 983.000000, 397.000000,   small-vehicle,   1895
3109.000000, 22.000000, 3148.000000, 22.000000, 3148.000000, 87.000000, 3109.000000, 87.000000,   small-vehicle,   1898
1903.000000, -40.000000, 1929.000000, -40.000000, 1929.000000, 10.000000, 1903.000000, 10.000000,   small-vehicle,   1900
1876.000000, -10.000000, 1907.000000, -10.000000, 1907.000000, 45.000000, 1876.000000, 45.000000,   small-vehicle,   1902
385.000000, 397.000000, 418.000000, 397.000000, 418.000000, 446.000000, 385.000000, 446.000000,   small-vehicle,   1909
1929.000000, 436.000000, 1963.000000, 436.000000, 1963.000000, 515.000000, 1929.000000, 515.000000,   large-vehicle,   1917
2351.000000, 228.000000, 2401.000000, 228.000000, 2401.000000, 255.000000, 2351.000000, 255.000000,   small-vehicle,   1918
2194.000000, -84.000000, 2224.000000, -84.000000, 2224.000000, -30.000000, 2194.000000, -30.000000,   small-vehicle,   1921
-5.000000, 426.000000, 50.000000, 426.000000, 50.000000, 447.000000, -5.000000, 447.000000,   small-vehicle,   1922
627.000000, 1678.000000, 654.000000, 1678.000000, 654.000000, 1735.000000, 627.000000, 1735.000000,   small-vehicle,   1925
184.000000, 1335.000000, 230.000000, 1335.000000, 230.000000, 1394.000000, 184.000000, 1394.000000,   small-vehicle,   1927
3422.000000, 1690.000000, 3493.000000, 1690.000000, 3493.000000, 1716.000000, 3422.000000, 1716.000000,   small-vehicle,   1930
2078.000000, -340.000000, 2097.000000, -340.000000, 2097.000000, -310.000000, 2078.000000, -310.000000,   small-vehicle,   1935
1951.000000, 133.000000, 1981.000000, 133.000000, 1981.000000, 188.000000, 1951.000000, 188.000000,   small-vehicle,   1936
2181.000000, 1326.000000, 2217.000000, 1326.000000, 2217.000000, 1398.000000, 2181.000000, 1398.000000,   small-vehicle,   1937
1868.000000, -124.000000, 1893.000000, -124.000000, 1893.000000, -82.000000, 1868.000000, -82.000000,   small-vehicle,   1941
2191.000000, -171.000000, 2218.000000, -171.000000, 2218.000000, -112.000000, 2191.000000, -112.000000,   small-vehicle,   1945
909.000000, 370.000000, 962.000000, 370.000000, 962.000000, 394.000000, 909.000000, 394.000000,   small-vehicle,   1950
3224.000000, 156.000000, 3297.000000, 156.000000, 3297.000000, 192.000000, 3224.000000, 192.000000,   small-vehicle,   1951
1895.000000, -175.000000, 1920.000000, -175.000000, 1920.000000, -112.000000, 1895.000000, -112.000000,   small-vehicle,   1952
2815.000000, 227.000000, 2881.000000, 227.000000, 2881.000000, 254.000000, 2815.000000, 254.000000,   small-vehicle,   1954
1905.000000, 590.000000, 1925.000000, 590.000000, 1925.000000, 631.000000, 1905.000000, 631.000000,   small-vehicle,   1955
2277.000000, 1744.000000, 2304.000000, 1744.000000, 2304.000000, 1811.000000, 2277.000000, 1811.000000,   small-vehicle,   1956
488.000000, 1464.000000, 550.000000, 1464.000000, 550.000000, 1487.000000, 488.000000, 1487.000000,   large-vehicle,   1961
289.000000, 404.000000, 333.000000, 404.000000, 333.000000, 428.000000, 289.000000, 428.000000,   small-vehicle,   1966
1864.000000, -211.000000, 1891.000000, -211.000000, 1891.000000, -156.000000, 1864.000000, -156.000000,   small-vehicle,   1967
3091.000000, -212.000000, 3123.000000, -212.000000, 3123.000000, -152.000000, 3091.000000, -152.000000,   small-vehicle,   1968
2657.000000, 240.000000, 2713.000000, 240.000000, 2713.000000, 267.000000, 2657.000000, 267.000000,   small-vehicle,   1970
1934.000000, -155.000000, 1965.000000, -155.000000, 1965.000000, -94.000000, 1934.000000, -94.000000,   small-vehicle,   1971
2185.000000, -246.000000, 2215.000000, -246.000000, 2215.000000, -184.000000, 2185.000000, -184.000000,   small-vehicle,   1972
1342.000000, 348.000000, 1403.000000, 348.000000, 1403.000000, 383.000000, 1342.000000, 383.000000,   small-vehicle,   1974
2158.000000, -230.000000, 2188.000000, -230.000000, 2188.000000, -170.000000, 2158.000000, -170.000000,   small-vehicle,   1977
2971.000000, 1371.000000, 2998.000000, 1371.000000, 2998.000000, 1419.000000, 2971.000000, 1419.000000,   small-vehicle,   1980
323.000000, 905.000000, 343.000000, 905.000000, 343.000000, 946.000000, 323.000000, 946.000000,   small-vehicle,   1981
1887.000000, 103.000000, 1908.000000, 103.000000, 1908.000000, 136.000000, 1887.000000, 136.000000,   small-vehicle,   1982
158.000000, 1406.000000, 194.000000, 1406.000000, 194.000000, 1456.000000, 158.000000, 1456.000000,   small-vehicle,   1983
2150.000000, -301.000000, 2178.000000, -301.000000, 2178.000000, -242.000000, 2150.000000, -242.000000,   small-vehicle,   1988
3231.000000, 195.000000, 3293.000000, 195.000000, 3293.000000, 220.000000, 3231.000000, 220.000000,   small-vehicle,   1992
2075.000000, 514.000000, 2106.000000, 514.000000, 2106.000000, 574.000000, 2075.000000, 574.000000,   small-vehicle,   1993
132.000000, 1457.000000, 174.000000, 1457.000000, 174.000000, 1513.000000, 132.000000, 1513.000000,   small-vehicle,   1995
348.000000, 932.000000, 383.000000, 932.000000, 383.000000, 993.000000, 348.000000, 993.000000,   small-vehicle,   1996
1922.000000, -319.000000, 1952.000000, -319.000000, 1952.000000, -260.000000, 1922.000000, -260.000000,   small-vehicle,   1997
2015.000000, 543.000000, 2050.000000, 543.000000, 2050.000000, 610.000000, 2015.000000, 610.000000,   small-vehicle,   1998
1338.000000, 343.000000, 1492.000000, 343.000000, 1492.000000, 380.000000, 1338.000000, 380.000000,   large-vehicle,   1999
347.000000, 946.000000, 388.000000, 946.000000, 388.000000, 1013.000000, 347.000000, 1013.000000,   large-vehicle,   2000
2074.000000, 497.000000, 2105.000000, 497.000000, 2105.000000, 557.000000, 2074.000000, 557.000000,   large-vehicle,   2001
3231.000000, 153.000000, 3299.000000, 153.000000, 3299.000000, 185.000000, 3231.000000, 185.000000,   large-vehicle,   2002
2203.000000, 402.000000, 2222.000000, 402.000000, 2222.000000, 466.000000, 2203.000000, 466.000000,   large-vehicle,   2004
3087.000000, -291.000000, 3116.000000, -291.000000, 3116.000000, -235.000000, 3087.000000, -235.000000,   small-vehicle,   2005
2181.000000, -323.000000, 2208.000000, -323.000000, 2208.000000, -261.000000, 2181.000000, -261.000000,   small-vehicle,   2006
1383.000000, 1207.000000, 1444.000000, 1207.000000, 1444.000000, 1226.000000, 1383.000000, 1226.000000,   small-vehicle,   2007
251.000000, -320.000000, 304.000000, -320.000000, 304.000000, -271.000000, 251.000000, -271.000000,   small-vehicle,   2008
765.000000, 357.000000, 821.000000, 357.000000, 821.000000, 380.000000, 765.000000, 380.000000,   small-vehicle,   2009
3645.000000, 158.000000, 3698.000000, 158.000000, 3698.000000, 178.000000, 3645.000000, 178.000000,   small-vehicle,   2010
486.000000, 1453.000000, 549.000000, 1453.000000, 549.000000, 1479.000000, 486.000000, 1479.000000,   small-vehicle,   2011
3323.000000, 179.000000, 3376.000000, 179.000000, 3376.000000, 199.000000, 3323.000000, 199.000000,   small-vehicle,   2012
