2142.000000, 536.000000, 2166.000000, 535.000000, 2166.000000, 584.000000, 2141.000000, 585.000000,     small-vehicle,     148
2024.000000, 2496.000000, 2054.000000, 2494.000000, 2054.000000, 2545.000000, 2024.000000, 2546.000000,     small-vehicle,     1205
1995.000000, 2423.000000, 2027.000000, 2421.000000, 2027.000000, 2485.000000, 1995.000000, 2486.000000,     small-vehicle,     1211
2463.000000, 2465.000000, 2498.000000, 2463.000000, 2498.000000, 2486.000000, 2463.000000, 2488.000000,     small-vehicle,     1216
2286.000000, 2415.000000, 2319.000000, 2413.000000, 2318.000000, 2475.000000, 2286.000000, 2476.000000,     small-vehicle,     1232
2000.000000, 2349.000000, 2030.000000, 2348.000000, 2030.000000, 2406.000000, 1999.000000, 2408.000000,     small-vehicle,     1236
1321.000000, 2418.000000, 1350.000000, 2417.000000, 1350.000000, 2482.000000, 1321.000000, 2484.000000,     small-vehicle,     1250
1986.000000, 2273.000000, 2016.000000, 2271.000000, 2015.000000, 2335.000000, 1986.000000, 2336.000000,     small-vehicle,     1254
2286.000000, 2232.000000, 2323.000000, 2231.000000, 2323.000000, 2302.000000, 2286.000000, 2303.000000,     small-vehicle,     1257
1321.000000, 2299.000000, 1349.000000, 2298.000000, 1349.000000, 2373.000000, 1320.000000, 2375.000000,     small-vehicle,     1273
2269.000000, 2132.000000, 2296.000000, 2131.000000, 2296.000000, 2196.000000, 2268.000000, 2197.000000,     small-vehicle,     1277
1981.000000, 2182.000000, 2009.000000, 2180.000000, 2009.000000, 2247.000000, 1981.000000, 2249.000000,     small-vehicle,     1282
2220.000000, 2026.000000, 2253.000000, 2025.000000, 2253.000000, 2095.000000, 2219.000000, 2096.000000,     small-vehicle,     1290
1314.000000, 2220.000000, 1339.000000, 2219.000000, 1339.000000, 2261.000000, 1314.000000, 2262.000000,     small-vehicle,     1293
2300.000000, 2086.000000, 2330.000000, 2085.000000, 2330.000000, 2155.000000, 2300.000000, 2156.000000,     small-vehicle,     1298
1974.000000, 2023.000000, 2001.000000, 2022.000000, 2001.000000, 2084.000000, 1974.000000, 2085.000000,     small-vehicle,     1309
1305.000000, 1995.000000, 1332.000000, 1994.000000, 1332.000000, 2057.000000, 1305.000000, 2058.000000,     small-vehicle,     1330
1302.000000, 1920.000000, 1330.000000, 1918.000000, 1330.000000, 1988.000000, 1301.000000, 1989.000000,     small-vehicle,     1333
1966.000000, 1855.000000, 1993.000000, 1854.000000, 1992.000000, 1908.000000, 1966.000000, 1910.000000,     small-vehicle,     1337
2264.000000, 1793.000000, 2289.000000, 1792.000000, 2289.000000, 1858.000000, 2264.000000, 1859.000000,     small-vehicle,     1342
1300.000000, 1857.000000, 1322.000000, 1856.000000, 1322.000000, 1909.000000, 1300.000000, 1910.000000,     small-vehicle,     1348
1987.000000, 1725.000000, 2017.000000, 1723.000000, 2017.000000, 1780.000000, 1987.000000, 1781.000000,     small-vehicle,     1360
2255.000000, 1725.000000, 2288.000000, 1724.000000, 2288.000000, 1788.000000, 2255.000000, 1789.000000,     small-vehicle,     1361
1389.000000, 1692.000000, 1440.000000, 1690.000000, 1440.000000, 1715.000000, 1389.000000, 1717.000000,     small-vehicle,     1364
566.000000, 1811.000000, 613.000000, 1809.000000, 613.000000, 1840.000000, 566.000000, 1842.000000,     small-vehicle,     1369
211.000000, 1759.000000, 258.000000, 1757.000000, 258.000000, 1781.000000, 211.000000, 1783.000000,     small-vehicle,     1373
440.000000, 1748.000000, 499.000000, 1746.000000, 499.000000, 1770.000000, 440.000000, 1773.000000,     small-vehicle,     1375
364.000000, 1749.000000, 425.000000, 1746.000000, 425.000000, 1776.000000, 364.000000, 1778.000000,     small-vehicle,     1377
1388.000000, 1753.000000, 1449.000000, 1750.000000, 1449.000000, 1780.000000, 1388.000000, 1783.000000,     small-vehicle,     1379
1207.000000, 1702.000000, 1255.000000, 1700.000000, 1255.000000, 1724.000000, 1207.000000, 1726.000000,     small-vehicle,     1384
979.000000, 1717.000000, 1028.000000, 1715.000000, 1028.000000, 1734.000000, 979.000000, 1737.000000,     small-vehicle,     1385
1054.000000, 1711.000000, 1098.000000, 1709.000000, 1098.000000, 1735.000000, 1054.000000, 1737.000000,     small-vehicle,     1386
1258.000000, 1690.000000, 1323.000000, 1687.000000, 1323.000000, 1727.000000, 1258.000000, 1730.000000,     small-vehicle,     1387
1516.000000, 1683.000000, 1573.000000, 1681.000000, 1573.000000, 1711.000000, 1516.000000, 1713.000000,     small-vehicle,     1388
508.000000, 1742.000000, 556.000000, 1740.000000, 556.000000, 1761.000000, 508.000000, 1763.000000,     small-vehicle,     1389
1292.000000, 1618.000000, 1320.000000, 1617.000000, 1320.000000, 1675.000000, 1292.000000, 1677.000000,     small-vehicle,     1399
1373.000000, 1720.000000, 1436.000000, 1717.000000, 1436.000000, 1752.000000, 1373.000000, 1755.000000,     small-vehicle,     1400
2471.000000, 1614.000000, 2528.000000, 1612.000000, 2528.000000, 1636.000000, 2471.000000, 1639.000000,     small-vehicle,     1403
2697.000000, 1602.000000, 2735.000000, 1600.000000, 2735.000000, 1626.000000, 2696.000000, 1628.000000,     small-vehicle,     1405
3388.000000, 1556.000000, 3459.000000, 1553.000000, 3459.000000, 1579.000000, 3388.000000, 1582.000000,     small-vehicle,     1410
3013.000000, 1572.000000, 3071.000000, 1569.000000, 3070.000000, 1597.000000, 3013.000000, 1599.000000,     small-vehicle,     1412
2797.000000, 1668.000000, 2853.000000, 1665.000000, 2853.000000, 1693.000000, 2797.000000, 1695.000000,     small-vehicle,     1416
1470.000000, 1749.000000, 1511.000000, 1747.000000, 1511.000000, 1774.000000, 1469.000000, 1776.000000,     small-vehicle,     1423
2038.000000, 1915.000000, 2070.000000, 1913.000000, 2069.000000, 1978.000000, 2038.000000, 1980.000000,     small-vehicle,     1424
1998.000000, 2528.000000, 2023.000000, 2526.000000, 2022.000000, 2573.000000, 1998.000000, 2574.000000,     small-vehicle,     1425
2966.000000, 1508.000000, 2991.000000, 1507.000000, 2991.000000, 1561.000000, 2966.000000, 1562.000000,     small-vehicle,     1429
745.000000, 1730.000000, 796.000000, 1728.000000, 796.000000, 1751.000000, 745.000000, 1754.000000,     small-vehicle,     1433
1281.000000, 1360.000000, 1308.000000, 1358.000000, 1308.000000, 1412.000000, 1281.000000, 1413.000000,     small-vehicle,     1451
1964.000000, 1333.000000, 1991.000000, 1332.000000, 1990.000000, 1388.000000, 1964.000000, 1389.000000,     small-vehicle,     1452
2944.000000, 1279.000000, 2979.000000, 1278.000000, 2979.000000, 1345.000000, 2943.000000, 1346.000000,     small-vehicle,     1453
2256.000000, 1230.000000, 2288.000000, 1229.000000, 2288.000000, 1292.000000, 2255.000000, 1293.000000,     small-vehicle,     1458
2228.000000, 1236.000000, 2253.000000, 1235.000000, 2252.000000, 1288.000000, 2228.000000, 1289.000000,     small-vehicle,     1459
1647.000000, 1735.000000, 1706.000000, 1732.000000, 1706.000000, 1759.000000, 1647.000000, 1761.000000,     small-vehicle,     1460
1275.000000, 1267.000000, 1296.000000, 1266.000000, 1296.000000, 1316.000000, 1275.000000, 1317.000000,     small-vehicle,     1462
2226.000000, 1156.000000, 2254.000000, 1155.000000, 2254.000000, 1217.000000, 2226.000000, 1218.000000,     small-vehicle,     1467
1723.000000, 1729.000000, 1786.000000, 1726.000000, 1786.000000, 1752.000000, 1723.000000, 1755.000000,     small-vehicle,     1468
2260.000000, 1176.000000, 2289.000000, 1174.000000, 2288.000000, 1218.000000, 2260.000000, 1220.000000,     small-vehicle,     1478
1929.000000, 1123.000000, 1954.000000, 1122.000000, 1953.000000, 1179.000000, 1929.000000, 1180.000000,     small-vehicle,     1479
1978.000000, 2103.000000, 2006.000000, 2102.000000, 2006.000000, 2164.000000, 1978.000000, 2165.000000,     small-vehicle,     1493
1980.000000, 2358.000000, 2005.000000, 2357.000000, 2004.000000, 2419.000000, 1980.000000, 2420.000000,     small-vehicle,     1498
1953.000000, 1074.000000, 1978.000000, 1073.000000, 1977.000000, 1130.000000, 1953.000000, 1131.000000,     small-vehicle,     1499
2361.000000, 1003.000000, 2427.000000, 1000.000000, 2427.000000, 1030.000000, 2361.000000, 1033.000000,     small-vehicle,     1500
1254.000000, 1032.000000, 1278.000000, 1031.000000, 1278.000000, 1080.000000, 1253.000000, 1081.000000,     small-vehicle,     1507
1573.000000, 1740.000000, 1637.000000, 1737.000000, 1637.000000, 1764.000000, 1573.000000, 1767.000000,     small-vehicle,     1508
2208.000000, 930.000000, 2237.000000, 928.000000, 2237.000000, 984.000000, 2208.000000, 985.000000,     small-vehicle,     1509
2615.000000, 1609.000000, 2672.000000, 1606.000000, 2672.000000, 1629.000000, 2615.000000, 1631.000000,     small-vehicle,     1510
2591.000000, 975.000000, 2651.000000, 973.000000, 2651.000000, 1000.000000, 2591.000000, 1003.000000,     small-vehicle,     1511
2927.000000, 921.000000, 2958.000000, 920.000000, 2958.000000, 988.000000, 2927.000000, 989.000000,     small-vehicle,     1515
1252.000000, 978.000000, 1280.000000, 976.000000, 1279.000000, 1030.000000, 1252.000000, 1031.000000,     small-vehicle,     1517
253.000000, 1786.000000, 312.000000, 1783.000000, 312.000000, 1830.000000, 253.000000, 1833.000000,     small-vehicle,     1518
1915.000000, 886.000000, 1943.000000, 885.000000, 1942.000000, 946.000000, 1915.000000, 947.000000,     small-vehicle,     1522
2233.000000, 870.000000, 2261.000000, 868.000000, 2261.000000, 924.000000, 2233.000000, 925.000000,     small-vehicle,     1529
2495.000000, 1679.000000, 2546.000000, 1677.000000, 2546.000000, 1702.000000, 2495.000000, 1705.000000,     small-vehicle,     1530
2616.000000, 1678.000000, 2670.000000, 1676.000000, 2670.000000, 1700.000000, 2616.000000, 1702.000000,     small-vehicle,     1531
2444.000000, 994.000000, 2509.000000, 991.000000, 2508.000000, 1022.000000, 2444.000000, 1025.000000,     small-vehicle,     1532
2516.000000, 986.000000, 2577.000000, 983.000000, 2577.000000, 1013.000000, 2515.000000, 1016.000000,     small-vehicle,     1533
2230.000000, 786.000000, 2257.000000, 784.000000, 2256.000000, 839.000000, 2230.000000, 840.000000,     small-vehicle,     1536
1913.000000, 817.000000, 1940.000000, 816.000000, 1940.000000, 874.000000, 1913.000000, 876.000000,     small-vehicle,     1537
2541.000000, 1608.000000, 2594.000000, 1606.000000, 2593.000000, 1635.000000, 2541.000000, 1638.000000,     small-vehicle,     1541
1251.000000, 812.000000, 1273.000000, 811.000000, 1273.000000, 860.000000, 1251.000000, 861.000000,     small-vehicle,     1548
1920.000000, 747.000000, 1943.000000, 746.000000, 1943.000000, 802.000000, 1920.000000, 803.000000,     small-vehicle,     1549
2228.000000, 708.000000, 2257.000000, 706.000000, 2257.000000, 765.000000, 2228.000000, 766.000000,     small-vehicle,     1552
1244.000000, 730.000000, 1270.000000, 729.000000, 1270.000000, 786.000000, 1244.000000, 787.000000,     small-vehicle,     1554
1903.000000, 666.000000, 1930.000000, 665.000000, 1930.000000, 725.000000, 1902.000000, 726.000000,     small-vehicle,     1562
1929.000000, 617.000000, 1954.000000, 616.000000, 1954.000000, 672.000000, 1928.000000, 673.000000,     small-vehicle,     1566
2915.000000, 695.000000, 2942.000000, 694.000000, 2942.000000, 748.000000, 2914.000000, 750.000000,     small-vehicle,     1567
3184.000000, 1643.000000, 3249.000000, 1640.000000, 3249.000000, 1666.000000, 3184.000000, 1669.000000,     small-vehicle,     1568
2315.000000, 2148.000000, 2340.000000, 2147.000000, 2340.000000, 2181.000000, 2315.000000, 2182.000000,     small-vehicle,     1570
2193.000000, 603.000000, 2224.000000, 602.000000, 2223.000000, 666.000000, 2193.000000, 668.000000,     small-vehicle,     1571
686.000000, 633.000000, 741.000000, 630.000000, 741.000000, 661.000000, 686.000000, 664.000000,     small-vehicle,     1573
813.000000, 621.000000, 876.000000, 618.000000, 876.000000, 648.000000, 813.000000, 651.000000,     small-vehicle,     1574
397.000000, 640.000000, 454.000000, 638.000000, 454.000000, 669.000000, 398.000000, 671.000000,     small-vehicle,     1575
883.000000, 618.000000, 942.000000, 615.000000, 942.000000, 644.000000, 883.000000, 646.000000,     small-vehicle,     1576
472.000000, 643.000000, 518.000000, 641.000000, 518.000000, 668.000000, 472.000000, 670.000000,     small-vehicle,     1578
753.000000, 627.000000, 803.000000, 624.000000, 803.000000, 652.000000, 753.000000, 654.000000,     small-vehicle,     1585
1729.000000, 528.000000, 1790.000000, 525.000000, 1790.000000, 558.000000, 1729.000000, 561.000000,     small-vehicle,     1586
1619.000000, 533.000000, 1671.000000, 530.000000, 1671.000000, 561.000000, 1619.000000, 564.000000,     small-vehicle,     1588
1235.000000, 581.000000, 1284.000000, 578.000000, 1284.000000, 607.000000, 1234.000000, 609.000000,     small-vehicle,     1589
1468.000000, 556.000000, 1521.000000, 554.000000, 1521.000000, 585.000000, 1468.000000, 587.000000,     small-vehicle,     1590
349.000000, 570.000000, 374.000000, 569.000000, 374.000000, 624.000000, 349.000000, 625.000000,     small-vehicle,     1594
1125.000000, 1710.000000, 1176.000000, 1707.000000, 1176.000000, 1729.000000, 1125.000000, 1731.000000,     small-vehicle,     1596
2394.000000, 444.000000, 2460.000000, 441.000000, 2460.000000, 476.000000, 2394.000000, 479.000000,     small-vehicle,     1600
657.000000, 1354.000000, 686.000000, 1352.000000, 686.000000, 1414.000000, 657.000000, 1415.000000,     small-vehicle,     1601
1917.000000, 450.000000, 1946.000000, 448.000000, 1946.000000, 503.000000, 1917.000000, 504.000000,     small-vehicle,     1602
3620.000000, 1558.000000, 3669.000000, 1556.000000, 3669.000000, 1579.000000, 3620.000000, 1581.000000,     small-vehicle,     1608
2908.000000, 550.000000, 2937.000000, 549.000000, 2937.000000, 598.000000, 2907.000000, 599.000000,     small-vehicle,     1609
3013.000000, 405.000000, 3067.000000, 402.000000, 3067.000000, 432.000000, 3013.000000, 434.000000,     small-vehicle,     1610
2587.000000, 426.000000, 2652.000000, 423.000000, 2652.000000, 448.000000, 2587.000000, 451.000000,     small-vehicle,     1612
3144.000000, 283.000000, 3173.000000, 282.000000, 3173.000000, 342.000000, 3144.000000, 343.000000,     small-vehicle,     1613
2875.000000, 381.000000, 2941.000000, 378.000000, 2941.000000, 415.000000, 2875.000000, 418.000000,     small-vehicle,     1614
278.000000, 494.000000, 328.000000, 492.000000, 328.000000, 554.000000, 278.000000, 556.000000,     small-vehicle,     1615
1062.000000, 1717.000000, 1178.000000, 1712.000000, 1178.000000, 1733.000000, 1062.000000, 1738.000000,     large-vehicle,     1617
2662.000000, 408.000000, 2714.000000, 406.000000, 2714.000000, 432.000000, 2662.000000, 434.000000,     small-vehicle,     1621
2190.000000, 411.000000, 2214.000000, 410.000000, 2213.000000, 463.000000, 2190.000000, 464.000000,     small-vehicle,     1623
2306.000000, 2281.000000, 2342.000000, 2280.000000, 2342.000000, 2351.000000, 2306.000000, 2352.000000,     small-vehicle,     1625
3432.000000, 311.000000, 3499.000000, 308.000000, 3499.000000, 346.000000, 3431.000000, 349.000000,     small-vehicle,     1628
3359.000000, 320.000000, 3416.000000, 317.000000, 3416.000000, 353.000000, 3359.000000, 355.000000,     small-vehicle,     1631
46.000000, 570.000000, 100.000000, 568.000000, 100.000000, 605.000000, 46.000000, 607.000000,     small-vehicle,     1632
2179.000000, 336.000000, 2212.000000, 335.000000, 2212.000000, 401.000000, 2179.000000, 403.000000,     small-vehicle,     1633
357.000000, 1822.000000, 416.000000, 1820.000000, 416.000000, 1841.000000, 357.000000, 1844.000000,     small-vehicle,     1635
3647.000000, 270.000000, 3695.000000, 268.000000, 3694.000000, 301.000000, 3647.000000, 303.000000,     small-vehicle,     1636
1887.000000, 274.000000, 1914.000000, 273.000000, 1914.000000, 332.000000, 1887.000000, 333.000000,     small-vehicle,     1637
3179.000000, 225.000000, 3209.000000, 224.000000, 3209.000000, 285.000000, 3178.000000, 286.000000,     small-vehicle,     1638
1257.000000, 1969.000000, 1276.000000, 1968.000000, 1276.000000, 2030.000000, 1257.000000, 2031.000000,     large-vehicle,     1639
2307.000000, 2299.000000, 2341.000000, 2298.000000, 2341.000000, 2371.000000, 2307.000000, 2372.000000,     large-vehicle,     1640
2289.000000, 1857.000000, 2318.000000, 1855.000000, 2318.000000, 1918.000000, 2288.000000, 1919.000000,     large-vehicle,     1642
396.000000, 376.000000, 422.000000, 375.000000, 422.000000, 430.000000, 396.000000, 431.000000,     small-vehicle,     1643
1313.000000, 2091.000000, 1336.000000, 2090.000000, 1336.000000, 2148.000000, 1313.000000, 2149.000000,     small-vehicle,     1644
605.000000, 2166.000000, 630.000000, 2165.000000, 630.000000, 2221.000000, 605.000000, 2222.000000,     small-vehicle,     1645
462.000000, 342.000000, 516.000000, 340.000000, 516.000000, 387.000000, 462.000000, 390.000000,     small-vehicle,     1646
625.000000, 1278.000000, 652.000000, 1277.000000, 652.000000, 1331.000000, 625.000000, 1333.000000,     small-vehicle,     1648
545.000000, 1241.000000, 580.000000, 1240.000000, 580.000000, 1376.000000, 545.000000, 1378.000000,     large-vehicle,     1649
319.000000, 351.000000, 343.000000, 350.000000, 343.000000, 400.000000, 319.000000, 401.000000,     small-vehicle,     1650
2922.000000, 788.000000, 2952.000000, 786.000000, 2951.000000, 843.000000, 2922.000000, 844.000000,     small-vehicle,     1651
2384.000000, 2483.000000, 2456.000000, 2480.000000, 2455.000000, 2520.000000, 2383.000000, 2523.000000,     small-vehicle,     1652
2308.000000, 2312.000000, 2345.000000, 2310.000000, 2344.000000, 2390.000000, 2308.000000, 2391.000000,     small-vehicle,     1653
3814.000000, 957.000000, 3853.000000, 955.000000, 3853.000000, 972.000000, 3813.000000, 974.000000,     small-vehicle,     1654
2240.000000, 662.000000, 2255.000000, 662.000000, 2255.000000, 687.000000, 2240.000000, 688.000000,     small-vehicle,     1655
2209.000000, 208.000000, 2233.000000, 207.000000, 2233.000000, 264.000000, 2208.000000, 266.000000,     small-vehicle,     1656
3354.000000, 1005.000000, 3417.000000, 1002.000000, 3417.000000, 1022.000000, 3354.000000, 1024.000000,     small-vehicle,     1657
