2463.000000, 2450.000000, 2498.000000, 2448.000000, 2498.000000, 2502.000000, 2462.000000, 2504.000000,     small-vehicle,     1216
1986.000000, 2274.000000, 2016.000000, 2272.000000, 2015.000000, 2335.000000, 1986.000000, 2336.000000,     small-vehicle,     1254
2286.000000, 2231.000000, 2323.000000, 2230.000000, 2323.000000, 2303.000000, 2286.000000, 2304.000000,     small-vehicle,     1257
1320.000000, 2298.000000, 1349.000000, 2297.000000, 1349.000000, 2373.000000, 1319.000000, 2375.000000,     small-vehicle,     1273
2270.000000, 2134.000000, 2295.000000, 2133.000000, 2295.000000, 2195.000000, 2269.000000, 2196.000000,     small-vehicle,     1277
1980.000000, 2182.000000, 2010.000000, 2180.000000, 2010.000000, 2248.000000, 1980.000000, 2250.000000,     small-vehicle,     1282
2221.000000, 2027.000000, 2252.000000, 2026.000000, 2252.000000, 2095.000000, 2220.000000, 2096.000000,     small-vehicle,     1290
1314.000000, 2219.000000, 1338.000000, 2218.000000, 1338.000000, 2261.000000, 1314.000000, 2262.000000,     small-vehicle,     1293
2300.000000, 2084.000000, 2329.000000, 2083.000000, 2329.000000, 2156.000000, 2300.000000, 2157.000000,     small-vehicle,     1298
1973.000000, 2021.000000, 2002.000000, 2019.000000, 2002.000000, 2085.000000, 1973.000000, 2087.000000,     small-vehicle,     1309
1305.000000, 1994.000000, 1332.000000, 1993.000000, 1332.000000, 2058.000000, 1305.000000, 2059.000000,     small-vehicle,     1330
1303.000000, 1922.000000, 1329.000000, 1921.000000, 1329.000000, 1987.000000, 1302.000000, 1988.000000,     small-vehicle,     1333
1968.000000, 1856.000000, 1992.000000, 1855.000000, 1991.000000, 1907.000000, 1968.000000, 1908.000000,     small-vehicle,     1337
2264.000000, 1793.000000, 2289.000000, 1792.000000, 2289.000000, 1857.000000, 2264.000000, 1858.000000,     small-vehicle,     1342
1299.000000, 1857.000000, 1323.000000, 1856.000000, 1323.000000, 1909.000000, 1299.000000, 1910.000000,     small-vehicle,     1348
1987.000000, 1725.000000, 2017.000000, 1723.000000, 2017.000000, 1779.000000, 1987.000000, 1780.000000,     small-vehicle,     1360
2255.000000, 1726.000000, 2288.000000, 1725.000000, 2288.000000, 1788.000000, 2255.000000, 1789.000000,     small-vehicle,     1361
562.000000, 1810.000000, 618.000000, 1807.000000, 618.000000, 1839.000000, 562.000000, 1842.000000,     small-vehicle,     1369
443.000000, 1749.000000, 497.000000, 1747.000000, 497.000000, 1768.000000, 443.000000, 1771.000000,     small-vehicle,     1375
1387.000000, 1752.000000, 1449.000000, 1749.000000, 1449.000000, 1781.000000, 1387.000000, 1784.000000,     small-vehicle,     1379
1260.000000, 1690.000000, 1321.000000, 1687.000000, 1321.000000, 1726.000000, 1260.000000, 1729.000000,     small-vehicle,     1387
1518.000000, 1688.000000, 1572.000000, 1685.000000, 1572.000000, 1705.000000, 1518.000000, 1708.000000,     small-vehicle,     1388
511.000000, 1743.000000, 553.000000, 1741.000000, 553.000000, 1760.000000, 511.000000, 1762.000000,     small-vehicle,     1389
1292.000000, 1619.000000, 1320.000000, 1618.000000, 1320.000000, 1675.000000, 1292.000000, 1677.000000,     small-vehicle,     1399
1376.000000, 1717.000000, 1433.000000, 1715.000000, 1433.000000, 1754.000000, 1376.000000, 1757.000000,     small-vehicle,     1400
2470.000000, 1615.000000, 2528.000000, 1612.000000, 2528.000000, 1637.000000, 2470.000000, 1640.000000,     small-vehicle,     1403
2797.000000, 1668.000000, 2854.000000, 1665.000000, 2854.000000, 1693.000000, 2797.000000, 1695.000000,     small-vehicle,     1416
1467.000000, 1748.000000, 1513.000000, 1746.000000, 1513.000000, 1775.000000, 1466.000000, 1777.000000,     small-vehicle,     1423
2964.000000, 1508.000000, 2993.000000, 1507.000000, 2993.000000, 1562.000000, 2964.000000, 1563.000000,     small-vehicle,     1429
1282.000000, 1361.000000, 1308.000000, 1359.000000, 1308.000000, 1411.000000, 1282.000000, 1412.000000,     small-vehicle,     1451
1965.000000, 1334.000000, 1990.000000, 1333.000000, 1989.000000, 1387.000000, 1965.000000, 1388.000000,     small-vehicle,     1452
2945.000000, 1279.000000, 2978.000000, 1278.000000, 2978.000000, 1345.000000, 2944.000000, 1346.000000,     small-vehicle,     1453
2257.000000, 1230.000000, 2287.000000, 1229.000000, 2287.000000, 1292.000000, 2256.000000, 1293.000000,     small-vehicle,     1458
2228.000000, 1236.000000, 2252.000000, 1235.000000, 2251.000000, 1289.000000, 2228.000000, 1290.000000,     small-vehicle,     1459
1648.000000, 1735.000000, 1705.000000, 1732.000000, 1705.000000, 1759.000000, 1648.000000, 1761.000000,     small-vehicle,     1460
1273.000000, 1268.000000, 1297.000000, 1267.000000, 1297.000000, 1316.000000, 1273.000000, 1317.000000,     small-vehicle,     1462
2227.000000, 1155.000000, 2254.000000, 1154.000000, 2254.000000, 1218.000000, 2227.000000, 1219.000000,     small-vehicle,     1467
1722.000000, 1729.000000, 1787.000000, 1726.000000, 1787.000000, 1751.000000, 1722.000000, 1754.000000,     small-vehicle,     1468
2260.000000, 1176.000000, 2289.000000, 1174.000000, 2288.000000, 1219.000000, 2260.000000, 1221.000000,     small-vehicle,     1478
1928.000000, 1124.000000, 1954.000000, 1122.000000, 1953.000000, 1180.000000, 1928.000000, 1181.000000,     small-vehicle,     1479
1978.000000, 2104.000000, 2006.000000, 2103.000000, 2006.000000, 2161.000000, 1978.000000, 2163.000000,     small-vehicle,     1493
1953.000000, 1073.000000, 1979.000000, 1072.000000, 1978.000000, 1132.000000, 1953.000000, 1133.000000,     small-vehicle,     1499
2361.000000, 1003.000000, 2427.000000, 1000.000000, 2427.000000, 1030.000000, 2361.000000, 1033.000000,     small-vehicle,     1500
1254.000000, 1031.000000, 1278.000000, 1030.000000, 1278.000000, 1080.000000, 1253.000000, 1081.000000,     small-vehicle,     1507
1577.000000, 1739.000000, 1633.000000, 1737.000000, 1633.000000, 1765.000000, 1577.000000, 1768.000000,     small-vehicle,     1508
2209.000000, 930.000000, 2237.000000, 928.000000, 2237.000000, 985.000000, 2209.000000, 986.000000,     small-vehicle,     1509
2614.000000, 1609.000000, 2673.000000, 1606.000000, 2673.000000, 1628.000000, 2614.000000, 1630.000000,     small-vehicle,     1510
2592.000000, 975.000000, 2650.000000, 973.000000, 2650.000000, 1002.000000, 2592.000000, 1004.000000,     small-vehicle,     1511
2927.000000, 921.000000, 2958.000000, 920.000000, 2958.000000, 989.000000, 2927.000000, 990.000000,     small-vehicle,     1515
1252.000000, 980.000000, 1279.000000, 979.000000, 1278.000000, 1029.000000, 1252.000000, 1030.000000,     small-vehicle,     1517
254.000000, 1787.000000, 312.000000, 1784.000000, 312.000000, 1829.000000, 254.000000, 1831.000000,     small-vehicle,     1518
1915.000000, 886.000000, 1942.000000, 885.000000, 1941.000000, 945.000000, 1915.000000, 946.000000,     small-vehicle,     1522
2232.000000, 869.000000, 2261.000000, 867.000000, 2261.000000, 926.000000, 2232.000000, 927.000000,     small-vehicle,     1529
2493.000000, 1678.000000, 2548.000000, 1676.000000, 2548.000000, 1703.000000, 2493.000000, 1706.000000,     small-vehicle,     1530
2618.000000, 1676.000000, 2668.000000, 1673.000000, 2668.000000, 1701.000000, 2618.000000, 1703.000000,     small-vehicle,     1531
2445.000000, 994.000000, 2509.000000, 991.000000, 2508.000000, 1023.000000, 2445.000000, 1026.000000,     small-vehicle,     1532
2514.000000, 985.000000, 2579.000000, 982.000000, 2579.000000, 1013.000000, 2513.000000, 1016.000000,     small-vehicle,     1533
2229.000000, 786.000000, 2259.000000, 784.000000, 2258.000000, 840.000000, 2229.000000, 841.000000,     small-vehicle,     1536
1913.000000, 816.000000, 1941.000000, 814.000000, 1941.000000, 875.000000, 1913.000000, 877.000000,     small-vehicle,     1537
2542.000000, 1610.000000, 2593.000000, 1608.000000, 2592.000000, 1632.000000, 2542.000000, 1635.000000,     small-vehicle,     1541
1250.000000, 811.000000, 1274.000000, 810.000000, 1274.000000, 862.000000, 1250.000000, 863.000000,     small-vehicle,     1548
1920.000000, 746.000000, 1944.000000, 745.000000, 1944.000000, 803.000000, 1920.000000, 804.000000,     small-vehicle,     1549
2228.000000, 708.000000, 2258.000000, 706.000000, 2258.000000, 765.000000, 2228.000000, 766.000000,     small-vehicle,     1552
1243.000000, 730.000000, 1270.000000, 729.000000, 1270.000000, 786.000000, 1243.000000, 787.000000,     small-vehicle,     1554
1903.000000, 668.000000, 1929.000000, 666.000000, 1929.000000, 724.000000, 1902.000000, 725.000000,     small-vehicle,     1562
1929.000000, 616.000000, 1954.000000, 615.000000, 1954.000000, 672.000000, 1928.000000, 673.000000,     small-vehicle,     1566
2916.000000, 698.000000, 2942.000000, 697.000000, 2942.000000, 745.000000, 2915.000000, 746.000000,     small-vehicle,     1567
2315.000000, 2147.000000, 2340.000000, 2146.000000, 2339.000000, 2182.000000, 2315.000000, 2183.000000,     small-vehicle,     1570
2193.000000, 604.000000, 2225.000000, 603.000000, 2224.000000, 665.000000, 2193.000000, 666.000000,     small-vehicle,     1571
684.000000, 635.000000, 742.000000, 632.000000, 742.000000, 659.000000, 684.000000, 662.000000,     small-vehicle,     1573
816.000000, 621.000000, 873.000000, 618.000000, 873.000000, 647.000000, 816.000000, 649.000000,     small-vehicle,     1574
398.000000, 641.000000, 453.000000, 639.000000, 453.000000, 669.000000, 399.000000, 671.000000,     small-vehicle,     1575
883.000000, 618.000000, 942.000000, 615.000000, 942.000000, 644.000000, 883.000000, 646.000000,     small-vehicle,     1576
472.000000, 643.000000, 519.000000, 641.000000, 519.000000, 668.000000, 472.000000, 670.000000,     small-vehicle,     1578
754.000000, 626.000000, 802.000000, 624.000000, 802.000000, 651.000000, 754.000000, 653.000000,     small-vehicle,     1585
1731.000000, 529.000000, 1788.000000, 526.000000, 1788.000000, 557.000000, 1731.000000, 560.000000,     small-vehicle,     1586
1619.000000, 534.000000, 1670.000000, 531.000000, 1670.000000, 561.000000, 1619.000000, 564.000000,     small-vehicle,     1588
1236.000000, 582.000000, 1284.000000, 579.000000, 1284.000000, 605.000000, 1235.000000, 607.000000,     small-vehicle,     1589
1467.000000, 556.000000, 1522.000000, 554.000000, 1522.000000, 585.000000, 1467.000000, 587.000000,     small-vehicle,     1590
347.000000, 571.000000, 376.000000, 569.000000, 376.000000, 624.000000, 347.000000, 625.000000,     small-vehicle,     1594
2395.000000, 446.000000, 2460.000000, 443.000000, 2460.000000, 475.000000, 2395.000000, 478.000000,     small-vehicle,     1600
656.000000, 1358.000000, 687.000000, 1356.000000, 687.000000, 1416.000000, 656.000000, 1418.000000,     small-vehicle,     1601
1915.000000, 451.000000, 1946.000000, 450.000000, 1946.000000, 503.000000, 1915.000000, 504.000000,     small-vehicle,     1602
3128.000000, 393.000000, 3185.000000, 391.000000, 3185.000000, 422.000000, 3128.000000, 424.000000,     small-vehicle,     1610
2587.000000, 427.000000, 2652.000000, 424.000000, 2652.000000, 450.000000, 2587.000000, 453.000000,     small-vehicle,     1612
3144.000000, 227.000000, 3171.000000, 225.000000, 3170.000000, 289.000000, 3143.000000, 290.000000,     small-vehicle,     1613
2876.000000, 385.000000, 2941.000000, 382.000000, 2941.000000, 417.000000, 2876.000000, 420.000000,     small-vehicle,     1614
279.000000, 493.000000, 328.000000, 491.000000, 328.000000, 553.000000, 279.000000, 555.000000,     small-vehicle,     1615
2662.000000, 417.000000, 2714.000000, 415.000000, 2714.000000, 439.000000, 2662.000000, 441.000000,     small-vehicle,     1621
2188.000000, 411.000000, 2213.000000, 410.000000, 2212.000000, 463.000000, 2188.000000, 465.000000,     small-vehicle,     1623
3432.000000, 319.000000, 3501.000000, 316.000000, 3501.000000, 351.000000, 3431.000000, 354.000000,     small-vehicle,     1628
3357.000000, 326.000000, 3419.000000, 324.000000, 3418.000000, 360.000000, 3357.000000, 363.000000,     small-vehicle,     1631
47.000000, 567.000000, 100.000000, 564.000000, 100.000000, 605.000000, 47.000000, 607.000000,     small-vehicle,     1632
2181.000000, 339.000000, 2211.000000, 337.000000, 2211.000000, 401.000000, 2181.000000, 403.000000,     small-vehicle,     1633
356.000000, 1828.000000, 416.000000, 1825.000000, 416.000000, 1850.000000, 356.000000, 1852.000000,     small-vehicle,     1635
3644.000000, 290.000000, 3696.000000, 288.000000, 3696.000000, 322.000000, 3644.000000, 324.000000,     small-vehicle,     1636
1888.000000, 274.000000, 1913.000000, 273.000000, 1913.000000, 333.000000, 1888.000000, 334.000000,     small-vehicle,     1637
3183.000000, 244.000000, 3208.000000, 243.000000, 3208.000000, 289.000000, 3183.000000, 290.000000,     small-vehicle,     1638
396.000000, 375.000000, 421.000000, 374.000000, 421.000000, 428.000000, 396.000000, 429.000000,     small-vehicle,     1643
606.000000, 2175.000000, 629.000000, 2174.000000, 629.000000, 2237.000000, 606.000000, 2238.000000,     small-vehicle,     1645
464.000000, 341.000000, 518.000000, 339.000000, 518.000000, 386.000000, 464.000000, 388.000000,     small-vehicle,     1646
624.000000, 1380.000000, 650.000000, 1378.000000, 649.000000, 1435.000000, 624.000000, 1436.000000,     small-vehicle,     1648
545.000000, 1234.000000, 579.000000, 1232.000000, 579.000000, 1374.000000, 545.000000, 1376.000000,     large-vehicle,     1649
320.000000, 349.000000, 347.000000, 347.000000, 348.000000, 401.000000, 320.000000, 402.000000,     small-vehicle,     1650
2921.000000, 789.000000, 2953.000000, 787.000000, 2952.000000, 847.000000, 2921.000000, 849.000000,     small-vehicle,     1651
2238.000000, 634.000000, 2258.000000, 634.000000, 2258.000000, 675.000000, 2238.000000, 676.000000,     small-vehicle,     1655
2203.000000, 197.000000, 2233.000000, 196.000000, 2233.000000, 260.000000, 2202.000000, 262.000000,     small-vehicle,     1656
3388.000000, 1011.000000, 3424.000000, 1010.000000, 3423.000000, 1031.000000, 3388.000000, 1032.000000,     small-vehicle,     1657
1881.000000, 203.000000, 1910.000000, 202.000000, 1910.000000, 263.000000, 1881.000000, 264.000000,     small-vehicle,     1658
1005.000000, 662.000000, 1049.000000, 661.000000, 1049.000000, 685.000000, 1005.000000, 687.000000,     small-vehicle,     1659
518.000000, 301.000000, 566.000000, 299.000000, 566.000000, 347.000000, 518.000000, 350.000000,     small-vehicle,     1663
2999.000000, 1043.000000, 3051.000000, 1041.000000, 3051.000000, 1073.000000, 2999.000000, 1075.000000,     small-vehicle,     1664
3170.000000, 143.000000, 3208.000000, 141.000000, 3207.000000, 203.000000, 3170.000000, 205.000000,     small-vehicle,     1665
320.000000, 282.000000, 348.000000, 281.000000, 348.000000, 336.000000, 320.000000, 337.000000,     small-vehicle,     1666
2919.000000, 854.000000, 2951.000000, 853.000000, 2951.000000, 914.000000, 2918.000000, 916.000000,     small-vehicle,     1667
460.000000, 262.000000, 512.000000, 260.000000, 512.000000, 309.000000, 460.000000, 311.000000,     small-vehicle,     1668
516.000000, 924.000000, 570.000000, 922.000000, 570.000000, 944.000000, 516.000000, 946.000000,     small-vehicle,     1669
2730.000000, 392.000000, 2789.000000, 390.000000, 2788.000000, 417.000000, 2730.000000, 419.000000,     small-vehicle,     1670
2505.000000, 1052.000000, 2567.000000, 1049.000000, 2567.000000, 1075.000000, 2505.000000, 1077.000000,     small-vehicle,     1671
311.000000, 408.000000, 346.000000, 407.000000, 346.000000, 471.000000, 311.000000, 472.000000,     small-vehicle,     1678
1910.000000, 955.000000, 1934.000000, 954.000000, 1934.000000, 1004.000000, 1909.000000, 1005.000000,     small-vehicle,     1679
2166.000000, 132.000000, 2193.000000, 131.000000, 2193.000000, 188.000000, 2166.000000, 189.000000,     small-vehicle,     1680
1313.000000, 2099.000000, 1336.000000, 2098.000000, 1336.000000, 2154.000000, 1313.000000, 2155.000000,     small-vehicle,     1682
1910.000000, 163.000000, 1935.000000, 162.000000, 1935.000000, 222.000000, 1910.000000, 223.000000,     small-vehicle,     1683
3415.000000, 1623.000000, 3485.000000, 1619.000000, 3485.000000, 1645.000000, 3415.000000, 1648.000000,     large-vehicle,     1685
1885.000000, 136.000000, 1910.000000, 135.000000, 1910.000000, 193.000000, 1884.000000, 194.000000,     small-vehicle,     1687
3198.000000, 422.000000, 3261.000000, 419.000000, 3261.000000, 449.000000, 3198.000000, 452.000000,     small-vehicle,     1688
2907.000000, 566.000000, 2934.000000, 565.000000, 2934.000000, 614.000000, 2906.000000, 616.000000,     small-vehicle,     1689
322.000000, 221.000000, 348.000000, 220.000000, 348.000000, 272.000000, 322.000000, 273.000000,     small-vehicle,     1690
449.000000, 933.000000, 514.000000, 930.000000, 514.000000, 955.000000, 449.000000, 958.000000,     small-vehicle,     1691
2419.000000, 521.000000, 2470.000000, 518.000000, 2470.000000, 538.000000, 2419.000000, 540.000000,     small-vehicle,     1693
1955.000000, 1801.000000, 1979.000000, 1800.000000, 1979.000000, 1844.000000, 1955.000000, 1845.000000,     small-vehicle,     1694
2198.000000, 107.000000, 2229.000000, 106.000000, 2229.000000, 164.000000, 2198.000000, 165.000000,     small-vehicle,     1697
3416.000000, 1648.000000, 3488.000000, 1645.000000, 3488.000000, 1671.000000, 3416.000000, 1675.000000,     small-vehicle,     1698
1911.000000, 83.000000, 1939.000000, 81.000000, 1938.000000, 149.000000, 1910.000000, 150.000000,     small-vehicle,     1699
2805.000000, 1028.000000, 2862.000000, 1025.000000, 2862.000000, 1050.000000, 2805.000000, 1052.000000,     small-vehicle,     1702
