2013.000000, 2853.000000, 2041.000000, 2851.000000, 2043.000000, 2915.000000, 2013.000000, 2916.000000,     small-vehicle,     0
2342.000000, 2909.000000, 2371.000000, 2907.000000, 2373.000000, 2974.000000, 2344.000000, 2977.000000,     small-vehicle,     1
2021.000000, 2936.000000, 2046.000000, 2935.000000, 2047.000000, 2997.000000, 2023.000000, 2998.000000,     small-vehicle,     2
2218.000000, 3460.000000, 2244.000000, 3459.000000, 2245.000000, 3517.000000, 2219.000000, 3518.000000,     small-vehicle,     3
2024.000000, 2570.000000, 2049.000000, 2569.000000, 2051.000000, 2633.000000, 2025.000000, 2633.000000,     small-vehicle,     4
2365.000000, 3260.000000, 2393.000000, 3259.000000, 2396.000000, 3327.000000, 2368.000000, 3328.000000,     small-vehicle,     5
1381.000000, 3656.000000, 1413.000000, 3655.000000, 1412.000000, 3732.000000, 1381.000000, 3734.000000,     small-vehicle,     6
2335.000000, 3093.000000, 2363.000000, 3092.000000, 2365.000000, 3168.000000, 2338.000000, 3168.000000,     small-vehicle,     8
3369.000000, 3641.000000, 3408.000000, 3638.000000, 3410.000000, 3664.000000, 3369.000000, 3667.000000,     small-vehicle,     9
493.000000, 3872.000000, 554.000000, 3868.000000, 553.000000, 3903.000000, 492.000000, 3907.000000,     small-vehicle,     11
1406.000000, 2946.000000, 1437.000000, 2944.000000, 1437.000000, 3026.000000, 1406.000000, 3026.000000,     small-vehicle,     12
2845.000000, 3777.000000, 2912.000000, 3772.000000, 2914.000000, 3814.000000, 2847.000000, 3819.000000,     small-vehicle,     14
2334.000000, 2826.000000, 2364.000000, 2826.000000, 2367.000000, 2896.000000, 2336.000000, 2897.000000,     small-vehicle,     17
2311.000000, 3007.000000, 2366.000000, 3005.000000, 2369.000000, 3076.000000, 2314.000000, 3078.000000,     small-vehicle,     19
2040.000000, 2759.000000, 2067.000000, 2759.000000, 2069.000000, 2828.000000, 2041.000000, 2829.000000,     small-vehicle,     21
148.000000, 3898.000000, 211.000000, 3894.000000, 210.000000, 3930.000000, 146.000000, 3934.000000,     small-vehicle,     25
2377.000000, 3356.000000, 2404.000000, 3354.000000, 2408.000000, 3425.000000, 2380.000000, 3426.000000,     small-vehicle,     26
899.000000, 3837.000000, 972.000000, 3833.000000, 971.000000, 3867.000000, 899.000000, 3872.000000,     small-vehicle,     27
2449.000000, 4218.000000, 2486.000000, 4214.000000, 2491.000000, 4307.000000, 2452.000000, 4310.000000,     small-vehicle,     29
2351.000000, 3169.000000, 2387.000000, 3168.000000, 2390.000000, 3247.000000, 2353.000000, 3247.000000,     small-vehicle,     32
2099.000000, 3545.000000, 2156.000000, 3542.000000, 2157.000000, 3581.000000, 2099.000000, 3584.000000,     small-vehicle,     33
2095.000000, 2950.000000, 2122.000000, 2949.000000, 2124.000000, 3020.000000, 2098.000000, 3021.000000,     small-vehicle,     36
2341.000000, 3332.000000, 2370.000000, 3331.000000, 2372.000000, 3405.000000, 2344.000000, 3405.000000,     small-vehicle,     40
1412.000000, 2596.000000, 1466.000000, 2596.000000, 1465.000000, 2634.000000, 1413.000000, 2636.000000,     small-vehicle,     41
2814.000000, 3680.000000, 2865.000000, 3677.000000, 2867.000000, 3713.000000, 2815.000000, 3716.000000,     small-vehicle,     42
1405.000000, 2868.000000, 1431.000000, 2867.000000, 1431.000000, 2929.000000, 1403.000000, 2930.000000,     small-vehicle,     43
2298.000000, 2720.000000, 2325.000000, 2719.000000, 2328.000000, 2799.000000, 2301.000000, 2800.000000,     small-vehicle,     46
1045.000000, 3827.000000, 1110.000000, 3822.000000, 1110.000000, 3862.000000, 1045.000000, 3866.000000,     small-vehicle,     47
2363.000000, 3093.000000, 2387.000000, 3092.000000, 2389.000000, 3153.000000, 2365.000000, 3154.000000,     small-vehicle,     48
3162.000000, 3653.000000, 3215.000000, 3651.000000, 3217.000000, 3686.000000, 3165.000000, 3691.000000,     small-vehicle,     49
68.000000, 3907.000000, 135.000000, 3903.000000, 134.000000, 3939.000000, 65.000000, 3944.000000,     small-vehicle,     50
604.000000, 3861.000000, 676.000000, 3856.000000, 676.000000, 3888.000000, 603.000000, 3892.000000,     small-vehicle,     51
695.000000, 3851.000000, 751.000000, 3847.000000, 750.000000, 3882.000000, 695.000000, 3887.000000,     small-vehicle,     62
3503.000000, 3538.000000, 3531.000000, 3536.000000, 3536.000000, 3598.000000, 3508.000000, 3599.000000,     small-vehicle,     63
3289.000000, 3646.000000, 3322.000000, 3644.000000, 3324.000000, 3672.000000, 3290.000000, 3675.000000,     small-vehicle,     65
2273.000000, 2569.000000, 2325.000000, 2567.000000, 2328.000000, 2630.000000, 2275.000000, 2632.000000,     small-vehicle,     66
3435.000000, 3630.000000, 3494.000000, 3626.000000, 3496.000000, 3662.000000, 3437.000000, 3665.000000,     small-vehicle,     73
226.000000, 3891.000000, 286.000000, 3889.000000, 285.000000, 3921.000000, 225.000000, 3924.000000,     small-vehicle,     74
1399.000000, 3146.000000, 1430.000000, 3144.000000, 1430.000000, 3217.000000, 1399.000000, 3220.000000,     small-vehicle,     75
2140.000000, 3105.000000, 2168.000000, 3102.000000, 2171.000000, 3187.000000, 2142.000000, 3189.000000,     small-vehicle,     76
2066.000000, 3453.000000, 2094.000000, 3452.000000, 2096.000000, 3520.000000, 2069.000000, 3522.000000,     small-vehicle,     77
404.000000, 2823.000000, 468.000000, 2820.000000, 466.000000, 2851.000000, 404.000000, 2853.000000,     small-vehicle,     79
2799.000000, 3830.000000, 2873.000000, 3825.000000, 2876.000000, 3866.000000, 2800.000000, 3871.000000,     small-vehicle,     83
3029.000000, 2549.000000, 3068.000000, 2549.000000, 3070.000000, 2570.000000, 3030.000000, 2572.000000,     small-vehicle,     85
2294.000000, 2929.000000, 2321.000000, 2928.000000, 2324.000000, 3005.000000, 2296.000000, 3006.000000,     small-vehicle,     86
2598.000000, 3731.000000, 2656.000000, 3728.000000, 2658.000000, 3770.000000, 2600.000000, 3774.000000,     small-vehicle,     88
2207.000000, 3328.000000, 2236.000000, 3327.000000, 2239.000000, 3412.000000, 2211.000000, 3413.000000,     small-vehicle,     90
3654.000000, 3617.000000, 3721.000000, 3613.000000, 3725.000000, 3658.000000, 3657.000000, 3662.000000,     small-vehicle,     91
2111.000000, 3255.000000, 2141.000000, 3253.000000, 2144.000000, 3322.000000, 2113.000000, 3323.000000,     small-vehicle,     101
3117.000000, 3696.000000, 3173.000000, 3693.000000, 3175.000000, 3732.000000, 3119.000000, 3735.000000,     small-vehicle,     106
2086.000000, 3363.000000, 2114.000000, 3361.000000, 2115.000000, 3435.000000, 2086.000000, 3436.000000,     small-vehicle,     110
2688.000000, 3723.000000, 2751.000000, 3719.000000, 2753.000000, 3761.000000, 2689.000000, 3765.000000,     small-vehicle,     111
2426.000000, 4436.000000, 2461.000000, 4432.000000, 2464.000000, 4516.000000, 2430.000000, 4520.000000,     small-vehicle,     114
2016.000000, 2498.000000, 2044.000000, 2498.000000, 2046.000000, 2559.000000, 2017.000000, 2559.000000,     small-vehicle,     120
2910.000000, 2508.000000, 2960.000000, 2508.000000, 2961.000000, 2537.000000, 2911.000000, 2537.000000,     small-vehicle,     121
3196.000000, 3695.000000, 3258.000000, 3692.000000, 3261.000000, 3730.000000, 3199.000000, 3734.000000,     small-vehicle,     122
2096.000000, 2699.000000, 2125.000000, 2698.000000, 2127.000000, 2773.000000, 2098.000000, 2774.000000,     small-vehicle,     127
3045.000000, 2493.000000, 3097.000000, 2491.000000, 3099.000000, 2518.000000, 3047.000000, 2520.000000,     small-vehicle,     130
3101.000000, 3657.000000, 3158.000000, 3654.000000, 3161.000000, 3688.000000, 3104.000000, 3692.000000,     small-vehicle,     131
1395.000000, 3248.000000, 1423.000000, 3248.000000, 1424.000000, 3313.000000, 1395.000000, 3315.000000,     small-vehicle,     132
1390.000000, 3482.000000, 1420.000000, 3480.000000, 1421.000000, 3553.000000, 1390.000000, 3555.000000,     small-vehicle,     140
2063.000000, 3301.000000, 2087.000000, 3299.000000, 2088.000000, 3351.000000, 2064.000000, 3353.000000,     small-vehicle,     144
2358.000000, 3822.000000, 2387.000000, 3820.000000, 2390.000000, 3896.000000, 2360.000000, 3897.000000,     small-vehicle,     148
3457.000000, 3675.000000, 3513.000000, 3670.000000, 3516.000000, 3708.000000, 3459.000000, 3712.000000,     small-vehicle,     149
3580.000000, 3521.000000, 3613.000000, 3519.000000, 3619.000000, 3585.000000, 3585.000000, 3587.000000,     small-vehicle,     161
1766.000000, 2621.000000, 1828.000000, 2620.000000, 1827.000000, 2652.000000, 1767.000000, 2655.000000,     small-vehicle,     164
161.000000, 2822.000000, 224.000000, 2820.000000, 222.000000, 2848.000000, 159.000000, 2850.000000,     small-vehicle,     165
3380.000000, 3681.000000, 3436.000000, 3677.000000, 3440.000000, 3719.000000, 3384.000000, 3723.000000,     small-vehicle,     168
1763.000000, 3769.000000, 1828.000000, 3763.000000, 1829.000000, 3798.000000, 1762.000000, 3803.000000,     small-vehicle,     177
3516.000000, 3623.000000, 3566.000000, 3620.000000, 3572.000000, 3684.000000, 3522.000000, 3687.000000,     small-vehicle,     196
2920.000000, 2550.000000, 2987.000000, 2548.000000, 2989.000000, 2579.000000, 2923.000000, 2580.000000,     small-vehicle,     202
2037.000000, 3231.000000, 2061.000000, 3230.000000, 2063.000000, 3283.000000, 2037.000000, 3284.000000,     small-vehicle,     223
2311.000000, 3520.000000, 2346.000000, 3518.000000, 2350.000000, 3626.000000, 2314.000000, 3627.000000,     large-vehicle,     230
2054.000000, 3016.000000, 2093.000000, 3015.000000, 2095.000000, 3107.000000, 2057.000000, 3107.000000,     large-vehicle,     232
2408.000000, 3867.000000, 2443.000000, 3864.000000, 2446.000000, 3962.000000, 2414.000000, 3963.000000,     large-vehicle,     239
3182.000000, 2511.000000, 3230.000000, 2509.000000, 3232.000000, 2533.000000, 3184.000000, 2533.000000,     small-vehicle,     330
1115.000000, 3365.000000, 1179.000000, 3363.000000, 1179.000000, 3399.000000, 1115.000000, 3402.000000,     small-vehicle,     337
3412.000000, 2484.000000, 3476.000000, 2482.000000, 3480.000000, 2543.000000, 3416.000000, 2544.000000,     large-vehicle,     345
2111.000000, 3229.000000, 2140.000000, 3228.000000, 2142.000000, 3301.000000, 2112.000000, 3301.000000,     small-vehicle,     353
1276.000000, 3365.000000, 1342.000000, 3362.000000, 1342.000000, 3398.000000, 1276.000000, 3401.000000,     small-vehicle,     360
3560.000000, 2477.000000, 3623.000000, 2475.000000, 3625.000000, 2506.000000, 3563.000000, 2507.000000,     small-vehicle,     385
2822.000000, 2619.000000, 2882.000000, 2619.000000, 2885.000000, 2666.000000, 2825.000000, 2668.000000,     small-vehicle,     386
2186.000000, 3102.000000, 2216.000000, 3102.000000, 2218.000000, 3181.000000, 2189.000000, 3183.000000,     small-vehicle,     421
2197.000000, 3224.000000, 2224.000000, 3223.000000, 2227.000000, 3297.000000, 2199.000000, 3297.000000,     small-vehicle,     431
1988.000000, 2395.000000, 2014.000000, 2394.000000, 2016.000000, 2462.000000, 1989.000000, 2462.000000,     small-vehicle,     432
2016.000000, 2388.000000, 2045.000000, 2387.000000, 2047.000000, 2452.000000, 2018.000000, 2454.000000,     small-vehicle,     433
1201.000000, 3363.000000, 1258.000000, 3361.000000, 1258.000000, 3395.000000, 1201.000000, 3398.000000,     small-vehicle,     438
3061.000000, 2568.000000, 3121.000000, 2566.000000, 3123.000000, 2599.000000, 3063.000000, 2601.000000,     small-vehicle,     445
2154.000000, 3150.000000, 2180.000000, 3148.000000, 2181.000000, 3211.000000, 2155.000000, 3212.000000,     small-vehicle,     457
2274.000000, 2312.000000, 2300.000000, 2311.000000, 2303.000000, 2387.000000, 2276.000000, 2388.000000,     small-vehicle,     484
259.000000, 2893.000000, 338.000000, 2891.000000, 336.000000, 2912.000000, 258.000000, 2915.000000,     large-vehicle,     498
1990.000000, 2334.000000, 2011.000000, 2333.000000, 2012.000000, 2392.000000, 1991.000000, 2392.000000,     small-vehicle,     506
2113.000000, 3023.000000, 2139.000000, 3022.000000, 2141.000000, 3089.000000, 2113.000000, 3091.000000,     small-vehicle,     531
2252.000000, 2184.000000, 2277.000000, 2184.000000, 2279.000000, 2242.000000, 2255.000000, 2243.000000,     small-vehicle,     564
2288.000000, 2197.000000, 2316.000000, 2198.000000, 2318.000000, 2257.000000, 2290.000000, 2258.000000,     small-vehicle,     568
1647.000000, 2680.000000, 1706.000000, 2679.000000, 1706.000000, 2709.000000, 1647.000000, 2711.000000,     small-vehicle,     575
3515.000000, 2571.000000, 3569.000000, 2570.000000, 3571.000000, 2601.000000, 3518.000000, 2602.000000,     small-vehicle,     577
3629.000000, 2467.000000, 3691.000000, 2466.000000, 3693.000000, 2497.000000, 3632.000000, 2499.000000,     small-vehicle,     578
2281.000000, 2115.000000, 2307.000000, 2115.000000, 2310.000000, 2181.000000, 2283.000000, 2182.000000,     small-vehicle,     590
2037.000000, 3114.000000, 2075.000000, 3113.000000, 2076.000000, 3185.000000, 2038.000000, 3187.000000,     small-vehicle,     591
1991.000000, 2142.000000, 2021.000000, 2141.000000, 2022.000000, 2208.000000, 1993.000000, 2209.000000,     small-vehicle,     593
2688.000000, 2651.000000, 2745.000000, 2649.000000, 2747.000000, 2677.000000, 2690.000000, 2678.000000,     small-vehicle,     614
2264.000000, 2034.000000, 2290.000000, 2034.000000, 2292.000000, 2097.000000, 2267.000000, 2097.000000,     small-vehicle,     632
2069.000000, 2641.000000, 2101.000000, 2639.000000, 2104.000000, 2721.000000, 2071.000000, 2720.000000,     small-vehicle,     635
2945.000000, 2623.000000, 3006.000000, 2622.000000, 3007.000000, 2654.000000, 2948.000000, 2656.000000,     small-vehicle,     636
1957.000000, 1973.000000, 1983.000000, 1974.000000, 1984.000000, 2032.000000, 1959.000000, 2032.000000,     small-vehicle,     660
2250.000000, 3094.000000, 2282.000000, 3093.000000, 2284.000000, 3168.000000, 2253.000000, 3169.000000,     small-vehicle,     664
2263.000000, 1952.000000, 2291.000000, 1952.000000, 2294.000000, 2015.000000, 2266.000000, 2015.000000,     small-vehicle,     666
2173.000000, 2901.000000, 2200.000000, 2900.000000, 2202.000000, 2956.000000, 2176.000000, 2957.000000,     small-vehicle,     667
539.000000, 2028.000000, 590.000000, 2029.000000, 589.000000, 2057.000000, 537.000000, 2056.000000,     small-vehicle,     668
1951.000000, 1903.000000, 1978.000000, 1902.000000, 1979.000000, 1959.000000, 1952.000000, 1959.000000,     small-vehicle,     704
819.000000, 2844.000000, 878.000000, 2842.000000, 878.000000, 2879.000000, 818.000000, 2881.000000,     small-vehicle,     708
2261.000000, 1868.000000, 2285.000000, 1868.000000, 2286.000000, 1928.000000, 2263.000000, 1928.000000,     small-vehicle,     718
2696.000000, 2555.000000, 2757.000000, 2554.000000, 2759.000000, 2582.000000, 2698.000000, 2585.000000,     large-vehicle,     727
2563.000000, 2658.000000, 2616.000000, 2656.000000, 2617.000000, 2685.000000, 2564.000000, 2686.000000,     small-vehicle,     736
2049.000000, 2303.000000, 2082.000000, 2301.000000, 2084.000000, 2390.000000, 2051.000000, 2391.000000,     large-vehicle,     744
2501.000000, 2665.000000, 2556.000000, 2663.000000, 2557.000000, 2695.000000, 2503.000000, 2698.000000,     small-vehicle,     756
2217.000000, 1771.000000, 2247.000000, 1771.000000, 2250.000000, 1842.000000, 2218.000000, 1842.000000,     small-vehicle,     761
1944.000000, 1822.000000, 1975.000000, 1822.000000, 1977.000000, 1890.000000, 1946.000000, 1890.000000,     small-vehicle,     762
1852.000000, 2699.000000, 1905.000000, 2698.000000, 1905.000000, 2717.000000, 1852.000000, 2719.000000,     small-vehicle,     765
3723.000000, 2545.000000, 3776.000000, 2543.000000, 3778.000000, 2577.000000, 3727.000000, 2578.000000,     small-vehicle,     767
3209.000000, 2599.000000, 3268.000000, 2598.000000, 3270.000000, 2629.000000, 3211.000000, 2631.000000,     small-vehicle,     789
3647.000000, 2553.000000, 3709.000000, 2552.000000, 3712.000000, 2587.000000, 3651.000000, 2589.000000,     small-vehicle,     792
1933.000000, 1690.000000, 1961.000000, 1690.000000, 1962.000000, 1757.000000, 1933.000000, 1757.000000,     small-vehicle,     813
3317.000000, 1741.000000, 3339.000000, 1740.000000, 3344.000000, 1800.000000, 3323.000000, 1800.000000,     small-vehicle,     815
2047.000000, 1886.000000, 2076.000000, 1885.000000, 2077.000000, 1949.000000, 2049.000000, 1950.000000,     small-vehicle,     816
2433.000000, 1717.000000, 2481.000000, 1717.000000, 2483.000000, 1744.000000, 2435.000000, 1744.000000,     small-vehicle,     818
2636.000000, 2640.000000, 2684.000000, 2640.000000, 2687.000000, 2695.000000, 2639.000000, 2697.000000,     small-vehicle,     824
2563.000000, 2565.000000, 2614.000000, 2562.000000, 2616.000000, 2594.000000, 2565.000000, 2596.000000,     small-vehicle,     839
1941.000000, 1643.000000, 1963.000000, 1643.000000, 1963.000000, 1682.000000, 1941.000000, 1683.000000,     small-vehicle,     840
2415.000000, 1637.000000, 2470.000000, 1638.000000, 2471.000000, 1663.000000, 2416.000000, 1664.000000,     small-vehicle,     841
3019.000000, 2613.000000, 3082.000000, 2612.000000, 3085.000000, 2645.000000, 3022.000000, 2647.000000,     small-vehicle,     844
2475.000000, 1628.000000, 2531.000000, 1629.000000, 2533.000000, 1663.000000, 2476.000000, 1662.000000,     small-vehicle,     845
1282.000000, 2792.000000, 1340.000000, 2790.000000, 1340.000000, 2831.000000, 1282.000000, 2833.000000,     small-vehicle,     846
1751.000000, 2111.000000, 1806.000000, 2109.000000, 1806.000000, 2136.000000, 1752.000000, 2136.000000,     small-vehicle,     847
3242.000000, 2494.000000, 3290.000000, 2492.000000, 3292.000000, 2514.000000, 3244.000000, 2515.000000,     small-vehicle,     853
2118.000000, 2798.000000, 2161.000000, 2796.000000, 2163.000000, 2900.000000, 2122.000000, 2900.000000,     large-vehicle,     856
2330.000000, 3215.000000, 2358.000000, 3214.000000, 2362.000000, 3291.000000, 2332.000000, 3293.000000,     large-vehicle,     857
2042.000000, 1743.000000, 2070.000000, 1744.000000, 2072.000000, 1804.000000, 2045.000000, 1804.000000,     small-vehicle,     867
2730.000000, 1616.000000, 2785.000000, 1617.000000, 2786.000000, 1644.000000, 2732.000000, 1644.000000,     small-vehicle,     870
617.000000, 2036.000000, 712.000000, 2035.000000, 712.000000, 2067.000000, 615.000000, 2068.000000,     small-vehicle,     871
2852.000000, 1598.000000, 2906.000000, 1599.000000, 2908.000000, 1626.000000, 2854.000000, 1627.000000,     small-vehicle,     875
1578.000000, 2696.000000, 1636.000000, 2694.000000, 1637.000000, 2734.000000, 1578.000000, 2736.000000,     small-vehicle,     876
3101.000000, 2519.000000, 3156.000000, 2518.000000, 3159.000000, 2548.000000, 3103.000000, 2548.000000,     small-vehicle,     877
3308.000000, 1659.000000, 3333.000000, 1659.000000, 3337.000000, 1716.000000, 3312.000000, 1716.000000,     small-vehicle,     878
2663.000000, 1614.000000, 2708.000000, 1614.000000, 2710.000000, 1642.000000, 2665.000000, 1642.000000,     small-vehicle,     879
2605.000000, 1623.000000, 2660.000000, 1623.000000, 2662.000000, 1655.000000, 2607.000000, 1655.000000,     small-vehicle,     880
2066.000000, 3206.000000, 2093.000000, 3205.000000, 2096.000000, 3284.000000, 2069.000000, 3284.000000,     small-vehicle,     884
1915.000000, 1587.000000, 1939.000000, 1588.000000, 1940.000000, 1646.000000, 1918.000000, 1645.000000,     small-vehicle,     885
3367.000000, 1552.000000, 3417.000000, 1553.000000, 3419.000000, 1582.000000, 3370.000000, 1582.000000,     small-vehicle,     886
1993.000000, 2011.000000, 2018.000000, 2012.000000, 2019.000000, 2075.000000, 1995.000000, 2076.000000,     small-vehicle,     887
3025.000000, 1585.000000, 3085.000000, 1585.000000, 3087.000000, 1613.000000, 3027.000000, 1613.000000,     small-vehicle,     889
1366.000000, 1865.000000, 1388.000000, 1865.000000, 1388.000000, 1913.000000, 1366.000000, 1913.000000,     small-vehicle,     890
1124.000000, 3060.000000, 1160.000000, 3059.000000, 1160.000000, 3105.000000, 1124.000000, 3107.000000,     small-vehicle,     891
1921.000000, 1516.000000, 1941.000000, 1516.000000, 1942.000000, 1575.000000, 1922.000000, 1574.000000,     small-vehicle,     892
3145.000000, 1575.000000, 3198.000000, 1576.000000, 3201.000000, 1607.000000, 3147.000000, 1608.000000,     small-vehicle,     893
3313.000000, 1555.000000, 3366.000000, 1556.000000, 3369.000000, 1585.000000, 3315.000000, 1586.000000,     small-vehicle,     894
2942.000000, 1587.000000, 2999.000000, 1587.000000, 3001.000000, 1619.000000, 2944.000000, 1618.000000,     small-vehicle,     895
3471.000000, 1539.000000, 3521.000000, 1540.000000, 3523.000000, 1569.000000, 3473.000000, 1568.000000,     small-vehicle,     897
1871.000000, 3754.000000, 1923.000000, 3749.000000, 1924.000000, 3781.000000, 1872.000000, 3785.000000,     small-vehicle,     898
3318.000000, 1632.000000, 3351.000000, 1632.000000, 3353.000000, 1657.000000, 3320.000000, 1657.000000,     small-vehicle,     901
2794.000000, 1604.000000, 2843.000000, 1605.000000, 2845.000000, 1631.000000, 2796.000000, 1633.000000,     small-vehicle,     904
645.000000, 2483.000000, 711.000000, 2482.000000, 710.000000, 2522.000000, 644.000000, 2525.000000,     small-vehicle,     909
2488.000000, 1716.000000, 2524.000000, 1716.000000, 2525.000000, 1742.000000, 2489.000000, 1742.000000,     small-vehicle,     915
3132.000000, 1651.000000, 3184.000000, 1652.000000, 3185.000000, 1683.000000, 3135.000000, 1682.000000,     small-vehicle,     916
2217.000000, 1442.000000, 2248.000000, 1443.000000, 2250.000000, 1512.000000, 2220.000000, 1511.000000,     small-vehicle,     917
872.000000, 2878.000000, 933.000000, 2876.000000, 933.000000, 2912.000000, 872.000000, 2913.000000,     small-vehicle,     919
2199.000000, 1485.000000, 2229.000000, 1485.000000, 2231.000000, 1548.000000, 2201.000000, 1547.000000,     small-vehicle,     921
3600.000000, 1525.000000, 3644.000000, 1526.000000, 3647.000000, 1551.000000, 3602.000000, 1550.000000,     small-vehicle,     924
1998.000000, 1655.000000, 2026.000000, 1656.000000, 2028.000000, 1719.000000, 1999.000000, 1718.000000,     small-vehicle,     930
2775.000000, 2550.000000, 2825.000000, 2548.000000, 2828.000000, 2578.000000, 2778.000000, 2579.000000,     large-vehicle,     935
2298.000000, 3554.000000, 2340.000000, 3552.000000, 2343.000000, 3640.000000, 2300.000000, 3643.000000,     large-vehicle,     939
2379.000000, 3470.000000, 2411.000000, 3467.000000, 2414.000000, 3547.000000, 2382.000000, 3548.000000,     small-vehicle,     940
2302.000000, 2852.000000, 2333.000000, 2850.000000, 2336.000000, 2920.000000, 2304.000000, 2923.000000,     small-vehicle,     941
3307.000000, 2509.000000, 3357.000000, 2507.000000, 3359.000000, 2529.000000, 3310.000000, 2531.000000,     small-vehicle,     942
3578.000000, 2565.000000, 3643.000000, 2563.000000, 3646.000000, 2593.000000, 3580.000000, 2594.000000,     small-vehicle,     943
2212.000000, 1368.000000, 2240.000000, 1367.000000, 2242.000000, 1433.000000, 2214.000000, 1432.000000,     small-vehicle,     944
2299.000000, 3567.000000, 2337.000000, 3564.000000, 2341.000000, 3654.000000, 2302.000000, 3655.000000,     small-vehicle,     945
2328.000000, 3226.000000, 2359.000000, 3225.000000, 2362.000000, 3302.000000, 2330.000000, 3302.000000,     small-vehicle,     946
1393.000000, 3564.000000, 1410.000000, 3563.000000, 1410.000000, 3602.000000, 1393.000000, 3603.000000,     small-vehicle,     947
1779.000000, 3784.000000, 1843.000000, 3780.000000, 1845.000000, 3822.000000, 1779.000000, 3828.000000,     small-vehicle,     948
1910.000000, 1384.000000, 1937.000000, 1384.000000, 1939.000000, 1446.000000, 1911.000000, 1445.000000,     small-vehicle,     949
2628.000000, 2534.000000, 2686.000000, 2534.000000, 2686.000000, 2556.000000, 2629.000000, 2556.000000,     small-vehicle,     950
3269.000000, 2592.000000, 3333.000000, 2589.000000, 3336.000000, 2617.000000, 3271.000000, 2619.000000,     small-vehicle,     951
1778.000000, 2680.000000, 1834.000000, 2678.000000, 1834.000000, 2697.000000, 1779.000000, 2699.000000,     small-vehicle,     952
3484.000000, 2483.000000, 3553.000000, 2482.000000, 3555.000000, 2513.000000, 3486.000000, 2515.000000,     small-vehicle,     953
2305.000000, 2317.000000, 2330.000000, 2317.000000, 2333.000000, 2366.000000, 2308.000000, 2366.000000,     small-vehicle,     954
2491.000000, 2577.000000, 2552.000000, 2574.000000, 2553.000000, 2601.000000, 2492.000000, 2602.000000,     small-vehicle,     955
3017.000000, 2618.000000, 3085.000000, 2617.000000, 3087.000000, 2651.000000, 3020.000000, 2653.000000,     large-vehicle,     957
2060.000000, 2093.000000, 2088.000000, 2092.000000, 2090.000000, 2168.000000, 2062.000000, 2167.000000,     large-vehicle,     959
1994.000000, 2019.000000, 2019.000000, 2019.000000, 2019.000000, 2078.000000, 1996.000000, 2078.000000,     large-vehicle,     961
3074.000000, 1658.000000, 3127.000000, 1659.000000, 3130.000000, 1688.000000, 3076.000000, 1687.000000,     small-vehicle,     962
1978.000000, 1445.000000, 2007.000000, 1446.000000, 2009.000000, 1523.000000, 1981.000000, 1523.000000,     small-vehicle,     963
1066.000000, 1340.000000, 1114.000000, 1342.000000, 1113.000000, 1370.000000, 1066.000000, 1370.000000,     small-vehicle,     964
2704.000000, 2558.000000, 2755.000000, 2557.000000, 2757.000000, 2581.000000, 2706.000000, 2584.000000,     small-vehicle,     965
858.000000, 1347.000000, 925.000000, 1348.000000, 924.000000, 1377.000000, 857.000000, 1378.000000,     small-vehicle,     966
1993.000000, 2017.000000, 2019.000000, 2017.000000, 2020.000000, 2082.000000, 1995.000000, 2082.000000,     small-vehicle,     967
2062.000000, 2094.000000, 2089.000000, 2094.000000, 2091.000000, 2167.000000, 2064.000000, 2166.000000,     small-vehicle,     968
3472.000000, 1620.000000, 3509.000000, 1619.000000, 3511.000000, 1639.000000, 3473.000000, 1639.000000,     small-vehicle,     969
2330.000000, 3232.000000, 2360.000000, 3229.000000, 2363.000000, 3308.000000, 2332.000000, 3309.000000,     small-vehicle,     970
1237.000000, 1341.000000, 1262.000000, 1341.000000, 1262.000000, 1389.000000, 1236.000000, 1389.000000,     small-vehicle,     971
3018.000000, 2618.000000, 3085.000000, 2617.000000, 3087.000000, 2651.000000, 3021.000000, 2653.000000,     small-vehicle,     972
1619.000000, 2106.000000, 1678.000000, 2107.000000, 1678.000000, 2131.000000, 1619.000000, 2133.000000,     small-vehicle,     973
3173.000000, 2514.000000, 3230.000000, 2513.000000, 3231.000000, 2538.000000, 3174.000000, 2538.000000,     small-vehicle,     974
1229.000000, 1560.000000, 1269.000000, 1560.000000, 1269.000000, 1589.000000, 1229.000000, 1589.000000,     small-vehicle,     975
1963.000000, 2220.000000, 1987.000000, 2219.000000, 1988.000000, 2266.000000, 1965.000000, 2267.000000,     small-vehicle,     976
2328.000000, 3231.000000, 2359.000000, 3228.000000, 2362.000000, 3309.000000, 2331.000000, 3310.000000,     large-vehicle,     977
2300.000000, 2855.000000, 2334.000000, 2854.000000, 2337.000000, 2926.000000, 2303.000000, 2928.000000,     large-vehicle,     978
1417.000000, 2142.000000, 1515.000000, 2141.000000, 1515.000000, 2176.000000, 1417.000000, 2177.000000,     large-vehicle,     979
2012.000000, 1381.000000, 2040.000000, 1382.000000, 2043.000000, 1448.000000, 2014.000000, 1448.000000,     small-vehicle,     980
1904.000000, 1321.000000, 1931.000000, 1323.000000, 1932.000000, 1378.000000, 1905.000000, 1378.000000,     small-vehicle,     981
3630.000000, 2468.000000, 3692.000000, 2467.000000, 3694.000000, 2498.000000, 3633.000000, 2500.000000,     large-vehicle,     982
1159.000000, 2108.000000, 1226.000000, 2107.000000, 1226.000000, 2123.000000, 1159.000000, 2125.000000,     large-vehicle,     983
2298.000000, 3567.000000, 2338.000000, 3564.000000, 2342.000000, 3656.000000, 2301.000000, 3658.000000,     large-vehicle,     984
3178.000000, 2515.000000, 3232.000000, 2514.000000, 3233.000000, 2536.000000, 3179.000000, 2536.000000,     large-vehicle,     985
2178.000000, 1331.000000, 2205.000000, 1332.000000, 2207.000000, 1393.000000, 2180.000000, 1394.000000,     small-vehicle,     986
995.000000, 1342.000000, 1048.000000, 1343.000000, 1048.000000, 1371.000000, 995.000000, 1371.000000,     small-vehicle,     987
2108.000000, 2512.000000, 2133.000000, 2512.000000, 2136.000000, 2573.000000, 2108.000000, 2574.000000,     small-vehicle,     988
1137.000000, 1337.000000, 1199.000000, 1338.000000, 1198.000000, 1369.000000, 1137.000000, 1368.000000,     small-vehicle,     989
