2175.000000, 1217.000000, 2240.000000, 1217.000000, 2240.000000, 1282.000000, 2175.000000, 1282.000000,   small-vehicle,   1290
1294.000000, 1582.000000, 1319.000000, 1582.000000, 1319.000000, 1625.000000, 1294.000000, 1625.000000,   small-vehicle,   1507
2256.000000, 1524.000000, 2286.000000, 1524.000000, 2286.000000, 1582.000000, 2256.000000, 1582.000000,   small-vehicle,   1509
2982.000000, 1580.000000, 3013.000000, 1580.000000, 3013.000000, 1629.000000, 2982.000000, 1629.000000,   small-vehicle,   1515
1292.000000, 1526.000000, 1320.000000, 1526.000000, 1320.000000, 1581.000000, 1292.000000, 1581.000000,   small-vehicle,   1517
1959.000000, 1474.000000, 1986.000000, 1474.000000, 1986.000000, 1528.000000, 1959.000000, 1528.000000,   small-vehicle,   1522
2277.000000, 1464.000000, 2310.000000, 1464.000000, 2310.000000, 1525.000000, 2277.000000, 1525.000000,   small-vehicle,   1529
2275.000000, 1392.000000, 2303.000000, 1392.000000, 2303.000000, 1446.000000, 2275.000000, 1446.000000,   small-vehicle,   1536
1958.000000, 1402.000000, 1984.000000, 1402.000000, 1984.000000, 1462.000000, 1958.000000, 1462.000000,   small-vehicle,   1537
1290.000000, 1367.000000, 1316.000000, 1367.000000, 1316.000000, 1421.000000, 1290.000000, 1421.000000,   small-vehicle,   1548
1958.000000, 1334.000000, 1988.000000, 1334.000000, 1988.000000, 1394.000000, 1958.000000, 1394.000000,   small-vehicle,   1549
2273.000000, 1314.000000, 2304.000000, 1314.000000, 2304.000000, 1376.000000, 2273.000000, 1376.000000,   small-vehicle,   1552
1283.000000, 1290.000000, 1311.000000, 1290.000000, 1311.000000, 1349.000000, 1283.000000, 1349.000000,   small-vehicle,   1554
1946.000000, 1268.000000, 1974.000000, 1268.000000, 1974.000000, 1318.000000, 1946.000000, 1318.000000,   small-vehicle,   1562
1973.000000, 1221.000000, 1999.000000, 1221.000000, 1999.000000, 1272.000000, 1973.000000, 1272.000000,   small-vehicle,   1566
2237.000000, 1221.000000, 2272.000000, 1221.000000, 2272.000000, 1286.000000, 2237.000000, 1286.000000,   small-vehicle,   1571
728.000000, 1184.000000, 785.000000, 1184.000000, 785.000000, 1205.000000, 728.000000, 1205.000000,   small-vehicle,   1573
439.000000, 1172.000000, 497.000000, 1172.000000, 497.000000, 1205.000000, 439.000000, 1205.000000,   small-vehicle,   1575
510.000000, 1181.000000, 563.000000, 1181.000000, 563.000000, 1211.000000, 510.000000, 1211.000000,   small-vehicle,   1578
796.000000, 1182.000000, 844.000000, 1182.000000, 844.000000, 1200.000000, 796.000000, 1200.000000,   small-vehicle,   1585
1515.000000, 1145.000000, 1558.000000, 1145.000000, 1558.000000, 1167.000000, 1515.000000, 1167.000000,   small-vehicle,   1590
386.000000, 1112.000000, 414.000000, 1112.000000, 414.000000, 1171.000000, 386.000000, 1171.000000,   small-vehicle,   1594
1960.000000, 1066.000000, 1990.000000, 1066.000000, 1990.000000, 1115.000000, 1960.000000, 1115.000000,   small-vehicle,   1602
2927.000000, 1060.000000, 2993.000000, 1060.000000, 2993.000000, 1095.000000, 2927.000000, 1095.000000,   small-vehicle,   1614
320.000000, 1035.000000, 369.000000, 1035.000000, 369.000000, 1093.000000, 320.000000, 1093.000000,   small-vehicle,   1615
2232.000000, 1041.000000, 2256.000000, 1041.000000, 2256.000000, 1094.000000, 2232.000000, 1094.000000,   small-vehicle,   1623
3493.000000, 1042.000000, 3555.000000, 1042.000000, 3555.000000, 1062.000000, 3493.000000, 1062.000000,   small-vehicle,   1628
3417.000000, 1042.000000, 3474.000000, 1042.000000, 3474.000000, 1067.000000, 3417.000000, 1067.000000,   small-vehicle,   1631
86.000000, 1090.000000, 139.000000, 1090.000000, 139.000000, 1130.000000, 86.000000, 1130.000000,   small-vehicle,   1632
2225.000000, 970.000000, 2256.000000, 970.000000, 2256.000000, 1035.000000, 2225.000000, 1035.000000,   small-vehicle,   1633
1929.000000, 901.000000, 1955.000000, 901.000000, 1955.000000, 954.000000, 1929.000000, 954.000000,   small-vehicle,   1637
3226.000000, 931.000000, 3263.000000, 931.000000, 3263.000000, 993.000000, 3226.000000, 993.000000,   small-vehicle,   1638
433.000000, 916.000000, 465.000000, 916.000000, 465.000000, 980.000000, 433.000000, 980.000000,   small-vehicle,   1643
506.000000, 900.000000, 552.000000, 900.000000, 552.000000, 941.000000, 506.000000, 941.000000,   small-vehicle,   1646
357.000000, 894.000000, 386.000000, 894.000000, 386.000000, 947.000000, 357.000000, 947.000000,   small-vehicle,   1650
2974.000000, 1441.000000, 3007.000000, 1441.000000, 3007.000000, 1498.000000, 2974.000000, 1498.000000,   small-vehicle,   1651
2247.000000, 845.000000, 2278.000000, 845.000000, 2278.000000, 906.000000, 2247.000000, 906.000000,   small-vehicle,   1656
1924.000000, 830.000000, 1954.000000, 830.000000, 1954.000000, 887.000000, 1924.000000, 887.000000,   small-vehicle,   1658
1039.000000, 1223.000000, 1091.000000, 1223.000000, 1091.000000, 1250.000000, 1039.000000, 1250.000000,   small-vehicle,   1659
3223.000000, 852.000000, 3260.000000, 852.000000, 3260.000000, 911.000000, 3223.000000, 911.000000,   small-vehicle,   1665
358.000000, 835.000000, 387.000000, 835.000000, 387.000000, 888.000000, 358.000000, 888.000000,   small-vehicle,   1666
2974.000000, 1503.000000, 3009.000000, 1503.000000, 3009.000000, 1563.000000, 2974.000000, 1563.000000,   small-vehicle,   1667
2208.000000, 779.000000, 2236.000000, 779.000000, 2236.000000, 834.000000, 2208.000000, 834.000000,   small-vehicle,   1680
1951.000000, 800.000000, 1978.000000, 800.000000, 1978.000000, 851.000000, 1951.000000, 851.000000,   small-vehicle,   1683
1925.000000, 772.000000, 1951.000000, 772.000000, 1951.000000, 822.000000, 1925.000000, 822.000000,   small-vehicle,   1687
3251.000000, 1118.000000, 3319.000000, 1118.000000, 3319.000000, 1149.000000, 3251.000000, 1149.000000,   small-vehicle,   1688
2962.000000, 1233.000000, 2990.000000, 1233.000000, 2990.000000, 1278.000000, 2962.000000, 1278.000000,   small-vehicle,   1689
2466.000000, 1160.000000, 2519.000000, 1160.000000, 2519.000000, 1181.000000, 2466.000000, 1181.000000,   small-vehicle,   1693
2242.000000, 764.000000, 2270.000000, 764.000000, 2270.000000, 814.000000, 2242.000000, 814.000000,   small-vehicle,   1697
1951.000000, 724.000000, 1982.000000, 724.000000, 1982.000000, 788.000000, 1951.000000, 788.000000,   small-vehicle,   1699
2243.000000, 692.000000, 2269.000000, 692.000000, 2269.000000, 737.000000, 2243.000000, 737.000000,   small-vehicle,   1705
2154.000000, 482.000000, 2182.000000, 482.000000, 2182.000000, 549.000000, 2154.000000, 549.000000,   small-vehicle,   1706
1936.000000, 627.000000, 1963.000000, 627.000000, 1963.000000, 680.000000, 1936.000000, 680.000000,   small-vehicle,   1708
1916.000000, 691.000000, 1946.000000, 691.000000, 1946.000000, 746.000000, 1916.000000, 746.000000,   small-vehicle,   1709
233.000000, 1223.000000, 277.000000, 1223.000000, 277.000000, 1285.000000, 233.000000, 1285.000000,   small-vehicle,   1710
1960.000000, 1563.000000, 1984.000000, 1563.000000, 1984.000000, 1606.000000, 1960.000000, 1606.000000,   small-vehicle,   1712
3222.000000, 624.000000, 3253.000000, 624.000000, 3253.000000, 689.000000, 3222.000000, 689.000000,   small-vehicle,   1715
2284.000000, 1256.000000, 2305.000000, 1256.000000, 2305.000000, 1306.000000, 2284.000000, 1306.000000,   small-vehicle,   1719
2724.000000, 608.000000, 2751.000000, 608.000000, 2751.000000, 664.000000, 2724.000000, 664.000000,   small-vehicle,   1727
2640.000000, 599.000000, 2675.000000, 599.000000, 2675.000000, 663.000000, 2640.000000, 663.000000,   small-vehicle,   1728
2230.000000, 561.000000, 2256.000000, 561.000000, 2256.000000, 624.000000, 2230.000000, 624.000000,   small-vehicle,   1729
2536.000000, 1153.000000, 2593.000000, 1153.000000, 2593.000000, 1183.000000, 2536.000000, 1183.000000,   small-vehicle,   1730
2763.000000, 595.000000, 2794.000000, 595.000000, 2794.000000, 655.000000, 2763.000000, 655.000000,   small-vehicle,   1731
2611.000000, 613.000000, 2632.000000, 613.000000, 2632.000000, 647.000000, 2611.000000, 647.000000,   small-vehicle,   1737
2809.000000, 592.000000, 2838.000000, 592.000000, 2838.000000, 651.000000, 2809.000000, 651.000000,   small-vehicle,   1739
1917.000000, 533.000000, 1948.000000, 533.000000, 1948.000000, 594.000000, 1917.000000, 594.000000,   small-vehicle,   1742
2198.000000, 523.000000, 2225.000000, 523.000000, 2225.000000, 588.000000, 2198.000000, 588.000000,   small-vehicle,   1744
1459.000000, 1207.000000, 1503.000000, 1207.000000, 1503.000000, 1224.000000, 1459.000000, 1224.000000,   small-vehicle,   1747
543.000000, 1246.000000, 594.000000, 1246.000000, 594.000000, 1276.000000, 543.000000, 1276.000000,   small-vehicle,   1752
1899.000000, 422.000000, 1929.000000, 422.000000, 1929.000000, 483.000000, 1899.000000, 483.000000,   small-vehicle,   1760
3168.000000, 1121.000000, 3231.000000, 1121.000000, 3231.000000, 1148.000000, 3168.000000, 1148.000000,   small-vehicle,   1761
1517.000000, 1198.000000, 1578.000000, 1198.000000, 1578.000000, 1224.000000, 1517.000000, 1224.000000,   small-vehicle,   1762
3206.000000, 485.000000, 3229.000000, 485.000000, 3229.000000, 546.000000, 3206.000000, 546.000000,   small-vehicle,   1763
65.000000, 430.000000, 123.000000, 430.000000, 123.000000, 458.000000, 65.000000, 458.000000,   small-vehicle,   1765
3197.000000, 407.000000, 3230.000000, 407.000000, 3230.000000, 477.000000, 3197.000000, 477.000000,   small-vehicle,   1767
2373.000000, 658.000000, 2420.000000, 658.000000, 2420.000000, 681.000000, 2373.000000, 681.000000,   small-vehicle,   1769
1046.000000, 371.000000, 1105.000000, 371.000000, 1105.000000, 398.000000, 1046.000000, 398.000000,   small-vehicle,   1772
48.000000, 353.000000, 109.000000, 353.000000, 109.000000, 383.000000, 48.000000, 383.000000,   small-vehicle,   1773
2614.000000, 1152.000000, 2677.000000, 1152.000000, 2677.000000, 1178.000000, 2614.000000, 1178.000000,   small-vehicle,   1774
3701.000000, 1101.000000, 3777.000000, 1101.000000, 3777.000000, 1127.000000, 3701.000000, 1127.000000,   small-vehicle,   1776
1896.000000, 367.000000, 1921.000000, 367.000000, 1921.000000, 409.000000, 1896.000000, 409.000000,   small-vehicle,   1777
2004.000000, 726.000000, 2033.000000, 726.000000, 2033.000000, 793.000000, 2004.000000, 793.000000,   small-vehicle,   1783
2152.000000, 306.000000, 2177.000000, 306.000000, 2177.000000, 360.000000, 2152.000000, 360.000000,   small-vehicle,   1785
2221.000000, 367.000000, 2250.000000, 367.000000, 2250.000000, 419.000000, 2221.000000, 419.000000,   small-vehicle,   1787
562.000000, 321.000000, 613.000000, 321.000000, 613.000000, 345.000000, 562.000000, 345.000000,   small-vehicle,   1790
3554.000000, 1110.000000, 3611.000000, 1110.000000, 3611.000000, 1133.000000, 3554.000000, 1133.000000,   small-vehicle,   1791
498.000000, 327.000000, 551.000000, 327.000000, 551.000000, 350.000000, 498.000000, 350.000000,   small-vehicle,   1793
3193.000000, 325.000000, 3226.000000, 325.000000, 3226.000000, 384.000000, 3193.000000, 384.000000,   small-vehicle,   1794
696.000000, 347.000000, 757.000000, 347.000000, 757.000000, 376.000000, 696.000000, 376.000000,   small-vehicle,   1795
632.000000, 319.000000, 685.000000, 319.000000, 685.000000, 343.000000, 632.000000, 343.000000,   small-vehicle,   1799
701.000000, 312.000000, 757.000000, 312.000000, 757.000000, 336.000000, 701.000000, 336.000000,   small-vehicle,   1804
890.000000, 303.000000, 943.000000, 303.000000, 943.000000, 328.000000, 890.000000, 328.000000,   small-vehicle,   1805
1744.000000, 305.000000, 1799.000000, 305.000000, 1799.000000, 338.000000, 1744.000000, 338.000000,   small-vehicle,   1807
949.000000, 296.000000, 1008.000000, 296.000000, 1008.000000, 323.000000, 949.000000, 323.000000,   small-vehicle,   1808
766.000000, 307.000000, 817.000000, 307.000000, 817.000000, 333.000000, 766.000000, 333.000000,   small-vehicle,   1810
480.000000, 1250.000000, 538.000000, 1250.000000, 538.000000, 1276.000000, 480.000000, 1276.000000,   small-vehicle,   1813
349.000000, 280.000000, 381.000000, 280.000000, 381.000000, 337.000000, 349.000000, 337.000000,   small-vehicle,   1814
2663.000000, 497.000000, 2718.000000, 497.000000, 2718.000000, 525.000000, 2663.000000, 525.000000,   small-vehicle,   1815
1030.000000, 290.000000, 1080.000000, 290.000000, 1080.000000, 317.000000, 1030.000000, 317.000000,   small-vehicle,   1817
827.000000, 305.000000, 880.000000, 305.000000, 880.000000, 330.000000, 827.000000, 330.000000,   small-vehicle,   1818
2187.000000, 301.000000, 2212.000000, 301.000000, 2212.000000, 353.000000, 2187.000000, 353.000000,   small-vehicle,   1819
728.000000, 1230.000000, 793.000000, 1230.000000, 793.000000, 1264.000000, 728.000000, 1264.000000,   small-vehicle,   1821
1675.000000, 237.000000, 1731.000000, 237.000000, 1731.000000, 269.000000, 1675.000000, 269.000000,   small-vehicle,   1822
1163.000000, 281.000000, 1218.000000, 281.000000, 1218.000000, 310.000000, 1163.000000, 310.000000,   small-vehicle,   1825
1573.000000, 249.000000, 1626.000000, 249.000000, 1626.000000, 276.000000, 1573.000000, 276.000000,   small-vehicle,   1826
1397.000000, 264.000000, 1447.000000, 264.000000, 1447.000000, 288.000000, 1397.000000, 288.000000,   small-vehicle,   1827
1233.000000, 277.000000, 1285.000000, 277.000000, 1285.000000, 302.000000, 1233.000000, 302.000000,   small-vehicle,   1831
1740.000000, 232.000000, 1788.000000, 232.000000, 1788.000000, 259.000000, 1740.000000, 259.000000,   small-vehicle,   1833
3191.000000, 268.000000, 3218.000000, 268.000000, 3218.000000, 323.000000, 3191.000000, 323.000000,   small-vehicle,   1835
1338.000000, 269.000000, 1384.000000, 269.000000, 1384.000000, 293.000000, 1338.000000, 293.000000,   small-vehicle,   1836
2959.000000, 1280.000000, 2995.000000, 1280.000000, 2995.000000, 1337.000000, 2959.000000, 1337.000000,   small-vehicle,   1837
1800.000000, 226.000000, 1850.000000, 226.000000, 1850.000000, 253.000000, 1800.000000, 253.000000,   small-vehicle,   1838
432.000000, 992.000000, 458.000000, 992.000000, 458.000000, 1035.000000, 432.000000, 1035.000000,   small-vehicle,   1839
350.000000, 219.000000, 379.000000, 219.000000, 379.000000, 271.000000, 350.000000, 271.000000,   small-vehicle,   1845
3144.000000, 533.000000, 3166.000000, 533.000000, 3166.000000, 581.000000, 3144.000000, 581.000000,   small-vehicle,   1850
2679.000000, 167.000000, 2736.000000, 167.000000, 2736.000000, 188.000000, 2679.000000, 188.000000,   small-vehicle,   1854
2531.000000, 175.000000, 2586.000000, 175.000000, 2586.000000, 203.000000, 2531.000000, 203.000000,   small-vehicle,   1856
2477.000000, 181.000000, 2528.000000, 181.000000, 2528.000000, 207.000000, 2477.000000, 207.000000,   small-vehicle,   1858
2394.000000, 186.000000, 2462.000000, 186.000000, 2462.000000, 214.000000, 2394.000000, 214.000000,   small-vehicle,   1859
1771.000000, 174.000000, 1828.000000, 174.000000, 1828.000000, 199.000000, 1771.000000, 199.000000,   small-vehicle,   1860
409.000000, 1027.000000, 455.000000, 1027.000000, 455.000000, 1090.000000, 409.000000, 1090.000000,   small-vehicle,   1864
1968.000000, 287.000000, 1997.000000, 287.000000, 1997.000000, 355.000000, 1968.000000, 355.000000,   small-vehicle,   1866
351.000000, 131.000000, 378.000000, 131.000000, 378.000000, 180.000000, 351.000000, 180.000000,   small-vehicle,   1868
2960.000000, 141.000000, 3016.000000, 141.000000, 3016.000000, 169.000000, 2960.000000, 169.000000,   small-vehicle,   1869
3040.000000, 142.000000, 3101.000000, 142.000000, 3101.000000, 169.000000, 3040.000000, 169.000000,   small-vehicle,   1872
2819.000000, 156.000000, 2892.000000, 156.000000, 2892.000000, 183.000000, 2819.000000, 183.000000,   small-vehicle,   1874
2208.000000, 77.000000, 2236.000000, 77.000000, 2236.000000, 136.000000, 2208.000000, 136.000000,   small-vehicle,   1875
223.000000, 422.000000, 286.000000, 422.000000, 286.000000, 446.000000, 223.000000, 446.000000,   small-vehicle,   1876
350.000000, 69.000000, 373.000000, 69.000000, 373.000000, 119.000000, 350.000000, 119.000000,   small-vehicle,   1878
2814.000000, 188.000000, 2871.000000, 188.000000, 2871.000000, 217.000000, 2814.000000, 217.000000,   small-vehicle,   1882
301.000000, 1251.000000, 346.000000, 1251.000000, 346.000000, 1308.000000, 301.000000, 1308.000000,   small-vehicle,   1888
2233.000000, 510.000000, 2263.000000, 510.000000, 2263.000000, 553.000000, 2233.000000, 553.000000,   small-vehicle,   1889
1949.000000, 84.000000, 1979.000000, 84.000000, 1979.000000, 138.000000, 1949.000000, 138.000000,   small-vehicle,   1893
981.000000, 374.000000, 1031.000000, 374.000000, 1031.000000, 397.000000, 981.000000, 397.000000,   small-vehicle,   1895
3109.000000, 27.000000, 3147.000000, 27.000000, 3147.000000, 92.000000, 3109.000000, 92.000000,   small-vehicle,   1898
1902.000000, -42.000000, 1928.000000, -42.000000, 1928.000000, 8.000000, 1902.000000, 8.000000,   small-vehicle,   1900
1875.000000, -11.000000, 1906.000000, -11.000000, 1906.000000, 42.000000, 1875.000000, 42.000000,   small-vehicle,   1902
365.000000, 369.000000, 409.000000, 369.000000, 409.000000, 421.000000, 365.000000, 421.000000,   small-vehicle,   1909
1928.000000, 429.000000, 1966.000000, 429.000000, 1966.000000, 514.000000, 1928.000000, 514.000000,   large-vehicle,   1917
2350.000000, 230.000000, 2401.000000, 230.000000, 2401.000000, 255.000000, 2350.000000, 255.000000,   small-vehicle,   1918
2194.000000, -85.000000, 2224.000000, -85.000000, 2224.000000, -31.000000, 2194.000000, -31.000000,   small-vehicle,   1921
-6.000000, 419.000000, 53.000000, 419.000000, 53.000000, 444.000000, -6.000000, 444.000000,   small-vehicle,   1922
183.000000, 1336.000000, 226.000000, 1336.000000, 226.000000, 1395.000000, 183.000000, 1395.000000,   small-vehicle,   1927
1967.000000, 346.000000, 1995.000000, 346.000000, 1995.000000, 400.000000, 1967.000000, 400.000000,   small-vehicle,   1936
1868.000000, -126.000000, 1893.000000, -126.000000, 1893.000000, -85.000000, 1868.000000, -85.000000,   small-vehicle,   1941
2190.000000, -172.000000, 2217.000000, -172.000000, 2217.000000, -111.000000, 2190.000000, -111.000000,   small-vehicle,   1945
910.000000, 366.000000, 961.000000, 366.000000, 961.000000, 386.000000, 910.000000, 386.000000,   small-vehicle,   1950
3076.000000, 160.000000, 3146.000000, 160.000000, 3146.000000, 195.000000, 3076.000000, 195.000000,   small-vehicle,   1951
1895.000000, -177.000000, 1920.000000, -177.000000, 1920.000000, -115.000000, 1895.000000, -115.000000,   small-vehicle,   1952
2815.000000, 230.000000, 2882.000000, 230.000000, 2882.000000, 257.000000, 2815.000000, 257.000000,   small-vehicle,   1954
1905.000000, 588.000000, 1925.000000, 588.000000, 1925.000000, 628.000000, 1905.000000, 628.000000,   small-vehicle,   1955
2167.000000, 1362.000000, 2184.000000, 1362.000000, 2184.000000, 1392.000000, 2167.000000, 1392.000000,   small-vehicle,   1956
280.000000, 399.000000, 332.000000, 399.000000, 332.000000, 423.000000, 280.000000, 423.000000,   small-vehicle,   1966
1864.000000, -217.000000, 1889.000000, -217.000000, 1889.000000, -165.000000, 1864.000000, -165.000000,   small-vehicle,   1967
3092.000000, -204.000000, 3123.000000, -204.000000, 3123.000000, -149.000000, 3092.000000, -149.000000,   small-vehicle,   1968
2655.000000, 241.000000, 2713.000000, 241.000000, 2713.000000, 268.000000, 2655.000000, 268.000000,   small-vehicle,   1970
1942.000000, 6.000000, 1972.000000, 6.000000, 1972.000000, 63.000000, 1942.000000, 63.000000,   small-vehicle,   1971
2185.000000, -245.000000, 2213.000000, -245.000000, 2213.000000, -188.000000, 2185.000000, -188.000000,   small-vehicle,   1972
1342.000000, 343.000000, 1402.000000, 343.000000, 1402.000000, 378.000000, 1342.000000, 378.000000,   small-vehicle,   1974
2158.000000, -229.000000, 2187.000000, -229.000000, 2187.000000, -169.000000, 2158.000000, -169.000000,   small-vehicle,   1977
2967.000000, 1372.000000, 3001.000000, 1372.000000, 3001.000000, 1436.000000, 2967.000000, 1436.000000,   small-vehicle,   1980
321.000000, 900.000000, 343.000000, 900.000000, 343.000000, 944.000000, 321.000000, 944.000000,   small-vehicle,   1981
157.000000, 1400.000000, 199.000000, 1400.000000, 199.000000, 1457.000000, 157.000000, 1457.000000,   small-vehicle,   1983
2151.000000, -301.000000, 2177.000000, -301.000000, 2177.000000, -243.000000, 2151.000000, -243.000000,   small-vehicle,   1988
3232.000000, 202.000000, 3291.000000, 202.000000, 3291.000000, 222.000000, 3232.000000, 222.000000,   small-vehicle,   1992
2075.000000, 514.000000, 2106.000000, 514.000000, 2106.000000, 576.000000, 2075.000000, 576.000000,   small-vehicle,   1993
132.000000, 1455.000000, 176.000000, 1455.000000, 176.000000, 1513.000000, 132.000000, 1513.000000,   small-vehicle,   1995
1929.000000, -190.000000, 1957.000000, -190.000000, 1957.000000, -132.000000, 1929.000000, -132.000000,   small-vehicle,   1997
2034.000000, 815.000000, 2068.000000, 815.000000, 2068.000000, 881.000000, 2034.000000, 881.000000,   small-vehicle,   1998
346.000000, 931.000000, 387.000000, 931.000000, 387.000000, 995.000000, 346.000000, 995.000000,   large-vehicle,   2000
3086.000000, -284.000000, 3115.000000, -284.000000, 3115.000000, -231.000000, 3086.000000, -231.000000,   small-vehicle,   2005
2179.000000, -324.000000, 2209.000000, -324.000000, 2209.000000, -262.000000, 2179.000000, -262.000000,   small-vehicle,   2006
1384.000000, 1205.000000, 1442.000000, 1205.000000, 1442.000000, 1226.000000, 1384.000000, 1226.000000,   small-vehicle,   2007
252.000000, -327.000000, 303.000000, -327.000000, 303.000000, -280.000000, 252.000000, -280.000000,   small-vehicle,   2008
2617.000000, -396.000000, 2679.000000, -396.000000, 2679.000000, -365.000000, 2617.000000, -365.000000,   small-vehicle,   2013
397.000000, 1249.000000, 462.000000, 1249.000000, 462.000000, 1282.000000, 397.000000, 1282.000000,   small-vehicle,   2014
3317.000000, 197.000000, 3380.000000, 197.000000, 3380.000000, 224.000000, 3317.000000, 224.000000,   small-vehicle,   2016
3446.000000, 192.000000, 3510.000000, 192.000000, 3510.000000, 212.000000, 3446.000000, 212.000000,   small-vehicle,   2017
3642.000000, 167.000000, 3693.000000, 167.000000, 3693.000000, 188.000000, 3642.000000, 188.000000,   small-vehicle,   2021
2684.000000, 607.000000, 2718.000000, 607.000000, 2718.000000, 674.000000, 2684.000000, 674.000000,   large-vehicle,   2022
1854.000000, -382.000000, 1885.000000, -382.000000, 1885.000000, -324.000000, 1854.000000, -324.000000,   small-vehicle,   2023
2163.000000, 982.000000, 2196.000000, 982.000000, 2196.000000, 1047.000000, 2163.000000, 1047.000000,   large-vehicle,   2027
186.000000, -470.000000, 247.000000, -470.000000, 247.000000, -415.000000, 186.000000, -415.000000,   small-vehicle,   2028
2947.000000, 219.000000, 3009.000000, 219.000000, 3009.000000, 247.000000, 2947.000000, 247.000000,   small-vehicle,   2030
242.000000, -426.000000, 290.000000, -426.000000, 290.000000, -383.000000, 242.000000, -383.000000,   small-vehicle,   2031
1926.000000, 420.000000, 1964.000000, 420.000000, 1964.000000, 497.000000, 1926.000000, 497.000000,   small-vehicle,   2032
1875.000000, -451.000000, 1904.000000, -451.000000, 1904.000000, -390.000000, 1875.000000, -390.000000,   small-vehicle,   2033
2162.000000, -426.000000, 2185.000000, -426.000000, 2185.000000, -379.000000, 2162.000000, -379.000000,   small-vehicle,   2035
1333.000000, 331.000000, 1501.000000, 331.000000, 1501.000000, 366.000000, 1333.000000, 366.000000,   large-vehicle,   2036
38.000000, -506.000000, 98.000000, -506.000000, 98.000000, -453.000000, 38.000000, -453.000000,   small-vehicle,   2038
2159.000000, -488.000000, 2183.000000, -488.000000, 2183.000000, -436.000000, 2159.000000, -436.000000,   small-vehicle,   2039
2163.000000, 983.000000, 2197.000000, 983.000000, 2197.000000, 1051.000000, 2163.000000, 1051.000000,   small-vehicle,   2040
1916.000000, -474.000000, 1946.000000, -474.000000, 1946.000000, -404.000000, 1916.000000, -404.000000,   small-vehicle,   2041
1968.000000, -328.000000, 1996.000000, -328.000000, 1996.000000, -269.000000, 1968.000000, -269.000000,   small-vehicle,   2042
81.000000, -428.000000, 130.000000, -428.000000, 130.000000, -365.000000, 81.000000, -365.000000,   small-vehicle,   2043
2075.000000, 515.000000, 2104.000000, 515.000000, 2104.000000, 575.000000, 2075.000000, 575.000000,   large-vehicle,   2045
2074.000000, 510.000000, 2105.000000, 510.000000, 2105.000000, 572.000000, 2074.000000, 572.000000,   small-vehicle,   2046
348.000000, 945.000000, 384.000000, 945.000000, 384.000000, 1008.000000, 348.000000, 1008.000000,   large-vehicle,   2047
2926.000000, 1064.000000, 2996.000000, 1064.000000, 2996.000000, 1099.000000, 2926.000000, 1099.000000,   large-vehicle,   2048
2195.000000, 516.000000, 2224.000000, 516.000000, 2224.000000, 582.000000, 2195.000000, 582.000000,   large-vehicle,   2049
1871.000000, -524.000000, 1904.000000, -524.000000, 1904.000000, -456.000000, 1871.000000, -456.000000,   small-vehicle,   2050
3064.000000, 176.000000, 3138.000000, 176.000000, 3138.000000, 207.000000, 3064.000000, 207.000000,   large-vehicle,   2051
2617.000000, -362.000000, 2666.000000, -362.000000, 2666.000000, -336.000000, 2617.000000, -336.000000,   small-vehicle,   2052
3068.000000, 170.000000, 3139.000000, 170.000000, 3139.000000, 205.000000, 3068.000000, 205.000000,   small-vehicle,   2053
3080.000000, -374.000000, 3111.000000, -374.000000, 3111.000000, -310.000000, 3080.000000, -310.000000,   small-vehicle,   2054
1850.000000, -323.000000, 1873.000000, -323.000000, 1873.000000, -282.000000, 1850.000000, -282.000000,   small-vehicle,   2055
1927.000000, 435.000000, 1965.000000, 435.000000, 1965.000000, 511.000000, 1927.000000, 511.000000,   small-vehicle,   2056
2997.000000, -510.000000, 3026.000000, -510.000000, 3026.000000, -453.000000, 2997.000000, -453.000000,   small-vehicle,   2057
348.000000, 936.000000, 385.000000, 936.000000, 385.000000, 999.000000, 348.000000, 999.000000,   small-vehicle,   2058
2103.000000, 880.000000, 2118.000000, 880.000000, 2118.000000, 912.000000, 2103.000000, 912.000000,   small-vehicle,   2059
-16.000000, -545.000000, 47.000000, -545.000000, 47.000000, -494.000000, -16.000000, -494.000000,   small-vehicle,   2060
