2064.000000, 3496.000000, 2094.000000, 3494.000000, 2095.000000, 3559.000000, 2066.000000, 3561.000000,     small-vehicle,     0
2395.000000, 3544.000000, 2425.000000, 3542.000000, 2426.000000, 3612.000000, 2398.000000, 3614.000000,     small-vehicle,     1
2071.000000, 3577.000000, 2097.000000, 3575.000000, 2098.000000, 3640.000000, 2073.000000, 3642.000000,     small-vehicle,     2
2079.000000, 3214.000000, 2103.000000, 3213.000000, 2105.000000, 3270.000000, 2080.000000, 3272.000000,     small-vehicle,     4
2415.000000, 3905.000000, 2442.000000, 3902.000000, 2443.000000, 3958.000000, 2416.000000, 3960.000000,     small-vehicle,     5
2386.000000, 3727.000000, 2415.000000, 3725.000000, 2417.000000, 3801.000000, 2388.000000, 3804.000000,     small-vehicle,     8
1451.000000, 3609.000000, 1479.000000, 3607.000000, 1479.000000, 3681.000000, 1452.000000, 3683.000000,     small-vehicle,     12
2391.000000, 3462.000000, 2421.000000, 3459.000000, 2423.000000, 3532.000000, 2392.000000, 3533.000000,     small-vehicle,     17
2365.000000, 3647.000000, 2420.000000, 3642.000000, 2423.000000, 3716.000000, 2367.000000, 3721.000000,     small-vehicle,     19
2090.000000, 3395.000000, 2120.000000, 3392.000000, 2121.000000, 3466.000000, 2092.000000, 3467.000000,     small-vehicle,     21
2325.000000, 3712.000000, 2357.000000, 3710.000000, 2360.000000, 3790.000000, 2328.000000, 3793.000000,     small-vehicle,     29
2403.000000, 3809.000000, 2439.000000, 3807.000000, 2441.000000, 3882.000000, 2404.000000, 3885.000000,     small-vehicle,     32
1386.000000, 3445.000000, 1443.000000, 3441.000000, 1443.000000, 3482.000000, 1387.000000, 3486.000000,     small-vehicle,     41
1450.000000, 3534.000000, 1478.000000, 3531.000000, 1479.000000, 3592.000000, 1450.000000, 3594.000000,     small-vehicle,     43
2356.000000, 3354.000000, 2381.000000, 3352.000000, 2384.000000, 3431.000000, 2357.000000, 3434.000000,     small-vehicle,     46
2414.000000, 3728.000000, 2442.000000, 3726.000000, 2443.000000, 3791.000000, 2416.000000, 3793.000000,     small-vehicle,     48
2285.000000, 2298.000000, 2342.000000, 2297.000000, 2343.000000, 2333.000000, 2285.000000, 2334.000000,     small-vehicle,     66
1439.000000, 3793.000000, 1472.000000, 3791.000000, 1472.000000, 3871.000000, 1439.000000, 3873.000000,     small-vehicle,     75
455.000000, 3602.000000, 519.000000, 3598.000000, 519.000000, 3629.000000, 454.000000, 3634.000000,     small-vehicle,     79
3021.000000, 3195.000000, 3061.000000, 3192.000000, 3062.000000, 3215.000000, 3021.000000, 3218.000000,     small-vehicle,     85
2347.000000, 3566.000000, 2375.000000, 3565.000000, 2378.000000, 3645.000000, 2349.000000, 3648.000000,     small-vehicle,     86
2307.000000, 3909.000000, 2338.000000, 3906.000000, 2340.000000, 3984.000000, 2308.000000, 3986.000000,     small-vehicle,     114
2070.000000, 3135.000000, 2099.000000, 3134.000000, 2101.000000, 3196.000000, 2071.000000, 3198.000000,     small-vehicle,     120
1438.000000, 3896.000000, 1465.000000, 3893.000000, 1465.000000, 3961.000000, 1438.000000, 3963.000000,     small-vehicle,     132
2222.000000, 2483.000000, 2255.000000, 2482.000000, 2257.000000, 2553.000000, 2223.000000, 2554.000000,     small-vehicle,     148
2916.000000, 3196.000000, 2985.000000, 3191.000000, 2986.000000, 3226.000000, 2918.000000, 3230.000000,     small-vehicle,     202
2082.000000, 3881.000000, 2111.000000, 3878.000000, 2112.000000, 3937.000000, 2083.000000, 3939.000000,     small-vehicle,     223
2182.000000, 2093.000000, 2216.000000, 2092.000000, 2219.000000, 2191.000000, 2184.000000, 2191.000000,     large-vehicle,     230
2104.000000, 3664.000000, 2144.000000, 3661.000000, 2146.000000, 3752.000000, 2106.000000, 3755.000000,     large-vehicle,     232
2160.000000, 3880.000000, 2189.000000, 3878.000000, 2191.000000, 3942.000000, 2161.000000, 3944.000000,     small-vehicle,     353
2892.000000, 3237.000000, 2950.000000, 3234.000000, 2952.000000, 3277.000000, 2894.000000, 3281.000000,     small-vehicle,     386
2234.000000, 3745.000000, 2266.000000, 3742.000000, 2268.000000, 3825.000000, 2236.000000, 3828.000000,     small-vehicle,     421
2244.000000, 3863.000000, 2273.000000, 3861.000000, 2274.000000, 3934.000000, 2246.000000, 3937.000000,     small-vehicle,     431
2038.000000, 3032.000000, 2066.000000, 3031.000000, 2067.000000, 3097.000000, 2039.000000, 3100.000000,     small-vehicle,     432
2067.000000, 3022.000000, 2098.000000, 3021.000000, 2098.000000, 3086.000000, 2068.000000, 3089.000000,     small-vehicle,     433
3125.000000, 3175.000000, 3188.000000, 3171.000000, 3190.000000, 3202.000000, 3127.000000, 3206.000000,     small-vehicle,     445
2204.000000, 3829.000000, 2232.000000, 3827.000000, 2233.000000, 3893.000000, 2206.000000, 3896.000000,     small-vehicle,     457
277.000000, 3602.000000, 351.000000, 3597.000000, 350.000000, 3620.000000, 276.000000, 3624.000000,     large-vehicle,     498
2164.000000, 3735.000000, 2191.000000, 3732.000000, 2192.000000, 3799.000000, 2166.000000, 3801.000000,     small-vehicle,     531
2313.000000, 2802.000000, 2340.000000, 2800.000000, 2341.000000, 2863.000000, 2314.000000, 2864.000000,     small-vehicle,     564
2349.000000, 2817.000000, 2378.000000, 2816.000000, 2380.000000, 2877.000000, 2351.000000, 2878.000000,     small-vehicle,     568
1689.000000, 3342.000000, 1749.000000, 3338.000000, 1749.000000, 3370.000000, 1689.000000, 3374.000000,     small-vehicle,     575
3602.000000, 3164.000000, 3659.000000, 3162.000000, 3661.000000, 3191.000000, 3604.000000, 3195.000000,     small-vehicle,     577
2343.000000, 2731.000000, 2370.000000, 2729.000000, 2371.000000, 2801.000000, 2345.000000, 2802.000000,     small-vehicle,     590
2081.000000, 3762.000000, 2123.000000, 3759.000000, 2125.000000, 3833.000000, 2083.000000, 3836.000000,     small-vehicle,     591
2044.000000, 2768.000000, 2074.000000, 2766.000000, 2076.000000, 2836.000000, 2046.000000, 2837.000000,     small-vehicle,     593
2753.000000, 3269.000000, 2813.000000, 3265.000000, 2814.000000, 3295.000000, 2754.000000, 3299.000000,     small-vehicle,     614
2325.000000, 2648.000000, 2354.000000, 2646.000000, 2356.000000, 2713.000000, 2327.000000, 2714.000000,     small-vehicle,     632
2133.000000, 3421.000000, 2160.000000, 3420.000000, 2162.000000, 3481.000000, 2134.000000, 3483.000000,     small-vehicle,     635
3020.000000, 3233.000000, 3080.000000, 3229.000000, 3081.000000, 3263.000000, 3022.000000, 3266.000000,     small-vehicle,     636
2010.000000, 2592.000000, 2038.000000, 2590.000000, 2040.000000, 2656.000000, 2010.000000, 2657.000000,     small-vehicle,     660
2291.000000, 3575.000000, 2321.000000, 3572.000000, 2323.000000, 3645.000000, 2292.000000, 3647.000000,     small-vehicle,     664
2327.000000, 2560.000000, 2354.000000, 2559.000000, 2355.000000, 2626.000000, 2329.000000, 2628.000000,     small-vehicle,     666
2227.000000, 3565.000000, 2253.000000, 3563.000000, 2254.000000, 3617.000000, 2227.000000, 3619.000000,     small-vehicle,     667
2004.000000, 2520.000000, 2032.000000, 2519.000000, 2032.000000, 2576.000000, 2005.000000, 2577.000000,     small-vehicle,     704
2322.000000, 2473.000000, 2351.000000, 2472.000000, 2353.000000, 2538.000000, 2324.000000, 2539.000000,     small-vehicle,     718
2562.000000, 3291.000000, 2618.000000, 3288.000000, 2620.000000, 3319.000000, 2563.000000, 3323.000000,     small-vehicle,     756
2279.000000, 2370.000000, 2312.000000, 2369.000000, 2314.000000, 2447.000000, 2281.000000, 2448.000000,     small-vehicle,     761
1998.000000, 2435.000000, 2028.000000, 2435.000000, 2030.000000, 2506.000000, 1999.000000, 2507.000000,     small-vehicle,     762
1898.000000, 3346.000000, 1954.000000, 3342.000000, 1955.000000, 3364.000000, 1899.000000, 3368.000000,     small-vehicle,     765
3291.000000, 3200.000000, 3348.000000, 3196.000000, 3350.000000, 3230.000000, 3293.000000, 3234.000000,     small-vehicle,     789
3737.000000, 3143.000000, 3800.000000, 3139.000000, 3803.000000, 3173.000000, 3740.000000, 3177.000000,     small-vehicle,     792
1986.000000, 2295.000000, 2015.000000, 2294.000000, 2016.000000, 2364.000000, 1987.000000, 2364.000000,     small-vehicle,     813
3422.000000, 2304.000000, 3444.000000, 2304.000000, 3447.000000, 2366.000000, 3424.000000, 2366.000000,     small-vehicle,     815
2113.000000, 2604.000000, 2140.000000, 2602.000000, 2142.000000, 2667.000000, 2114.000000, 2668.000000,     small-vehicle,     816
2505.000000, 2308.000000, 2555.000000, 2307.000000, 2556.000000, 2337.000000, 2506.000000, 2339.000000,     small-vehicle,     818
2701.000000, 3259.000000, 2750.000000, 3256.000000, 2753.000000, 3315.000000, 2703.000000, 3318.000000,     small-vehicle,     824
1996.000000, 2245.000000, 2018.000000, 2245.000000, 2019.000000, 2289.000000, 1997.000000, 2290.000000,     small-vehicle,     840
2488.000000, 2227.000000, 2542.000000, 2226.000000, 2543.000000, 2252.000000, 2488.000000, 2254.000000,     small-vehicle,     841
2549.000000, 2215.000000, 2607.000000, 2213.000000, 2608.000000, 2247.000000, 2550.000000, 2250.000000,     small-vehicle,     845
1314.000000, 3464.000000, 1374.000000, 3460.000000, 1373.000000, 3501.000000, 1314.000000, 3504.000000,     small-vehicle,     846
1793.000000, 2741.000000, 1855.000000, 2738.000000, 1855.000000, 2770.000000, 1793.000000, 2773.000000,     small-vehicle,     847
2175.000000, 3538.000000, 2221.000000, 3535.000000, 2222.000000, 3631.000000, 2176.000000, 3634.000000,     large-vehicle,     856
2107.000000, 2437.000000, 2136.000000, 2435.000000, 2137.000000, 2499.000000, 2108.000000, 2499.000000,     small-vehicle,     867
2814.000000, 2192.000000, 2870.000000, 2191.000000, 2872.000000, 2220.000000, 2815.000000, 2222.000000,     small-vehicle,     870
637.000000, 2716.000000, 698.000000, 2713.000000, 698.000000, 2744.000000, 636.000000, 2747.000000,     small-vehicle,     871
2938.000000, 2173.000000, 2996.000000, 2171.000000, 2997.000000, 2196.000000, 2939.000000, 2198.000000,     small-vehicle,     875
1620.000000, 3354.000000, 1680.000000, 3350.000000, 1680.000000, 3389.000000, 1620.000000, 3393.000000,     small-vehicle,     876
3415.000000, 2222.000000, 3437.000000, 2222.000000, 3440.000000, 2270.000000, 3417.000000, 2271.000000,     small-vehicle,     878
2745.000000, 2193.000000, 2792.000000, 2192.000000, 2793.000000, 2219.000000, 2746.000000, 2220.000000,     small-vehicle,     879
2684.000000, 2205.000000, 2739.000000, 2204.000000, 2740.000000, 2233.000000, 2685.000000, 2234.000000,     small-vehicle,     880
2114.000000, 3855.000000, 2142.000000, 3852.000000, 2142.000000, 3927.000000, 2116.000000, 3929.000000,     small-vehicle,     884
1972.000000, 2186.000000, 1992.000000, 2186.000000, 1994.000000, 2247.000000, 1972.000000, 2248.000000,     small-vehicle,     885
3480.000000, 2106.000000, 3527.000000, 2105.000000, 3529.000000, 2134.000000, 3480.000000, 2135.000000,     small-vehicle,     886
3120.000000, 2149.000000, 3182.000000, 2148.000000, 3184.000000, 2176.000000, 3122.000000, 2178.000000,     small-vehicle,     889
1401.000000, 2508.000000, 1422.000000, 2508.000000, 1422.000000, 2557.000000, 1401.000000, 2558.000000,     small-vehicle,     890
1972.000000, 2118.000000, 2000.000000, 2118.000000, 2001.000000, 2187.000000, 1973.000000, 2187.000000,     small-vehicle,     892
3246.000000, 2136.000000, 3301.000000, 2135.000000, 3303.000000, 2167.000000, 3247.000000, 2169.000000,     small-vehicle,     893
3421.000000, 2110.000000, 3474.000000, 2109.000000, 3475.000000, 2137.000000, 3423.000000, 2139.000000,     small-vehicle,     894
3033.000000, 2156.000000, 3093.000000, 2154.000000, 3095.000000, 2188.000000, 3034.000000, 2189.000000,     small-vehicle,     895
3580.000000, 2089.000000, 3637.000000, 2087.000000, 3639.000000, 2117.000000, 3582.000000, 2119.000000,     small-vehicle,     897
2881.000000, 2179.000000, 2933.000000, 2178.000000, 2934.000000, 2206.000000, 2882.000000, 2207.000000,     small-vehicle,     904
662.000000, 3173.000000, 730.000000, 3169.000000, 729.000000, 3210.000000, 662.000000, 3214.000000,     small-vehicle,     909
3232.000000, 2219.000000, 3284.000000, 2217.000000, 3286.000000, 2247.000000, 3233.000000, 2248.000000,     small-vehicle,     916
2284.000000, 2029.000000, 2315.000000, 2027.000000, 2317.000000, 2098.000000, 2285.000000, 2100.000000,     small-vehicle,     917
2264.000000, 2075.000000, 2296.000000, 2074.000000, 2298.000000, 2140.000000, 2265.000000, 2141.000000,     small-vehicle,     921
3716.000000, 2069.000000, 3765.000000, 2068.000000, 3766.000000, 2097.000000, 3718.000000, 2099.000000,     small-vehicle,     924
2065.000000, 2377.000000, 2093.000000, 2376.000000, 2094.000000, 2438.000000, 2066.000000, 2439.000000,     small-vehicle,     930
2355.000000, 3487.000000, 2391.000000, 3484.000000, 2392.000000, 3559.000000, 2357.000000, 3561.000000,     small-vehicle,     941
3667.000000, 3154.000000, 3729.000000, 3150.000000, 3731.000000, 3180.000000, 3669.000000, 3184.000000,     small-vehicle,     943
2279.000000, 1944.000000, 2308.000000, 1944.000000, 2310.000000, 2016.000000, 2281.000000, 2016.000000,     small-vehicle,     944
1964.000000, 1977.000000, 1993.000000, 1975.000000, 1994.000000, 2042.000000, 1965.000000, 2042.000000,     small-vehicle,     949
3582.000000, 3076.000000, 3629.000000, 3072.000000, 3630.000000, 3105.000000, 3584.000000, 3108.000000,     small-vehicle,     953
3167.000000, 2228.000000, 3224.000000, 2226.000000, 3226.000000, 2256.000000, 3169.000000, 2257.000000,     small-vehicle,     962
1086.000000, 1969.000000, 1139.000000, 1968.000000, 1139.000000, 1997.000000, 1086.000000, 1998.000000,     small-vehicle,     964
873.000000, 1984.000000, 939.000000, 1983.000000, 939.000000, 2013.000000, 872.000000, 2014.000000,     small-vehicle,     966
3581.000000, 2172.000000, 3625.000000, 2170.000000, 3627.000000, 2194.000000, 3581.000000, 2196.000000,     small-vehicle,     969
1263.000000, 1962.000000, 1290.000000, 1961.000000, 1289.000000, 2010.000000, 1263.000000, 2010.000000,     small-vehicle,     971
1660.000000, 2745.000000, 1722.000000, 2743.000000, 1722.000000, 2773.000000, 1660.000000, 2776.000000,     small-vehicle,     973
1257.000000, 2194.000000, 1299.000000, 2193.000000, 1299.000000, 2221.000000, 1257.000000, 2221.000000,     small-vehicle,     975
2015.000000, 2852.000000, 2037.000000, 2851.000000, 2038.000000, 2898.000000, 2016.000000, 2899.000000,     small-vehicle,     976
2081.000000, 2119.000000, 2111.000000, 2118.000000, 2113.000000, 2188.000000, 2081.000000, 2189.000000,     small-vehicle,     980
1958.000000, 1906.000000, 1986.000000, 1905.000000, 1987.000000, 1967.000000, 1959.000000, 1967.000000,     small-vehicle,     981
2244.000000, 1909.000000, 2272.000000, 1908.000000, 2274.000000, 1974.000000, 2244.000000, 1974.000000,     small-vehicle,     986
1012.000000, 1972.000000, 1070.000000, 1972.000000, 1069.000000, 2004.000000, 1012.000000, 2005.000000,     small-vehicle,     987
2170.000000, 3284.000000, 2198.000000, 3282.000000, 2200.000000, 3342.000000, 2171.000000, 3345.000000,     small-vehicle,     988
1164.000000, 1963.000000, 1224.000000, 1963.000000, 1224.000000, 1989.000000, 1164.000000, 1991.000000,     small-vehicle,     989
774.000000, 1897.000000, 843.000000, 1896.000000, 842.000000, 1930.000000, 773.000000, 1932.000000,     small-vehicle,     990
2658.000000, 2288.000000, 2708.000000, 2286.000000, 2708.000000, 2312.000000, 2659.000000, 2314.000000,     small-vehicle,     994
97.000000, 1982.000000, 157.000000, 1981.000000, 156.000000, 2008.000000, 96.000000, 2010.000000,     small-vehicle,     995
1982.000000, 1823.000000, 2010.000000, 1823.000000, 2012.000000, 1886.000000, 1983.000000, 1887.000000,     small-vehicle,     996
372.000000, 1945.000000, 435.000000, 1945.000000, 435.000000, 1975.000000, 371.000000, 1976.000000,     small-vehicle,     997
1956.000000, 1842.000000, 1982.000000, 1842.000000, 1983.000000, 1901.000000, 1957.000000, 1901.000000,     small-vehicle,     998
2276.000000, 1870.000000, 2303.000000, 1870.000000, 2305.000000, 1931.000000, 2277.000000, 1932.000000,     small-vehicle,     1001
444.000000, 1941.000000, 502.000000, 1939.000000, 502.000000, 1968.000000, 443.000000, 1970.000000,     small-vehicle,     1008
1148.000000, 1870.000000, 1222.000000, 1869.000000, 1222.000000, 1901.000000, 1148.000000, 1902.000000,     small-vehicle,     1009
2044.000000, 2180.000000, 2075.000000, 2179.000000, 2077.000000, 2257.000000, 2045.000000, 2258.000000,     small-vehicle,     1010
986.000000, 1883.000000, 1052.000000, 1882.000000, 1051.000000, 1912.000000, 985.000000, 1913.000000,     small-vehicle,     1012
682.000000, 1898.000000, 730.000000, 1897.000000, 729.000000, 1928.000000, 681.000000, 1929.000000,     small-vehicle,     1013
1067.000000, 1875.000000, 1122.000000, 1875.000000, 1122.000000, 1904.000000, 1067.000000, 1905.000000,     small-vehicle,     1014
2272.000000, 1802.000000, 2295.000000, 1802.000000, 2296.000000, 1850.000000, 2274.000000, 1851.000000,     small-vehicle,     1017
951.000000, 2777.000000, 1013.000000, 2775.000000, 1013.000000, 2800.000000, 951.000000, 2803.000000,     small-vehicle,     1021
2034.000000, 1892.000000, 2067.000000, 1890.000000, 2067.000000, 1956.000000, 2035.000000, 1957.000000,     small-vehicle,     1032
2642.000000, 1789.000000, 2667.000000, 1789.000000, 2669.000000, 1846.000000, 2644.000000, 1847.000000,     small-vehicle,     1033
2616.000000, 2309.000000, 2655.000000, 2307.000000, 2657.000000, 2369.000000, 2617.000000, 2371.000000,     small-vehicle,     1038
1953.000000, 1756.000000, 1980.000000, 1756.000000, 1981.000000, 1818.000000, 1954.000000, 1818.000000,     small-vehicle,     1039
820.000000, 2780.000000, 893.000000, 2777.000000, 892.000000, 2809.000000, 820.000000, 2812.000000,     small-vehicle,     1042
2243.000000, 2963.000000, 2271.000000, 2962.000000, 2272.000000, 3042.000000, 2246.000000, 3044.000000,     small-vehicle,     1050
2035.000000, 2962.000000, 2062.000000, 2960.000000, 2064.000000, 3021.000000, 2037.000000, 3023.000000,     small-vehicle,     1052
1117.000000, 2778.000000, 1168.000000, 2776.000000, 1168.000000, 2798.000000, 1116.000000, 2800.000000,     small-vehicle,     1053
2232.000000, 1711.000000, 2258.000000, 1711.000000, 2259.000000, 1768.000000, 2234.000000, 1768.000000,     small-vehicle,     1056
2046.000000, 2639.000000, 2075.000000, 2637.000000, 2076.000000, 2706.000000, 2048.000000, 2707.000000,     large-vehicle,     1062
1189.000000, 2770.000000, 1254.000000, 2766.000000, 1254.000000, 2789.000000, 1189.000000, 2792.000000,     large-vehicle,     1065
3329.000000, 2110.000000, 3359.000000, 2110.000000, 3361.000000, 2133.000000, 3329.000000, 2133.000000,     small-vehicle,     1067
3430.000000, 2395.000000, 3457.000000, 2394.000000, 3459.000000, 2443.000000, 3433.000000, 2444.000000,     small-vehicle,     1069
3197.000000, 3218.000000, 3258.000000, 3214.000000, 3258.000000, 3240.000000, 3198.000000, 3244.000000,     small-vehicle,     1070
3110.000000, 2225.000000, 3159.000000, 2223.000000, 3161.000000, 2260.000000, 3111.000000, 2261.000000,     small-vehicle,     1071
1027.000000, 2781.000000, 1099.000000, 2778.000000, 1099.000000, 2806.000000, 1027.000000, 2809.000000,     small-vehicle,     1073
534.000000, 1706.000000, 565.000000, 1705.000000, 564.000000, 1766.000000, 533.000000, 1766.000000,     small-vehicle,     1076
2272.000000, 2809.000000, 2306.000000, 2807.000000, 2308.000000, 2894.000000, 2274.000000, 2896.000000,     large-vehicle,     1078
1947.000000, 1672.000000, 1971.000000, 1672.000000, 1973.000000, 1735.000000, 1947.000000, 1735.000000,     small-vehicle,     1079
2256.000000, 1634.000000, 2282.000000, 1634.000000, 2282.000000, 1691.000000, 2258.000000, 1691.000000,     small-vehicle,     1086
2755.000000, 1769.000000, 2783.000000, 1769.000000, 2785.000000, 1836.000000, 2758.000000, 1837.000000,     small-vehicle,     1088
2125.000000, 3319.000000, 2162.000000, 3317.000000, 2163.000000, 3405.000000, 2127.000000, 3408.000000,     large-vehicle,     1091
1260.000000, 1654.000000, 1289.000000, 1653.000000, 1289.000000, 1715.000000, 1260.000000, 1715.000000,     small-vehicle,     1092
1793.000000, 1994.000000, 1848.000000, 1992.000000, 1849.000000, 2021.000000, 1794.000000, 2022.000000,     small-vehicle,     1099
1470.000000, 2731.000000, 1526.000000, 2728.000000, 1525.000000, 2752.000000, 1470.000000, 2754.000000,     small-vehicle,     1102
1264.000000, 1591.000000, 1283.000000, 1591.000000, 1283.000000, 1634.000000, 1264.000000, 1635.000000,     small-vehicle,     1104
2397.000000, 3402.000000, 2423.000000, 3401.000000, 2423.000000, 3451.000000, 2398.000000, 3453.000000,     small-vehicle,     1105
3092.000000, 3200.000000, 3157.000000, 3196.000000, 3159.000000, 3228.000000, 3094.000000, 3232.000000,     large-vehicle,     1109
2044.000000, 2624.000000, 2073.000000, 2622.000000, 2073.000000, 2689.000000, 2046.000000, 2690.000000,     small-vehicle,     1110
2231.000000, 2815.000000, 2243.000000, 2814.000000, 2244.000000, 2869.000000, 2233.000000, 2870.000000,     large-vehicle,     1111
2252.000000, 1567.000000, 2275.000000, 1566.000000, 2276.000000, 1620.000000, 2254.000000, 1620.000000,     small-vehicle,     1113
1940.000000, 1586.000000, 1967.000000, 1586.000000, 1968.000000, 1649.000000, 1941.000000, 1649.000000,     small-vehicle,     1115
1222.000000, 1556.000000, 1269.000000, 1556.000000, 1269.000000, 1585.000000, 1222.000000, 1585.000000,     small-vehicle,     1116
2403.000000, 1791.000000, 2424.000000, 1791.000000, 2425.000000, 1844.000000, 2404.000000, 1844.000000,     small-vehicle,     1117
2627.000000, 3283.000000, 2679.000000, 3279.000000, 2681.000000, 3308.000000, 2628.000000, 3311.000000,     small-vehicle,     1118
2139.000000, 3089.000000, 2169.000000, 3087.000000, 2170.000000, 3166.000000, 2141.000000, 3168.000000,     small-vehicle,     1120
852.000000, 1558.000000, 906.000000, 1558.000000, 906.000000, 1593.000000, 851.000000, 1593.000000,     small-vehicle,     1121
3446.000000, 2548.000000, 3475.000000, 2547.000000, 3479.000000, 2608.000000, 3449.000000, 2609.000000,     small-vehicle,     1122
3094.000000, 3224.000000, 3163.000000, 3220.000000, 3165.000000, 3253.000000, 3095.000000, 3258.000000,     small-vehicle,     1123
2376.000000, 3843.000000, 2409.000000, 3841.000000, 2411.000000, 3935.000000, 2378.000000, 3938.000000,     small-vehicle,     1124
1190.000000, 2751.000000, 1259.000000, 2748.000000, 1259.000000, 2779.000000, 1190.000000, 2782.000000,     small-vehicle,     1128
2375.000000, 3855.000000, 2410.000000, 3852.000000, 2413.000000, 3944.000000, 2378.000000, 3946.000000,     large-vehicle,     1129
2363.000000, 3000.000000, 2395.000000, 2999.000000, 2397.000000, 3080.000000, 2365.000000, 3081.000000,     large-vehicle,     1131
1133.000000, 1555.000000, 1186.000000, 1555.000000, 1186.000000, 1586.000000, 1133.000000, 1586.000000,     small-vehicle,     1135
2383.000000, 2465.000000, 2401.000000, 2465.000000, 2401.000000, 2493.000000, 2383.000000, 2494.000000,     small-vehicle,     1136
1190.000000, 2763.000000, 1259.000000, 2760.000000, 1259.000000, 2791.000000, 1190.000000, 2794.000000,     small-vehicle,     1137
2045.000000, 2634.000000, 2075.000000, 2633.000000, 2075.000000, 2701.000000, 2047.000000, 2702.000000,     small-vehicle,     1138
778.000000, 1488.000000, 836.000000, 1487.000000, 836.000000, 1516.000000, 777.000000, 1517.000000,     small-vehicle,     1139
1931.000000, 1497.000000, 1960.000000, 1497.000000, 1961.000000, 1558.000000, 1932.000000, 1558.000000,     small-vehicle,     1140
1962.000000, 1476.000000, 2005.000000, 1475.000000, 2006.000000, 1591.000000, 1964.000000, 1592.000000,     large-vehicle,     1141
2217.000000, 1514.000000, 2244.000000, 1514.000000, 2245.000000, 1568.000000, 2218.000000, 1569.000000,     small-vehicle,     1142
3096.000000, 3231.000000, 3162.000000, 3227.000000, 3164.000000, 3261.000000, 3098.000000, 3265.000000,     large-vehicle,     1143
968.000000, 1550.000000, 1015.000000, 1550.000000, 1015.000000, 1576.000000, 968.000000, 1576.000000,     small-vehicle,     1144
2353.000000, 3478.000000, 2387.000000, 3476.000000, 2389.000000, 3553.000000, 2356.000000, 3556.000000,     large-vehicle,     1145
2139.000000, 3096.000000, 2172.000000, 3095.000000, 2174.000000, 3176.000000, 2141.000000, 3177.000000,     large-vehicle,     1146
895.000000, 3565.000000, 956.000000, 3561.000000, 956.000000, 3600.000000, 895.000000, 3605.000000,     small-vehicle,     1147
1441.000000, 3592.000000, 1481.000000, 3589.000000, 1481.000000, 3794.000000, 1442.000000, 3796.000000,     large-vehicle,     1148
1659.000000, 2742.000000, 1723.000000, 2739.000000, 1723.000000, 2769.000000, 1659.000000, 2772.000000,     large-vehicle,     1149
2354.000000, 3485.000000, 2388.000000, 3482.000000, 2390.000000, 3558.000000, 2356.000000, 3559.000000,     small-vehicle,     1150
2841.000000, 2265.000000, 2876.000000, 2263.000000, 2876.000000, 2283.000000, 2842.000000, 2284.000000,     small-vehicle,     1151
2218.000000, 2312.000000, 2236.000000, 2311.000000, 2237.000000, 2344.000000, 2219.000000, 2345.000000,     small-vehicle,     1152
