2190.000000, 1215.000000, 2224.000000, 1215.000000, 2224.000000, 1283.000000, 2190.000000, 1283.000000,   small-vehicle,   1290
1323.000000, 1896.000000, 1350.000000, 1896.000000, 1350.000000, 1949.000000, 1323.000000, 1949.000000,   small-vehicle,   1451
2011.000000, 1896.000000, 2038.000000, 1896.000000, 2038.000000, 1949.000000, 2011.000000, 1949.000000,   small-vehicle,   1452
3003.000000, 1916.000000, 3040.000000, 1916.000000, 3040.000000, 1982.000000, 3003.000000, 1982.000000,   small-vehicle,   1453
2305.000000, 1815.000000, 2338.000000, 1815.000000, 2338.000000, 1873.000000, 2305.000000, 1873.000000,   small-vehicle,   1458
2276.000000, 1813.000000, 2301.000000, 1813.000000, 2301.000000, 1868.000000, 2276.000000, 1868.000000,   small-vehicle,   1459
1315.000000, 1802.000000, 1339.000000, 1802.000000, 1339.000000, 1854.000000, 1315.000000, 1854.000000,   small-vehicle,   1462
2275.000000, 1742.000000, 2304.000000, 1742.000000, 2304.000000, 1804.000000, 2275.000000, 1804.000000,   small-vehicle,   1467
2309.000000, 1765.000000, 2339.000000, 1765.000000, 2339.000000, 1811.000000, 2309.000000, 1811.000000,   small-vehicle,   1478
1974.000000, 1697.000000, 1999.000000, 1697.000000, 1999.000000, 1749.000000, 1974.000000, 1749.000000,   small-vehicle,   1479
2000.000000, 1652.000000, 2024.000000, 1652.000000, 2024.000000, 1703.000000, 2000.000000, 1703.000000,   small-vehicle,   1499
1294.000000, 1582.000000, 1319.000000, 1582.000000, 1319.000000, 1624.000000, 1294.000000, 1624.000000,   small-vehicle,   1507
2256.000000, 1528.000000, 2286.000000, 1528.000000, 2286.000000, 1579.000000, 2256.000000, 1579.000000,   small-vehicle,   1509
2984.000000, 1573.000000, 3012.000000, 1573.000000, 3012.000000, 1635.000000, 2984.000000, 1635.000000,   small-vehicle,   1515
1293.000000, 1529.000000, 1320.000000, 1529.000000, 1320.000000, 1579.000000, 1293.000000, 1579.000000,   small-vehicle,   1517
1960.000000, 1473.000000, 1986.000000, 1473.000000, 1986.000000, 1528.000000, 1960.000000, 1528.000000,   small-vehicle,   1522
2278.000000, 1466.000000, 2310.000000, 1466.000000, 2310.000000, 1523.000000, 2278.000000, 1523.000000,   small-vehicle,   1529
2522.000000, 1614.000000, 2560.000000, 1614.000000, 2560.000000, 1629.000000, 2522.000000, 1629.000000,   small-vehicle,   1532
2276.000000, 1393.000000, 2303.000000, 1393.000000, 2303.000000, 1446.000000, 2276.000000, 1446.000000,   small-vehicle,   1536
1956.000000, 1402.000000, 1986.000000, 1402.000000, 1986.000000, 1461.000000, 1956.000000, 1461.000000,   small-vehicle,   1537
1290.000000, 1369.000000, 1316.000000, 1369.000000, 1316.000000, 1419.000000, 1290.000000, 1419.000000,   small-vehicle,   1548
1959.000000, 1334.000000, 1988.000000, 1334.000000, 1988.000000, 1394.000000, 1959.000000, 1394.000000,   small-vehicle,   1549
2275.000000, 1317.000000, 2303.000000, 1317.000000, 2303.000000, 1374.000000, 2275.000000, 1374.000000,   small-vehicle,   1552
1285.000000, 1291.000000, 1309.000000, 1291.000000, 1309.000000, 1348.000000, 1285.000000, 1348.000000,   small-vehicle,   1554
1946.000000, 1267.000000, 1974.000000, 1267.000000, 1974.000000, 1319.000000, 1946.000000, 1319.000000,   small-vehicle,   1562
1972.000000, 1221.000000, 1999.000000, 1221.000000, 1999.000000, 1273.000000, 1972.000000, 1273.000000,   small-vehicle,   1566
2972.000000, 1378.000000, 2998.000000, 1378.000000, 2998.000000, 1422.000000, 2972.000000, 1422.000000,   small-vehicle,   1567
2239.000000, 1225.000000, 2270.000000, 1225.000000, 2270.000000, 1283.000000, 2239.000000, 1283.000000,   small-vehicle,   1571
730.000000, 1183.000000, 782.000000, 1183.000000, 782.000000, 1206.000000, 730.000000, 1206.000000,   small-vehicle,   1573
855.000000, 1179.000000, 909.000000, 1179.000000, 909.000000, 1203.000000, 855.000000, 1203.000000,   small-vehicle,   1574
440.000000, 1174.000000, 496.000000, 1174.000000, 496.000000, 1204.000000, 440.000000, 1204.000000,   small-vehicle,   1575
921.000000, 1175.000000, 979.000000, 1175.000000, 979.000000, 1200.000000, 921.000000, 1200.000000,   small-vehicle,   1576
512.000000, 1183.000000, 560.000000, 1183.000000, 560.000000, 1208.000000, 512.000000, 1208.000000,   small-vehicle,   1578
797.000000, 1180.000000, 844.000000, 1180.000000, 844.000000, 1202.000000, 797.000000, 1202.000000,   small-vehicle,   1585
1774.000000, 1129.000000, 1829.000000, 1129.000000, 1829.000000, 1156.000000, 1774.000000, 1156.000000,   small-vehicle,   1586
1661.000000, 1131.000000, 1715.000000, 1131.000000, 1715.000000, 1155.000000, 1661.000000, 1155.000000,   small-vehicle,   1588
1275.000000, 1159.000000, 1324.000000, 1159.000000, 1324.000000, 1179.000000, 1275.000000, 1179.000000,   small-vehicle,   1589
1509.000000, 1142.000000, 1563.000000, 1142.000000, 1563.000000, 1169.000000, 1509.000000, 1169.000000,   small-vehicle,   1590
387.000000, 1116.000000, 413.000000, 1116.000000, 413.000000, 1168.000000, 387.000000, 1168.000000,   small-vehicle,   1594
693.000000, 1872.000000, 724.000000, 1872.000000, 724.000000, 1930.000000, 693.000000, 1930.000000,   small-vehicle,   1601
1961.000000, 1066.000000, 1989.000000, 1066.000000, 1989.000000, 1115.000000, 1961.000000, 1115.000000,   small-vehicle,   1602
2926.000000, 1061.000000, 2994.000000, 1061.000000, 2994.000000, 1094.000000, 2926.000000, 1094.000000,   small-vehicle,   1614
320.000000, 1034.000000, 368.000000, 1034.000000, 368.000000, 1093.000000, 320.000000, 1093.000000,   small-vehicle,   1615
2232.000000, 1041.000000, 2256.000000, 1041.000000, 2256.000000, 1094.000000, 2232.000000, 1094.000000,   small-vehicle,   1623
3491.000000, 1038.000000, 3558.000000, 1038.000000, 3558.000000, 1067.000000, 3491.000000, 1067.000000,   small-vehicle,   1628
3415.000000, 1041.000000, 3475.000000, 1041.000000, 3475.000000, 1068.000000, 3415.000000, 1068.000000,   small-vehicle,   1631
85.000000, 1091.000000, 139.000000, 1091.000000, 139.000000, 1130.000000, 85.000000, 1130.000000,   small-vehicle,   1632
2226.000000, 971.000000, 2255.000000, 971.000000, 2255.000000, 1034.000000, 2226.000000, 1034.000000,   small-vehicle,   1633
3705.000000, 1024.000000, 3757.000000, 1024.000000, 3757.000000, 1051.000000, 3705.000000, 1051.000000,   small-vehicle,   1636
1928.000000, 900.000000, 1955.000000, 900.000000, 1955.000000, 956.000000, 1928.000000, 956.000000,   small-vehicle,   1637
3227.000000, 931.000000, 3262.000000, 931.000000, 3262.000000, 993.000000, 3227.000000, 993.000000,   small-vehicle,   1638
437.000000, 921.000000, 461.000000, 921.000000, 461.000000, 975.000000, 437.000000, 975.000000,   small-vehicle,   1643
502.000000, 899.000000, 556.000000, 899.000000, 556.000000, 942.000000, 502.000000, 942.000000,   small-vehicle,   1646
359.000000, 896.000000, 384.000000, 896.000000, 384.000000, 945.000000, 359.000000, 945.000000,   small-vehicle,   1650
2975.000000, 1440.000000, 3007.000000, 1440.000000, 3007.000000, 1498.000000, 2975.000000, 1498.000000,   small-vehicle,   1651
2247.000000, 846.000000, 2277.000000, 846.000000, 2277.000000, 905.000000, 2247.000000, 905.000000,   small-vehicle,   1656
1924.000000, 830.000000, 1954.000000, 830.000000, 1954.000000, 887.000000, 1924.000000, 887.000000,   small-vehicle,   1658
1041.000000, 1224.000000, 1088.000000, 1224.000000, 1088.000000, 1250.000000, 1041.000000, 1250.000000,   small-vehicle,   1659
3049.000000, 1690.000000, 3111.000000, 1690.000000, 3111.000000, 1721.000000, 3049.000000, 1721.000000,   small-vehicle,   1664
3224.000000, 854.000000, 3259.000000, 854.000000, 3259.000000, 910.000000, 3224.000000, 910.000000,   small-vehicle,   1665
358.000000, 834.000000, 388.000000, 834.000000, 388.000000, 888.000000, 358.000000, 888.000000,   small-vehicle,   1666
2972.000000, 1500.000000, 3010.000000, 1500.000000, 3010.000000, 1566.000000, 2972.000000, 1566.000000,   small-vehicle,   1667
554.000000, 1456.000000, 611.000000, 1456.000000, 611.000000, 1483.000000, 554.000000, 1483.000000,   small-vehicle,   1669
2555.000000, 1665.000000, 2620.000000, 1665.000000, 2620.000000, 1692.000000, 2555.000000, 1692.000000,   small-vehicle,   1671
2209.000000, 780.000000, 2234.000000, 780.000000, 2234.000000, 833.000000, 2209.000000, 833.000000,   small-vehicle,   1680
1952.000000, 799.000000, 1977.000000, 799.000000, 1977.000000, 852.000000, 1952.000000, 852.000000,   small-vehicle,   1683
1926.000000, 773.000000, 1950.000000, 773.000000, 1950.000000, 822.000000, 1926.000000, 822.000000,   small-vehicle,   1687
3253.000000, 1118.000000, 3318.000000, 1118.000000, 3318.000000, 1148.000000, 3253.000000, 1148.000000,   small-vehicle,   1688
2961.000000, 1232.000000, 2991.000000, 1232.000000, 2991.000000, 1279.000000, 2961.000000, 1279.000000,   small-vehicle,   1689
362.000000, 775.000000, 387.000000, 775.000000, 387.000000, 825.000000, 362.000000, 825.000000,   small-vehicle,   1690
492.000000, 1460.000000, 550.000000, 1460.000000, 550.000000, 1485.000000, 492.000000, 1485.000000,   small-vehicle,   1691
2468.000000, 1159.000000, 2518.000000, 1159.000000, 2518.000000, 1181.000000, 2468.000000, 1181.000000,   small-vehicle,   1693
2243.000000, 763.000000, 2270.000000, 763.000000, 2270.000000, 815.000000, 2243.000000, 815.000000,   small-vehicle,   1697
1952.000000, 724.000000, 1981.000000, 724.000000, 1981.000000, 788.000000, 1952.000000, 788.000000,   small-vehicle,   1699
2861.000000, 1657.000000, 2920.000000, 1657.000000, 2920.000000, 1684.000000, 2861.000000, 1684.000000,   small-vehicle,   1702
2241.000000, 691.000000, 2271.000000, 691.000000, 2271.000000, 737.000000, 2241.000000, 737.000000,   small-vehicle,   1705
2151.000000, 483.000000, 2184.000000, 483.000000, 2184.000000, 549.000000, 2151.000000, 549.000000,   small-vehicle,   1706
1935.000000, 627.000000, 1964.000000, 627.000000, 1964.000000, 680.000000, 1935.000000, 680.000000,   small-vehicle,   1708
1917.000000, 692.000000, 1945.000000, 692.000000, 1945.000000, 745.000000, 1917.000000, 745.000000,   small-vehicle,   1709
233.000000, 1223.000000, 277.000000, 1223.000000, 277.000000, 1285.000000, 233.000000, 1285.000000,   small-vehicle,   1710
1958.000000, 1565.000000, 1987.000000, 1565.000000, 1987.000000, 1604.000000, 1958.000000, 1604.000000,   small-vehicle,   1712
3222.000000, 626.000000, 3252.000000, 626.000000, 3252.000000, 686.000000, 3222.000000, 686.000000,   small-vehicle,   1715
2284.000000, 1258.000000, 2305.000000, 1258.000000, 2305.000000, 1303.000000, 2284.000000, 1303.000000,   small-vehicle,   1719
2724.000000, 608.000000, 2752.000000, 608.000000, 2752.000000, 665.000000, 2724.000000, 665.000000,   small-vehicle,   1727
2642.000000, 601.000000, 2674.000000, 601.000000, 2674.000000, 660.000000, 2642.000000, 660.000000,   small-vehicle,   1728
2230.000000, 560.000000, 2256.000000, 560.000000, 2256.000000, 626.000000, 2230.000000, 626.000000,   small-vehicle,   1729
2536.000000, 1152.000000, 2592.000000, 1152.000000, 2592.000000, 1183.000000, 2536.000000, 1183.000000,   small-vehicle,   1730
2764.000000, 596.000000, 2793.000000, 596.000000, 2793.000000, 655.000000, 2764.000000, 655.000000,   small-vehicle,   1731
400.000000, 1251.000000, 465.000000, 1251.000000, 465.000000, 1282.000000, 400.000000, 1282.000000,   small-vehicle,   1732
2609.000000, 604.000000, 2634.000000, 604.000000, 2634.000000, 655.000000, 2609.000000, 655.000000,   small-vehicle,   1737
2808.000000, 593.000000, 2839.000000, 593.000000, 2839.000000, 650.000000, 2808.000000, 650.000000,   small-vehicle,   1739
1918.000000, 533.000000, 1947.000000, 533.000000, 1947.000000, 594.000000, 1918.000000, 594.000000,   small-vehicle,   1742
2199.000000, 523.000000, 2225.000000, 523.000000, 2225.000000, 589.000000, 2199.000000, 589.000000,   small-vehicle,   1744
395.000000, 860.000000, 429.000000, 860.000000, 429.000000, 916.000000, 395.000000, 916.000000,   small-vehicle,   1745
1462.000000, 1208.000000, 1500.000000, 1208.000000, 1500.000000, 1223.000000, 1462.000000, 1223.000000,   small-vehicle,   1747
545.000000, 1247.000000, 591.000000, 1247.000000, 591.000000, 1274.000000, 545.000000, 1274.000000,   small-vehicle,   1752
1899.000000, 421.000000, 1929.000000, 421.000000, 1929.000000, 484.000000, 1899.000000, 484.000000,   small-vehicle,   1760
3167.000000, 1120.000000, 3232.000000, 1120.000000, 3232.000000, 1149.000000, 3167.000000, 1149.000000,   small-vehicle,   1761
1520.000000, 1200.000000, 1576.000000, 1200.000000, 1576.000000, 1222.000000, 1520.000000, 1222.000000,   small-vehicle,   1762
3205.000000, 487.000000, 3230.000000, 487.000000, 3230.000000, 545.000000, 3205.000000, 545.000000,   small-vehicle,   1763
65.000000, 432.000000, 122.000000, 432.000000, 122.000000, 457.000000, 65.000000, 457.000000,   small-vehicle,   1765
3196.000000, 408.000000, 3231.000000, 408.000000, 3231.000000, 476.000000, 3196.000000, 476.000000,   small-vehicle,   1767
2372.000000, 657.000000, 2422.000000, 657.000000, 2422.000000, 681.000000, 2372.000000, 681.000000,   small-vehicle,   1769
1047.000000, 371.000000, 1105.000000, 371.000000, 1105.000000, 397.000000, 1047.000000, 397.000000,   small-vehicle,   1772
45.000000, 352.000000, 111.000000, 352.000000, 111.000000, 385.000000, 45.000000, 385.000000,   small-vehicle,   1773
2612.000000, 1151.000000, 2678.000000, 1151.000000, 2678.000000, 1179.000000, 2612.000000, 1179.000000,   small-vehicle,   1774
3708.000000, 1101.000000, 3770.000000, 1101.000000, 3770.000000, 1127.000000, 3708.000000, 1127.000000,   small-vehicle,   1776
1897.000000, 366.000000, 1921.000000, 366.000000, 1921.000000, 409.000000, 1897.000000, 409.000000,   small-vehicle,   1777
33.000000, 393.000000, 77.000000, 393.000000, 77.000000, 417.000000, 33.000000, 417.000000,   small-vehicle,   1779
1977.000000, 1761.000000, 2003.000000, 1761.000000, 2003.000000, 1809.000000, 1977.000000, 1809.000000,   small-vehicle,   1780
2005.000000, 725.000000, 2032.000000, 725.000000, 2032.000000, 795.000000, 2005.000000, 795.000000,   small-vehicle,   1783
2148.000000, 305.000000, 2182.000000, 305.000000, 2182.000000, 362.000000, 2148.000000, 362.000000,   small-vehicle,   1785
2221.000000, 367.000000, 2249.000000, 367.000000, 2249.000000, 420.000000, 2221.000000, 420.000000,   small-vehicle,   1787
2685.000000, 592.000000, 2718.000000, 592.000000, 2718.000000, 661.000000, 2685.000000, 661.000000,   large-vehicle,   1788
562.000000, 321.000000, 612.000000, 321.000000, 612.000000, 346.000000, 562.000000, 346.000000,   small-vehicle,   1790
3552.000000, 1107.000000, 3613.000000, 1107.000000, 3613.000000, 1136.000000, 3552.000000, 1136.000000,   small-vehicle,   1791
498.000000, 326.000000, 550.000000, 326.000000, 550.000000, 350.000000, 498.000000, 350.000000,   small-vehicle,   1793
3193.000000, 325.000000, 3226.000000, 325.000000, 3226.000000, 384.000000, 3193.000000, 384.000000,   small-vehicle,   1794
697.000000, 347.000000, 755.000000, 347.000000, 755.000000, 377.000000, 697.000000, 377.000000,   small-vehicle,   1795
632.000000, 318.000000, 685.000000, 318.000000, 685.000000, 344.000000, 632.000000, 344.000000,   small-vehicle,   1799
2075.000000, 515.000000, 2106.000000, 515.000000, 2106.000000, 576.000000, 2075.000000, 576.000000,   large-vehicle,   1802
701.000000, 313.000000, 758.000000, 313.000000, 758.000000, 336.000000, 701.000000, 336.000000,   small-vehicle,   1804
890.000000, 301.000000, 944.000000, 301.000000, 944.000000, 329.000000, 890.000000, 329.000000,   small-vehicle,   1805
1742.000000, 305.000000, 1801.000000, 305.000000, 1801.000000, 339.000000, 1742.000000, 339.000000,   small-vehicle,   1807
949.000000, 296.000000, 1008.000000, 296.000000, 1008.000000, 322.000000, 949.000000, 322.000000,   small-vehicle,   1808
766.000000, 309.000000, 817.000000, 309.000000, 817.000000, 332.000000, 766.000000, 332.000000,   small-vehicle,   1810
480.000000, 1248.000000, 538.000000, 1248.000000, 538.000000, 1277.000000, 480.000000, 1277.000000,   small-vehicle,   1813
349.000000, 281.000000, 380.000000, 281.000000, 380.000000, 336.000000, 349.000000, 336.000000,   small-vehicle,   1814
2662.000000, 494.000000, 2719.000000, 494.000000, 2719.000000, 527.000000, 2662.000000, 527.000000,   small-vehicle,   1815
1031.000000, 289.000000, 1080.000000, 289.000000, 1080.000000, 317.000000, 1031.000000, 317.000000,   small-vehicle,   1817
828.000000, 305.000000, 879.000000, 305.000000, 879.000000, 329.000000, 828.000000, 329.000000,   small-vehicle,   1818
2186.000000, 301.000000, 2213.000000, 301.000000, 2213.000000, 353.000000, 2186.000000, 353.000000,   small-vehicle,   1819
731.000000, 1233.000000, 790.000000, 1233.000000, 790.000000, 1262.000000, 731.000000, 1262.000000,   small-vehicle,   1821
1673.000000, 237.000000, 1732.000000, 237.000000, 1732.000000, 268.000000, 1673.000000, 268.000000,   small-vehicle,   1822
1164.000000, 281.000000, 1218.000000, 281.000000, 1218.000000, 310.000000, 1164.000000, 310.000000,   small-vehicle,   1825
1572.000000, 249.000000, 1626.000000, 249.000000, 1626.000000, 277.000000, 1572.000000, 277.000000,   small-vehicle,   1826
1399.000000, 266.000000, 1445.000000, 266.000000, 1445.000000, 287.000000, 1399.000000, 287.000000,   small-vehicle,   1827
2442.000000, 1089.000000, 2504.000000, 1089.000000, 2504.000000, 1117.000000, 2442.000000, 1117.000000,   small-vehicle,   1828
1234.000000, 277.000000, 1284.000000, 277.000000, 1284.000000, 303.000000, 1234.000000, 303.000000,   small-vehicle,   1831
1739.000000, 231.000000, 1789.000000, 231.000000, 1789.000000, 259.000000, 1739.000000, 259.000000,   small-vehicle,   1833
3191.000000, 265.000000, 3218.000000, 265.000000, 3218.000000, 326.000000, 3191.000000, 326.000000,   small-vehicle,   1835
1337.000000, 268.000000, 1385.000000, 268.000000, 1385.000000, 293.000000, 1337.000000, 293.000000,   small-vehicle,   1836
2962.000000, 1282.000000, 2993.000000, 1282.000000, 2993.000000, 1334.000000, 2962.000000, 1334.000000,   small-vehicle,   1837
1797.000000, 225.000000, 1852.000000, 225.000000, 1852.000000, 255.000000, 1797.000000, 255.000000,   small-vehicle,   1838
430.000000, 993.000000, 459.000000, 993.000000, 459.000000, 1034.000000, 430.000000, 1034.000000,   small-vehicle,   1839
351.000000, 219.000000, 378.000000, 219.000000, 378.000000, 270.000000, 351.000000, 270.000000,   small-vehicle,   1845
907.000000, 379.000000, 963.000000, 379.000000, 963.000000, 407.000000, 907.000000, 407.000000,   small-vehicle,   1849
3145.000000, 531.000000, 3165.000000, 531.000000, 3165.000000, 582.000000, 3145.000000, 582.000000,   small-vehicle,   1850
2678.000000, 163.000000, 2736.000000, 163.000000, 2736.000000, 192.000000, 2678.000000, 192.000000,   small-vehicle,   1854
2529.000000, 174.000000, 2588.000000, 174.000000, 2588.000000, 204.000000, 2529.000000, 204.000000,   small-vehicle,   1856
2474.000000, 182.000000, 2530.000000, 182.000000, 2530.000000, 206.000000, 2474.000000, 206.000000,   small-vehicle,   1858
2393.000000, 185.000000, 2463.000000, 185.000000, 2463.000000, 215.000000, 2393.000000, 215.000000,   small-vehicle,   1859
1771.000000, 172.000000, 1829.000000, 172.000000, 1829.000000, 201.000000, 1771.000000, 201.000000,   small-vehicle,   1860
1646.000000, 1194.000000, 1714.000000, 1194.000000, 1714.000000, 1223.000000, 1646.000000, 1223.000000,   small-vehicle,   1861
408.000000, 1029.000000, 456.000000, 1029.000000, 456.000000, 1087.000000, 408.000000, 1087.000000,   small-vehicle,   1864
1968.000000, 288.000000, 1998.000000, 288.000000, 1998.000000, 355.000000, 1968.000000, 355.000000,   small-vehicle,   1866
2727.000000, 1144.000000, 2782.000000, 1144.000000, 2782.000000, 1165.000000, 2727.000000, 1165.000000,   small-vehicle,   1867
351.000000, 132.000000, 378.000000, 132.000000, 378.000000, 179.000000, 351.000000, 179.000000,   small-vehicle,   1868
2961.000000, 140.000000, 3016.000000, 140.000000, 3016.000000, 169.000000, 2961.000000, 169.000000,   small-vehicle,   1869
3040.000000, 126.000000, 3101.000000, 126.000000, 3101.000000, 186.000000, 3040.000000, 186.000000,   small-vehicle,   1872
2821.000000, 154.000000, 2890.000000, 154.000000, 2890.000000, 185.000000, 2821.000000, 185.000000,   small-vehicle,   1874
2208.000000, 77.000000, 2235.000000, 77.000000, 2235.000000, 137.000000, 2208.000000, 137.000000,   small-vehicle,   1875
232.000000, 422.000000, 277.000000, 422.000000, 277.000000, 446.000000, 232.000000, 446.000000,   small-vehicle,   1876
3594.000000, 110.000000, 3671.000000, 110.000000, 3671.000000, 148.000000, 3594.000000, 148.000000,   small-vehicle,   1877
348.000000, 70.000000, 374.000000, 70.000000, 374.000000, 118.000000, 348.000000, 118.000000,   small-vehicle,   1878
351.000000, 954.000000, 388.000000, 954.000000, 388.000000, 1014.000000, 351.000000, 1014.000000,   large-vehicle,   1879
2812.000000, 185.000000, 2873.000000, 185.000000, 2873.000000, 220.000000, 2812.000000, 220.000000,   small-vehicle,   1882
3665.000000, 74.000000, 3715.000000, 74.000000, 3715.000000, 100.000000, 3665.000000, 100.000000,   small-vehicle,   1887
300.000000, 1251.000000, 346.000000, 1251.000000, 346.000000, 1307.000000, 300.000000, 1307.000000,   small-vehicle,   1888
2236.000000, 514.000000, 2260.000000, 514.000000, 2260.000000, 549.000000, 2236.000000, 549.000000,   small-vehicle,   1889
1949.000000, 83.000000, 1979.000000, 83.000000, 1979.000000, 139.000000, 1949.000000, 139.000000,   small-vehicle,   1893
980.000000, 374.000000, 1031.000000, 374.000000, 1031.000000, 397.000000, 980.000000, 397.000000,   small-vehicle,   1895
1992.000000, 139.000000, 2026.000000, 139.000000, 2026.000000, 209.000000, 1992.000000, 209.000000,   small-vehicle,   1897
3109.000000, 12.000000, 3147.000000, 12.000000, 3147.000000, 76.000000, 3109.000000, 76.000000,   small-vehicle,   1898
1901.000000, -43.000000, 1930.000000, -43.000000, 1930.000000, 11.000000, 1901.000000, 11.000000,   small-vehicle,   1900
627.000000, 1674.000000, 652.000000, 1674.000000, 652.000000, 1717.000000, 627.000000, 1717.000000,   small-vehicle,   1901
1876.000000, -9.000000, 1906.000000, -9.000000, 1906.000000, 45.000000, 1876.000000, 45.000000,   small-vehicle,   1902
2289.000000, 1517.000000, 2313.000000, 1517.000000, 2313.000000, 1549.000000, 2289.000000, 1549.000000,   small-vehicle,   1903
1931.000000, 462.000000, 1975.000000, 462.000000, 1975.000000, 541.000000, 1931.000000, 541.000000,   large-vehicle,   1905
1344.000000, 353.000000, 1402.000000, 353.000000, 1402.000000, 385.000000, 1344.000000, 385.000000,   large-vehicle,   1906
3539.000000, 107.000000, 3615.000000, 107.000000, 3615.000000, 143.000000, 3539.000000, 143.000000,   large-vehicle,   1907
1988.000000, 87.000000, 2023.000000, 87.000000, 2023.000000, 157.000000, 1988.000000, 157.000000,   large-vehicle,   1908
387.000000, 409.000000, 415.000000, 409.000000, 415.000000, 448.000000, 387.000000, 448.000000,   small-vehicle,   1909
2222.000000, 1878.000000, 2255.000000, 1878.000000, 2255.000000, 1945.000000, 2222.000000, 1945.000000,   large-vehicle,   1910
