2155.000000, 1417.000000, 2181.000000, 1416.000000, 2183.000000, 1479.000000, 2157.000000, 1479.000000,     small-vehicle,     148
1123.000000, 2562.000000, 1155.000000, 2559.000000, 1155.000000, 2641.000000, 1123.000000, 2643.000000,     small-vehicle,     1014
2005.000000, 2376.000000, 2029.000000, 2375.000000, 2030.000000, 2417.000000, 2006.000000, 2418.000000,     small-vehicle,     1039
2288.000000, 2309.000000, 2315.000000, 2307.000000, 2317.000000, 2375.000000, 2290.000000, 2376.000000,     small-vehicle,     1056
1998.000000, 2284.000000, 2023.000000, 2283.000000, 2024.000000, 2341.000000, 2000.000000, 2342.000000,     small-vehicle,     1079
2313.000000, 2228.000000, 2338.000000, 2227.000000, 2340.000000, 2288.000000, 2315.000000, 2289.000000,     small-vehicle,     1086
1307.000000, 2270.000000, 1324.000000, 2269.000000, 1324.000000, 2310.000000, 1307.000000, 2310.000000,     small-vehicle,     1104
2306.000000, 2157.000000, 2331.000000, 2156.000000, 2332.000000, 2217.000000, 2309.000000, 2219.000000,     small-vehicle,     1113
1989.000000, 2190.000000, 2015.000000, 2189.000000, 2017.000000, 2251.000000, 1990.000000, 2252.000000,     small-vehicle,     1115
1259.000000, 2235.000000, 1311.000000, 2233.000000, 1312.000000, 2265.000000, 1259.000000, 2267.000000,     small-vehicle,     1116
885.000000, 2260.000000, 946.000000, 2257.000000, 945.000000, 2293.000000, 885.000000, 2296.000000,     small-vehicle,     1121
1176.000000, 2241.000000, 1228.000000, 2239.000000, 1227.000000, 2268.000000, 1176.000000, 2271.000000,     small-vehicle,     1135
1980.000000, 2100.000000, 2009.000000, 2099.000000, 2011.000000, 2162.000000, 1981.000000, 2164.000000,     small-vehicle,     1140
2010.000000, 2065.000000, 2055.000000, 2063.000000, 2059.000000, 2207.000000, 2014.000000, 2209.000000,     large-vehicle,     1141
2270.000000, 2105.000000, 2299.000000, 2103.000000, 2302.000000, 2166.000000, 2272.000000, 2167.000000,     small-vehicle,     1142
998.000000, 2248.000000, 1058.000000, 2244.000000, 1058.000000, 2281.000000, 998.000000, 2283.000000,     small-vehicle,     1144
1977.000000, 2021.000000, 2007.000000, 2019.000000, 2009.000000, 2086.000000, 1979.000000, 2087.000000,     small-vehicle,     1168
2266.000000, 2006.000000, 2295.000000, 2005.000000, 2297.000000, 2075.000000, 2269.000000, 2076.000000,     small-vehicle,     1175
1310.000000, 2087.000000, 1334.000000, 2086.000000, 1335.000000, 2145.000000, 1310.000000, 2146.000000,     small-vehicle,     1179
1995.000000, 1906.000000, 2027.000000, 1905.000000, 2029.000000, 1975.000000, 1997.000000, 1976.000000,     small-vehicle,     1205
1967.000000, 1842.000000, 1997.000000, 1840.000000, 1998.000000, 1907.000000, 1968.000000, 1907.000000,     small-vehicle,     1211
2421.000000, 1875.000000, 2464.000000, 1873.000000, 2464.000000, 1901.000000, 2422.000000, 1903.000000,     small-vehicle,     1216
2249.000000, 1830.000000, 2279.000000, 1828.000000, 2280.000000, 1889.000000, 2251.000000, 1890.000000,     small-vehicle,     1232
1967.000000, 1765.000000, 1997.000000, 1764.000000, 1999.000000, 1824.000000, 1969.000000, 1825.000000,     small-vehicle,     1236
1298.000000, 1786.000000, 1325.000000, 1785.000000, 1324.000000, 1859.000000, 1298.000000, 1860.000000,     small-vehicle,     1250
1954.000000, 1688.000000, 1981.000000, 1688.000000, 1983.000000, 1751.000000, 1955.000000, 1752.000000,     small-vehicle,     1254
2242.000000, 1646.000000, 2279.000000, 1646.000000, 2281.000000, 1716.000000, 2244.000000, 1717.000000,     small-vehicle,     1257
2266.000000, 1725.000000, 2300.000000, 1723.000000, 2302.000000, 1796.000000, 2269.000000, 1798.000000,     small-vehicle,     1258
1293.000000, 1671.000000, 1322.000000, 1670.000000, 1322.000000, 1744.000000, 1293.000000, 1746.000000,     small-vehicle,     1273
2223.000000, 1553.000000, 2246.000000, 1552.000000, 2249.000000, 1615.000000, 2225.000000, 1616.000000,     small-vehicle,     1277
1946.000000, 1600.000000, 1975.000000, 1599.000000, 1976.000000, 1669.000000, 1948.000000, 1669.000000,     small-vehicle,     1282
1103.000000, 2252.000000, 1162.000000, 2249.000000, 1162.000000, 2276.000000, 1103.000000, 2278.000000,     small-vehicle,     1284
2295.000000, 2900.000000, 2325.000000, 2898.000000, 2328.000000, 2973.000000, 2297.000000, 2976.000000,     small-vehicle,     1290
1287.000000, 1595.000000, 1310.000000, 1594.000000, 1310.000000, 1637.000000, 1287.000000, 1638.000000,     small-vehicle,     1293
2252.000000, 1506.000000, 2276.000000, 1505.000000, 2278.000000, 1569.000000, 2254.000000, 1570.000000,     small-vehicle,     1298
2441.000000, 1952.000000, 2504.000000, 1949.000000, 2505.000000, 1976.000000, 2442.000000, 1979.000000,     small-vehicle,     1303
783.000000, 2270.000000, 845.000000, 2267.000000, 845.000000, 2299.000000, 783.000000, 2303.000000,     small-vehicle,     1307
1934.000000, 1442.000000, 1961.000000, 1441.000000, 1963.000000, 1502.000000, 1935.000000, 1504.000000,     small-vehicle,     1309
1283.000000, 1459.000000, 1305.000000, 1459.000000, 1305.000000, 1515.000000, 1283.000000, 1516.000000,     small-vehicle,     1312
2319.000000, 2304.000000, 2348.000000, 2303.000000, 2351.000000, 2364.000000, 2321.000000, 2365.000000,     small-vehicle,     1314
1277.000000, 1373.000000, 1305.000000, 1372.000000, 1304.000000, 1434.000000, 1277.000000, 1435.000000,     small-vehicle,     1330
700.000000, 2274.000000, 769.000000, 2270.000000, 768.000000, 2311.000000, 699.000000, 2314.000000,     small-vehicle,     1331
1273.000000, 1302.000000, 1302.000000, 1301.000000, 1302.000000, 1371.000000, 1273.000000, 1372.000000,     small-vehicle,     1333
1923.000000, 1278.000000, 1950.000000, 1277.000000, 1952.000000, 1335.000000, 1924.000000, 1336.000000,     small-vehicle,     1337
2205.000000, 1216.000000, 2228.000000, 1216.000000, 2230.000000, 1282.000000, 2208.000000, 1283.000000,     small-vehicle,     1342
2719.000000, 1919.000000, 2781.000000, 1916.000000, 2783.000000, 1950.000000, 2720.000000, 1953.000000,     small-vehicle,     1347
1269.000000, 1241.000000, 1295.000000, 1241.000000, 1295.000000, 1293.000000, 1269.000000, 1293.000000,     small-vehicle,     1348
1939.000000, 1149.000000, 1968.000000, 1147.000000, 1969.000000, 1204.000000, 1940.000000, 1205.000000,     small-vehicle,     1360
2194.000000, 1149.000000, 2225.000000, 1149.000000, 2227.000000, 1210.000000, 2195.000000, 1212.000000,     small-vehicle,     1361
1359.000000, 1080.000000, 1410.000000, 1078.000000, 1410.000000, 1107.000000, 1360.000000, 1108.000000,     small-vehicle,     1364
535.000000, 1181.000000, 582.000000, 1180.000000, 582.000000, 1207.000000, 535.000000, 1209.000000,     small-vehicle,     1369
164.000000, 1114.000000, 223.000000, 1112.000000, 222.000000, 1145.000000, 163.000000, 1146.000000,     small-vehicle,     1373
404.000000, 1113.000000, 461.000000, 1112.000000, 460.000000, 1135.000000, 403.000000, 1136.000000,     small-vehicle,     1375
328.000000, 1109.000000, 392.000000, 1108.000000, 391.000000, 1139.000000, 327.000000, 1141.000000,     small-vehicle,     1377
1092.000000, 1084.000000, 1148.000000, 1083.000000, 1148.000000, 1107.000000, 1092.000000, 1108.000000,     small-vehicle,     1378
1361.000000, 1143.000000, 1419.000000, 1141.000000, 1419.000000, 1169.000000, 1361.000000, 1170.000000,     small-vehicle,     1379
3583.000000, 1860.000000, 3634.000000, 1858.000000, 3636.000000, 1883.000000, 3586.000000, 1885.000000,     small-vehicle,     1381
1180.000000, 1089.000000, 1229.000000, 1088.000000, 1229.000000, 1111.000000, 1180.000000, 1111.000000,     small-vehicle,     1384
953.000000, 1097.000000, 1004.000000, 1096.000000, 1004.000000, 1118.000000, 953.000000, 1119.000000,     small-vehicle,     1385
1029.000000, 1094.000000, 1074.000000, 1094.000000, 1073.000000, 1117.000000, 1029.000000, 1118.000000,     small-vehicle,     1386
1232.000000, 1076.000000, 1296.000000, 1074.000000, 1296.000000, 1116.000000, 1232.000000, 1117.000000,     small-vehicle,     1387
1485.000000, 1080.000000, 1540.000000, 1079.000000, 1540.000000, 1105.000000, 1486.000000, 1105.000000,     small-vehicle,     1388
473.000000, 1108.000000, 526.000000, 1106.000000, 525.000000, 1131.000000, 472.000000, 1132.000000,     small-vehicle,     1389
109.000000, 1100.000000, 159.000000, 1099.000000, 158.000000, 1135.000000, 108.000000, 1136.000000,     small-vehicle,     1395
2733.000000, 1014.000000, 2776.000000, 1013.000000, 2777.000000, 1036.000000, 2734.000000, 1037.000000,     small-vehicle,     1397
1266.000000, 1010.000000, 1291.000000, 1009.000000, 1291.000000, 1065.000000, 1265.000000, 1066.000000,     small-vehicle,     1399
1369.000000, 1110.000000, 1428.000000, 1109.000000, 1428.000000, 1138.000000, 1370.000000, 1139.000000,     small-vehicle,     1400
3527.000000, 1863.000000, 3578.000000, 1860.000000, 3580.000000, 1890.000000, 3529.000000, 1891.000000,     small-vehicle,     1402
2390.000000, 1038.000000, 2445.000000, 1037.000000, 2446.000000, 1060.000000, 2391.000000, 1060.000000,     small-vehicle,     1403
2595.000000, 1030.000000, 2644.000000, 1028.000000, 2645.000000, 1052.000000, 2596.000000, 1053.000000,     small-vehicle,     1405
3053.000000, 1006.000000, 3116.000000, 1004.000000, 3118.000000, 1029.000000, 3054.000000, 1029.000000,     small-vehicle,     1409
3234.000000, 999.000000, 3282.000000, 999.000000, 3284.000000, 1023.000000, 3234.000000, 1024.000000,     small-vehicle,     1410
2888.000000, 1010.000000, 2944.000000, 1009.000000, 2945.000000, 1034.000000, 2889.000000, 1035.000000,     small-vehicle,     1412
2697.000000, 1093.000000, 2750.000000, 1092.000000, 2751.000000, 1123.000000, 2698.000000, 1124.000000,     small-vehicle,     1416
2962.000000, 1005.000000, 3021.000000, 1003.000000, 3023.000000, 1032.000000, 2963.000000, 1033.000000,     small-vehicle,     1418
3359.000000, 993.000000, 3417.000000, 992.000000, 3419.000000, 1018.000000, 3361.000000, 1020.000000,     small-vehicle,     1420
3292.000000, 993.000000, 3347.000000, 993.000000, 3350.000000, 1021.000000, 3294.000000, 1022.000000,     small-vehicle,     1422
1428.000000, 1142.000000, 1489.000000, 1140.000000, 1489.000000, 1168.000000, 1429.000000, 1168.000000,     small-vehicle,     1423
1981.000000, 1189.000000, 2013.000000, 1188.000000, 2015.000000, 1250.000000, 1983.000000, 1251.000000,     small-vehicle,     1424
1968.000000, 1923.000000, 1998.000000, 1922.000000, 2000.000000, 2000.000000, 1969.000000, 2002.000000,     small-vehicle,     1425
2842.000000, 945.000000, 2868.000000, 945.000000, 2870.000000, 994.000000, 2844.000000, 994.000000,     small-vehicle,     1429
719.000000, 1101.000000, 769.000000, 1100.000000, 769.000000, 1128.000000, 718.000000, 1129.000000,     small-vehicle,     1433
2055.000000, 2047.000000, 2087.000000, 2045.000000, 2090.000000, 2119.000000, 2057.000000, 2121.000000,     small-vehicle,     1438
2101.000000, 2350.000000, 2125.000000, 2348.000000, 2127.000000, 2402.000000, 2102.000000, 2404.000000,     small-vehicle,     1449
1254.000000, 756.000000, 1278.000000, 756.000000, 1278.000000, 808.000000, 1254.000000, 808.000000,     small-vehicle,     1451
1909.000000, 755.000000, 1932.000000, 755.000000, 1933.000000, 806.000000, 1910.000000, 807.000000,     small-vehicle,     1452
2809.000000, 732.000000, 2843.000000, 732.000000, 2846.000000, 790.000000, 2813.000000, 790.000000,     small-vehicle,     1453
2180.000000, 666.000000, 2208.000000, 666.000000, 2209.000000, 724.000000, 2181.000000, 725.000000,     small-vehicle,     1458
2153.000000, 669.000000, 2175.000000, 669.000000, 2177.000000, 722.000000, 2155.000000, 722.000000,     small-vehicle,     1459
1614.000000, 1133.000000, 1667.000000, 1132.000000, 1668.000000, 1158.000000, 1615.000000, 1159.000000,     small-vehicle,     1460
1247.000000, 668.000000, 1267.000000, 668.000000, 1268.000000, 713.000000, 1247.000000, 713.000000,     small-vehicle,     1462
2148.000000, 593.000000, 2174.000000, 592.000000, 2176.000000, 653.000000, 2150.000000, 653.000000,     small-vehicle,     1467
1689.000000, 1132.000000, 1747.000000, 1131.000000, 1748.000000, 1153.000000, 1688.000000, 1153.000000,     small-vehicle,     1468
2181.000000, 617.000000, 2208.000000, 617.000000, 2210.000000, 655.000000, 2182.000000, 655.000000,     small-vehicle,     1478
1869.000000, 554.000000, 1894.000000, 553.000000, 1896.000000, 609.000000, 1870.000000, 609.000000,     small-vehicle,     1479
2253.000000, 1917.000000, 2330.000000, 1913.000000, 2332.000000, 1990.000000, 2255.000000, 1994.000000,     large-vehicle,     1487
1938.000000, 1506.000000, 1968.000000, 1505.000000, 1970.000000, 1566.000000, 1940.000000, 1566.000000,     small-vehicle,     1493
1949.000000, 1764.000000, 1973.000000, 1763.000000, 1975.000000, 1825.000000, 1950.000000, 1826.000000,     small-vehicle,     1498
1888.000000, 511.000000, 1916.000000, 511.000000, 1918.000000, 562.000000, 1890.000000, 562.000000,     small-vehicle,     1499
2269.000000, 459.000000, 2330.000000, 458.000000, 2331.000000, 485.000000, 2270.000000, 484.000000,     small-vehicle,     1500
2062.000000, 384.000000, 2077.000000, 385.000000, 2077.000000, 411.000000, 2063.000000, 410.000000,     small-vehicle,     1503
1227.000000, 444.000000, 1251.000000, 444.000000, 1251.000000, 490.000000, 1227.000000, 490.000000,     small-vehicle,     1507
1541.000000, 1138.000000, 1601.000000, 1137.000000, 1601.000000, 1161.000000, 1541.000000, 1162.000000,     small-vehicle,     1508
2124.000000, 384.000000, 2152.000000, 384.000000, 2154.000000, 439.000000, 2126.000000, 439.000000,     small-vehicle,     1509
2527.000000, 1033.000000, 2581.000000, 1031.000000, 2582.000000, 1056.000000, 2528.000000, 1057.000000,     small-vehicle,     1510
2476.000000, 439.000000, 2530.000000, 439.000000, 2531.000000, 466.000000, 2477.000000, 467.000000,     small-vehicle,     1511
2780.000000, 406.000000, 2802.000000, 406.000000, 2805.000000, 462.000000, 2782.000000, 463.000000,     small-vehicle,     1515
1224.000000, 394.000000, 1253.000000, 393.000000, 1253.000000, 444.000000, 1224.000000, 444.000000,     small-vehicle,     1517
212.000000, 1148.000000, 270.000000, 1148.000000, 269.000000, 1195.000000, 211.000000, 1196.000000,     small-vehicle,     1518
3252.000000, 1066.000000, 3315.000000, 1064.000000, 3317.000000, 1089.000000, 3253.000000, 1090.000000,     small-vehicle,     1521
1852.000000, 332.000000, 1878.000000, 332.000000, 1879.000000, 390.000000, 1853.000000, 390.000000,     small-vehicle,     1522
2980.000000, 1087.000000, 3031.000000, 1086.000000, 3033.000000, 1111.000000, 2980.000000, 1112.000000,     small-vehicle,     1525
2145.000000, 330.000000, 2170.000000, 330.000000, 2171.000000, 381.000000, 2147.000000, 381.000000,     small-vehicle,     1529
2422.000000, 1101.000000, 2458.000000, 1100.000000, 2458.000000, 1121.000000, 2423.000000, 1122.000000,     small-vehicle,     1530
2529.000000, 1100.000000, 2581.000000, 1098.000000, 2582.000000, 1124.000000, 2531.000000, 1125.000000,     small-vehicle,     1531
2342.000000, 452.000000, 2404.000000, 452.000000, 2405.000000, 483.000000, 2343.000000, 482.000000,     small-vehicle,     1532
2407.000000, 449.000000, 2466.000000, 449.000000, 2468.000000, 477.000000, 2408.000000, 476.000000,     small-vehicle,     1533
2142.000000, 257.000000, 2166.000000, 257.000000, 2167.000000, 307.000000, 2143.000000, 307.000000,     small-vehicle,     1536
1848.000000, 267.000000, 1873.000000, 267.000000, 1875.000000, 325.000000, 1850.000000, 325.000000,     small-vehicle,     1537
2457.000000, 1025.000000, 2506.000000, 1025.000000, 2507.000000, 1066.000000, 2459.000000, 1067.000000,     small-vehicle,     1541
537.000000, 723.000000, 587.000000, 723.000000, 586.000000, 751.000000, 537.000000, 752.000000,     small-vehicle,     1542
3195.000000, 1076.000000, 3239.000000, 1075.000000, 3241.000000, 1099.000000, 3196.000000, 1100.000000,     small-vehicle,     1543
1223.000000, 244.000000, 1247.000000, 244.000000, 1247.000000, 285.000000, 1223.000000, 285.000000,     small-vehicle,     1548
1853.000000, 206.000000, 1874.000000, 206.000000, 1875.000000, 259.000000, 1854.000000, 259.000000,     small-vehicle,     1549
1253.000000, 714.000000, 1274.000000, 714.000000, 1274.000000, 746.000000, 1253.000000, 746.000000,     small-vehicle,     1550
2138.000000, 184.000000, 2162.000000, 184.000000, 2164.000000, 238.000000, 2140.000000, 238.000000,     small-vehicle,     1552
1216.000000, 161.000000, 1241.000000, 161.000000, 1241.000000, 214.000000, 1216.000000, 214.000000,     small-vehicle,     1554
2059.000000, 462.000000, 2076.000000, 462.000000, 2076.000000, 487.000000, 2060.000000, 487.000000,     small-vehicle,     1556
1099.000000, 1091.000000, 1146.000000, 1090.000000, 1146.000000, 1110.000000, 1099.000000, 1111.000000,     large-vehicle,     1558
2264.000000, 1717.000000, 2298.000000, 1716.000000, 2301.000000, 1792.000000, 2267.000000, 1794.000000,     large-vehicle,     1559
1940.000000, 1504.000000, 1968.000000, 1504.000000, 1969.000000, 1562.000000, 1941.000000, 1562.000000,     large-vehicle,     1560
1094.000000, 1096.000000, 1150.000000, 1094.000000, 1150.000000, 1118.000000, 1094.000000, 1118.000000,     small-vehicle,     1561
1835.000000, 132.000000, 1863.000000, 132.000000, 1864.000000, 185.000000, 1836.000000, 186.000000,     small-vehicle,     1562
3429.000000, 994.000000, 3473.000000, 993.000000, 3475.000000, 1020.000000, 3430.000000, 1021.000000,     small-vehicle,     1563
3253.000000, 1066.000000, 3315.000000, 1064.000000, 3317.000000, 1089.000000, 3255.000000, 1090.000000,     large-vehicle,     1564
3056.000000, 1008.000000, 3118.000000, 1006.000000, 3120.000000, 1027.000000, 3058.000000, 1028.000000,     large-vehicle,     1565
