2155.000000, 1416.000000, 2181.000000, 1415.000000, 2183.000000, 1479.000000, 2157.000000, 1480.000000,     small-vehicle,     148
2340.000000, 2553.000000, 2368.000000, 2552.000000, 2371.000000, 2618.000000, 2341.000000, 2621.000000,     small-vehicle,     944
2018.000000, 2601.000000, 2042.000000, 2599.000000, 2043.000000, 2648.000000, 2019.000000, 2649.000000,     small-vehicle,     949
2011.000000, 2518.000000, 2038.000000, 2516.000000, 2038.000000, 2581.000000, 2012.000000, 2582.000000,     small-vehicle,     981
2300.000000, 2513.000000, 2333.000000, 2511.000000, 2336.000000, 2584.000000, 2303.000000, 2585.000000,     small-vehicle,     986
804.000000, 2624.000000, 878.000000, 2620.000000, 877.000000, 2666.000000, 804.000000, 2670.000000,     small-vehicle,     990
2036.000000, 2434.000000, 2064.000000, 2432.000000, 2064.000000, 2497.000000, 2038.000000, 2498.000000,     small-vehicle,     996
2008.000000, 2450.000000, 2032.000000, 2449.000000, 2034.000000, 2507.000000, 2010.000000, 2508.000000,     small-vehicle,     998
2333.000000, 2466.000000, 2365.000000, 2465.000000, 2367.000000, 2545.000000, 2337.000000, 2547.000000,     small-vehicle,     1001
1186.000000, 2568.000000, 1263.000000, 2564.000000, 1263.000000, 2607.000000, 1186.000000, 2612.000000,     small-vehicle,     1009
1024.000000, 2597.000000, 1094.000000, 2594.000000, 1094.000000, 2632.000000, 1024.000000, 2636.000000,     small-vehicle,     1012
714.000000, 2633.000000, 770.000000, 2630.000000, 770.000000, 2669.000000, 713.000000, 2672.000000,     small-vehicle,     1013
1107.000000, 2582.000000, 1170.000000, 2578.000000, 1170.000000, 2621.000000, 1107.000000, 2625.000000,     small-vehicle,     1014
2004.000000, 2365.000000, 2030.000000, 2364.000000, 2032.000000, 2427.000000, 2006.000000, 2429.000000,     small-vehicle,     1039
2287.000000, 2311.000000, 2316.000000, 2309.000000, 2318.000000, 2373.000000, 2289.000000, 2374.000000,     small-vehicle,     1056
570.000000, 2423.000000, 596.000000, 2422.000000, 594.000000, 2480.000000, 569.000000, 2482.000000,     small-vehicle,     1076
1997.000000, 2283.000000, 2024.000000, 2282.000000, 2025.000000, 2342.000000, 1999.000000, 2343.000000,     small-vehicle,     1079
2313.000000, 2227.000000, 2338.000000, 2226.000000, 2340.000000, 2289.000000, 2315.000000, 2290.000000,     small-vehicle,     1086
2828.000000, 2373.000000, 2856.000000, 2370.000000, 2860.000000, 2430.000000, 2830.000000, 2432.000000,     small-vehicle,     1088
1306.000000, 2266.000000, 1325.000000, 2265.000000, 1325.000000, 2313.000000, 1307.000000, 2314.000000,     small-vehicle,     1104
2306.000000, 2160.000000, 2331.000000, 2158.000000, 2332.000000, 2215.000000, 2308.000000, 2217.000000,     small-vehicle,     1113
1989.000000, 2192.000000, 2015.000000, 2191.000000, 2017.000000, 2250.000000, 1990.000000, 2251.000000,     small-vehicle,     1115
1259.000000, 2236.000000, 1311.000000, 2234.000000, 1312.000000, 2265.000000, 1259.000000, 2267.000000,     small-vehicle,     1116
886.000000, 2260.000000, 945.000000, 2257.000000, 944.000000, 2293.000000, 886.000000, 2297.000000,     small-vehicle,     1121
1176.000000, 2240.000000, 1227.000000, 2238.000000, 1227.000000, 2268.000000, 1176.000000, 2271.000000,     small-vehicle,     1135
1980.000000, 2100.000000, 2009.000000, 2099.000000, 2011.000000, 2162.000000, 1981.000000, 2164.000000,     small-vehicle,     1140
2010.000000, 2067.000000, 2055.000000, 2065.000000, 2059.000000, 2204.000000, 2013.000000, 2206.000000,     large-vehicle,     1141
2272.000000, 2108.000000, 2298.000000, 2107.000000, 2300.000000, 2164.000000, 2274.000000, 2165.000000,     small-vehicle,     1142
999.000000, 2247.000000, 1057.000000, 2244.000000, 1057.000000, 2281.000000, 999.000000, 2284.000000,     small-vehicle,     1144
1978.000000, 2022.000000, 2006.000000, 2020.000000, 2008.000000, 2085.000000, 1980.000000, 2086.000000,     small-vehicle,     1168
2268.000000, 2007.000000, 2294.000000, 2006.000000, 2295.000000, 2074.000000, 2270.000000, 2075.000000,     small-vehicle,     1175
1309.000000, 2088.000000, 1335.000000, 2087.000000, 1335.000000, 2142.000000, 1310.000000, 2144.000000,     small-vehicle,     1179
559.000000, 2021.000000, 587.000000, 2019.000000, 586.000000, 2067.000000, 558.000000, 2069.000000,     small-vehicle,     1202
1995.000000, 1907.000000, 2027.000000, 1906.000000, 2029.000000, 1974.000000, 1997.000000, 1975.000000,     small-vehicle,     1205
1966.000000, 1841.000000, 1997.000000, 1839.000000, 1998.000000, 1907.000000, 1968.000000, 1908.000000,     small-vehicle,     1211
2474.000000, 1868.000000, 2538.000000, 1866.000000, 2539.000000, 1888.000000, 2474.000000, 1891.000000,     small-vehicle,     1214
2418.000000, 1877.000000, 2467.000000, 1875.000000, 2467.000000, 1898.000000, 2419.000000, 1901.000000,     small-vehicle,     1216
2616.000000, 1852.000000, 2659.000000, 1850.000000, 2659.000000, 1870.000000, 2617.000000, 1872.000000,     small-vehicle,     1217
2250.000000, 1831.000000, 2278.000000, 1831.000000, 2280.000000, 1888.000000, 2252.000000, 1888.000000,     small-vehicle,     1232
1967.000000, 1765.000000, 1998.000000, 1764.000000, 1999.000000, 1824.000000, 1968.000000, 1826.000000,     small-vehicle,     1236
3384.000000, 1751.000000, 3425.000000, 1749.000000, 3427.000000, 1777.000000, 3386.000000, 1779.000000,     small-vehicle,     1248
1297.000000, 1790.000000, 1325.000000, 1789.000000, 1325.000000, 1855.000000, 1298.000000, 1856.000000,     small-vehicle,     1250
1953.000000, 1689.000000, 1982.000000, 1688.000000, 1983.000000, 1750.000000, 1954.000000, 1752.000000,     small-vehicle,     1254
2242.000000, 1647.000000, 2278.000000, 1646.000000, 2280.000000, 1716.000000, 2245.000000, 1716.000000,     small-vehicle,     1257
2266.000000, 1724.000000, 2299.000000, 1722.000000, 2302.000000, 1799.000000, 2269.000000, 1800.000000,     small-vehicle,     1258
1293.000000, 1672.000000, 1322.000000, 1671.000000, 1322.000000, 1742.000000, 1294.000000, 1744.000000,     small-vehicle,     1273
2223.000000, 1553.000000, 2246.000000, 1553.000000, 2249.000000, 1615.000000, 2225.000000, 1615.000000,     small-vehicle,     1277
1945.000000, 1599.000000, 1975.000000, 1599.000000, 1976.000000, 1669.000000, 1947.000000, 1670.000000,     small-vehicle,     1282
1104.000000, 2250.000000, 1161.000000, 2247.000000, 1161.000000, 2277.000000, 1104.000000, 2279.000000,     small-vehicle,     1284
2293.000000, 2900.000000, 2327.000000, 2897.000000, 2330.000000, 2973.000000, 2295.000000, 2976.000000,     small-vehicle,     1290
1288.000000, 1596.000000, 1309.000000, 1595.000000, 1309.000000, 1637.000000, 1288.000000, 1638.000000,     small-vehicle,     1293
2251.000000, 1505.000000, 2277.000000, 1505.000000, 2280.000000, 1570.000000, 2252.000000, 1570.000000,     small-vehicle,     1298
2442.000000, 1955.000000, 2502.000000, 1952.000000, 2503.000000, 1973.000000, 2443.000000, 1976.000000,     small-vehicle,     1303
2468.000000, 2421.000000, 2492.000000, 2420.000000, 2493.000000, 2473.000000, 2470.000000, 2474.000000,     small-vehicle,     1306
781.000000, 2269.000000, 848.000000, 2266.000000, 847.000000, 2300.000000, 780.000000, 2304.000000,     small-vehicle,     1307
1934.000000, 1443.000000, 1961.000000, 1442.000000, 1963.000000, 1502.000000, 1935.000000, 1504.000000,     small-vehicle,     1309
1283.000000, 1460.000000, 1306.000000, 1460.000000, 1306.000000, 1514.000000, 1282.000000, 1515.000000,     small-vehicle,     1312
2318.000000, 2306.000000, 2349.000000, 2305.000000, 2351.000000, 2362.000000, 2320.000000, 2363.000000,     small-vehicle,     1314
1277.000000, 1374.000000, 1304.000000, 1373.000000, 1303.000000, 1433.000000, 1277.000000, 1434.000000,     small-vehicle,     1330
702.000000, 2275.000000, 767.000000, 2272.000000, 766.000000, 2310.000000, 701.000000, 2313.000000,     small-vehicle,     1331
1273.000000, 1303.000000, 1302.000000, 1303.000000, 1302.000000, 1369.000000, 1273.000000, 1371.000000,     small-vehicle,     1333
1922.000000, 1278.000000, 1951.000000, 1277.000000, 1952.000000, 1335.000000, 1924.000000, 1336.000000,     small-vehicle,     1337
2205.000000, 1214.000000, 2228.000000, 1215.000000, 2231.000000, 1283.000000, 2207.000000, 1284.000000,     small-vehicle,     1342
2718.000000, 1919.000000, 2781.000000, 1916.000000, 2783.000000, 1950.000000, 2719.000000, 1953.000000,     small-vehicle,     1347
1270.000000, 1242.000000, 1294.000000, 1241.000000, 1294.000000, 1292.000000, 1270.000000, 1293.000000,     small-vehicle,     1348
1940.000000, 1148.000000, 1967.000000, 1147.000000, 1969.000000, 1205.000000, 1940.000000, 1205.000000,     small-vehicle,     1360
2195.000000, 1150.000000, 2225.000000, 1149.000000, 2227.000000, 1210.000000, 2196.000000, 1211.000000,     small-vehicle,     1361
1361.000000, 1080.000000, 1412.000000, 1079.000000, 1411.000000, 1108.000000, 1361.000000, 1110.000000,     small-vehicle,     1364
536.000000, 1175.000000, 583.000000, 1174.000000, 582.000000, 1206.000000, 535.000000, 1207.000000,     small-vehicle,     1369
165.000000, 1111.000000, 224.000000, 1110.000000, 222.000000, 1142.000000, 164.000000, 1144.000000,     small-vehicle,     1373
404.000000, 1109.000000, 465.000000, 1107.000000, 465.000000, 1134.000000, 403.000000, 1135.000000,     small-vehicle,     1375
331.000000, 1108.000000, 395.000000, 1107.000000, 394.000000, 1138.000000, 330.000000, 1139.000000,     small-vehicle,     1377
1102.000000, 1090.000000, 1149.000000, 1089.000000, 1149.000000, 1114.000000, 1102.000000, 1115.000000,     small-vehicle,     1378
1359.000000, 1143.000000, 1419.000000, 1141.000000, 1419.000000, 1171.000000, 1359.000000, 1172.000000,     small-vehicle,     1379
3579.000000, 1851.000000, 3636.000000, 1849.000000, 3638.000000, 1874.000000, 3581.000000, 1877.000000,     small-vehicle,     1381
1181.000000, 1088.000000, 1230.000000, 1087.000000, 1230.000000, 1111.000000, 1181.000000, 1112.000000,     small-vehicle,     1384
954.000000, 1094.000000, 1005.000000, 1092.000000, 1005.000000, 1118.000000, 953.000000, 1119.000000,     small-vehicle,     1385
1029.000000, 1092.000000, 1074.000000, 1091.000000, 1074.000000, 1116.000000, 1029.000000, 1117.000000,     small-vehicle,     1386
1239.000000, 1075.000000, 1295.000000, 1074.000000, 1295.000000, 1111.000000, 1239.000000, 1112.000000,     small-vehicle,     1387
1487.000000, 1080.000000, 1540.000000, 1080.000000, 1541.000000, 1105.000000, 1487.000000, 1106.000000,     small-vehicle,     1388
476.000000, 1104.000000, 527.000000, 1104.000000, 526.000000, 1129.000000, 475.000000, 1130.000000,     small-vehicle,     1389
103.000000, 1093.000000, 162.000000, 1093.000000, 161.000000, 1133.000000, 101.000000, 1135.000000,     small-vehicle,     1395
2729.000000, 1011.000000, 2778.000000, 1010.000000, 2779.000000, 1037.000000, 2729.000000, 1039.000000,     small-vehicle,     1397
1266.000000, 1010.000000, 1292.000000, 1010.000000, 1292.000000, 1065.000000, 1265.000000, 1065.000000,     small-vehicle,     1399
1444.000000, 1110.000000, 1502.000000, 1109.000000, 1502.000000, 1137.000000, 1444.000000, 1139.000000,     small-vehicle,     1400
2459.000000, 1037.000000, 2504.000000, 1036.000000, 2505.000000, 1060.000000, 2461.000000, 1061.000000,     small-vehicle,     1401
3508.000000, 1853.000000, 3579.000000, 1850.000000, 3581.000000, 1881.000000, 3511.000000, 1884.000000,     small-vehicle,     1402
2391.000000, 1037.000000, 2444.000000, 1035.000000, 2445.000000, 1061.000000, 2392.000000, 1062.000000,     small-vehicle,     1403
2594.000000, 1029.000000, 2646.000000, 1027.000000, 2647.000000, 1053.000000, 2595.000000, 1054.000000,     small-vehicle,     1405
3055.000000, 1006.000000, 3118.000000, 1005.000000, 3119.000000, 1023.000000, 3056.000000, 1024.000000,     small-vehicle,     1409
3233.000000, 994.000000, 3281.000000, 992.000000, 3283.000000, 1020.000000, 3234.000000, 1021.000000,     small-vehicle,     1410
2889.000000, 1006.000000, 2945.000000, 1005.000000, 2946.000000, 1030.000000, 2891.000000, 1031.000000,     small-vehicle,     1412
2697.000000, 1091.000000, 2749.000000, 1090.000000, 2751.000000, 1120.000000, 2699.000000, 1120.000000,     small-vehicle,     1416
2959.000000, 999.000000, 3018.000000, 999.000000, 3020.000000, 1031.000000, 2961.000000, 1032.000000,     small-vehicle,     1418
3357.000000, 986.000000, 3418.000000, 984.000000, 3420.000000, 1012.000000, 3359.000000, 1013.000000,     small-vehicle,     1420
3292.000000, 986.000000, 3347.000000, 985.000000, 3348.000000, 1014.000000, 3294.000000, 1014.000000,     small-vehicle,     1422
1431.000000, 1144.000000, 1470.000000, 1143.000000, 1470.000000, 1168.000000, 1431.000000, 1168.000000,     small-vehicle,     1423
1949.000000, 1036.000000, 1986.000000, 1036.000000, 1987.000000, 1098.000000, 1951.000000, 1099.000000,     small-vehicle,     1424
1969.000000, 1927.000000, 1997.000000, 1926.000000, 1999.000000, 2005.000000, 1971.000000, 2006.000000,     small-vehicle,     1425
2842.000000, 944.000000, 2868.000000, 943.000000, 2870.000000, 995.000000, 2845.000000, 996.000000,     small-vehicle,     1429
28.000000, 1068.000000, 93.000000, 1067.000000, 92.000000, 1113.000000, 26.000000, 1115.000000,     small-vehicle,     1431
722.000000, 1096.000000, 769.000000, 1095.000000, 769.000000, 1124.000000, 721.000000, 1125.000000,     small-vehicle,     1433
2025.000000, 1715.000000, 2057.000000, 1714.000000, 2060.000000, 1786.000000, 2026.000000, 1788.000000,     small-vehicle,     1438
2070.000000, 1960.000000, 2100.000000, 1959.000000, 2102.000000, 2021.000000, 2072.000000, 2023.000000,     small-vehicle,     1449
1255.000000, 758.000000, 1278.000000, 758.000000, 1278.000000, 807.000000, 1256.000000, 808.000000,     small-vehicle,     1451
1908.000000, 758.000000, 1933.000000, 758.000000, 1934.000000, 810.000000, 1909.000000, 811.000000,     small-vehicle,     1452
2809.000000, 732.000000, 2844.000000, 731.000000, 2847.000000, 787.000000, 2812.000000, 787.000000,     small-vehicle,     1453
2180.000000, 669.000000, 2209.000000, 669.000000, 2210.000000, 726.000000, 2181.000000, 726.000000,     small-vehicle,     1458
2153.000000, 672.000000, 2176.000000, 673.000000, 2177.000000, 724.000000, 2155.000000, 725.000000,     small-vehicle,     1459
1615.000000, 1134.000000, 1670.000000, 1134.000000, 1670.000000, 1159.000000, 1615.000000, 1160.000000,     small-vehicle,     1460
1248.000000, 671.000000, 1268.000000, 671.000000, 1268.000000, 715.000000, 1248.000000, 716.000000,     small-vehicle,     1462
2149.000000, 597.000000, 2175.000000, 597.000000, 2177.000000, 656.000000, 2151.000000, 657.000000,     small-vehicle,     1467
1689.000000, 1132.000000, 1747.000000, 1131.000000, 1747.000000, 1155.000000, 1689.000000, 1157.000000,     small-vehicle,     1468
2182.000000, 620.000000, 2207.000000, 620.000000, 2208.000000, 658.000000, 2183.000000, 659.000000,     small-vehicle,     1478
1869.000000, 557.000000, 1893.000000, 557.000000, 1894.000000, 611.000000, 1871.000000, 611.000000,     small-vehicle,     1479
2247.000000, 1922.000000, 2318.000000, 1919.000000, 2321.000000, 1994.000000, 2249.000000, 1997.000000,     large-vehicle,     1487
1940.000000, 1508.000000, 1968.000000, 1506.000000, 1970.000000, 1569.000000, 1942.000000, 1570.000000,     small-vehicle,     1493
1949.000000, 1767.000000, 1974.000000, 1766.000000, 1976.000000, 1827.000000, 1951.000000, 1828.000000,     small-vehicle,     1498
1891.000000, 512.000000, 1916.000000, 512.000000, 1917.000000, 567.000000, 1892.000000, 567.000000,     small-vehicle,     1499
2269.000000, 458.000000, 2329.000000, 457.000000, 2330.000000, 488.000000, 2270.000000, 489.000000,     small-vehicle,     1500
2085.000000, 632.000000, 2099.000000, 632.000000, 2100.000000, 659.000000, 2085.000000, 658.000000,     small-vehicle,     1503
1225.000000, 448.000000, 1251.000000, 448.000000, 1251.000000, 494.000000, 1225.000000, 494.000000,     small-vehicle,     1507
1540.000000, 1139.000000, 1602.000000, 1137.000000, 1602.000000, 1162.000000, 1539.000000, 1162.000000,     small-vehicle,     1508
2125.000000, 387.000000, 2151.000000, 387.000000, 2153.000000, 443.000000, 2127.000000, 443.000000,     small-vehicle,     1509
2526.000000, 1029.000000, 2580.000000, 1029.000000, 2581.000000, 1055.000000, 2527.000000, 1055.000000,     small-vehicle,     1510
2483.000000, 440.000000, 2529.000000, 440.000000, 2530.000000, 464.000000, 2484.000000, 465.000000,     small-vehicle,     1511
2780.000000, 413.000000, 2802.000000, 413.000000, 2805.000000, 461.000000, 2782.000000, 461.000000,     small-vehicle,     1515
1301.000000, 2329.000000, 1330.000000, 2327.000000, 1330.000000, 2406.000000, 1301.000000, 2407.000000,     small-vehicle,     1516
1224.000000, 397.000000, 1251.000000, 397.000000, 1251.000000, 448.000000, 1224.000000, 448.000000,     small-vehicle,     1517
217.000000, 1148.000000, 269.000000, 1147.000000, 267.000000, 1193.000000, 215.000000, 1194.000000,     small-vehicle,     1518
542.000000, 704.000000, 586.000000, 705.000000, 585.000000, 734.000000, 542.000000, 734.000000,     small-vehicle,     1519
1301.000000, 2357.000000, 1332.000000, 2356.000000, 1332.000000, 2442.000000, 1300.000000, 2443.000000,     large-vehicle,     1520
3252.000000, 1065.000000, 3316.000000, 1064.000000, 3318.000000, 1088.000000, 3254.000000, 1090.000000,     small-vehicle,     1521
1852.000000, 333.000000, 1877.000000, 333.000000, 1879.000000, 396.000000, 1854.000000, 396.000000,     small-vehicle,     1522
1301.000000, 2356.000000, 1332.000000, 2355.000000, 1332.000000, 2434.000000, 1301.000000, 2437.000000,     small-vehicle,     1523
3195.000000, 987.000000, 3225.000000, 986.000000, 3227.000000, 1007.000000, 3196.000000, 1007.000000,     small-vehicle,     1524
2977.000000, 1087.000000, 3027.000000, 1086.000000, 3028.000000, 1107.000000, 2979.000000, 1108.000000,     small-vehicle,     1525
