2221.000000, 2027.000000, 2252.000000, 2026.000000, 2252.000000, 2095.000000, 2220.000000, 2096.000000,     small-vehicle,     1290
1301.000000, 1919.000000, 1331.000000, 1917.000000, 1331.000000, 1990.000000, 1300.000000, 1991.000000,     small-vehicle,     1333
1967.000000, 1855.000000, 1993.000000, 1854.000000, 1992.000000, 1907.000000, 1967.000000, 1908.000000,     small-vehicle,     1337
2264.000000, 1793.000000, 2289.000000, 1792.000000, 2289.000000, 1857.000000, 2264.000000, 1858.000000,     small-vehicle,     1342
1299.000000, 1855.000000, 1323.000000, 1854.000000, 1323.000000, 1912.000000, 1299.000000, 1914.000000,     small-vehicle,     1348
1987.000000, 1728.000000, 2018.000000, 1727.000000, 2018.000000, 1776.000000, 1987.000000, 1778.000000,     small-vehicle,     1360
2255.000000, 1723.000000, 2288.000000, 1722.000000, 2288.000000, 1791.000000, 2255.000000, 1792.000000,     small-vehicle,     1361
562.000000, 1810.000000, 617.000000, 1807.000000, 617.000000, 1839.000000, 562.000000, 1842.000000,     small-vehicle,     1369
1387.000000, 1752.000000, 1450.000000, 1749.000000, 1450.000000, 1780.000000, 1387.000000, 1783.000000,     small-vehicle,     1379
1258.000000, 1689.000000, 1322.000000, 1686.000000, 1322.000000, 1728.000000, 1258.000000, 1731.000000,     small-vehicle,     1387
1292.000000, 1615.000000, 1320.000000, 1614.000000, 1320.000000, 1680.000000, 1292.000000, 1681.000000,     small-vehicle,     1399
2797.000000, 1669.000000, 2854.000000, 1666.000000, 2854.000000, 1693.000000, 2797.000000, 1695.000000,     small-vehicle,     1416
1468.000000, 1747.000000, 1512.000000, 1745.000000, 1512.000000, 1775.000000, 1467.000000, 1777.000000,     small-vehicle,     1423
1282.000000, 1357.000000, 1307.000000, 1356.000000, 1307.000000, 1413.000000, 1282.000000, 1414.000000,     small-vehicle,     1451
1964.000000, 1334.000000, 1991.000000, 1333.000000, 1990.000000, 1387.000000, 1964.000000, 1388.000000,     small-vehicle,     1452
2944.000000, 1278.000000, 2978.000000, 1277.000000, 2978.000000, 1346.000000, 2943.000000, 1347.000000,     small-vehicle,     1453
2257.000000, 1230.000000, 2287.000000, 1229.000000, 2287.000000, 1292.000000, 2256.000000, 1293.000000,     small-vehicle,     1458
2227.000000, 1233.000000, 2253.000000, 1232.000000, 2252.000000, 1291.000000, 2227.000000, 1292.000000,     small-vehicle,     1459
1648.000000, 1735.000000, 1705.000000, 1732.000000, 1705.000000, 1759.000000, 1648.000000, 1761.000000,     small-vehicle,     1460
1275.000000, 1266.000000, 1296.000000, 1265.000000, 1296.000000, 1317.000000, 1275.000000, 1318.000000,     small-vehicle,     1462
2227.000000, 1155.000000, 2254.000000, 1154.000000, 2254.000000, 1217.000000, 2227.000000, 1218.000000,     small-vehicle,     1467
1722.000000, 1727.000000, 1786.000000, 1724.000000, 1786.000000, 1753.000000, 1722.000000, 1756.000000,     small-vehicle,     1468
2260.000000, 1175.000000, 2289.000000, 1173.000000, 2288.000000, 1219.000000, 2260.000000, 1221.000000,     small-vehicle,     1478
1928.000000, 1125.000000, 1954.000000, 1123.000000, 1953.000000, 1179.000000, 1928.000000, 1180.000000,     small-vehicle,     1479
1954.000000, 1073.000000, 1978.000000, 1072.000000, 1977.000000, 1132.000000, 1954.000000, 1133.000000,     small-vehicle,     1499
2361.000000, 1003.000000, 2427.000000, 1000.000000, 2427.000000, 1030.000000, 2361.000000, 1033.000000,     small-vehicle,     1500
1254.000000, 1033.000000, 1278.000000, 1032.000000, 1278.000000, 1079.000000, 1253.000000, 1080.000000,     small-vehicle,     1507
1573.000000, 1741.000000, 1637.000000, 1739.000000, 1637.000000, 1763.000000, 1573.000000, 1766.000000,     small-vehicle,     1508
2208.000000, 930.000000, 2238.000000, 928.000000, 2238.000000, 985.000000, 2208.000000, 986.000000,     small-vehicle,     1509
2592.000000, 977.000000, 2649.000000, 975.000000, 2649.000000, 999.000000, 2592.000000, 1002.000000,     small-vehicle,     1511
2927.000000, 921.000000, 2959.000000, 919.000000, 2959.000000, 989.000000, 2927.000000, 990.000000,     small-vehicle,     1515
1252.000000, 978.000000, 1280.000000, 976.000000, 1279.000000, 1031.000000, 1252.000000, 1032.000000,     small-vehicle,     1517
253.000000, 1786.000000, 312.000000, 1783.000000, 312.000000, 1830.000000, 253.000000, 1833.000000,     small-vehicle,     1518
1915.000000, 886.000000, 1943.000000, 885.000000, 1942.000000, 945.000000, 1915.000000, 946.000000,     small-vehicle,     1522
2232.000000, 868.000000, 2262.000000, 866.000000, 2262.000000, 927.000000, 2232.000000, 928.000000,     small-vehicle,     1529
2493.000000, 1676.000000, 2548.000000, 1674.000000, 2548.000000, 1706.000000, 2493.000000, 1708.000000,     small-vehicle,     1530
2618.000000, 1676.000000, 2668.000000, 1673.000000, 2668.000000, 1701.000000, 2618.000000, 1703.000000,     small-vehicle,     1531
2447.000000, 996.000000, 2507.000000, 993.000000, 2507.000000, 1021.000000, 2447.000000, 1023.000000,     small-vehicle,     1532
2516.000000, 986.000000, 2576.000000, 984.000000, 2576.000000, 1012.000000, 2515.000000, 1015.000000,     small-vehicle,     1533
2230.000000, 784.000000, 2257.000000, 783.000000, 2256.000000, 840.000000, 2230.000000, 841.000000,     small-vehicle,     1536
1912.000000, 815.000000, 1941.000000, 813.000000, 1941.000000, 876.000000, 1912.000000, 878.000000,     small-vehicle,     1537
1250.000000, 810.000000, 1274.000000, 809.000000, 1274.000000, 863.000000, 1250.000000, 864.000000,     small-vehicle,     1548
1918.000000, 745.000000, 1945.000000, 744.000000, 1945.000000, 804.000000, 1918.000000, 805.000000,     small-vehicle,     1549
2229.000000, 708.000000, 2257.000000, 706.000000, 2257.000000, 765.000000, 2229.000000, 766.000000,     small-vehicle,     1552
1244.000000, 730.000000, 1270.000000, 729.000000, 1270.000000, 784.000000, 1244.000000, 786.000000,     small-vehicle,     1554
1903.000000, 669.000000, 1929.000000, 667.000000, 1929.000000, 724.000000, 1902.000000, 725.000000,     small-vehicle,     1562
1929.000000, 617.000000, 1954.000000, 616.000000, 1954.000000, 672.000000, 1928.000000, 673.000000,     small-vehicle,     1566
2914.000000, 691.000000, 2945.000000, 690.000000, 2944.000000, 752.000000, 2913.000000, 753.000000,     small-vehicle,     1567
2192.000000, 603.000000, 2225.000000, 602.000000, 2224.000000, 666.000000, 2192.000000, 668.000000,     small-vehicle,     1571
685.000000, 635.000000, 741.000000, 632.000000, 741.000000, 659.000000, 685.000000, 662.000000,     small-vehicle,     1573
817.000000, 620.000000, 872.000000, 618.000000, 872.000000, 647.000000, 817.000000, 649.000000,     small-vehicle,     1574
397.000000, 639.000000, 454.000000, 637.000000, 454.000000, 670.000000, 398.000000, 672.000000,     small-vehicle,     1575
887.000000, 618.000000, 939.000000, 616.000000, 939.000000, 643.000000, 887.000000, 645.000000,     small-vehicle,     1576
470.000000, 644.000000, 520.000000, 642.000000, 520.000000, 667.000000, 470.000000, 669.000000,     small-vehicle,     1578
754.000000, 626.000000, 802.000000, 624.000000, 802.000000, 651.000000, 754.000000, 653.000000,     small-vehicle,     1585
1732.000000, 530.000000, 1787.000000, 527.000000, 1787.000000, 556.000000, 1732.000000, 559.000000,     small-vehicle,     1586
1619.000000, 534.000000, 1671.000000, 531.000000, 1671.000000, 560.000000, 1619.000000, 562.000000,     small-vehicle,     1588
1236.000000, 582.000000, 1283.000000, 579.000000, 1283.000000, 606.000000, 1235.000000, 608.000000,     small-vehicle,     1589
1469.000000, 557.000000, 1521.000000, 555.000000, 1521.000000, 584.000000, 1469.000000, 586.000000,     small-vehicle,     1590
351.000000, 580.000000, 375.000000, 579.000000, 375.000000, 621.000000, 351.000000, 622.000000,     small-vehicle,     1594
2397.000000, 449.000000, 2459.000000, 446.000000, 2459.000000, 478.000000, 2397.000000, 481.000000,     small-vehicle,     1600
655.000000, 1363.000000, 686.000000, 1362.000000, 686.000000, 1421.000000, 655.000000, 1422.000000,     small-vehicle,     1601
1915.000000, 448.000000, 1946.000000, 446.000000, 1946.000000, 501.000000, 1915.000000, 502.000000,     small-vehicle,     1602
3471.000000, 371.000000, 3529.000000, 369.000000, 3529.000000, 400.000000, 3471.000000, 402.000000,     small-vehicle,     1610
2592.000000, 434.000000, 2652.000000, 431.000000, 2652.000000, 454.000000, 2592.000000, 456.000000,     small-vehicle,     1612
2876.000000, 393.000000, 2942.000000, 391.000000, 2942.000000, 425.000000, 2876.000000, 428.000000,     small-vehicle,     1614
280.000000, 492.000000, 328.000000, 490.000000, 328.000000, 551.000000, 280.000000, 553.000000,     small-vehicle,     1615
2663.000000, 424.000000, 2713.000000, 422.000000, 2713.000000, 443.000000, 2663.000000, 446.000000,     small-vehicle,     1621
2189.000000, 410.000000, 2214.000000, 409.000000, 2213.000000, 464.000000, 2189.000000, 466.000000,     small-vehicle,     1623
3434.000000, 335.000000, 3504.000000, 332.000000, 3504.000000, 366.000000, 3434.000000, 369.000000,     small-vehicle,     1628
3360.000000, 342.000000, 3421.000000, 340.000000, 3420.000000, 372.000000, 3360.000000, 374.000000,     small-vehicle,     1631
48.000000, 564.000000, 101.000000, 562.000000, 101.000000, 600.000000, 48.000000, 602.000000,     small-vehicle,     1632
2182.000000, 337.000000, 2210.000000, 336.000000, 2210.000000, 402.000000, 2182.000000, 403.000000,     small-vehicle,     1633
3649.000000, 308.000000, 3699.000000, 306.000000, 3699.000000, 336.000000, 3648.000000, 338.000000,     small-vehicle,     1636
1887.000000, 274.000000, 1914.000000, 273.000000, 1914.000000, 332.000000, 1887.000000, 333.000000,     small-vehicle,     1637
3178.000000, 240.000000, 3211.000000, 239.000000, 3211.000000, 301.000000, 3178.000000, 302.000000,     small-vehicle,     1638
399.000000, 375.000000, 421.000000, 374.000000, 421.000000, 426.000000, 399.000000, 427.000000,     small-vehicle,     1643
465.000000, 339.000000, 519.000000, 337.000000, 519.000000, 382.000000, 465.000000, 384.000000,     small-vehicle,     1646
321.000000, 341.000000, 347.000000, 340.000000, 348.000000, 396.000000, 321.000000, 397.000000,     small-vehicle,     1650
2922.000000, 796.000000, 2955.000000, 795.000000, 2954.000000, 855.000000, 2922.000000, 856.000000,     small-vehicle,     1651
2203.000000, 198.000000, 2234.000000, 197.000000, 2234.000000, 260.000000, 2202.000000, 262.000000,     small-vehicle,     1656
3360.000000, 1025.000000, 3431.000000, 1022.000000, 3431.000000, 1044.000000, 3360.000000, 1048.000000,     small-vehicle,     1657
1882.000000, 203.000000, 1911.000000, 202.000000, 1911.000000, 260.000000, 1882.000000, 262.000000,     small-vehicle,     1658
1004.000000, 659.000000, 1049.000000, 657.000000, 1049.000000, 685.000000, 1004.000000, 687.000000,     small-vehicle,     1659
2996.000000, 1053.000000, 3055.000000, 1051.000000, 3055.000000, 1084.000000, 2996.000000, 1086.000000,     small-vehicle,     1664
3173.000000, 156.000000, 3210.000000, 154.000000, 3209.000000, 215.000000, 3173.000000, 217.000000,     small-vehicle,     1665
320.000000, 277.000000, 349.000000, 275.000000, 349.000000, 332.000000, 320.000000, 334.000000,     small-vehicle,     1666
2922.000000, 861.000000, 2954.000000, 860.000000, 2954.000000, 923.000000, 2921.000000, 924.000000,     small-vehicle,     1667
516.000000, 927.000000, 576.000000, 924.000000, 576.000000, 953.000000, 516.000000, 956.000000,     small-vehicle,     1669
2506.000000, 1056.000000, 2570.000000, 1053.000000, 2570.000000, 1083.000000, 2506.000000, 1086.000000,     small-vehicle,     1671
2166.000000, 131.000000, 2192.000000, 130.000000, 2192.000000, 189.000000, 2166.000000, 190.000000,     small-vehicle,     1680
1912.000000, 165.000000, 1935.000000, 164.000000, 1935.000000, 221.000000, 1912.000000, 222.000000,     small-vehicle,     1683
1884.000000, 137.000000, 1909.000000, 136.000000, 1909.000000, 191.000000, 1883.000000, 192.000000,     small-vehicle,     1687
3199.000000, 435.000000, 3266.000000, 432.000000, 3266.000000, 463.000000, 3199.000000, 466.000000,     small-vehicle,     1688
2908.000000, 573.000000, 2938.000000, 571.000000, 2938.000000, 621.000000, 2907.000000, 622.000000,     small-vehicle,     1689
322.000000, 218.000000, 351.000000, 216.000000, 351.000000, 267.000000, 322.000000, 268.000000,     small-vehicle,     1690
452.000000, 935.000000, 514.000000, 933.000000, 514.000000, 955.000000, 452.000000, 958.000000,     small-vehicle,     1691
2421.000000, 523.000000, 2470.000000, 520.000000, 2470.000000, 543.000000, 2421.000000, 545.000000,     small-vehicle,     1693
2200.000000, 108.000000, 2227.000000, 107.000000, 2227.000000, 166.000000, 2200.000000, 167.000000,     small-vehicle,     1697
1911.000000, 84.000000, 1939.000000, 82.000000, 1938.000000, 149.000000, 1910.000000, 150.000000,     small-vehicle,     1699
2810.000000, 1033.000000, 2868.000000, 1030.000000, 2868.000000, 1058.000000, 2810.000000, 1060.000000,     small-vehicle,     1702
2198.000000, 38.000000, 2229.000000, 36.000000, 2229.000000, 87.000000, 2198.000000, 88.000000,     small-vehicle,     1705
2149.000000, -53.000000, 2190.000000, -55.000000, 2189.000000, 20.000000, 2149.000000, 22.000000,     small-vehicle,     1706
1895.000000, -19.000000, 1922.000000, -20.000000, 1922.000000, 37.000000, 1895.000000, 38.000000,     small-vehicle,     1708
1875.000000, 49.000000, 1905.000000, 47.000000, 1905.000000, 110.000000, 1875.000000, 111.000000,     small-vehicle,     1709
196.000000, 696.000000, 239.000000, 694.000000, 239.000000, 760.000000, 196.000000, 762.000000,     small-vehicle,     1710
1912.000000, 955.000000, 1938.000000, 953.000000, 1938.000000, 1008.000000, 1911.000000, 1009.000000,     small-vehicle,     1712
3354.000000, 1670.000000, 3405.000000, 1668.000000, 3405.000000, 1697.000000, 3354.000000, 1700.000000,     small-vehicle,     1714
3175.000000, -84.000000, 3206.000000, -86.000000, 3206.000000, -22.000000, 3174.000000, -21.000000,     small-vehicle,     1715
353.000000, 1827.000000, 410.000000, 1824.000000, 410.000000, 1849.000000, 353.000000, 1851.000000,     small-vehicle,     1716
2239.000000, 639.000000, 2258.000000, 638.000000, 2258.000000, 687.000000, 2239.000000, 688.000000,     small-vehicle,     1719
2680.000000, -82.000000, 2708.000000, -83.000000, 2708.000000, -23.000000, 2680.000000, -22.000000,     small-vehicle,     1727
2600.000000, -84.000000, 2628.000000, -85.000000, 2628.000000, -21.000000, 2599.000000, -20.000000,     small-vehicle,     1728
2188.000000, -107.000000, 2215.000000, -108.000000, 2215.000000, -43.000000, 2188.000000, -42.000000,     small-vehicle,     1729
2489.000000, 513.000000, 2547.000000, 511.000000, 2547.000000, 540.000000, 2489.000000, 542.000000,     small-vehicle,     1730
2720.000000, -96.000000, 2748.000000, -97.000000, 2747.000000, -35.000000, 2720.000000, -33.000000,     small-vehicle,     1731
363.000000, 718.000000, 426.000000, 715.000000, 426.000000, 748.000000, 363.000000, 751.000000,     small-vehicle,     1732
2295.000000, 1794.000000, 2317.000000, 1793.000000, 2316.000000, 1856.000000, 2294.000000, 1857.000000,     large-vehicle,     1736
2566.000000, -79.000000, 2590.000000, -80.000000, 2589.000000, -27.000000, 2565.000000, -26.000000,     small-vehicle,     1737
3279.000000, 427.000000, 3336.000000, 424.000000, 3336.000000, 454.000000, 3279.000000, 457.000000,     small-vehicle,     1738
2764.000000, -100.000000, 2792.000000, -101.000000, 2792.000000, -42.000000, 2763.000000, -41.000000,     small-vehicle,     1739
1879.000000, -121.000000, 1908.000000, -122.000000, 1908.000000, -53.000000, 1878.000000, -51.000000,     small-vehicle,     1742
2156.000000, -144.000000, 2183.000000, -145.000000, 2183.000000, -72.000000, 2156.000000, -71.000000,     small-vehicle,     1744
288.000000, 589.000000, 336.000000, 587.000000, 336.000000, 650.000000, 288.000000, 652.000000,     small-vehicle,     1745
1423.000000, 623.000000, 1458.000000, 621.000000, 1458.000000, 637.000000, 1422.000000, 639.000000,     small-vehicle,     1747
1903.000000, -140.000000, 1947.000000, -142.000000, 1947.000000, -58.000000, 1903.000000, -56.000000,     large-vehicle,     1748
2641.000000, -91.000000, 2672.000000, -92.000000, 2672.000000, -21.000000, 2641.000000, -19.000000,     large-vehicle,     1749
3422.000000, 1665.000000, 3496.000000, 1661.000000, 3495.000000, 1692.000000, 3421.000000, 1695.000000,     small-vehicle,     1751
509.000000, 706.000000, 557.000000, 704.000000, 557.000000, 732.000000, 509.000000, 734.000000,     small-vehicle,     1752
310.000000, 405.000000, 346.000000, 403.000000, 346.000000, 469.000000, 310.000000, 470.000000,     small-vehicle,     1756
2969.000000, 1529.000000, 2996.000000, 1528.000000, 2995.000000, 1580.000000, 2969.000000, 1581.000000,     small-vehicle,     1757
1859.000000, -238.000000, 1889.000000, -240.000000, 1889.000000, -173.000000, 1859.000000, -172.000000,     small-vehicle,     1760
3115.000000, 446.000000, 3176.000000, 443.000000, 3176.000000, 472.000000, 3114.000000, 475.000000,     small-vehicle,     1761
1478.000000, 614.000000, 1531.000000, 611.000000, 1531.000000, 631.000000, 1478.000000, 633.000000,     small-vehicle,     1762
3158.000000, -240.000000, 3187.000000, -241.000000, 3186.000000, -178.000000, 3157.000000, -177.000000,     small-vehicle,     1763
28.000000, -137.000000, 83.000000, -140.000000, 83.000000, -115.000000, 28.000000, -113.000000,     small-vehicle,     1765
2909.000000, 618.000000, 2942.000000, 616.000000, 2942.000000, 677.000000, 2909.000000, 678.000000,     small-vehicle,     1766
3149.000000, -321.000000, 3185.000000, -323.000000, 3185.000000, -247.000000, 3149.000000, -245.000000,     small-vehicle,     1767
3422.000000, 1655.000000, 3494.000000, 1652.000000, 3494.000000, 1681.000000, 3421.000000, 1684.000000,     large-vehicle,     1768
2328.000000, -8.000000, 2377.000000, -10.000000, 2376.000000, 15.000000, 2328.000000, 17.000000,     small-vehicle,     1769
2032.000000, -156.000000, 2064.000000, -157.000000, 2064.000000, -87.000000, 2032.000000, -86.000000,     large-vehicle,     1770
2034.000000, -147.000000, 2065.000000, -149.000000, 2065.000000, -79.000000, 2034.000000, -77.000000,     small-vehicle,     1771
1007.000000, -248.000000, 1064.000000, -250.000000, 1064.000000, -222.000000, 1007.000000, -220.000000,     small-vehicle,     1772
6.000000, -221.000000, 66.000000, -224.000000, 66.000000, -195.000000, 6.000000, -192.000000,     small-vehicle,     1773
2569.000000, 507.000000, 2627.000000, 504.000000, 2627.000000, 532.000000, 2569.000000, 534.000000,     small-vehicle,     1774
2618.000000, -203.000000, 2675.000000, -205.000000, 2675.000000, -166.000000, 2618.000000, -164.000000,     small-vehicle,     1775
3652.000000, 391.000000, 3712.000000, 389.000000, 3712.000000, 412.000000, 3652.000000, 415.000000,     small-vehicle,     1776
1856.000000, -296.000000, 1881.000000, -297.000000, 1881.000000, -254.000000, 1856.000000, -253.000000,     small-vehicle,     1777
2192.000000, -154.000000, 2220.000000, -155.000000, 2220.000000, -116.000000, 2192.000000, -114.000000,     small-vehicle,     1778
391.000000, -224.000000, 447.000000, -227.000000, 447.000000, -198.000000, 391.000000, -195.000000,     small-vehicle,     1779
1932.000000, 1193.000000, 1954.000000, 1192.000000, 1954.000000, 1226.000000, 1931.000000, 1227.000000,     small-vehicle,     1780
2240.000000, 926.000000, 2267.000000, 925.000000, 2267.000000, 972.000000, 2240.000000, 973.000000,     small-vehicle,     1781
1956.000000, 1810.000000, 1978.000000, 1809.000000, 1978.000000, 1855.000000, 1956.000000, 1856.000000,     small-vehicle,     1782
1933.000000, -315.000000, 1963.000000, -316.000000, 1963.000000, -246.000000, 1933.000000, -245.000000,     small-vehicle,     1783
3104.000000, 1682.000000, 3182.000000, 1679.000000, 3181.000000, 1704.000000, 3104.000000, 1708.000000,     small-vehicle,     1784
2140.000000, -312.000000, 2177.000000, -313.000000, 2177.000000, -250.000000, 2140.000000, -248.000000,     small-vehicle,     1785
312.000000, 407.000000, 349.000000, 405.000000, 349.000000, 468.000000, 312.000000, 469.000000,     large-vehicle,     1786
2182.000000, -311.000000, 2209.000000, -313.000000, 2209.000000, -256.000000, 2182.000000, -255.000000,     small-vehicle,     1787
