2013.000000, 2852.000000, 2041.000000, 2850.000000, 2043.000000, 2916.000000, 2013.000000, 2917.000000,     small-vehicle,     0
2342.000000, 2911.000000, 2371.000000, 2910.000000, 2373.000000, 2972.000000, 2345.000000, 2973.000000,     small-vehicle,     1
2021.000000, 2936.000000, 2046.000000, 2936.000000, 2047.000000, 2997.000000, 2023.000000, 2997.000000,     small-vehicle,     2
2217.000000, 3458.000000, 2245.000000, 3456.000000, 2247.000000, 3520.000000, 2218.000000, 3520.000000,     small-vehicle,     3
2023.000000, 2569.000000, 2050.000000, 2567.000000, 2051.000000, 2634.000000, 2025.000000, 2634.000000,     small-vehicle,     4
2364.000000, 3261.000000, 2394.000000, 3260.000000, 2396.000000, 3326.000000, 2367.000000, 3327.000000,     small-vehicle,     5
1382.000000, 3658.000000, 1412.000000, 3656.000000, 1411.000000, 3731.000000, 1382.000000, 3732.000000,     small-vehicle,     6
1701.000000, 3939.000000, 1757.000000, 3936.000000, 1757.000000, 3967.000000, 1702.000000, 3970.000000,     small-vehicle,     7
2335.000000, 3095.000000, 2363.000000, 3094.000000, 2365.000000, 3166.000000, 2338.000000, 3166.000000,     small-vehicle,     8
3359.000000, 3639.000000, 3417.000000, 3634.000000, 3420.000000, 3666.000000, 3361.000000, 3670.000000,     small-vehicle,     9
1193.000000, 3816.000000, 1247.000000, 3813.000000, 1247.000000, 3846.000000, 1193.000000, 3849.000000,     small-vehicle,     10
490.000000, 3874.000000, 557.000000, 3869.000000, 557.000000, 3903.000000, 488.000000, 3906.000000,     small-vehicle,     11
1408.000000, 2952.000000, 1434.000000, 2951.000000, 1434.000000, 3020.000000, 1408.000000, 3022.000000,     small-vehicle,     12
2853.000000, 3783.000000, 2905.000000, 3779.000000, 2907.000000, 3808.000000, 2855.000000, 3813.000000,     small-vehicle,     14
2253.000000, 4136.000000, 2288.000000, 4133.000000, 2291.000000, 4209.000000, 2255.000000, 4212.000000,     small-vehicle,     15
1298.000000, 3802.000000, 1355.000000, 3799.000000, 1355.000000, 3834.000000, 1298.000000, 3838.000000,     small-vehicle,     16
2335.000000, 2825.000000, 2363.000000, 2823.000000, 2366.000000, 2897.000000, 2337.000000, 2899.000000,     small-vehicle,     17
1817.000000, 3843.000000, 1873.000000, 3839.000000, 1874.000000, 3872.000000, 1818.000000, 3876.000000,     small-vehicle,     18
2311.000000, 3008.000000, 2366.000000, 3006.000000, 2369.000000, 3075.000000, 2313.000000, 3077.000000,     small-vehicle,     19
2159.000000, 3344.000000, 2197.000000, 3341.000000, 2200.000000, 3416.000000, 2160.000000, 3418.000000,     small-vehicle,     20
2041.000000, 2763.000000, 2066.000000, 2761.000000, 2068.000000, 2826.000000, 2042.000000, 2827.000000,     small-vehicle,     21
1822.000000, 4033.000000, 1888.000000, 4028.000000, 1888.000000, 4059.000000, 1823.000000, 4064.000000,     small-vehicle,     22
2674.000000, 4010.000000, 2729.000000, 4006.000000, 2730.000000, 4034.000000, 2677.000000, 4037.000000,     small-vehicle,     23
2299.000000, 4390.000000, 2332.000000, 4387.000000, 2335.000000, 4467.000000, 2301.000000, 4469.000000,     small-vehicle,     24
147.000000, 3901.000000, 212.000000, 3895.000000, 211.000000, 3928.000000, 145.000000, 3933.000000,     small-vehicle,     25
2378.000000, 3360.000000, 2404.000000, 3359.000000, 2406.000000, 3421.000000, 2380.000000, 3421.000000,     small-vehicle,     26
904.000000, 3834.000000, 967.000000, 3831.000000, 965.000000, 3870.000000, 904.000000, 3874.000000,     small-vehicle,     27
2451.000000, 4221.000000, 2484.000000, 4218.000000, 2489.000000, 4303.000000, 2454.000000, 4307.000000,     small-vehicle,     29
2761.000000, 4402.000000, 2825.000000, 4395.000000, 2828.000000, 4435.000000, 2762.000000, 4441.000000,     small-vehicle,     30
2353.000000, 4833.000000, 2381.000000, 4830.000000, 2384.000000, 4898.000000, 2354.000000, 4900.000000,     small-vehicle,     31
2352.000000, 3174.000000, 2386.000000, 3171.000000, 2389.000000, 3243.000000, 2354.000000, 3244.000000,     small-vehicle,     32
2101.000000, 3527.000000, 2152.000000, 3525.000000, 2155.000000, 3599.000000, 2103.000000, 3603.000000,     small-vehicle,     33
2927.000000, 3766.000000, 2986.000000, 3762.000000, 2988.000000, 3796.000000, 2928.000000, 3799.000000,     small-vehicle,     34
2383.000000, 3473.000000, 2413.000000, 3471.000000, 2417.000000, 3552.000000, 2386.000000, 3552.000000,     small-vehicle,     35
2094.000000, 2950.000000, 2123.000000, 2949.000000, 2125.000000, 3020.000000, 2097.000000, 3021.000000,     small-vehicle,     36
2379.000000, 4944.000000, 2406.000000, 4940.000000, 2409.000000, 5009.000000, 2381.000000, 5013.000000,     small-vehicle,     37
3163.000000, 3749.000000, 3224.000000, 3745.000000, 3225.000000, 3774.000000, 3165.000000, 3778.000000,     small-vehicle,     38
300.000000, 3716.000000, 330.000000, 3714.000000, 327.000000, 3777.000000, 298.000000, 3779.000000,     small-vehicle,     39
2340.000000, 3332.000000, 2371.000000, 3331.000000, 2373.000000, 3405.000000, 2343.000000, 3405.000000,     small-vehicle,     40
1424.000000, 2586.000000, 1454.000000, 2585.000000, 1455.000000, 2646.000000, 1424.000000, 2645.000000,     small-vehicle,     41
2814.000000, 3684.000000, 2865.000000, 3681.000000, 2867.000000, 3711.000000, 2816.000000, 3713.000000,     small-vehicle,     42
1406.000000, 2871.000000, 1430.000000, 2869.000000, 1430.000000, 2925.000000, 1405.000000, 2927.000000,     small-vehicle,     43
1860.000000, 3926.000000, 1925.000000, 3922.000000, 1926.000000, 3956.000000, 1860.000000, 3961.000000,     small-vehicle,     44
1548.000000, 3950.000000, 1606.000000, 3948.000000, 1606.000000, 3980.000000, 1548.000000, 3984.000000,     small-vehicle,     45
2299.000000, 2721.000000, 2324.000000, 2722.000000, 2327.000000, 2797.000000, 2302.000000, 2798.000000,     small-vehicle,     46
1047.000000, 3827.000000, 1108.000000, 3823.000000, 1108.000000, 3861.000000, 1047.000000, 3866.000000,     small-vehicle,     47
2363.000000, 3092.000000, 2388.000000, 3092.000000, 2390.000000, 3154.000000, 2365.000000, 3155.000000,     small-vehicle,     48
3162.000000, 3656.000000, 3216.000000, 3654.000000, 3218.000000, 3684.000000, 3164.000000, 3687.000000,     small-vehicle,     49
68.000000, 3906.000000, 136.000000, 3902.000000, 134.000000, 3941.000000, 65.000000, 3947.000000,     small-vehicle,     50
606.000000, 3860.000000, 674.000000, 3855.000000, 674.000000, 3890.000000, 605.000000, 3895.000000,     small-vehicle,     51
2267.000000, 4211.000000, 2304.000000, 4208.000000, 2308.000000, 4295.000000, 2271.000000, 4298.000000,     small-vehicle,     52
1549.000000, 4006.000000, 1608.000000, 4002.000000, 1609.000000, 4034.000000, 1549.000000, 4038.000000,     small-vehicle,     53
2875.000000, 4390.000000, 2929.000000, 4385.000000, 2931.000000, 4416.000000, 2875.000000, 4422.000000,     small-vehicle,     54
329.000000, 4201.000000, 393.000000, 4196.000000, 392.000000, 4232.000000, 327.000000, 4236.000000,     small-vehicle,     55
3105.000000, 3975.000000, 3162.000000, 3972.000000, 3164.000000, 4004.000000, 3106.000000, 4008.000000,     small-vehicle,     56
3563.000000, 3439.000000, 3592.000000, 3438.000000, 3598.000000, 3499.000000, 3568.000000, 3500.000000,     small-vehicle,     57
1251.000000, 3989.000000, 1318.000000, 3984.000000, 1317.000000, 4019.000000, 1251.000000, 4023.000000,     small-vehicle,     58
3576.000000, 4935.000000, 3604.000000, 4933.000000, 3608.000000, 4988.000000, 3581.000000, 4991.000000,     small-vehicle,     59
2336.000000, 4303.000000, 2372.000000, 4301.000000, 2374.000000, 4384.000000, 2338.000000, 4388.000000,     small-vehicle,     60
2167.000000, 4425.000000, 2192.000000, 4422.000000, 2195.000000, 4492.000000, 2169.000000, 4494.000000,     small-vehicle,     61
693.000000, 3851.000000, 753.000000, 3848.000000, 752.000000, 3882.000000, 693.000000, 3886.000000,     small-vehicle,     62
3501.000000, 3532.000000, 3533.000000, 3532.000000, 3538.000000, 3603.000000, 3506.000000, 3604.000000,     small-vehicle,     63
1259.000000, 4134.000000, 1310.000000, 4129.000000, 1310.000000, 4162.000000, 1258.000000, 4164.000000,     small-vehicle,     64
3270.000000, 3645.000000, 3339.000000, 3641.000000, 3342.000000, 3673.000000, 3273.000000, 3677.000000,     small-vehicle,     65
2282.000000, 2568.000000, 2317.000000, 2568.000000, 2318.000000, 2630.000000, 2285.000000, 2632.000000,     small-vehicle,     66
953.000000, 4016.000000, 1018.000000, 4012.000000, 1016.000000, 4048.000000, 953.000000, 4053.000000,     small-vehicle,     67
2771.000000, 2518.000000, 2829.000000, 2516.000000, 2830.000000, 2556.000000, 2774.000000, 2556.000000,     small-vehicle,     69
3876.000000, 4215.000000, 3936.000000, 4210.000000, 3940.000000, 4244.000000, 3880.000000, 4250.000000,     small-vehicle,     70
2370.000000, 5074.000000, 2401.000000, 5071.000000, 2403.000000, 5147.000000, 2373.000000, 5151.000000,     small-vehicle,     71
2587.000000, 3852.000000, 2644.000000, 3848.000000, 2646.000000, 3880.000000, 2587.000000, 3884.000000,     small-vehicle,     72
3435.000000, 3630.000000, 3495.000000, 3627.000000, 3497.000000, 3662.000000, 3437.000000, 3664.000000,     small-vehicle,     73
226.000000, 3891.000000, 286.000000, 3887.000000, 285.000000, 3921.000000, 225.000000, 3926.000000,     small-vehicle,     74
1400.000000, 3150.000000, 1428.000000, 3149.000000, 1428.000000, 3214.000000, 1400.000000, 3215.000000,     small-vehicle,     75
2139.000000, 3106.000000, 2169.000000, 3104.000000, 2172.000000, 3186.000000, 2141.000000, 3188.000000,     small-vehicle,     76
2065.000000, 3451.000000, 2095.000000, 3450.000000, 2097.000000, 3522.000000, 2068.000000, 3523.000000,     small-vehicle,     77
2926.000000, 3988.000000, 2992.000000, 3984.000000, 2995.000000, 4016.000000, 2929.000000, 4022.000000,     small-vehicle,     78
407.000000, 2819.000000, 465.000000, 2816.000000, 464.000000, 2855.000000, 406.000000, 2856.000000,     small-vehicle,     79
1717.000000, 3976.000000, 1781.000000, 3972.000000, 1782.000000, 4006.000000, 1716.000000, 4011.000000,     small-vehicle,     80
2517.000000, 4902.000000, 2543.000000, 4900.000000, 2546.000000, 4969.000000, 2520.000000, 4971.000000,     small-vehicle,     81
1342.000000, 4030.000000, 1400.000000, 4025.000000, 1400.000000, 4056.000000, 1342.000000, 4061.000000,     small-vehicle,     82
2802.000000, 3834.000000, 2870.000000, 3830.000000, 2873.000000, 3862.000000, 2803.000000, 3867.000000,     small-vehicle,     83
1356.000000, 3971.000000, 1427.000000, 3967.000000, 1427.000000, 3998.000000, 1356.000000, 4003.000000,     small-vehicle,     84
3028.000000, 2547.000000, 3068.000000, 2547.000000, 3070.000000, 2572.000000, 3030.000000, 2574.000000,     small-vehicle,     85
2294.000000, 2931.000000, 2322.000000, 2930.000000, 2324.000000, 3003.000000, 2296.000000, 3004.000000,     small-vehicle,     86
2562.000000, 2547.000000, 2614.000000, 2547.000000, 2616.000000, 2580.000000, 2563.000000, 2583.000000,     small-vehicle,     87
2598.000000, 3737.000000, 2657.000000, 3732.000000, 2659.000000, 3765.000000, 2599.000000, 3769.000000,     small-vehicle,     88
3565.000000, 3941.000000, 3618.000000, 3937.000000, 3620.000000, 3968.000000, 3567.000000, 3972.000000,     small-vehicle,     89
2206.000000, 3328.000000, 2237.000000, 3326.000000, 2240.000000, 3412.000000, 2210.000000, 3413.000000,     small-vehicle,     90
3658.000000, 3623.000000, 3718.000000, 3618.000000, 3721.000000, 3652.000000, 3661.000000, 3657.000000,     small-vehicle,     91
3280.000000, 3961.000000, 3335.000000, 3956.000000, 3338.000000, 3985.000000, 3282.000000, 3990.000000,     small-vehicle,     92
3241.000000, 4266.000000, 3295.000000, 4262.000000, 3298.000000, 4295.000000, 3244.000000, 4300.000000,     small-vehicle,     93
2065.000000, 3214.000000, 2092.000000, 3213.000000, 2095.000000, 3288.000000, 2068.000000, 3290.000000,     small-vehicle,     94
2691.000000, 4406.000000, 2752.000000, 4400.000000, 2754.000000, 4445.000000, 2692.000000, 4451.000000,     small-vehicle,     95
3092.000000, 3753.000000, 3148.000000, 3749.000000, 3150.000000, 3784.000000, 3093.000000, 3789.000000,     small-vehicle,     96
882.000000, 4018.000000, 943.000000, 4013.000000, 943.000000, 4054.000000, 880.000000, 4058.000000,     small-vehicle,     97
3840.000000, 3667.000000, 3895.000000, 3665.000000, 3898.000000, 3698.000000, 3843.000000, 3702.000000,     small-vehicle,     98
3286.000000, 4343.000000, 3346.000000, 4337.000000, 3350.000000, 4376.000000, 3289.000000, 4381.000000,     small-vehicle,     99
3029.000000, 3980.000000, 3077.000000, 3976.000000, 3079.000000, 4008.000000, 3031.000000, 4013.000000,     small-vehicle,     100
2113.000000, 3254.000000, 2140.000000, 3251.000000, 2142.000000, 3324.000000, 2114.000000, 3325.000000,     small-vehicle,     101
3703.000000, 3934.000000, 3771.000000, 3930.000000, 3774.000000, 3963.000000, 3706.000000, 3967.000000,     small-vehicle,     102
1848.000000, 3974.000000, 1917.000000, 3969.000000, 1917.000000, 4002.000000, 1849.000000, 4006.000000,     small-vehicle,     103
3541.000000, 4432.000000, 3573.000000, 4431.000000, 3579.000000, 4504.000000, 3548.000000, 4507.000000,     small-vehicle,     104
2166.000000, 3506.000000, 2210.000000, 3504.000000, 2212.000000, 3599.000000, 2168.000000, 3602.000000,     small-vehicle,     105
3117.000000, 3700.000000, 3173.000000, 3696.000000, 3175.000000, 3727.000000, 3118.000000, 3731.000000,     small-vehicle,     106
3894.000000, 4329.000000, 3922.000000, 4327.000000, 3929.000000, 4399.000000, 3900.000000, 4400.000000,     small-vehicle,     107
3705.000000, 4224.000000, 3762.000000, 4220.000000, 3764.000000, 4251.000000, 3707.000000, 4257.000000,     small-vehicle,     108
3278.000000, 3689.000000, 3344.000000, 3685.000000, 3346.000000, 3716.000000, 3280.000000, 3720.000000,     small-vehicle,     109
2084.000000, 3362.000000, 2115.000000, 3360.000000, 2116.000000, 3436.000000, 2085.000000, 3437.000000,     small-vehicle,     110
2686.000000, 3727.000000, 2752.000000, 3722.000000, 2753.000000, 3758.000000, 2688.000000, 3762.000000,     small-vehicle,     111
3162.000000, 3905.000000, 3225.000000, 3901.000000, 3228.000000, 3932.000000, 3164.000000, 3936.000000,     small-vehicle,     112
1159.000000, 4091.000000, 1222.000000, 4087.000000, 1222.000000, 4118.000000, 1159.000000, 4123.000000,     small-vehicle,     113
2429.000000, 4436.000000, 2459.000000, 4434.000000, 2462.000000, 4515.000000, 2432.000000, 4519.000000,     small-vehicle,     114
2585.000000, 3792.000000, 2647.000000, 3789.000000, 2649.000000, 3823.000000, 2587.000000, 3828.000000,     small-vehicle,     115
1624.000000, 3940.000000, 1688.000000, 3935.000000, 1688.000000, 3970.000000, 1624.000000, 3975.000000,     small-vehicle,     116
3530.000000, 4246.000000, 3589.000000, 4240.000000, 3592.000000, 4276.000000, 3533.000000, 4281.000000,     small-vehicle,     117
1139.000000, 3993.000000, 1202.000000, 3989.000000, 1202.000000, 4023.000000, 1138.000000, 4027.000000,     small-vehicle,     118
3546.000000, 3719.000000, 3610.000000, 3716.000000, 3612.000000, 3752.000000, 3549.000000, 3755.000000,     small-vehicle,     119
2015.000000, 2499.000000, 2045.000000, 2499.000000, 2046.000000, 2558.000000, 2017.000000, 2558.000000,     small-vehicle,     120
2909.000000, 2505.000000, 2960.000000, 2504.000000, 2962.000000, 2540.000000, 2911.000000, 2542.000000,     small-vehicle,     121
3198.000000, 3700.000000, 3256.000000, 3696.000000, 3259.000000, 3726.000000, 3201.000000, 3729.000000,     small-vehicle,     122
1951.000000, 3961.000000, 2019.000000, 3957.000000, 2020.000000, 3992.000000, 1951.000000, 3997.000000,     small-vehicle,     123
320.000000, 4106.000000, 386.000000, 4102.000000, 385.000000, 4140.000000, 319.000000, 4144.000000,     small-vehicle,     124
2698.000000, 4316.000000, 2758.000000, 4312.000000, 2760.000000, 4343.000000, 2701.000000, 4347.000000,     small-vehicle,     125
1248.000000, 4078.000000, 1312.000000, 4073.000000, 1312.000000, 4110.000000, 1248.000000, 4114.000000,     small-vehicle,     126
2094.000000, 2698.000000, 2127.000000, 2697.000000, 2129.000000, 2774.000000, 2097.000000, 2775.000000,     small-vehicle,     127
413.000000, 3704.000000, 450.000000, 3703.000000, 447.000000, 3776.000000, 411.000000, 3777.000000,     small-vehicle,     128
1952.000000, 3921.000000, 2015.000000, 3916.000000, 2017.000000, 3950.000000, 1953.000000, 3954.000000,     small-vehicle,     129
3042.000000, 2486.000000, 3098.000000, 2485.000000, 3101.000000, 2524.000000, 3045.000000, 2527.000000,     small-vehicle,     130
3102.000000, 3659.000000, 3159.000000, 3656.000000, 3161.000000, 3686.000000, 3104.000000, 3690.000000,     small-vehicle,     131
1397.000000, 3254.000000, 1422.000000, 3252.000000, 1423.000000, 3308.000000, 1398.000000, 3311.000000,     small-vehicle,     132
3418.000000, 4253.000000, 3477.000000, 4248.000000, 3479.000000, 4278.000000, 3420.000000, 4284.000000,     small-vehicle,     133
281.000000, 2816.000000, 358.000000, 2813.000000, 356.000000, 2848.000000, 279.000000, 2850.000000,     small-vehicle,     134
411.000000, 4192.000000, 481.000000, 4187.000000, 480.000000, 4218.000000, 410.000000, 4224.000000,     small-vehicle,     135
1561.000000, 4102.000000, 1615.000000, 4099.000000, 1615.000000, 4134.000000, 1561.000000, 4139.000000,     small-vehicle,     136
627.000000, 4185.000000, 696.000000, 4181.000000, 694.000000, 4212.000000, 626.000000, 4218.000000,     small-vehicle,     137
2414.000000, 4259.000000, 2445.000000, 4256.000000, 2448.000000, 4333.000000, 2417.000000, 4335.000000,     small-vehicle,     138
3562.000000, 3668.000000, 3624.000000, 3663.000000, 3627.000000, 3696.000000, 3565.000000, 3700.000000,     small-vehicle,     139
1392.000000, 3483.000000, 1417.000000, 3482.000000, 1417.000000, 3551.000000, 1392.000000, 3553.000000,     small-vehicle,     140
585.000000, 4083.000000, 664.000000, 4078.000000, 662.000000, 4121.000000, 583.000000, 4126.000000,     small-vehicle,     143
2062.000000, 3302.000000, 2089.000000, 3300.000000, 2090.000000, 3350.000000, 2063.000000, 3352.000000,     small-vehicle,     144
902.000000, 4109.000000, 966.000000, 4104.000000, 965.000000, 4138.000000, 901.000000, 4143.000000,     small-vehicle,     145
2695.000000, 2530.000000, 2758.000000, 2529.000000, 2759.000000, 2568.000000, 2697.000000, 2569.000000,     small-vehicle,     146
982.000000, 3825.000000, 1032.000000, 3820.000000, 1032.000000, 3847.000000, 982.000000, 3851.000000,     small-vehicle,     147
2355.000000, 3822.000000, 2389.000000, 3820.000000, 2392.000000, 3896.000000, 2358.000000, 3898.000000,     small-vehicle,     148
3457.000000, 3677.000000, 3514.000000, 3673.000000, 3516.000000, 3705.000000, 3460.000000, 3708.000000,     small-vehicle,     149
2732.000000, 3996.000000, 2799.000000, 3992.000000, 2801.000000, 4027.000000, 2733.000000, 4031.000000,     small-vehicle,     150
2301.000000, 2851.000000, 2332.000000, 2849.000000, 2335.000000, 2920.000000, 2303.000000, 2923.000000,     small-vehicle,     151
3828.000000, 3624.000000, 3889.000000, 3620.000000, 3892.000000, 3651.000000, 3831.000000, 3656.000000,     small-vehicle,     152
3100.000000, 2483.000000, 3159.000000, 2482.000000, 3162.000000, 2518.000000, 3103.000000, 2519.000000,     small-vehicle,     153
3341.000000, 4254.000000, 3396.000000, 4250.000000, 3398.000000, 4286.000000, 3343.000000, 4292.000000,     small-vehicle,     154
2217.000000, 3747.000000, 2258.000000, 3743.000000, 2261.000000, 3834.000000, 2221.000000, 3837.000000,     small-vehicle,     155
3380.000000, 4333.000000, 3442.000000, 4329.000000, 3444.000000, 4362.000000, 3383.000000, 4369.000000,     small-vehicle,     156
1737.000000, 4035.000000, 1789.000000, 4030.000000, 1789.000000, 4067.000000, 1738.000000, 4071.000000,     small-vehicle,     158
2197.000000, 4495.000000, 2221.000000, 4492.000000, 2223.000000, 4534.000000, 2198.000000, 4536.000000,     small-vehicle,     159
1627.000000, 3998.000000, 1693.000000, 3993.000000, 1693.000000, 4035.000000, 1628.000000, 4039.000000,     small-vehicle,     160
3577.000000, 3518.000000, 3614.000000, 3516.000000, 3621.000000, 3588.000000, 3583.000000, 3590.000000,     small-vehicle,     161
1451.000000, 3971.000000, 1515.000000, 3967.000000, 1515.000000, 4006.000000, 1451.000000, 4011.000000,     small-vehicle,     162
3639.000000, 3668.000000, 3704.000000, 3664.000000, 3708.000000, 3699.000000, 3641.000000, 3703.000000,     small-vehicle,     163
1765.000000, 2618.000000, 1829.000000, 2616.000000, 1828.000000, 2656.000000, 1766.000000, 2658.000000,     small-vehicle,     164
158.000000, 2817.000000, 228.000000, 2815.000000, 226.000000, 2853.000000, 156.000000, 2856.000000,     small-vehicle,     165
3491.000000, 3946.000000, 3544.000000, 3942.000000, 3547.000000, 3972.000000, 3493.000000, 3977.000000,     small-vehicle,     166
1054.000000, 3997.000000, 1117.000000, 3993.000000, 1116.000000, 4032.000000, 1054.000000, 4037.000000,     small-vehicle,     167
3379.000000, 3686.000000, 3439.000000, 3683.000000, 3442.000000, 3712.000000, 3382.000000, 3716.000000,     small-vehicle,     168
1081.000000, 4143.000000, 1150.000000, 4139.000000, 1150.000000, 4179.000000, 1081.000000, 4184.000000,     small-vehicle,     169
3279.000000, 3737.000000, 3339.000000, 3734.000000, 3341.000000, 3768.000000, 3281.000000, 3771.000000,     small-vehicle,     170
1060.000000, 4094.000000, 1134.000000, 4087.000000, 1134.000000, 4126.000000, 1060.000000, 4131.000000,     small-vehicle,     171
3640.000000, 3719.000000, 3703.000000, 3715.000000, 3706.000000, 3751.000000, 3643.000000, 3756.000000,     small-vehicle,     172
2628.000000, 2541.000000, 2688.000000, 2540.000000, 2690.000000, 2574.000000, 2629.000000, 2577.000000,     small-vehicle,     173
1517.000000, 4049.000000, 1578.000000, 4045.000000, 1580.000000, 4081.000000, 1517.000000, 4085.000000,     small-vehicle,     175
3563.000000, 4750.000000, 3596.000000, 4747.000000, 3601.000000, 4817.000000, 3569.000000, 4821.000000,     small-vehicle,     176
1764.000000, 3770.000000, 1827.000000, 3765.000000, 1828.000000, 3797.000000, 1763.000000, 3801.000000,     small-vehicle,     177
3013.000000, 3762.000000, 3074.000000, 3758.000000, 3076.000000, 3792.000000, 3015.000000, 3796.000000,     small-vehicle,     178
1405.000000, 4113.000000, 1473.000000, 4108.000000, 1474.000000, 4146.000000, 1405.000000, 4152.000000,     small-vehicle,     179
773.000000, 4984.000000, 803.000000, 4980.000000, 802.000000, 5061.000000, 771.000000, 5065.000000,     small-vehicle,     181
3040.000000, 3706.000000, 3104.000000, 3702.000000, 3107.000000, 3736.000000, 3043.000000, 3740.000000,     small-vehicle,     182
1500.000000, 4109.000000, 1558.000000, 4104.000000, 1558.000000, 4137.000000, 1500.000000, 4142.000000,     small-vehicle,     186
2896.000000, 4440.000000, 2928.000000, 4438.000000, 2933.000000, 4520.000000, 2901.000000, 4523.000000,     small-vehicle,     187
2771.000000, 3780.000000, 2837.000000, 3775.000000, 2840.000000, 3812.000000, 2773.000000, 3816.000000,     small-vehicle,     188
1602.000000, 2613.000000, 1665.000000, 2612.000000, 1666.000000, 2646.000000, 1603.000000, 2648.000000,     small-vehicle,     189
1443.000000, 4017.000000, 1505.000000, 4013.000000, 1505.000000, 4047.000000, 1443.000000, 4051.000000,     small-vehicle,     190
2978.000000, 3922.000000, 3047.000000, 3917.000000, 3049.000000, 3952.000000, 2978.000000, 3956.000000,     small-vehicle,     192
3750.000000, 3713.000000, 3819.000000, 3709.000000, 3822.000000, 3746.000000, 3753.000000, 3750.000000,     small-vehicle,     193
2834.000000, 4305.000000, 2873.000000, 4303.000000, 2875.000000, 4333.000000, 2836.000000, 4337.000000,     small-vehicle,     194
3507.000000, 4874.000000, 3531.000000, 4872.000000, 3535.000000, 4943.000000, 3512.000000, 4946.000000,     small-vehicle,     195
3516.000000, 3622.000000, 3565.000000, 3619.000000, 3571.000000, 3685.000000, 3522.000000, 3688.000000,     small-vehicle,     196
1674.000000, 4088.000000, 1720.000000, 4084.000000, 1720.000000, 4117.000000, 1674.000000, 4121.000000,     small-vehicle,     198
2034.000000, 3120.000000, 2072.000000, 3117.000000, 2073.000000, 3192.000000, 2035.000000, 3195.000000,     small-vehicle,     199
3573.000000, 4840.000000, 3600.000000, 4837.000000, 3606.000000, 4909.000000, 3580.000000, 4911.000000,     small-vehicle,     200
3868.000000, 4415.000000, 3891.000000, 4414.000000, 3897.000000, 4464.000000, 3873.000000, 4467.000000,     small-vehicle,     201
2927.000000, 2551.000000, 2980.000000, 2549.000000, 2983.000000, 2578.000000, 2929.000000, 2579.000000,     small-vehicle,     202
1422.000000, 4063.000000, 1474.000000, 4058.000000, 1474.000000, 4092.000000, 1421.000000, 4095.000000,     small-vehicle,     203
1873.000000, 3776.000000, 1922.000000, 3771.000000, 1923.000000, 3802.000000, 1873.000000, 3805.000000,     small-vehicle,     204
3749.000000, 3664.000000, 3819.000000, 3660.000000, 3822.000000, 3696.000000, 3752.000000, 3701.000000,     small-vehicle,     209
2489.000000, 2559.000000, 2555.000000, 2557.000000, 2557.000000, 2596.000000, 2492.000000, 2597.000000,     small-vehicle,     212
124.000000, 4127.000000, 195.000000, 4123.000000, 194.000000, 4163.000000, 123.000000, 4168.000000,     small-vehicle,     213
1173.000000, 4142.000000, 1225.000000, 4138.000000, 1225.000000, 4170.000000, 1173.000000, 4173.000000,     small-vehicle,     214
2405.000000, 3369.000000, 2425.000000, 3367.000000, 2425.000000, 3416.000000, 2406.000000, 3417.000000,     small-vehicle,     215
42.000000, 4242.000000, 81.000000, 4238.000000, 80.000000, 4263.000000, 40.000000, 4266.000000,     small-vehicle,     216
984.000000, 4095.000000, 1047.000000, 4091.000000, 1046.000000, 4130.000000, 984.000000, 4135.000000,     small-vehicle,     217
3461.000000, 3725.000000, 3530.000000, 3721.000000, 3532.000000, 3754.000000, 3464.000000, 3759.000000,     small-vehicle,     218
67.000000, 4178.000000, 155.000000, 4172.000000, 153.000000, 4217.000000, 65.000000, 4224.000000,     small-vehicle,     219
2350.000000, 4940.000000, 2375.000000, 4938.000000, 2376.000000, 4995.000000, 2353.000000, 4996.000000,     small-vehicle,     220
2038.000000, 3231.000000, 2060.000000, 3231.000000, 2062.000000, 3283.000000, 2038.000000, 3283.000000,     small-vehicle,     223
550.000000, 3858.000000, 593.000000, 3856.000000, 592.000000, 3876.000000, 549.000000, 3879.000000,     small-vehicle,     224
3508.000000, 4777.000000, 3532.000000, 4774.000000, 3537.000000, 4849.000000, 3514.000000, 4852.000000,     small-vehicle,     227
2309.000000, 3518.000000, 2348.000000, 3515.000000, 2351.000000, 3629.000000, 2312.000000, 3631.000000,     large-vehicle,     230
1911.000000, 4020.000000, 2008.000000, 4012.000000, 2010.000000, 4063.000000, 1911.000000, 4071.000000,     large-vehicle,     231
2052.000000, 3014.000000, 2095.000000, 3012.000000, 2097.000000, 3109.000000, 2055.000000, 3112.000000,     large-vehicle,     232
2267.000000, 3987.000000, 2314.000000, 3984.000000, 2318.000000, 4090.000000, 2271.000000, 4092.000000,     large-vehicle,     233
2321.000000, 4630.000000, 2367.000000, 4625.000000, 2371.000000, 4746.000000, 2326.000000, 4749.000000,     large-vehicle,     234
3857.000000, 3926.000000, 3926.000000, 3919.000000, 3930.000000, 3968.000000, 3862.000000, 3974.000000,     large-vehicle,     235
705.000000, 4174.000000, 792.000000, 4168.000000, 791.000000, 4216.000000, 704.000000, 4222.000000,     large-vehicle,     236
937.000000, 4154.000000, 1044.000000, 4147.000000, 1044.000000, 4196.000000, 936.000000, 4204.000000,     large-vehicle,     237
2872.000000, 3722.000000, 2939.000000, 3718.000000, 2941.000000, 3754.000000, 2874.000000, 3757.000000,     large-vehicle,     238
2403.000000, 3866.000000, 2449.000000, 3863.000000, 2452.000000, 3962.000000, 2407.000000, 3966.000000,     large-vehicle,     239
1651.000000, 4038.000000, 1717.000000, 4034.000000, 1718.000000, 4076.000000, 1651.000000, 4080.000000,     large-vehicle,     240
2951.000000, 3715.000000, 3029.000000, 3710.000000, 3030.000000, 3746.000000, 2953.000000, 3751.000000,     large-vehicle,     242
2675.000000, 3831.000000, 2777.000000, 3825.000000, 2779.000000, 3876.000000, 2678.000000, 3882.000000,     large-vehicle,     243
2942.000000, 4427.000000, 2971.000000, 4425.000000, 2976.000000, 4518.000000, 2948.000000, 4522.000000,     large-vehicle,     244
2474.000000, 4928.000000, 2504.000000, 4924.000000, 2508.000000, 5018.000000, 2477.000000, 5022.000000,     large-vehicle,     247
2441.000000, 4643.000000, 2472.000000, 4640.000000, 2476.000000, 4730.000000, 2445.000000, 4734.000000,     large-vehicle,     248
203.000000, 4212.000000, 277.000000, 4207.000000, 275.000000, 4244.000000, 202.000000, 4250.000000,     large-vehicle,     250
2308.000000, 4532.000000, 2346.000000, 4528.000000, 2349.000000, 4614.000000, 2311.000000, 4618.000000,     large-vehicle,     253
3950.000000, 4291.000000, 3988.000000, 4287.000000, 3991.000000, 4320.000000, 3953.000000, 4322.000000,     small-vehicle,     270
1919.000000, 3800.000000, 1989.000000, 3796.000000, 1991.000000, 3854.000000, 1920.000000, 3859.000000,     large-vehicle,     279
2665.000000, 3762.000000, 2743.000000, 3757.000000, 2743.000000, 3799.000000, 2668.000000, 3804.000000,     large-vehicle,     282
1772.000000, 4076.000000, 1838.000000, 4072.000000, 1839.000000, 4105.000000, 1773.000000, 4110.000000,     large-vehicle,     284
1334.000000, 4067.000000, 1401.000000, 4060.000000, 1402.000000, 4098.000000, 1333.000000, 4103.000000,     small-vehicle,     288
2452.000000, 4259.000000, 2487.000000, 4256.000000, 2492.000000, 4345.000000, 2455.000000, 4347.000000,     small-vehicle,     289
3901.000000, 4426.000000, 3932.000000, 4424.000000, 3939.000000, 4489.000000, 3906.000000, 4493.000000,     small-vehicle,     291
2914.000000, 4269.000000, 2954.000000, 4265.000000, 2956.000000, 4312.000000, 2916.000000, 4316.000000,     small-vehicle,     299
1336.000000, 4076.000000, 1408.000000, 4072.000000, 1408.000000, 4108.000000, 1335.000000, 4115.000000,     large-vehicle,     303
1844.000000, 4060.000000, 1909.000000, 4056.000000, 1911.000000, 4103.000000, 1845.000000, 4108.000000,     large-vehicle,     306
2330.000000, 3229.000000, 2359.000000, 3226.000000, 2362.000000, 3302.000000, 2332.000000, 3303.000000,     small-vehicle,     309
719.000000, 5038.000000, 761.000000, 5033.000000, 759.000000, 5117.000000, 717.000000, 5122.000000,     small-vehicle,     310
551.000000, 4190.000000, 603.000000, 4186.000000, 602.000000, 4216.000000, 550.000000, 4219.000000,     small-vehicle,     317
2465.000000, 4780.000000, 2494.000000, 4776.000000, 2498.000000, 4855.000000, 2468.000000, 4859.000000,     large-vehicle,     322
3245.000000, 2467.000000, 3309.000000, 2466.000000, 3312.000000, 2499.000000, 3247.000000, 2501.000000,     small-vehicle,     329
3179.000000, 2470.000000, 3236.000000, 2469.000000, 3239.000000, 2506.000000, 3181.000000, 2506.000000,     small-vehicle,     330
3839.000000, 3720.000000, 3910.000000, 3715.000000, 3913.000000, 3752.000000, 3842.000000, 3756.000000,     small-vehicle,     334
1109.000000, 3380.000000, 1174.000000, 3377.000000, 1174.000000, 3414.000000, 1109.000000, 3417.000000,     small-vehicle,     337
2668.000000, 3784.000000, 2744.000000, 3778.000000, 2747.000000, 3822.000000, 2668.000000, 3827.000000,     large-vehicle,     344
3412.000000, 2434.000000, 3481.000000, 2432.000000, 3486.000000, 2495.000000, 3417.000000, 2496.000000,     large-vehicle,     345
1847.000000, 4072.000000, 1909.000000, 4066.000000, 1911.000000, 4108.000000, 1847.000000, 4113.000000,     small-vehicle,     346
3349.000000, 3737.000000, 3415.000000, 3732.000000, 3419.000000, 3769.000000, 3352.000000, 3773.000000,     large-vehicle,     347
69.000000, 4155.000000, 153.000000, 4149.000000, 153.000000, 4192.000000, 68.000000, 4199.000000,     large-vehicle,     348
1779.000000, 3925.000000, 1838.000000, 3920.000000, 1839.000000, 3955.000000, 1780.000000, 3960.000000,     large-vehicle,     351
3513.000000, 3613.000000, 3564.000000, 3611.000000, 3571.000000, 3681.000000, 3519.000000, 3684.000000,     large-vehicle,     352
2069.000000, 2582.000000, 2097.000000, 2581.000000, 2098.000000, 2648.000000, 2070.000000, 2648.000000,     small-vehicle,     353
1763.000000, 3898.000000, 1817.000000, 3894.000000, 1817.000000, 3924.000000, 1763.000000, 3926.000000,     small-vehicle,     354
3622.000000, 3870.000000, 3689.000000, 3865.000000, 3692.000000, 3898.000000, 3625.000000, 3903.000000,     small-vehicle,     355
1272.000000, 3383.000000, 1336.000000, 3380.000000, 1336.000000, 3416.000000, 1272.000000, 3419.000000,     small-vehicle,     360
2778.000000, 3734.000000, 2857.000000, 3729.000000, 2858.000000, 3762.000000, 2780.000000, 3767.000000,     small-vehicle,     362
3313.000000, 2460.000000, 3363.000000, 2460.000000, 3365.000000, 2490.000000, 3316.000000, 2492.000000,     small-vehicle,     364
3457.000000, 3721.000000, 3526.000000, 3717.000000, 3529.000000, 3753.000000, 3460.000000, 3758.000000,     large-vehicle,     365
2778.000000, 3718.000000, 2855.000000, 3713.000000, 2858.000000, 3745.000000, 2781.000000, 3750.000000,     large-vehicle,     366
3648.000000, 3886.000000, 3712.000000, 3881.000000, 3715.000000, 3917.000000, 3650.000000, 3922.000000,     large-vehicle,     367
2430.000000, 4486.000000, 2462.000000, 4484.000000, 2466.000000, 4574.000000, 2433.000000, 4576.000000,     large-vehicle,     369
2327.000000, 3218.000000, 2358.000000, 3216.000000, 2362.000000, 3289.000000, 2329.000000, 3290.000000,     large-vehicle,     370
3408.000000, 3878.000000, 3471.000000, 3874.000000, 3474.000000, 3907.000000, 3411.000000, 3913.000000,     large-vehicle,     371
2035.000000, 3106.000000, 2072.000000, 3105.000000, 2073.000000, 3179.000000, 2036.000000, 3180.000000,     large-vehicle,     372
3026.000000, 2582.000000, 3086.000000, 2580.000000, 3087.000000, 2607.000000, 3027.000000, 2609.000000,     large-vehicle,     373
3349.000000, 3735.000000, 3414.000000, 3731.000000, 3417.000000, 3765.000000, 3352.000000, 3768.000000,     small-vehicle,     379
2467.000000, 4788.000000, 2494.000000, 4784.000000, 2498.000000, 4866.000000, 2469.000000, 4868.000000,     small-vehicle,     380
1776.000000, 3918.000000, 1835.000000, 3914.000000, 1835.000000, 3945.000000, 1778.000000, 3949.000000,     small-vehicle,     381
3486.000000, 2432.000000, 3555.000000, 2431.000000, 3558.000000, 2471.000000, 3490.000000, 2472.000000,     small-vehicle,     382
796.000000, 4122.000000, 859.000000, 4118.000000, 858.000000, 4152.000000, 794.000000, 4156.000000,     small-vehicle,     383
1770.000000, 4083.000000, 1838.000000, 4077.000000, 1839.000000, 4111.000000, 1771.000000, 4115.000000,     small-vehicle,     384
3561.000000, 2419.000000, 3630.000000, 2417.000000, 3633.000000, 2460.000000, 3565.000000, 2461.000000,     small-vehicle,     385
2764.000000, 2580.000000, 2809.000000, 2580.000000, 2810.000000, 2599.000000, 2765.000000, 2600.000000,     small-vehicle,     386
3734.000000, 2400.000000, 3791.000000, 2400.000000, 3794.000000, 2432.000000, 3737.000000, 2433.000000,     small-vehicle,     387
1410.000000, 3701.000000, 1458.000000, 3699.000000, 1459.000000, 3791.000000, 1408.000000, 3794.000000,     small-vehicle,     388
1408.000000, 3685.000000, 1457.000000, 3682.000000, 1458.000000, 3776.000000, 1407.000000, 3779.000000,     large-vehicle,     392
1845.000000, 4068.000000, 1912.000000, 4063.000000, 1914.000000, 4105.000000, 1845.000000, 4111.000000,     small-vehicle,     393
2160.000000, 4572.000000, 2209.000000, 4567.000000, 2210.000000, 4597.000000, 2161.000000, 4603.000000,     large-vehicle,     394
3738.000000, 3662.000000, 3808.000000, 3657.000000, 3812.000000, 3696.000000, 3741.000000, 3700.000000,     large-vehicle,     395
2772.000000, 3775.000000, 2837.000000, 3772.000000, 2840.000000, 3805.000000, 2774.000000, 3810.000000,     large-vehicle,     396
2191.000000, 3542.000000, 2239.000000, 3539.000000, 2245.000000, 3729.000000, 2197.000000, 3732.000000,     large-vehicle,     397
2107.000000, 2464.000000, 2140.000000, 2464.000000, 2142.000000, 2547.000000, 2109.000000, 2548.000000,     large-vehicle,     398
1334.000000, 4079.000000, 1398.000000, 4074.000000, 1398.000000, 4110.000000, 1333.000000, 4115.000000,     small-vehicle,     399
2329.000000, 3231.000000, 2360.000000, 3228.000000, 2363.000000, 3303.000000, 2331.000000, 3305.000000,     large-vehicle,     400
785.000000, 4062.000000, 858.000000, 4055.000000, 858.000000, 4094.000000, 785.000000, 4100.000000,     large-vehicle,     401
2276.000000, 4008.000000, 2319.000000, 4006.000000, 2322.000000, 4093.000000, 2279.000000, 4097.000000,     large-vehicle,     402
2190.000000, 3213.000000, 2224.000000, 3211.000000, 2227.000000, 3289.000000, 2192.000000, 3292.000000,     large-vehicle,     403
65.000000, 4167.000000, 154.000000, 4160.000000, 152.000000, 4206.000000, 62.000000, 4212.000000,     large-vehicle,     404
3515.000000, 3623.000000, 3567.000000, 3620.000000, 3574.000000, 3693.000000, 3520.000000, 3696.000000,     large-vehicle,     405
2119.000000, 2951.000000, 2152.000000, 2951.000000, 2154.000000, 3030.000000, 2121.000000, 3033.000000,     large-vehicle,     406
2193.000000, 3219.000000, 2224.000000, 3217.000000, 2227.000000, 3292.000000, 2195.000000, 3295.000000,     small-vehicle,     407
1779.000000, 3934.000000, 1833.000000, 3929.000000, 1833.000000, 3962.000000, 1779.000000, 3964.000000,     small-vehicle,     408
791.000000, 4070.000000, 868.000000, 4064.000000, 868.000000, 4102.000000, 790.000000, 4108.000000,     small-vehicle,     409
2431.000000, 4490.000000, 2464.000000, 4488.000000, 2468.000000, 4576.000000, 2435.000000, 4580.000000,     small-vehicle,     410
3640.000000, 3880.000000, 3702.000000, 3876.000000, 3704.000000, 3910.000000, 3642.000000, 3914.000000,     small-vehicle,     411
3459.000000, 3728.000000, 3527.000000, 3724.000000, 3530.000000, 3759.000000, 3462.000000, 3763.000000,     small-vehicle,     412
3631.000000, 2407.000000, 3696.000000, 2406.000000, 3701.000000, 2447.000000, 3636.000000, 2449.000000,     small-vehicle,     413
202.000000, 4199.000000, 279.000000, 4193.000000, 278.000000, 4233.000000, 201.000000, 4239.000000,     small-vehicle,     414
2984.000000, 3652.000000, 3013.000000, 3650.000000, 3014.000000, 3672.000000, 2985.000000, 3674.000000,     small-vehicle,     415
3494.000000, 4524.000000, 3518.000000, 4522.000000, 3524.000000, 4603.000000, 3500.000000, 4607.000000,     small-vehicle,     416
2668.000000, 3779.000000, 2743.000000, 3773.000000, 2744.000000, 3815.000000, 2669.000000, 3821.000000,     small-vehicle,     417
1923.000000, 3786.000000, 1994.000000, 3782.000000, 1996.000000, 3845.000000, 1924.000000, 3849.000000,     small-vehicle,     418
2778.000000, 3727.000000, 2856.000000, 3723.000000, 2857.000000, 3757.000000, 2780.000000, 3763.000000,     large-vehicle,     419
1407.000000, 3700.000000, 1459.000000, 3698.000000, 1460.000000, 3792.000000, 1406.000000, 3796.000000,     large-vehicle,     420
