2996.000000, 2837.000000, 3049.000000, 2834.000000, 3049.000000, 2857.000000, 2997.000000, 2861.000000,     small-vehicle,     66
2155.000000, 1418.000000, 2181.000000, 1417.000000, 2183.000000, 1478.000000, 2157.000000, 1478.000000,     small-vehicle,     148
2386.000000, 3106.000000, 2418.000000, 3104.000000, 2421.000000, 3158.000000, 2389.000000, 3160.000000,     small-vehicle,     718
2344.000000, 2998.000000, 2379.000000, 2996.000000, 2382.000000, 3087.000000, 2346.000000, 3090.000000,     small-vehicle,     761
2054.000000, 3077.000000, 2087.000000, 3074.000000, 2088.000000, 3147.000000, 2056.000000, 3150.000000,     small-vehicle,     762
2041.000000, 2926.000000, 2071.000000, 2924.000000, 2073.000000, 2999.000000, 2043.000000, 3001.000000,     small-vehicle,     813
3526.000000, 2920.000000, 3552.000000, 2918.000000, 3557.000000, 2979.000000, 3531.000000, 2980.000000,     small-vehicle,     815
2576.000000, 2930.000000, 2627.000000, 2926.000000, 2629.000000, 2961.000000, 2577.000000, 2965.000000,     small-vehicle,     818
2049.000000, 2874.000000, 2073.000000, 2873.000000, 2073.000000, 2920.000000, 2050.000000, 2921.000000,     small-vehicle,     840
2025.000000, 2815.000000, 2045.000000, 2814.000000, 2046.000000, 2862.000000, 2027.000000, 2863.000000,     small-vehicle,     885
2030.000000, 2743.000000, 2052.000000, 2742.000000, 2053.000000, 2801.000000, 2031.000000, 2802.000000,     small-vehicle,     892
3525.000000, 2715.000000, 3583.000000, 2712.000000, 3585.000000, 2741.000000, 3528.000000, 2745.000000,     small-vehicle,     894
2344.000000, 2636.000000, 2378.000000, 2634.000000, 2380.000000, 2711.000000, 2347.000000, 2713.000000,     small-vehicle,     917
2323.000000, 2684.000000, 2357.000000, 2681.000000, 2360.000000, 2754.000000, 2325.000000, 2757.000000,     small-vehicle,     921
2339.000000, 2549.000000, 2369.000000, 2546.000000, 2372.000000, 2623.000000, 2341.000000, 2626.000000,     small-vehicle,     944
2016.000000, 2592.000000, 2043.000000, 2590.000000, 2045.000000, 2657.000000, 2018.000000, 2658.000000,     small-vehicle,     949
1126.000000, 2675.000000, 1194.000000, 2671.000000, 1194.000000, 2713.000000, 1126.000000, 2717.000000,     small-vehicle,     964
913.000000, 2707.000000, 980.000000, 2703.000000, 980.000000, 2742.000000, 912.000000, 2746.000000,     small-vehicle,     966
3686.000000, 2782.000000, 3742.000000, 2778.000000, 3744.000000, 2807.000000, 3689.000000, 2810.000000,     small-vehicle,     969
1306.000000, 2653.000000, 1336.000000, 2650.000000, 1336.000000, 2714.000000, 1306.000000, 2715.000000,     small-vehicle,     971
2011.000000, 2520.000000, 2038.000000, 2518.000000, 2038.000000, 2579.000000, 2012.000000, 2580.000000,     small-vehicle,     981
2301.000000, 2516.000000, 2332.000000, 2514.000000, 2335.000000, 2582.000000, 2303.000000, 2583.000000,     small-vehicle,     986
1049.000000, 2690.000000, 1112.000000, 2686.000000, 1112.000000, 2724.000000, 1049.000000, 2728.000000,     small-vehicle,     987
1205.000000, 2667.000000, 1269.000000, 2664.000000, 1269.000000, 2698.000000, 1205.000000, 2701.000000,     small-vehicle,     989
807.000000, 2627.000000, 875.000000, 2623.000000, 874.000000, 2663.000000, 807.000000, 2668.000000,     small-vehicle,     990
2733.000000, 2910.000000, 2787.000000, 2906.000000, 2789.000000, 2939.000000, 2733.000000, 2943.000000,     small-vehicle,     994
2035.000000, 2435.000000, 2064.000000, 2433.000000, 2065.000000, 2496.000000, 2037.000000, 2497.000000,     small-vehicle,     996
409.000000, 2684.000000, 463.000000, 2680.000000, 463.000000, 2708.000000, 408.000000, 2712.000000,     small-vehicle,     997
2008.000000, 2448.000000, 2033.000000, 2446.000000, 2034.000000, 2509.000000, 2009.000000, 2510.000000,     small-vehicle,     998
2336.000000, 2471.000000, 2363.000000, 2469.000000, 2365.000000, 2541.000000, 2338.000000, 2542.000000,     small-vehicle,     1001
1187.000000, 2570.000000, 1262.000000, 2566.000000, 1262.000000, 2605.000000, 1187.000000, 2610.000000,     small-vehicle,     1009
1022.000000, 2596.000000, 1096.000000, 2593.000000, 1096.000000, 2633.000000, 1022.000000, 2638.000000,     small-vehicle,     1012
719.000000, 2637.000000, 765.000000, 2635.000000, 765.000000, 2665.000000, 719.000000, 2668.000000,     small-vehicle,     1013
1105.000000, 2584.000000, 1172.000000, 2580.000000, 1172.000000, 2619.000000, 1105.000000, 2623.000000,     small-vehicle,     1014
2333.000000, 2413.000000, 2354.000000, 2413.000000, 2356.000000, 2455.000000, 2335.000000, 2456.000000,     small-vehicle,     1017
2711.000000, 2388.000000, 2738.000000, 2386.000000, 2740.000000, 2446.000000, 2714.000000, 2448.000000,     small-vehicle,     1033
2003.000000, 2365.000000, 2031.000000, 2364.000000, 2033.000000, 2427.000000, 2005.000000, 2430.000000,     small-vehicle,     1039
2288.000000, 2313.000000, 2314.000000, 2311.000000, 2317.000000, 2371.000000, 2290.000000, 2373.000000,     small-vehicle,     1056
3538.000000, 3008.000000, 3564.000000, 3006.000000, 3569.000000, 3056.000000, 3541.000000, 3059.000000,     small-vehicle,     1069
3204.000000, 2834.000000, 3253.000000, 2831.000000, 3257.000000, 2875.000000, 3207.000000, 2878.000000,     small-vehicle,     1071
568.000000, 2421.000000, 598.000000, 2420.000000, 597.000000, 2483.000000, 566.000000, 2485.000000,     small-vehicle,     1076
2246.000000, 2279.000000, 2280.000000, 2277.000000, 2282.000000, 2364.000000, 2250.000000, 2365.000000,     large-vehicle,     1078
1998.000000, 2282.000000, 2023.000000, 2281.000000, 2024.000000, 2343.000000, 2000.000000, 2344.000000,     small-vehicle,     1079
2314.000000, 2229.000000, 2338.000000, 2228.000000, 2340.000000, 2287.000000, 2315.000000, 2288.000000,     small-vehicle,     1086
2828.000000, 2369.000000, 2855.000000, 2367.000000, 2859.000000, 2434.000000, 2831.000000, 2435.000000,     small-vehicle,     1088
1305.000000, 2266.000000, 1326.000000, 2265.000000, 1326.000000, 2314.000000, 1306.000000, 2315.000000,     small-vehicle,     1104
2306.000000, 2159.000000, 2332.000000, 2158.000000, 2333.000000, 2215.000000, 2308.000000, 2217.000000,     small-vehicle,     1113
1989.000000, 2191.000000, 2015.000000, 2190.000000, 2017.000000, 2250.000000, 1990.000000, 2251.000000,     small-vehicle,     1115
1260.000000, 2236.000000, 1311.000000, 2234.000000, 1311.000000, 2265.000000, 1260.000000, 2267.000000,     small-vehicle,     1116
886.000000, 2262.000000, 945.000000, 2258.000000, 945.000000, 2292.000000, 885.000000, 2295.000000,     small-vehicle,     1121
1174.000000, 2240.000000, 1229.000000, 2238.000000, 1229.000000, 2269.000000, 1174.000000, 2272.000000,     small-vehicle,     1135
817.000000, 2186.000000, 877.000000, 2184.000000, 877.000000, 2212.000000, 816.000000, 2215.000000,     small-vehicle,     1139
1979.000000, 2100.000000, 2010.000000, 2099.000000, 2012.000000, 2162.000000, 1980.000000, 2164.000000,     small-vehicle,     1140
2011.000000, 2072.000000, 2055.000000, 2070.000000, 2059.000000, 2198.000000, 2013.000000, 2200.000000,     large-vehicle,     1141
2271.000000, 2108.000000, 2299.000000, 2107.000000, 2301.000000, 2164.000000, 2273.000000, 2165.000000,     small-vehicle,     1142
1000.000000, 2248.000000, 1057.000000, 2246.000000, 1057.000000, 2279.000000, 1000.000000, 2283.000000,     small-vehicle,     1144
2906.000000, 2881.000000, 2965.000000, 2877.000000, 2968.000000, 2911.000000, 2908.000000, 2915.000000,     small-vehicle,     1151
1226.000000, 2159.000000, 1283.000000, 2157.000000, 1283.000000, 2182.000000, 1226.000000, 2185.000000,     small-vehicle,     1155
658.000000, 2202.000000, 709.000000, 2199.000000, 709.000000, 2226.000000, 657.000000, 2230.000000,     small-vehicle,     1156
720.000000, 2198.000000, 775.000000, 2196.000000, 775.000000, 2223.000000, 719.000000, 2226.000000,     small-vehicle,     1157
1046.000000, 2168.000000, 1107.000000, 2165.000000, 1107.000000, 2193.000000, 1046.000000, 2196.000000,     small-vehicle,     1159
3120.000000, 2857.000000, 3175.000000, 2853.000000, 3176.000000, 2883.000000, 3122.000000, 2886.000000,     small-vehicle,     1164
1978.000000, 2023.000000, 2006.000000, 2021.000000, 2008.000000, 2084.000000, 1980.000000, 2085.000000,     small-vehicle,     1168
2265.000000, 2007.000000, 2296.000000, 2006.000000, 2298.000000, 2074.000000, 2268.000000, 2075.000000,     small-vehicle,     1175
1309.000000, 2088.000000, 1335.000000, 2087.000000, 1335.000000, 2144.000000, 1310.000000, 2145.000000,     small-vehicle,     1179
3527.000000, 2797.000000, 3584.000000, 2793.000000, 3586.000000, 2824.000000, 3529.000000, 2829.000000,     small-vehicle,     1182
3046.000000, 2863.000000, 3104.000000, 2859.000000, 3106.000000, 2895.000000, 3048.000000, 2899.000000,     small-vehicle,     1192
557.000000, 2014.000000, 589.000000, 2013.000000, 587.000000, 2074.000000, 556.000000, 2075.000000,     small-vehicle,     1202
1994.000000, 1907.000000, 2028.000000, 1906.000000, 2029.000000, 1974.000000, 1996.000000, 1975.000000,     small-vehicle,     1205
1967.000000, 1842.000000, 1997.000000, 1840.000000, 1998.000000, 1907.000000, 1968.000000, 1907.000000,     small-vehicle,     1211
2672.000000, 1844.000000, 2726.000000, 1842.000000, 2727.000000, 1864.000000, 2674.000000, 1867.000000,     small-vehicle,     1212
2478.000000, 1865.000000, 2534.000000, 1862.000000, 2535.000000, 1891.000000, 2479.000000, 1894.000000,     small-vehicle,     1214
2417.000000, 1876.000000, 2468.000000, 1874.000000, 2468.000000, 1899.000000, 2418.000000, 1902.000000,     small-vehicle,     1216
2611.000000, 1849.000000, 2664.000000, 1847.000000, 2664.000000, 1873.000000, 2612.000000, 1876.000000,     small-vehicle,     1217
2249.000000, 1830.000000, 2279.000000, 1828.000000, 2280.000000, 1889.000000, 2251.000000, 1890.000000,     small-vehicle,     1232
1967.000000, 1765.000000, 1998.000000, 1764.000000, 1999.000000, 1824.000000, 1968.000000, 1824.000000,     small-vehicle,     1236
2110.000000, 2767.000000, 2136.000000, 2766.000000, 2138.000000, 2816.000000, 2111.000000, 2817.000000,     small-vehicle,     1241
1949.000000, 1774.000000, 1974.000000, 1773.000000, 1976.000000, 1836.000000, 1950.000000, 1837.000000,     small-vehicle,     1245
3378.000000, 1753.000000, 3432.000000, 1750.000000, 3434.000000, 1777.000000, 3379.000000, 1778.000000,     small-vehicle,     1248
3448.000000, 1745.000000, 3510.000000, 1742.000000, 3512.000000, 1769.000000, 3449.000000, 1771.000000,     small-vehicle,     1249
1298.000000, 1789.000000, 1325.000000, 1788.000000, 1324.000000, 1856.000000, 1298.000000, 1857.000000,     small-vehicle,     1250
3581.000000, 1731.000000, 3630.000000, 1729.000000, 3631.000000, 1750.000000, 3583.000000, 1752.000000,     small-vehicle,     1251
1954.000000, 1687.000000, 1981.000000, 1686.000000, 1983.000000, 1753.000000, 1955.000000, 1754.000000,     small-vehicle,     1254
2242.000000, 1648.000000, 2278.000000, 1647.000000, 2280.000000, 1715.000000, 2245.000000, 1715.000000,     small-vehicle,     1257
2264.000000, 1725.000000, 2301.000000, 1723.000000, 2304.000000, 1797.000000, 2267.000000, 1798.000000,     small-vehicle,     1258
3657.000000, 1720.000000, 3711.000000, 1717.000000, 3713.000000, 1747.000000, 3660.000000, 1748.000000,     small-vehicle,     1260
320.000000, 2784.000000, 389.000000, 2779.000000, 388.000000, 2813.000000, 318.000000, 2818.000000,     small-vehicle,     1271
1293.000000, 1673.000000, 1322.000000, 1672.000000, 1322.000000, 1742.000000, 1293.000000, 1744.000000,     small-vehicle,     1273
2223.000000, 1554.000000, 2247.000000, 1553.000000, 2250.000000, 1614.000000, 2224.000000, 1615.000000,     small-vehicle,     1277
1946.000000, 1600.000000, 1974.000000, 1599.000000, 1975.000000, 1669.000000, 1948.000000, 1669.000000,     small-vehicle,     1282
1103.000000, 2249.000000, 1161.000000, 2246.000000, 1161.000000, 2278.000000, 1103.000000, 2281.000000,     small-vehicle,     1284
2295.000000, 2898.000000, 2325.000000, 2896.000000, 2328.000000, 2975.000000, 2297.000000, 2977.000000,     small-vehicle,     1290
1939.000000, 1518.000000, 1969.000000, 1518.000000, 1970.000000, 1582.000000, 1940.000000, 1583.000000,     small-vehicle,     1292
1288.000000, 1597.000000, 1308.000000, 1596.000000, 1308.000000, 1636.000000, 1288.000000, 1637.000000,     small-vehicle,     1293
685.000000, 2736.000000, 749.000000, 2732.000000, 749.000000, 2770.000000, 684.000000, 2774.000000,     small-vehicle,     1294
829.000000, 2717.000000, 900.000000, 2713.000000, 899.000000, 2747.000000, 828.000000, 2751.000000,     small-vehicle,     1295
2251.000000, 1506.000000, 2277.000000, 1505.000000, 2279.000000, 1569.000000, 2253.000000, 1570.000000,     small-vehicle,     1298
2066.000000, 2081.000000, 2094.000000, 2080.000000, 2095.000000, 2155.000000, 2069.000000, 2156.000000,     small-vehicle,     1302
2443.000000, 1954.000000, 2502.000000, 1951.000000, 2503.000000, 1974.000000, 2444.000000, 1977.000000,     small-vehicle,     1303
2468.000000, 2418.000000, 2491.000000, 2417.000000, 2492.000000, 2476.000000, 2470.000000, 2477.000000,     small-vehicle,     1306
803.000000, 2268.000000, 825.000000, 2267.000000, 825.000000, 2301.000000, 803.000000, 2303.000000,     small-vehicle,     1307
1934.000000, 1442.000000, 1961.000000, 1441.000000, 1963.000000, 1502.000000, 1935.000000, 1504.000000,     small-vehicle,     1309
1283.000000, 1461.000000, 1305.000000, 1460.000000, 1305.000000, 1514.000000, 1283.000000, 1515.000000,     small-vehicle,     1312
2318.000000, 2305.000000, 2349.000000, 2303.000000, 2351.000000, 2363.000000, 2321.000000, 2364.000000,     small-vehicle,     1314
3429.000000, 1830.000000, 3493.000000, 1827.000000, 3496.000000, 1862.000000, 3432.000000, 1864.000000,     large-vehicle,     1317
757.000000, 2732.000000, 817.000000, 2730.000000, 816.000000, 2759.000000, 757.000000, 2762.000000,     small-vehicle,     1318
1277.000000, 1376.000000, 1305.000000, 1374.000000, 1304.000000, 1432.000000, 1277.000000, 1432.000000,     small-vehicle,     1330
700.000000, 2277.000000, 769.000000, 2273.000000, 768.000000, 2308.000000, 700.000000, 2311.000000,     small-vehicle,     1331
1273.000000, 1307.000000, 1302.000000, 1305.000000, 1302.000000, 1367.000000, 1273.000000, 1367.000000,     small-vehicle,     1333
1923.000000, 1279.000000, 1950.000000, 1279.000000, 1952.000000, 1334.000000, 1924.000000, 1335.000000,     small-vehicle,     1337
2205.000000, 1218.000000, 2228.000000, 1218.000000, 2231.000000, 1279.000000, 2207.000000, 1280.000000,     small-vehicle,     1342
2720.000000, 1920.000000, 2779.000000, 1917.000000, 2781.000000, 1949.000000, 2722.000000, 1951.000000,     small-vehicle,     1347
1269.000000, 1242.000000, 1295.000000, 1241.000000, 1295.000000, 1292.000000, 1269.000000, 1293.000000,     small-vehicle,     1348
3329.000000, 2829.000000, 3382.000000, 2826.000000, 3384.000000, 2857.000000, 3331.000000, 2861.000000,     small-vehicle,     1356
1940.000000, 1151.000000, 1967.000000, 1149.000000, 1968.000000, 1202.000000, 1941.000000, 1203.000000,     small-vehicle,     1360
2195.000000, 1150.000000, 2225.000000, 1149.000000, 2227.000000, 1210.000000, 2196.000000, 1211.000000,     small-vehicle,     1361
1360.000000, 1080.000000, 1412.000000, 1079.000000, 1411.000000, 1107.000000, 1361.000000, 1108.000000,     small-vehicle,     1364
538.000000, 1170.000000, 586.000000, 1169.000000, 585.000000, 1201.000000, 537.000000, 1202.000000,     small-vehicle,     1369
169.000000, 1103.000000, 227.000000, 1103.000000, 226.000000, 1137.000000, 169.000000, 1138.000000,     small-vehicle,     1373
410.000000, 1103.000000, 468.000000, 1101.000000, 467.000000, 1128.000000, 409.000000, 1130.000000,     small-vehicle,     1375
331.000000, 1102.000000, 395.000000, 1100.000000, 394.000000, 1130.000000, 330.000000, 1131.000000,     small-vehicle,     1377
1101.000000, 1086.000000, 1148.000000, 1085.000000, 1148.000000, 1108.000000, 1101.000000, 1109.000000,     small-vehicle,     1378
1360.000000, 1142.000000, 1420.000000, 1140.000000, 1420.000000, 1168.000000, 1360.000000, 1168.000000,     small-vehicle,     1379
3578.000000, 1830.000000, 3636.000000, 1828.000000, 3637.000000, 1853.000000, 3580.000000, 1855.000000,     small-vehicle,     1381
1179.000000, 1085.000000, 1228.000000, 1083.000000, 1228.000000, 1109.000000, 1179.000000, 1110.000000,     small-vehicle,     1384
953.000000, 1090.000000, 1004.000000, 1089.000000, 1004.000000, 1112.000000, 953.000000, 1113.000000,     small-vehicle,     1385
1029.000000, 1088.000000, 1074.000000, 1087.000000, 1073.000000, 1112.000000, 1029.000000, 1113.000000,     small-vehicle,     1386
1235.000000, 1074.000000, 1295.000000, 1072.000000, 1295.000000, 1111.000000, 1235.000000, 1112.000000,     small-vehicle,     1387
1485.000000, 1082.000000, 1541.000000, 1081.000000, 1541.000000, 1107.000000, 1486.000000, 1108.000000,     small-vehicle,     1388
476.000000, 1097.000000, 525.000000, 1097.000000, 525.000000, 1123.000000, 476.000000, 1125.000000,     small-vehicle,     1389
1560.000000, 1080.000000, 1593.000000, 1080.000000, 1593.000000, 1101.000000, 1560.000000, 1102.000000,     small-vehicle,     1390
105.000000, 1090.000000, 164.000000, 1089.000000, 163.000000, 1127.000000, 103.000000, 1129.000000,     small-vehicle,     1395
2720.000000, 1005.000000, 2779.000000, 1004.000000, 2780.000000, 1034.000000, 2720.000000, 1036.000000,     small-vehicle,     1397
3083.000000, 1882.000000, 3135.000000, 1879.000000, 3137.000000, 1905.000000, 3084.000000, 1907.000000,     small-vehicle,     1398
1266.000000, 1007.000000, 1292.000000, 1007.000000, 1292.000000, 1067.000000, 1265.000000, 1067.000000,     small-vehicle,     1399
1605.000000, 1107.000000, 1662.000000, 1106.000000, 1663.000000, 1134.000000, 1605.000000, 1136.000000,     small-vehicle,     1400
2458.000000, 1034.000000, 2506.000000, 1033.000000, 2507.000000, 1058.000000, 2459.000000, 1059.000000,     small-vehicle,     1401
3509.000000, 1832.000000, 3574.000000, 1830.000000, 3576.000000, 1860.000000, 3511.000000, 1863.000000,     small-vehicle,     1402
2390.000000, 1035.000000, 2445.000000, 1033.000000, 2446.000000, 1061.000000, 2391.000000, 1062.000000,     small-vehicle,     1403
2588.000000, 1022.000000, 2645.000000, 1022.000000, 2647.000000, 1048.000000, 2589.000000, 1049.000000,     small-vehicle,     1405
2522.000000, 1030.000000, 2580.000000, 1029.000000, 2581.000000, 1055.000000, 2524.000000, 1055.000000,     small-vehicle,     1407
3053.000000, 988.000000, 3116.000000, 987.000000, 3118.000000, 1014.000000, 3054.000000, 1015.000000,     small-vehicle,     1409
3232.000000, 977.000000, 3279.000000, 975.000000, 3281.000000, 1005.000000, 3234.000000, 1005.000000,     small-vehicle,     1410
2367.000000, 2743.000000, 2388.000000, 2742.000000, 2390.000000, 2792.000000, 2368.000000, 2794.000000,     small-vehicle,     1411
2885.000000, 995.000000, 2946.000000, 994.000000, 2947.000000, 1024.000000, 2887.000000, 1025.000000,     small-vehicle,     1412
2697.000000, 1083.000000, 2749.000000, 1081.000000, 2751.000000, 1114.000000, 2699.000000, 1116.000000,     small-vehicle,     1416
3516.000000, 2841.000000, 3544.000000, 2839.000000, 3548.000000, 2897.000000, 3521.000000, 2898.000000,     small-vehicle,     1417
2959.000000, 988.000000, 3018.000000, 986.000000, 3020.000000, 1019.000000, 2961.000000, 1020.000000,     small-vehicle,     1418
3355.000000, 966.000000, 3420.000000, 965.000000, 3423.000000, 996.000000, 3356.000000, 997.000000,     small-vehicle,     1420
3290.000000, 968.000000, 3347.000000, 967.000000, 3349.000000, 999.000000, 3292.000000, 999.000000,     small-vehicle,     1422
1432.000000, 1142.000000, 1467.000000, 1141.000000, 1468.000000, 1164.000000, 1432.000000, 1165.000000,     small-vehicle,     1423
1926.000000, 937.000000, 1949.000000, 937.000000, 1951.000000, 992.000000, 1928.000000, 992.000000,     small-vehicle,     1424
1970.000000, 1922.000000, 1998.000000, 1922.000000, 1999.000000, 1981.000000, 1971.000000, 1983.000000,     small-vehicle,     1425
1811.000000, 2648.000000, 1887.000000, 2644.000000, 1888.000000, 2685.000000, 1811.000000, 2690.000000,     large-vehicle,     1426
2840.000000, 933.000000, 2864.000000, 933.000000, 2867.000000, 990.000000, 2843.000000, 990.000000,     small-vehicle,     1429
1301.000000, 2303.000000, 1332.000000, 2302.000000, 1333.000000, 2386.000000, 1302.000000, 2387.000000,     small-vehicle,     1430
46.000000, 1072.000000, 96.000000, 1071.000000, 94.000000, 1111.000000, 44.000000, 1112.000000,     small-vehicle,     1431
722.000000, 1092.000000, 772.000000, 1091.000000, 771.000000, 1119.000000, 722.000000, 1120.000000,     small-vehicle,     1433
1970.000000, 1029.000000, 2000.000000, 1029.000000, 2001.000000, 1100.000000, 1972.000000, 1100.000000,     small-vehicle,     1438
2692.000000, 2931.000000, 2730.000000, 2928.000000, 2733.000000, 2991.000000, 2695.000000, 2994.000000,     small-vehicle,     1439
3260.000000, 2847.000000, 3318.000000, 2842.000000, 3319.000000, 2869.000000, 3262.000000, 2872.000000,     small-vehicle,     1440
2447.000000, 3041.000000, 2468.000000, 3041.000000, 2468.000000, 3076.000000, 2448.000000, 3077.000000,     small-vehicle,     1443
1302.000000, 2314.000000, 1331.000000, 2312.000000, 1332.000000, 2397.000000, 1303.000000, 2399.000000,     large-vehicle,     1444
2050.000000, 3055.000000, 2087.000000, 3052.000000, 2089.000000, 3139.000000, 2053.000000, 3140.000000,     large-vehicle,     1445
2053.000000, 3077.000000, 2085.000000, 3074.000000, 2086.000000, 3142.000000, 2055.000000, 3144.000000,     small-vehicle,     1446
1304.000000, 2338.000000, 1332.000000, 2336.000000, 1333.000000, 2412.000000, 1304.000000, 2413.000000,     small-vehicle,     1447
2344.000000, 2760.000000, 2364.000000, 2759.000000, 2365.000000, 2792.000000, 2345.000000, 2793.000000,     small-vehicle,     1448
