2220.000000, 2026.000000, 2253.000000, 2025.000000, 2253.000000, 2095.000000, 2219.000000, 2096.000000,     small-vehicle,     1290
1302.000000, 1924.000000, 1330.000000, 1923.000000, 1330.000000, 1984.000000, 1301.000000, 1986.000000,     small-vehicle,     1333
1967.000000, 1856.000000, 1993.000000, 1855.000000, 1992.000000, 1907.000000, 1967.000000, 1908.000000,     small-vehicle,     1337
2264.000000, 1794.000000, 2290.000000, 1793.000000, 2290.000000, 1857.000000, 2264.000000, 1858.000000,     small-vehicle,     1342
1299.000000, 1856.000000, 1323.000000, 1855.000000, 1323.000000, 1911.000000, 1299.000000, 1912.000000,     small-vehicle,     1348
1986.000000, 1725.000000, 2019.000000, 1723.000000, 2019.000000, 1779.000000, 1986.000000, 1780.000000,     small-vehicle,     1360
2255.000000, 1724.000000, 2288.000000, 1723.000000, 2288.000000, 1789.000000, 2254.000000, 1790.000000,     small-vehicle,     1361
562.000000, 1811.000000, 617.000000, 1808.000000, 617.000000, 1838.000000, 562.000000, 1841.000000,     small-vehicle,     1369
1386.000000, 1751.000000, 1450.000000, 1748.000000, 1450.000000, 1781.000000, 1386.000000, 1784.000000,     small-vehicle,     1379
1258.000000, 1689.000000, 1322.000000, 1686.000000, 1322.000000, 1728.000000, 1258.000000, 1731.000000,     small-vehicle,     1387
1292.000000, 1615.000000, 1320.000000, 1614.000000, 1320.000000, 1678.000000, 1292.000000, 1680.000000,     small-vehicle,     1399
2797.000000, 1669.000000, 2854.000000, 1666.000000, 2854.000000, 1693.000000, 2797.000000, 1695.000000,     small-vehicle,     1416
1461.000000, 1747.000000, 1519.000000, 1744.000000, 1519.000000, 1777.000000, 1461.000000, 1780.000000,     small-vehicle,     1423
1282.000000, 1358.000000, 1308.000000, 1357.000000, 1308.000000, 1413.000000, 1282.000000, 1414.000000,     small-vehicle,     1451
1965.000000, 1335.000000, 1991.000000, 1334.000000, 1990.000000, 1387.000000, 1965.000000, 1388.000000,     small-vehicle,     1452
2944.000000, 1280.000000, 2978.000000, 1279.000000, 2978.000000, 1344.000000, 2943.000000, 1345.000000,     small-vehicle,     1453
2258.000000, 1230.000000, 2287.000000, 1229.000000, 2287.000000, 1293.000000, 2257.000000, 1294.000000,     small-vehicle,     1458
2227.000000, 1232.000000, 2253.000000, 1230.000000, 2252.000000, 1293.000000, 2227.000000, 1295.000000,     small-vehicle,     1459
1649.000000, 1734.000000, 1704.000000, 1731.000000, 1704.000000, 1760.000000, 1649.000000, 1762.000000,     small-vehicle,     1460
1275.000000, 1266.000000, 1296.000000, 1265.000000, 1296.000000, 1317.000000, 1275.000000, 1318.000000,     small-vehicle,     1462
2226.000000, 1155.000000, 2255.000000, 1154.000000, 2255.000000, 1217.000000, 2226.000000, 1218.000000,     small-vehicle,     1467
1722.000000, 1728.000000, 1786.000000, 1725.000000, 1786.000000, 1752.000000, 1722.000000, 1755.000000,     small-vehicle,     1468
2260.000000, 1175.000000, 2288.000000, 1173.000000, 2287.000000, 1220.000000, 2260.000000, 1222.000000,     small-vehicle,     1478
1929.000000, 1123.000000, 1954.000000, 1122.000000, 1953.000000, 1179.000000, 1929.000000, 1180.000000,     small-vehicle,     1479
1954.000000, 1071.000000, 1978.000000, 1070.000000, 1977.000000, 1134.000000, 1954.000000, 1135.000000,     small-vehicle,     1499
2360.000000, 1003.000000, 2428.000000, 1000.000000, 2428.000000, 1029.000000, 2360.000000, 1032.000000,     small-vehicle,     1500
1254.000000, 1032.000000, 1278.000000, 1031.000000, 1278.000000, 1079.000000, 1253.000000, 1080.000000,     small-vehicle,     1507
1574.000000, 1743.000000, 1636.000000, 1740.000000, 1636.000000, 1763.000000, 1574.000000, 1766.000000,     small-vehicle,     1508
2208.000000, 930.000000, 2238.000000, 928.000000, 2238.000000, 985.000000, 2208.000000, 986.000000,     small-vehicle,     1509
2593.000000, 977.000000, 2648.000000, 975.000000, 2648.000000, 998.000000, 2593.000000, 1001.000000,     small-vehicle,     1511
2929.000000, 923.000000, 2957.000000, 922.000000, 2957.000000, 987.000000, 2929.000000, 988.000000,     small-vehicle,     1515
1252.000000, 979.000000, 1280.000000, 978.000000, 1279.000000, 1030.000000, 1252.000000, 1031.000000,     small-vehicle,     1517
255.000000, 1787.000000, 310.000000, 1784.000000, 310.000000, 1828.000000, 255.000000, 1830.000000,     small-vehicle,     1518
1916.000000, 887.000000, 1942.000000, 886.000000, 1941.000000, 945.000000, 1916.000000, 946.000000,     small-vehicle,     1522
2232.000000, 868.000000, 2262.000000, 866.000000, 2262.000000, 926.000000, 2232.000000, 927.000000,     small-vehicle,     1529
2493.000000, 1679.000000, 2547.000000, 1677.000000, 2547.000000, 1703.000000, 2493.000000, 1706.000000,     small-vehicle,     1530
2619.000000, 1676.000000, 2668.000000, 1673.000000, 2668.000000, 1702.000000, 2619.000000, 1704.000000,     small-vehicle,     1531
2446.000000, 995.000000, 2507.000000, 992.000000, 2507.000000, 1021.000000, 2446.000000, 1023.000000,     small-vehicle,     1532
2516.000000, 987.000000, 2576.000000, 985.000000, 2576.000000, 1012.000000, 2515.000000, 1015.000000,     small-vehicle,     1533
2230.000000, 786.000000, 2258.000000, 784.000000, 2257.000000, 840.000000, 2230.000000, 841.000000,     small-vehicle,     1536
1912.000000, 815.000000, 1942.000000, 813.000000, 1942.000000, 876.000000, 1912.000000, 878.000000,     small-vehicle,     1537
1250.000000, 809.000000, 1275.000000, 808.000000, 1275.000000, 863.000000, 1250.000000, 864.000000,     small-vehicle,     1548
1918.000000, 743.000000, 1946.000000, 742.000000, 1946.000000, 806.000000, 1918.000000, 807.000000,     small-vehicle,     1549
2230.000000, 708.000000, 2255.000000, 706.000000, 2255.000000, 765.000000, 2230.000000, 766.000000,     small-vehicle,     1552
1244.000000, 729.000000, 1270.000000, 728.000000, 1270.000000, 786.000000, 1244.000000, 787.000000,     small-vehicle,     1554
1903.000000, 669.000000, 1930.000000, 667.000000, 1930.000000, 723.000000, 1902.000000, 724.000000,     small-vehicle,     1562
1930.000000, 617.000000, 1954.000000, 616.000000, 1954.000000, 671.000000, 1929.000000, 672.000000,     small-vehicle,     1566
2917.000000, 697.000000, 2941.000000, 696.000000, 2941.000000, 746.000000, 2916.000000, 747.000000,     small-vehicle,     1567
2193.000000, 604.000000, 2225.000000, 603.000000, 2224.000000, 665.000000, 2193.000000, 666.000000,     small-vehicle,     1571
686.000000, 635.000000, 740.000000, 632.000000, 740.000000, 658.000000, 686.000000, 661.000000,     small-vehicle,     1573
815.000000, 621.000000, 873.000000, 618.000000, 873.000000, 647.000000, 815.000000, 649.000000,     small-vehicle,     1574
397.000000, 639.000000, 453.000000, 637.000000, 453.000000, 670.000000, 398.000000, 672.000000,     small-vehicle,     1575
883.000000, 616.000000, 943.000000, 614.000000, 943.000000, 644.000000, 883.000000, 646.000000,     small-vehicle,     1576
470.000000, 643.000000, 520.000000, 641.000000, 520.000000, 668.000000, 470.000000, 670.000000,     small-vehicle,     1578
756.000000, 627.000000, 801.000000, 625.000000, 801.000000, 651.000000, 756.000000, 653.000000,     small-vehicle,     1585
1732.000000, 529.000000, 1787.000000, 526.000000, 1787.000000, 556.000000, 1732.000000, 559.000000,     small-vehicle,     1586
1620.000000, 534.000000, 1670.000000, 531.000000, 1670.000000, 560.000000, 1620.000000, 562.000000,     small-vehicle,     1588
1235.000000, 582.000000, 1284.000000, 579.000000, 1284.000000, 606.000000, 1234.000000, 608.000000,     small-vehicle,     1589
1470.000000, 557.000000, 1519.000000, 555.000000, 1519.000000, 584.000000, 1470.000000, 586.000000,     small-vehicle,     1590
351.000000, 579.000000, 375.000000, 578.000000, 375.000000, 623.000000, 351.000000, 624.000000,     small-vehicle,     1594
2396.000000, 451.000000, 2458.000000, 448.000000, 2458.000000, 479.000000, 2396.000000, 482.000000,     small-vehicle,     1600
655.000000, 1362.000000, 685.000000, 1361.000000, 685.000000, 1422.000000, 655.000000, 1423.000000,     small-vehicle,     1601
1916.000000, 449.000000, 1946.000000, 447.000000, 1946.000000, 503.000000, 1916.000000, 504.000000,     small-vehicle,     1602
3513.000000, 370.000000, 3574.000000, 367.000000, 3574.000000, 398.000000, 3513.000000, 401.000000,     small-vehicle,     1610
2589.000000, 433.000000, 2652.000000, 430.000000, 2652.000000, 456.000000, 2589.000000, 459.000000,     small-vehicle,     1612
2876.000000, 396.000000, 2943.000000, 393.000000, 2943.000000, 427.000000, 2876.000000, 430.000000,     small-vehicle,     1614
282.000000, 492.000000, 328.000000, 490.000000, 328.000000, 552.000000, 282.000000, 554.000000,     small-vehicle,     1615
2662.000000, 426.000000, 2710.000000, 424.000000, 2710.000000, 445.000000, 2662.000000, 447.000000,     small-vehicle,     1621
2188.000000, 412.000000, 2212.000000, 411.000000, 2211.000000, 465.000000, 2188.000000, 466.000000,     small-vehicle,     1623
3435.000000, 339.000000, 3502.000000, 336.000000, 3502.000000, 368.000000, 3435.000000, 371.000000,     small-vehicle,     1628
3363.000000, 345.000000, 3421.000000, 343.000000, 3420.000000, 374.000000, 3363.000000, 376.000000,     small-vehicle,     1631
48.000000, 567.000000, 100.000000, 564.000000, 100.000000, 601.000000, 48.000000, 603.000000,     small-vehicle,     1632
2181.000000, 339.000000, 2209.000000, 337.000000, 2209.000000, 402.000000, 2181.000000, 403.000000,     small-vehicle,     1633
3649.000000, 310.000000, 3700.000000, 308.000000, 3700.000000, 340.000000, 3648.000000, 342.000000,     small-vehicle,     1636
1887.000000, 274.000000, 1913.000000, 273.000000, 1913.000000, 331.000000, 1887.000000, 332.000000,     small-vehicle,     1637
3178.000000, 243.000000, 3210.000000, 242.000000, 3210.000000, 305.000000, 3178.000000, 306.000000,     small-vehicle,     1638
398.000000, 374.000000, 420.000000, 373.000000, 420.000000, 425.000000, 398.000000, 426.000000,     small-vehicle,     1643
462.000000, 338.000000, 518.000000, 336.000000, 518.000000, 384.000000, 462.000000, 386.000000,     small-vehicle,     1646
321.000000, 342.000000, 346.000000, 341.000000, 347.000000, 395.000000, 321.000000, 396.000000,     small-vehicle,     1650
2921.000000, 796.000000, 2953.000000, 795.000000, 2952.000000, 857.000000, 2921.000000, 858.000000,     small-vehicle,     1651
2203.000000, 200.000000, 2233.000000, 199.000000, 2233.000000, 262.000000, 2202.000000, 264.000000,     small-vehicle,     1656
3357.000000, 1022.000000, 3428.000000, 1019.000000, 3428.000000, 1044.000000, 3357.000000, 1048.000000,     small-vehicle,     1657
1881.000000, 201.000000, 1910.000000, 199.000000, 1910.000000, 262.000000, 1881.000000, 263.000000,     small-vehicle,     1658
1003.000000, 660.000000, 1048.000000, 658.000000, 1048.000000, 685.000000, 1003.000000, 687.000000,     small-vehicle,     1659
2990.000000, 1057.000000, 3056.000000, 1054.000000, 3056.000000, 1086.000000, 2990.000000, 1089.000000,     small-vehicle,     1664
3173.000000, 156.000000, 3209.000000, 154.000000, 3208.000000, 217.000000, 3173.000000, 219.000000,     small-vehicle,     1665
321.000000, 279.000000, 346.000000, 278.000000, 346.000000, 331.000000, 321.000000, 333.000000,     small-vehicle,     1666
2921.000000, 863.000000, 2954.000000, 861.000000, 2954.000000, 926.000000, 2920.000000, 928.000000,     small-vehicle,     1667
515.000000, 929.000000, 569.000000, 927.000000, 569.000000, 953.000000, 515.000000, 955.000000,     small-vehicle,     1669
2505.000000, 1056.000000, 2570.000000, 1053.000000, 2570.000000, 1085.000000, 2505.000000, 1088.000000,     small-vehicle,     1671
2165.000000, 134.000000, 2192.000000, 132.000000, 2192.000000, 190.000000, 2165.000000, 191.000000,     small-vehicle,     1680
1909.000000, 167.000000, 1935.000000, 166.000000, 1935.000000, 221.000000, 1909.000000, 222.000000,     small-vehicle,     1683
1884.000000, 136.000000, 1909.000000, 135.000000, 1909.000000, 191.000000, 1883.000000, 192.000000,     small-vehicle,     1687
3200.000000, 437.000000, 3264.000000, 434.000000, 3264.000000, 466.000000, 3200.000000, 469.000000,     small-vehicle,     1688
2910.000000, 578.000000, 2938.000000, 577.000000, 2938.000000, 621.000000, 2910.000000, 622.000000,     small-vehicle,     1689
323.000000, 214.000000, 349.000000, 213.000000, 349.000000, 270.000000, 323.000000, 271.000000,     small-vehicle,     1690
450.000000, 935.000000, 511.000000, 933.000000, 511.000000, 958.000000, 450.000000, 961.000000,     small-vehicle,     1691
2419.000000, 524.000000, 2469.000000, 522.000000, 2469.000000, 545.000000, 2419.000000, 547.000000,     small-vehicle,     1693
2199.000000, 108.000000, 2227.000000, 107.000000, 2227.000000, 167.000000, 2199.000000, 169.000000,     small-vehicle,     1697
1911.000000, 84.000000, 1939.000000, 82.000000, 1938.000000, 150.000000, 1910.000000, 151.000000,     small-vehicle,     1699
2809.000000, 1035.000000, 2867.000000, 1032.000000, 2867.000000, 1060.000000, 2809.000000, 1063.000000,     small-vehicle,     1702
2197.000000, 38.000000, 2228.000000, 36.000000, 2228.000000, 85.000000, 2197.000000, 86.000000,     small-vehicle,     1705
2140.000000, -60.000000, 2189.000000, -62.000000, 2188.000000, 16.000000, 2140.000000, 18.000000,     small-vehicle,     1706
1894.000000, -18.000000, 1922.000000, -19.000000, 1922.000000, 38.000000, 1894.000000, 39.000000,     small-vehicle,     1708
1875.000000, 50.000000, 1903.000000, 49.000000, 1903.000000, 111.000000, 1875.000000, 112.000000,     small-vehicle,     1709
196.000000, 695.000000, 238.000000, 693.000000, 238.000000, 756.000000, 196.000000, 758.000000,     small-vehicle,     1710
1911.000000, 977.000000, 1941.000000, 976.000000, 1941.000000, 1024.000000, 1911.000000, 1025.000000,     small-vehicle,     1712
3357.000000, 1674.000000, 3406.000000, 1672.000000, 3406.000000, 1698.000000, 3357.000000, 1701.000000,     small-vehicle,     1714
3175.000000, -84.000000, 3206.000000, -86.000000, 3206.000000, -22.000000, 3174.000000, -21.000000,     small-vehicle,     1715
352.000000, 1833.000000, 411.000000, 1831.000000, 411.000000, 1852.000000, 352.000000, 1855.000000,     small-vehicle,     1716
2237.000000, 640.000000, 2258.000000, 639.000000, 2258.000000, 686.000000, 2237.000000, 687.000000,     small-vehicle,     1719
2679.000000, -80.000000, 2708.000000, -81.000000, 2708.000000, -20.000000, 2679.000000, -19.000000,     small-vehicle,     1727
2597.000000, -83.000000, 2627.000000, -84.000000, 2627.000000, -18.000000, 2596.000000, -16.000000,     small-vehicle,     1728
2187.000000, -106.000000, 2215.000000, -107.000000, 2215.000000, -33.000000, 2187.000000, -32.000000,     small-vehicle,     1729
2489.000000, 515.000000, 2547.000000, 513.000000, 2547.000000, 541.000000, 2489.000000, 543.000000,     small-vehicle,     1730
2718.000000, -93.000000, 2748.000000, -95.000000, 2747.000000, -33.000000, 2718.000000, -32.000000,     small-vehicle,     1731
362.000000, 717.000000, 427.000000, 714.000000, 427.000000, 748.000000, 362.000000, 751.000000,     small-vehicle,     1732
2291.000000, 1800.000000, 2315.000000, 1799.000000, 2314.000000, 1860.000000, 2291.000000, 1861.000000,     large-vehicle,     1736
2564.000000, -78.000000, 2590.000000, -79.000000, 2589.000000, -24.000000, 2563.000000, -23.000000,     small-vehicle,     1737
3280.000000, 433.000000, 3334.000000, 431.000000, 3334.000000, 458.000000, 3280.000000, 460.000000,     small-vehicle,     1738
2763.000000, -100.000000, 2792.000000, -101.000000, 2792.000000, -41.000000, 2762.000000, -39.000000,     small-vehicle,     1739
1878.000000, -121.000000, 1907.000000, -122.000000, 1907.000000, -53.000000, 1877.000000, -51.000000,     small-vehicle,     1742
2154.000000, -141.000000, 2183.000000, -142.000000, 2183.000000, -73.000000, 2154.000000, -72.000000,     small-vehicle,     1744
301.000000, 567.000000, 344.000000, 565.000000, 344.000000, 625.000000, 301.000000, 627.000000,     small-vehicle,     1745
1422.000000, 623.000000, 1457.000000, 621.000000, 1457.000000, 639.000000, 1421.000000, 641.000000,     small-vehicle,     1747
1900.000000, -145.000000, 1948.000000, -147.000000, 1948.000000, -60.000000, 1900.000000, -58.000000,     large-vehicle,     1748
2639.000000, -95.000000, 2672.000000, -97.000000, 2672.000000, -23.000000, 2639.000000, -21.000000,     large-vehicle,     1749
3422.000000, 1667.000000, 3493.000000, 1664.000000, 3492.000000, 1695.000000, 3421.000000, 1699.000000,     small-vehicle,     1751
507.000000, 707.000000, 557.000000, 705.000000, 557.000000, 734.000000, 507.000000, 736.000000,     small-vehicle,     1752
310.000000, 393.000000, 346.000000, 392.000000, 346.000000, 454.000000, 310.000000, 455.000000,     small-vehicle,     1756
2969.000000, 1532.000000, 2996.000000, 1531.000000, 2995.000000, 1582.000000, 2969.000000, 1583.000000,     small-vehicle,     1757
1858.000000, -237.000000, 1888.000000, -239.000000, 1888.000000, -171.000000, 1858.000000, -170.000000,     small-vehicle,     1760
3114.000000, 449.000000, 3177.000000, 446.000000, 3177.000000, 474.000000, 3113.000000, 477.000000,     small-vehicle,     1761
1476.000000, 609.000000, 1531.000000, 607.000000, 1531.000000, 625.000000, 1476.000000, 628.000000,     small-vehicle,     1762
3158.000000, -234.000000, 3185.000000, -235.000000, 3184.000000, -175.000000, 3157.000000, -174.000000,     small-vehicle,     1763
28.000000, -137.000000, 82.000000, -140.000000, 82.000000, -115.000000, 28.000000, -113.000000,     small-vehicle,     1765
2906.000000, 601.000000, 2937.000000, 599.000000, 2937.000000, 660.000000, 2906.000000, 661.000000,     small-vehicle,     1766
3149.000000, -320.000000, 3185.000000, -322.000000, 3185.000000, -244.000000, 3149.000000, -243.000000,     small-vehicle,     1767
3424.000000, 1664.000000, 3494.000000, 1660.000000, 3494.000000, 1689.000000, 3423.000000, 1692.000000,     large-vehicle,     1768
2328.000000, -7.000000, 2377.000000, -9.000000, 2376.000000, 17.000000, 2328.000000, 19.000000,     small-vehicle,     1769
2034.000000, -156.000000, 2064.000000, -157.000000, 2064.000000, -88.000000, 2034.000000, -87.000000,     small-vehicle,     1771
1007.000000, -248.000000, 1065.000000, -250.000000, 1065.000000, -223.000000, 1007.000000, -221.000000,     small-vehicle,     1772
5.000000, -222.000000, 69.000000, -225.000000, 69.000000, -194.000000, 5.000000, -191.000000,     small-vehicle,     1773
2568.000000, 508.000000, 2629.000000, 505.000000, 2629.000000, 534.000000, 2568.000000, 537.000000,     small-vehicle,     1774
2640.000000, -88.000000, 2672.000000, -89.000000, 2672.000000, -18.000000, 2640.000000, -17.000000,     small-vehicle,     1775
3651.000000, 396.000000, 3710.000000, 393.000000, 3710.000000, 416.000000, 3651.000000, 419.000000,     small-vehicle,     1776
1855.000000, -296.000000, 1881.000000, -297.000000, 1881.000000, -252.000000, 1855.000000, -251.000000,     small-vehicle,     1777
348.000000, -221.000000, 404.000000, -224.000000, 404.000000, -195.000000, 348.000000, -192.000000,     small-vehicle,     1779
1930.000000, 1190.000000, 1953.000000, 1189.000000, 1953.000000, 1215.000000, 1929.000000, 1216.000000,     small-vehicle,     1780
2239.000000, 922.000000, 2267.000000, 921.000000, 2267.000000, 968.000000, 2239.000000, 969.000000,     small-vehicle,     1781
1933.000000, -292.000000, 1967.000000, -294.000000, 1966.000000, -214.000000, 1933.000000, -213.000000,     small-vehicle,     1783
3116.000000, 1686.000000, 3173.000000, 1683.000000, 3172.000000, 1707.000000, 3116.000000, 1709.000000,     small-vehicle,     1784
2137.000000, -315.000000, 2175.000000, -317.000000, 2175.000000, -254.000000, 2137.000000, -253.000000,     small-vehicle,     1785
311.000000, 407.000000, 345.000000, 406.000000, 345.000000, 469.000000, 311.000000, 470.000000,     large-vehicle,     1786
2181.000000, -308.000000, 2207.000000, -309.000000, 2207.000000, -257.000000, 2181.000000, -256.000000,     small-vehicle,     1787
2640.000000, -89.000000, 2672.000000, -90.000000, 2672.000000, -17.000000, 2640.000000, -16.000000,     large-vehicle,     1788
391.000000, 444.000000, 419.000000, 443.000000, 419.000000, 484.000000, 391.000000, 485.000000,     small-vehicle,     1789
522.000000, -279.000000, 574.000000, -282.000000, 574.000000, -253.000000, 522.000000, -250.000000,     small-vehicle,     1790
3493.000000, 413.000000, 3559.000000, 410.000000, 3559.000000, 433.000000, 3493.000000, 436.000000,     small-vehicle,     1791
2362.000000, 1006.000000, 2428.000000, 1003.000000, 2428.000000, 1033.000000, 2362.000000, 1036.000000,     small-vehicle,     1792
459.000000, -272.000000, 511.000000, -275.000000, 511.000000, -248.000000, 459.000000, -245.000000,     small-vehicle,     1793
3149.000000, -398.000000, 3180.000000, -400.000000, 3179.000000, -343.000000, 3149.000000, -342.000000,     small-vehicle,     1794
1044.000000, -302.000000, 1102.000000, -304.000000, 1102.000000, -272.000000, 1044.000000, -270.000000,     small-vehicle,     1795
2759.000000, 486.000000, 2818.000000, 484.000000, 2818.000000, 514.000000, 2759.000000, 516.000000,     small-vehicle,     1796
2089.000000, -254.000000, 2104.000000, -254.000000, 2104.000000, -214.000000, 2089.000000, -213.000000,     small-vehicle,     1797
1954.000000, 1812.000000, 1978.000000, 1811.000000, 1978.000000, 1856.000000, 1954.000000, 1857.000000,     small-vehicle,     1798
592.000000, -288.000000, 646.000000, -290.000000, 646.000000, -260.000000, 592.000000, -258.000000,     small-vehicle,     1799
2034.000000, -142.000000, 2064.000000, -143.000000, 2064.000000, -79.000000, 2034.000000, -77.000000,     small-vehicle,     1800
2362.000000, 1007.000000, 2426.000000, 1004.000000, 2426.000000, 1032.000000, 2362.000000, 1035.000000,     large-vehicle,     1801
2033.000000, -145.000000, 2064.000000, -146.000000, 2063.000000, -77.000000, 2033.000000, -75.000000,     large-vehicle,     1802
