2174.000000, 1218.000000, 2240.000000, 1218.000000, 2240.000000, 1280.000000, 2174.000000, 1280.000000,   small-vehicle,   1290
1960.000000, 1343.000000, 1986.000000, 1343.000000, 1986.000000, 1384.000000, 1960.000000, 1384.000000,   small-vehicle,   1549
2273.000000, 1319.000000, 2305.000000, 1319.000000, 2305.000000, 1372.000000, 2273.000000, 1372.000000,   small-vehicle,   1552
1284.000000, 1290.000000, 1311.000000, 1290.000000, 1311.000000, 1349.000000, 1284.000000, 1349.000000,   small-vehicle,   1554
1946.000000, 1268.000000, 1974.000000, 1268.000000, 1974.000000, 1318.000000, 1946.000000, 1318.000000,   small-vehicle,   1562
1972.000000, 1222.000000, 1999.000000, 1222.000000, 1999.000000, 1271.000000, 1972.000000, 1271.000000,   small-vehicle,   1566
2237.000000, 1219.000000, 2271.000000, 1219.000000, 2271.000000, 1288.000000, 2237.000000, 1288.000000,   small-vehicle,   1571
438.000000, 1172.000000, 497.000000, 1172.000000, 497.000000, 1205.000000, 438.000000, 1205.000000,   small-vehicle,   1575
513.000000, 1182.000000, 559.000000, 1182.000000, 559.000000, 1209.000000, 513.000000, 1209.000000,   small-vehicle,   1578
376.000000, 1118.000000, 424.000000, 1118.000000, 424.000000, 1165.000000, 376.000000, 1165.000000,   small-vehicle,   1594
1961.000000, 1067.000000, 1989.000000, 1067.000000, 1989.000000, 1114.000000, 1961.000000, 1114.000000,   small-vehicle,   1602
2924.000000, 1060.000000, 2996.000000, 1060.000000, 2996.000000, 1096.000000, 2924.000000, 1096.000000,   small-vehicle,   1614
319.000000, 1033.000000, 369.000000, 1033.000000, 369.000000, 1094.000000, 319.000000, 1094.000000,   small-vehicle,   1615
2232.000000, 1041.000000, 2257.000000, 1041.000000, 2257.000000, 1094.000000, 2232.000000, 1094.000000,   small-vehicle,   1623
3419.000000, 1044.000000, 3472.000000, 1044.000000, 3472.000000, 1065.000000, 3419.000000, 1065.000000,   small-vehicle,   1631
85.000000, 1090.000000, 140.000000, 1090.000000, 140.000000, 1130.000000, 85.000000, 1130.000000,   small-vehicle,   1632
2224.000000, 970.000000, 2256.000000, 970.000000, 2256.000000, 1035.000000, 2224.000000, 1035.000000,   small-vehicle,   1633
1929.000000, 901.000000, 1954.000000, 901.000000, 1954.000000, 954.000000, 1929.000000, 954.000000,   small-vehicle,   1637
3225.000000, 931.000000, 3263.000000, 931.000000, 3263.000000, 992.000000, 3225.000000, 992.000000,   small-vehicle,   1638
433.000000, 914.000000, 465.000000, 914.000000, 465.000000, 983.000000, 433.000000, 983.000000,   small-vehicle,   1643
358.000000, 893.000000, 385.000000, 893.000000, 385.000000, 948.000000, 358.000000, 948.000000,   small-vehicle,   1650
2246.000000, 846.000000, 2278.000000, 846.000000, 2278.000000, 906.000000, 2246.000000, 906.000000,   small-vehicle,   1656
1923.000000, 832.000000, 1954.000000, 832.000000, 1954.000000, 886.000000, 1923.000000, 886.000000,   small-vehicle,   1658
1040.000000, 1223.000000, 1089.000000, 1223.000000, 1089.000000, 1250.000000, 1040.000000, 1250.000000,   small-vehicle,   1659
3223.000000, 853.000000, 3260.000000, 853.000000, 3260.000000, 910.000000, 3223.000000, 910.000000,   small-vehicle,   1665
358.000000, 836.000000, 388.000000, 836.000000, 388.000000, 887.000000, 358.000000, 887.000000,   small-vehicle,   1666
2207.000000, 779.000000, 2236.000000, 779.000000, 2236.000000, 834.000000, 2207.000000, 834.000000,   small-vehicle,   1680
1952.000000, 801.000000, 1977.000000, 801.000000, 1977.000000, 851.000000, 1952.000000, 851.000000,   small-vehicle,   1683
1925.000000, 774.000000, 1951.000000, 774.000000, 1951.000000, 821.000000, 1925.000000, 821.000000,   small-vehicle,   1687
3251.000000, 1117.000000, 3319.000000, 1117.000000, 3319.000000, 1149.000000, 3251.000000, 1149.000000,   small-vehicle,   1688
2963.000000, 1234.000000, 2990.000000, 1234.000000, 2990.000000, 1277.000000, 2963.000000, 1277.000000,   small-vehicle,   1689
2467.000000, 1160.000000, 2518.000000, 1160.000000, 2518.000000, 1180.000000, 2467.000000, 1180.000000,   small-vehicle,   1693
2243.000000, 763.000000, 2269.000000, 763.000000, 2269.000000, 815.000000, 2243.000000, 815.000000,   small-vehicle,   1697
1952.000000, 725.000000, 1981.000000, 725.000000, 1981.000000, 787.000000, 1952.000000, 787.000000,   small-vehicle,   1699
2242.000000, 689.000000, 2270.000000, 689.000000, 2270.000000, 740.000000, 2242.000000, 740.000000,   small-vehicle,   1705
2153.000000, 482.000000, 2182.000000, 482.000000, 2182.000000, 549.000000, 2153.000000, 549.000000,   small-vehicle,   1706
1935.000000, 627.000000, 1963.000000, 627.000000, 1963.000000, 680.000000, 1935.000000, 680.000000,   small-vehicle,   1708
1915.000000, 690.000000, 1946.000000, 690.000000, 1946.000000, 747.000000, 1915.000000, 747.000000,   small-vehicle,   1709
233.000000, 1222.000000, 277.000000, 1222.000000, 277.000000, 1286.000000, 233.000000, 1286.000000,   small-vehicle,   1710
3222.000000, 628.000000, 3253.000000, 628.000000, 3253.000000, 685.000000, 3222.000000, 685.000000,   small-vehicle,   1715
2284.000000, 1258.000000, 2306.000000, 1258.000000, 2306.000000, 1303.000000, 2284.000000, 1303.000000,   small-vehicle,   1719
2725.000000, 607.000000, 2751.000000, 607.000000, 2751.000000, 666.000000, 2725.000000, 666.000000,   small-vehicle,   1727
2642.000000, 598.000000, 2674.000000, 598.000000, 2674.000000, 663.000000, 2642.000000, 663.000000,   small-vehicle,   1728
2230.000000, 561.000000, 2257.000000, 561.000000, 2257.000000, 624.000000, 2230.000000, 624.000000,   small-vehicle,   1729
2538.000000, 1152.000000, 2591.000000, 1152.000000, 2591.000000, 1183.000000, 2538.000000, 1183.000000,   small-vehicle,   1730
2762.000000, 594.000000, 2794.000000, 594.000000, 2794.000000, 656.000000, 2762.000000, 656.000000,   small-vehicle,   1731
2808.000000, 589.000000, 2838.000000, 589.000000, 2838.000000, 654.000000, 2808.000000, 654.000000,   small-vehicle,   1739
1918.000000, 533.000000, 1948.000000, 533.000000, 1948.000000, 593.000000, 1918.000000, 593.000000,   small-vehicle,   1742
2198.000000, 523.000000, 2226.000000, 523.000000, 2226.000000, 588.000000, 2198.000000, 588.000000,   small-vehicle,   1744
1459.000000, 1205.000000, 1503.000000, 1205.000000, 1503.000000, 1225.000000, 1459.000000, 1225.000000,   small-vehicle,   1747
1897.000000, 418.000000, 1930.000000, 418.000000, 1930.000000, 486.000000, 1897.000000, 486.000000,   small-vehicle,   1760
3169.000000, 1121.000000, 3231.000000, 1121.000000, 3231.000000, 1149.000000, 3169.000000, 1149.000000,   small-vehicle,   1761
1520.000000, 1200.000000, 1576.000000, 1200.000000, 1576.000000, 1223.000000, 1520.000000, 1223.000000,   small-vehicle,   1762
3204.000000, 485.000000, 3230.000000, 485.000000, 3230.000000, 547.000000, 3204.000000, 547.000000,   small-vehicle,   1763
65.000000, 431.000000, 123.000000, 431.000000, 123.000000, 457.000000, 65.000000, 457.000000,   small-vehicle,   1765
3197.000000, 408.000000, 3230.000000, 408.000000, 3230.000000, 476.000000, 3197.000000, 476.000000,   small-vehicle,   1767
2372.000000, 658.000000, 2422.000000, 658.000000, 2422.000000, 680.000000, 2372.000000, 680.000000,   small-vehicle,   1769
1047.000000, 372.000000, 1105.000000, 372.000000, 1105.000000, 397.000000, 1047.000000, 397.000000,   small-vehicle,   1772
48.000000, 354.000000, 109.000000, 354.000000, 109.000000, 383.000000, 48.000000, 383.000000,   small-vehicle,   1773
1895.000000, 365.000000, 1922.000000, 365.000000, 1922.000000, 410.000000, 1895.000000, 410.000000,   small-vehicle,   1777
2151.000000, 306.000000, 2178.000000, 306.000000, 2178.000000, 360.000000, 2151.000000, 360.000000,   small-vehicle,   1785
2220.000000, 367.000000, 2250.000000, 367.000000, 2250.000000, 420.000000, 2220.000000, 420.000000,   small-vehicle,   1787
562.000000, 320.000000, 612.000000, 320.000000, 612.000000, 346.000000, 562.000000, 346.000000,   small-vehicle,   1790
3551.000000, 1110.000000, 3614.000000, 1110.000000, 3614.000000, 1133.000000, 3551.000000, 1133.000000,   small-vehicle,   1791
499.000000, 326.000000, 550.000000, 326.000000, 550.000000, 350.000000, 499.000000, 350.000000,   small-vehicle,   1793
3195.000000, 326.000000, 3225.000000, 326.000000, 3225.000000, 382.000000, 3195.000000, 382.000000,   small-vehicle,   1794
695.000000, 346.000000, 758.000000, 346.000000, 758.000000, 377.000000, 695.000000, 377.000000,   small-vehicle,   1795
632.000000, 319.000000, 685.000000, 319.000000, 685.000000, 343.000000, 632.000000, 343.000000,   small-vehicle,   1799
700.000000, 312.000000, 758.000000, 312.000000, 758.000000, 337.000000, 700.000000, 337.000000,   small-vehicle,   1804
890.000000, 302.000000, 944.000000, 302.000000, 944.000000, 328.000000, 890.000000, 328.000000,   small-vehicle,   1805
1743.000000, 306.000000, 1799.000000, 306.000000, 1799.000000, 337.000000, 1743.000000, 337.000000,   small-vehicle,   1807
949.000000, 297.000000, 1008.000000, 297.000000, 1008.000000, 322.000000, 949.000000, 322.000000,   small-vehicle,   1808
767.000000, 308.000000, 816.000000, 308.000000, 816.000000, 333.000000, 767.000000, 333.000000,   small-vehicle,   1810
482.000000, 1248.000000, 536.000000, 1248.000000, 536.000000, 1277.000000, 482.000000, 1277.000000,   small-vehicle,   1813
349.000000, 281.000000, 380.000000, 281.000000, 380.000000, 336.000000, 349.000000, 336.000000,   small-vehicle,   1814
1029.000000, 291.000000, 1081.000000, 291.000000, 1081.000000, 316.000000, 1029.000000, 316.000000,   small-vehicle,   1817
828.000000, 305.000000, 880.000000, 305.000000, 880.000000, 329.000000, 828.000000, 329.000000,   small-vehicle,   1818
2185.000000, 300.000000, 2214.000000, 300.000000, 2214.000000, 354.000000, 2185.000000, 354.000000,   small-vehicle,   1819
1677.000000, 238.000000, 1729.000000, 238.000000, 1729.000000, 267.000000, 1677.000000, 267.000000,   small-vehicle,   1822
1163.000000, 282.000000, 1219.000000, 282.000000, 1219.000000, 310.000000, 1163.000000, 310.000000,   small-vehicle,   1825
1572.000000, 249.000000, 1627.000000, 249.000000, 1627.000000, 276.000000, 1572.000000, 276.000000,   small-vehicle,   1826
1397.000000, 265.000000, 1447.000000, 265.000000, 1447.000000, 288.000000, 1397.000000, 288.000000,   small-vehicle,   1827
1234.000000, 276.000000, 1285.000000, 276.000000, 1285.000000, 303.000000, 1234.000000, 303.000000,   small-vehicle,   1831
1738.000000, 232.000000, 1789.000000, 232.000000, 1789.000000, 259.000000, 1738.000000, 259.000000,   small-vehicle,   1833
3191.000000, 267.000000, 3217.000000, 267.000000, 3217.000000, 325.000000, 3191.000000, 325.000000,   small-vehicle,   1835
1339.000000, 269.000000, 1384.000000, 269.000000, 1384.000000, 292.000000, 1339.000000, 292.000000,   small-vehicle,   1836
2960.000000, 1280.000000, 2994.000000, 1280.000000, 2994.000000, 1336.000000, 2960.000000, 1336.000000,   small-vehicle,   1837
1800.000000, 227.000000, 1849.000000, 227.000000, 1849.000000, 252.000000, 1800.000000, 252.000000,   small-vehicle,   1838
431.000000, 993.000000, 458.000000, 993.000000, 458.000000, 1034.000000, 431.000000, 1034.000000,   small-vehicle,   1839
351.000000, 219.000000, 377.000000, 219.000000, 377.000000, 271.000000, 351.000000, 271.000000,   small-vehicle,   1845
3145.000000, 534.000000, 3165.000000, 534.000000, 3165.000000, 580.000000, 3145.000000, 580.000000,   small-vehicle,   1850
2533.000000, 175.000000, 2585.000000, 175.000000, 2585.000000, 202.000000, 2533.000000, 202.000000,   small-vehicle,   1856
2478.000000, 181.000000, 2527.000000, 181.000000, 2527.000000, 206.000000, 2478.000000, 206.000000,   small-vehicle,   1858
2394.000000, 187.000000, 2462.000000, 187.000000, 2462.000000, 212.000000, 2394.000000, 212.000000,   small-vehicle,   1859
1771.000000, 174.000000, 1829.000000, 174.000000, 1829.000000, 200.000000, 1771.000000, 200.000000,   small-vehicle,   1860
409.000000, 1030.000000, 454.000000, 1030.000000, 454.000000, 1086.000000, 409.000000, 1086.000000,   small-vehicle,   1864
1969.000000, 291.000000, 1996.000000, 291.000000, 1996.000000, 351.000000, 1969.000000, 351.000000,   small-vehicle,   1866
352.000000, 130.000000, 377.000000, 130.000000, 377.000000, 180.000000, 352.000000, 180.000000,   small-vehicle,   1868
2962.000000, 142.000000, 3015.000000, 142.000000, 3015.000000, 167.000000, 2962.000000, 167.000000,   small-vehicle,   1869
3041.000000, 143.000000, 3100.000000, 143.000000, 3100.000000, 169.000000, 3041.000000, 169.000000,   small-vehicle,   1872
2827.000000, 158.000000, 2885.000000, 158.000000, 2885.000000, 181.000000, 2827.000000, 181.000000,   small-vehicle,   1874
2207.000000, 78.000000, 2236.000000, 78.000000, 2236.000000, 136.000000, 2207.000000, 136.000000,   small-vehicle,   1875
223.000000, 421.000000, 286.000000, 421.000000, 286.000000, 447.000000, 223.000000, 447.000000,   small-vehicle,   1876
349.000000, 68.000000, 374.000000, 68.000000, 374.000000, 119.000000, 349.000000, 119.000000,   small-vehicle,   1878
299.000000, 1248.000000, 348.000000, 1248.000000, 348.000000, 1310.000000, 299.000000, 1310.000000,   small-vehicle,   1888
2233.000000, 511.000000, 2263.000000, 511.000000, 2263.000000, 553.000000, 2233.000000, 553.000000,   small-vehicle,   1889
1949.000000, 84.000000, 1978.000000, 84.000000, 1978.000000, 139.000000, 1949.000000, 139.000000,   small-vehicle,   1893
982.000000, 374.000000, 1030.000000, 374.000000, 1030.000000, 397.000000, 982.000000, 397.000000,   small-vehicle,   1895
1901.000000, -42.000000, 1930.000000, -42.000000, 1930.000000, 11.000000, 1901.000000, 11.000000,   small-vehicle,   1900
1876.000000, -10.000000, 1905.000000, -10.000000, 1905.000000, 42.000000, 1876.000000, 42.000000,   small-vehicle,   1902
262.000000, 348.000000, 311.000000, 348.000000, 311.000000, 374.000000, 262.000000, 374.000000,   small-vehicle,   1909
2351.000000, 232.000000, 2401.000000, 232.000000, 2401.000000, 258.000000, 2351.000000, 258.000000,   small-vehicle,   1918
2194.000000, -84.000000, 2223.000000, -84.000000, 2223.000000, -30.000000, 2194.000000, -30.000000,   small-vehicle,   1921
-9.000000, 413.000000, 52.000000, 413.000000, 52.000000, 440.000000, -9.000000, 440.000000,   small-vehicle,   1922
183.000000, 1316.000000, 227.000000, 1316.000000, 227.000000, 1370.000000, 183.000000, 1370.000000,   small-vehicle,   1927
1989.000000, 677.000000, 2017.000000, 677.000000, 2017.000000, 730.000000, 1989.000000, 730.000000,   small-vehicle,   1936
1870.000000, -124.000000, 1893.000000, -124.000000, 1893.000000, -85.000000, 1870.000000, -85.000000,   small-vehicle,   1941
2190.000000, -172.000000, 2218.000000, -172.000000, 2218.000000, -111.000000, 2190.000000, -111.000000,   small-vehicle,   1945
908.000000, 361.000000, 959.000000, 361.000000, 959.000000, 384.000000, 908.000000, 384.000000,   small-vehicle,   1950
1894.000000, -177.000000, 1920.000000, -177.000000, 1920.000000, -115.000000, 1894.000000, -115.000000,   small-vehicle,   1952
2815.000000, 237.000000, 2881.000000, 237.000000, 2881.000000, 262.000000, 2815.000000, 262.000000,   small-vehicle,   1954
1905.000000, 590.000000, 1927.000000, 590.000000, 1927.000000, 632.000000, 1905.000000, 632.000000,   small-vehicle,   1955
277.000000, 391.000000, 332.000000, 391.000000, 332.000000, 420.000000, 277.000000, 420.000000,   small-vehicle,   1966
1862.000000, -218.000000, 1889.000000, -218.000000, 1889.000000, -161.000000, 1862.000000, -161.000000,   small-vehicle,   1967
3093.000000, -199.000000, 3123.000000, -199.000000, 3123.000000, -144.000000, 3093.000000, -144.000000,   small-vehicle,   1968
2657.000000, 247.000000, 2714.000000, 247.000000, 2714.000000, 273.000000, 2657.000000, 273.000000,   small-vehicle,   1970
1959.000000, 281.000000, 1988.000000, 281.000000, 1988.000000, 334.000000, 1959.000000, 334.000000,   small-vehicle,   1971
2184.000000, -243.000000, 2214.000000, -243.000000, 2214.000000, -187.000000, 2184.000000, -187.000000,   small-vehicle,   1972
1341.000000, 342.000000, 1401.000000, 342.000000, 1401.000000, 375.000000, 1341.000000, 375.000000,   small-vehicle,   1974
2158.000000, -230.000000, 2188.000000, -230.000000, 2188.000000, -168.000000, 2158.000000, -168.000000,   small-vehicle,   1977
2149.000000, -303.000000, 2178.000000, -303.000000, 2178.000000, -240.000000, 2149.000000, -240.000000,   small-vehicle,   1988
3232.000000, 212.000000, 3279.000000, 212.000000, 3279.000000, 235.000000, 3232.000000, 235.000000,   small-vehicle,   1992
1941.000000, 76.000000, 1970.000000, 76.000000, 1970.000000, 134.000000, 1941.000000, 134.000000,   small-vehicle,   1997
2059.000000, 1236.000000, 2091.000000, 1236.000000, 2091.000000, 1303.000000, 2059.000000, 1303.000000,   small-vehicle,   1998
3088.000000, -279.000000, 3116.000000, -279.000000, 3116.000000, -223.000000, 3088.000000, -223.000000,   small-vehicle,   2005
2179.000000, -323.000000, 2209.000000, -323.000000, 2209.000000, -262.000000, 2179.000000, -262.000000,   small-vehicle,   2006
1384.000000, 1206.000000, 1442.000000, 1206.000000, 1442.000000, 1230.000000, 1384.000000, 1230.000000,   small-vehicle,   2007
253.000000, -337.000000, 302.000000, -337.000000, 302.000000, -290.000000, 253.000000, -290.000000,   small-vehicle,   2008
2618.000000, -390.000000, 2678.000000, -390.000000, 2678.000000, -359.000000, 2618.000000, -359.000000,   small-vehicle,   2013
396.000000, 1251.000000, 462.000000, 1251.000000, 462.000000, 1283.000000, 396.000000, 1283.000000,   small-vehicle,   2014
3314.000000, 208.000000, 3380.000000, 208.000000, 3380.000000, 236.000000, 3314.000000, 236.000000,   small-vehicle,   2016
3449.000000, 203.000000, 3512.000000, 203.000000, 3512.000000, 224.000000, 3449.000000, 224.000000,   small-vehicle,   2017
3670.000000, 194.000000, 3714.000000, 194.000000, 3714.000000, 212.000000, 3670.000000, 212.000000,   small-vehicle,   2021
1854.000000, -381.000000, 1884.000000, -381.000000, 1884.000000, -325.000000, 1854.000000, -325.000000,   small-vehicle,   2023
188.000000, -480.000000, 245.000000, -480.000000, 245.000000, -427.000000, 188.000000, -427.000000,   small-vehicle,   2028
2950.000000, 226.000000, 3009.000000, 226.000000, 3009.000000, 255.000000, 2950.000000, 255.000000,   small-vehicle,   2030
241.000000, -437.000000, 289.000000, -437.000000, 289.000000, -394.000000, 241.000000, -394.000000,   small-vehicle,   2031
1875.000000, -448.000000, 1901.000000, -448.000000, 1901.000000, -391.000000, 1875.000000, -391.000000,   small-vehicle,   2033
2162.000000, -424.000000, 2186.000000, -424.000000, 2186.000000, -373.000000, 2162.000000, -373.000000,   small-vehicle,   2035
39.000000, -513.000000, 98.000000, -513.000000, 98.000000, -463.000000, 39.000000, -463.000000,   small-vehicle,   2038
2157.000000, -487.000000, 2184.000000, -487.000000, 2184.000000, -436.000000, 2157.000000, -436.000000,   small-vehicle,   2039
1926.000000, -231.000000, 1954.000000, -231.000000, 1954.000000, -163.000000, 1926.000000, -163.000000,   small-vehicle,   2041
1986.000000, 2.000000, 2012.000000, 2.000000, 2012.000000, 56.000000, 1986.000000, 56.000000,   small-vehicle,   2042
80.000000, -437.000000, 129.000000, -437.000000, 129.000000, -376.000000, 80.000000, -376.000000,   small-vehicle,   2043
347.000000, 943.000000, 383.000000, 943.000000, 383.000000, 1008.000000, 347.000000, 1008.000000,   large-vehicle,   2047
1870.000000, -520.000000, 1903.000000, -520.000000, 1903.000000, -455.000000, 1870.000000, -455.000000,   small-vehicle,   2050
3082.000000, -353.000000, 3110.000000, -353.000000, 3110.000000, -297.000000, 3082.000000, -297.000000,   small-vehicle,   2054
-12.000000, -554.000000, 44.000000, -554.000000, 44.000000, -505.000000, -12.000000, -505.000000,   small-vehicle,   2060
2475.000000, 254.000000, 2529.000000, 254.000000, 2529.000000, 277.000000, 2475.000000, 277.000000,   small-vehicle,   2064
2162.000000, -548.000000, 2190.000000, -548.000000, 2190.000000, -502.000000, 2162.000000, -502.000000,   small-vehicle,   2065
48.000000, -592.000000, 112.000000, -592.000000, 112.000000, -534.000000, 48.000000, -534.000000,   small-vehicle,   2066
2619.000000, -351.000000, 2662.000000, -351.000000, 2662.000000, -326.000000, 2619.000000, -326.000000,   small-vehicle,   2068
1887.000000, 104.000000, 1906.000000, 104.000000, 1906.000000, 135.000000, 1887.000000, 135.000000,   small-vehicle,   2069
1395.000000, -537.000000, 1448.000000, -537.000000, 1448.000000, -509.000000, 1395.000000, -509.000000,   small-vehicle,   2072
3663.000000, 114.000000, 3713.000000, 114.000000, 3713.000000, 138.000000, 3663.000000, 138.000000,   small-vehicle,   2075
1518.000000, 336.000000, 1563.000000, 336.000000, 1563.000000, 364.000000, 1518.000000, 364.000000,   small-vehicle,   2077
354.000000, 431.000000, 380.000000, 431.000000, 380.000000, 481.000000, 354.000000, 481.000000,   small-vehicle,   2080
718.000000, 1187.000000, 779.000000, 1187.000000, 779.000000, 1202.000000, 718.000000, 1202.000000,   large-vehicle,   2081
-5.000000, -629.000000, 45.000000, -629.000000, 45.000000, -582.000000, -5.000000, -582.000000,   small-vehicle,   2084
293.000000, -304.000000, 346.000000, -304.000000, 346.000000, -257.000000, 293.000000, -257.000000,   small-vehicle,   2085
2147.000000, 530.000000, 2178.000000, 530.000000, 2178.000000, 595.000000, 2147.000000, 595.000000,   small-vehicle,   2088
3055.000000, -675.000000, 3091.000000, -675.000000, 3091.000000, -616.000000, 3055.000000, -616.000000,   small-vehicle,   2090
722.000000, 1226.000000, 789.000000, 1226.000000, 789.000000, 1262.000000, 722.000000, 1262.000000,   small-vehicle,   2091
2681.000000, 179.000000, 2737.000000, 179.000000, 2737.000000, 202.000000, 2681.000000, 202.000000,   small-vehicle,   2093
298.000000, 289.000000, 340.000000, 289.000000, 340.000000, 310.000000, 298.000000, 310.000000,   small-vehicle,   2096
539.000000, 1232.000000, 593.000000, 1232.000000, 593.000000, 1261.000000, 539.000000, 1261.000000,   small-vehicle,   2104
2685.000000, 613.000000, 2721.000000, 613.000000, 2721.000000, 682.000000, 2685.000000, 682.000000,   small-vehicle,   2107
3116.000000, 200.000000, 3169.000000, 200.000000, 3169.000000, 257.000000, 3116.000000, 257.000000,   small-vehicle,   2108
2685.000000, 605.000000, 2718.000000, 605.000000, 2718.000000, 672.000000, 2685.000000, 672.000000,   large-vehicle,   2109
2577.000000, -716.000000, 2638.000000, -716.000000, 2638.000000, -689.000000, 2577.000000, -689.000000,   small-vehicle,   2110
2829.000000, 202.000000, 2898.000000, 202.000000, 2898.000000, 232.000000, 2829.000000, 232.000000,   small-vehicle,   2111
3054.000000, -751.000000, 3115.000000, -751.000000, 3115.000000, -705.000000, 3054.000000, -705.000000,   small-vehicle,   2112
296.000000, -398.000000, 345.000000, -398.000000, 345.000000, -363.000000, 296.000000, -363.000000,   small-vehicle,   2113
301.000000, -333.000000, 342.000000, -333.000000, 342.000000, -295.000000, 301.000000, -295.000000,   small-vehicle,   2114
3110.000000, 35.000000, 3146.000000, 35.000000, 3146.000000, 100.000000, 3110.000000, 100.000000,   small-vehicle,   2116
2075.000000, 515.000000, 2106.000000, 515.000000, 2106.000000, 580.000000, 2075.000000, 580.000000,   small-vehicle,   2117
2082.000000, -793.000000, 2111.000000, -793.000000, 2111.000000, -733.000000, 2082.000000, -733.000000,   small-vehicle,   2118
2871.000000, -721.000000, 2916.000000, -721.000000, 2916.000000, -697.000000, 2871.000000, -697.000000,   small-vehicle,   2119
3025.000000, 226.000000, 3069.000000, 226.000000, 3069.000000, 252.000000, 3025.000000, 252.000000,   small-vehicle,   2120
1851.000000, -320.000000, 1872.000000, -320.000000, 1872.000000, -278.000000, 1851.000000, -278.000000,   small-vehicle,   2121
2425.000000, 230.000000, 2483.000000, 230.000000, 2483.000000, 257.000000, 2425.000000, 257.000000,   small-vehicle,   2122
1927.000000, 446.000000, 1966.000000, 446.000000, 1966.000000, 522.000000, 1927.000000, 522.000000,   small-vehicle,   2123
-33.000000, -385.000000, 18.000000, -385.000000, 18.000000, -360.000000, -33.000000, -360.000000,   small-vehicle,   2126
2073.000000, 494.000000, 2105.000000, 494.000000, 2105.000000, 557.000000, 2073.000000, 557.000000,   large-vehicle,   2127
3109.000000, 19.000000, 3146.000000, 19.000000, 3146.000000, 88.000000, 3109.000000, 88.000000,   large-vehicle,   2128
2848.000000, 177.000000, 2918.000000, 177.000000, 2918.000000, 208.000000, 2848.000000, 208.000000,   large-vehicle,   2129
