2176.000000, 1216.000000, 2238.000000, 1216.000000, 2238.000000, 1282.000000, 2176.000000, 1282.000000,   small-vehicle,   1290
2001.000000, 1647.000000, 2023.000000, 1647.000000, 2023.000000, 1707.000000, 2001.000000, 1707.000000,   small-vehicle,   1499
1294.000000, 1582.000000, 1319.000000, 1582.000000, 1319.000000, 1624.000000, 1294.000000, 1624.000000,   small-vehicle,   1507
2255.000000, 1523.000000, 2288.000000, 1523.000000, 2288.000000, 1584.000000, 2255.000000, 1584.000000,   small-vehicle,   1509
2984.000000, 1576.000000, 3011.000000, 1576.000000, 3011.000000, 1633.000000, 2984.000000, 1633.000000,   small-vehicle,   1515
1292.000000, 1527.000000, 1320.000000, 1527.000000, 1320.000000, 1580.000000, 1292.000000, 1580.000000,   small-vehicle,   1517
1960.000000, 1473.000000, 1986.000000, 1473.000000, 1986.000000, 1528.000000, 1960.000000, 1528.000000,   small-vehicle,   1522
2277.000000, 1465.000000, 2310.000000, 1465.000000, 2310.000000, 1524.000000, 2277.000000, 1524.000000,   small-vehicle,   1529
2274.000000, 1391.000000, 2304.000000, 1391.000000, 2304.000000, 1447.000000, 2274.000000, 1447.000000,   small-vehicle,   1536
1957.000000, 1402.000000, 1984.000000, 1402.000000, 1984.000000, 1462.000000, 1957.000000, 1462.000000,   small-vehicle,   1537
1291.000000, 1368.000000, 1315.000000, 1368.000000, 1315.000000, 1420.000000, 1291.000000, 1420.000000,   small-vehicle,   1548
1958.000000, 1333.000000, 1988.000000, 1333.000000, 1988.000000, 1394.000000, 1958.000000, 1394.000000,   small-vehicle,   1549
2274.000000, 1315.000000, 2303.000000, 1315.000000, 2303.000000, 1376.000000, 2274.000000, 1376.000000,   small-vehicle,   1552
1284.000000, 1290.000000, 1311.000000, 1290.000000, 1311.000000, 1349.000000, 1284.000000, 1349.000000,   small-vehicle,   1554
1946.000000, 1269.000000, 1974.000000, 1269.000000, 1974.000000, 1318.000000, 1946.000000, 1318.000000,   small-vehicle,   1562
1973.000000, 1221.000000, 1999.000000, 1221.000000, 1999.000000, 1273.000000, 1973.000000, 1273.000000,   small-vehicle,   1566
2237.000000, 1220.000000, 2272.000000, 1220.000000, 2272.000000, 1287.000000, 2237.000000, 1287.000000,   small-vehicle,   1571
728.000000, 1184.000000, 785.000000, 1184.000000, 785.000000, 1205.000000, 728.000000, 1205.000000,   small-vehicle,   1573
440.000000, 1173.000000, 496.000000, 1173.000000, 496.000000, 1205.000000, 440.000000, 1205.000000,   small-vehicle,   1575
503.000000, 1182.000000, 569.000000, 1182.000000, 569.000000, 1210.000000, 503.000000, 1210.000000,   small-vehicle,   1578
797.000000, 1181.000000, 844.000000, 1181.000000, 844.000000, 1201.000000, 797.000000, 1201.000000,   small-vehicle,   1585
1513.000000, 1144.000000, 1559.000000, 1144.000000, 1559.000000, 1168.000000, 1513.000000, 1168.000000,   small-vehicle,   1590
386.000000, 1115.000000, 415.000000, 1115.000000, 415.000000, 1169.000000, 386.000000, 1169.000000,   small-vehicle,   1594
1960.000000, 1065.000000, 1989.000000, 1065.000000, 1989.000000, 1116.000000, 1960.000000, 1116.000000,   small-vehicle,   1602
2927.000000, 1061.000000, 2994.000000, 1061.000000, 2994.000000, 1095.000000, 2927.000000, 1095.000000,   small-vehicle,   1614
321.000000, 1035.000000, 367.000000, 1035.000000, 367.000000, 1093.000000, 321.000000, 1093.000000,   small-vehicle,   1615
2232.000000, 1041.000000, 2256.000000, 1041.000000, 2256.000000, 1094.000000, 2232.000000, 1094.000000,   small-vehicle,   1623
3494.000000, 1041.000000, 3555.000000, 1041.000000, 3555.000000, 1063.000000, 3494.000000, 1063.000000,   small-vehicle,   1628
3416.000000, 1041.000000, 3474.000000, 1041.000000, 3474.000000, 1067.000000, 3416.000000, 1067.000000,   small-vehicle,   1631
86.000000, 1089.000000, 139.000000, 1089.000000, 139.000000, 1131.000000, 86.000000, 1131.000000,   small-vehicle,   1632
2224.000000, 969.000000, 2256.000000, 969.000000, 2256.000000, 1035.000000, 2224.000000, 1035.000000,   small-vehicle,   1633
1929.000000, 900.000000, 1955.000000, 900.000000, 1955.000000, 955.000000, 1929.000000, 955.000000,   small-vehicle,   1637
3226.000000, 931.000000, 3263.000000, 931.000000, 3263.000000, 992.000000, 3226.000000, 992.000000,   small-vehicle,   1638
433.000000, 916.000000, 464.000000, 916.000000, 464.000000, 980.000000, 433.000000, 980.000000,   small-vehicle,   1643
503.000000, 899.000000, 555.000000, 899.000000, 555.000000, 942.000000, 503.000000, 942.000000,   small-vehicle,   1646
358.000000, 895.000000, 385.000000, 895.000000, 385.000000, 945.000000, 358.000000, 945.000000,   small-vehicle,   1650
2975.000000, 1438.000000, 3007.000000, 1438.000000, 3007.000000, 1501.000000, 2975.000000, 1501.000000,   small-vehicle,   1651
2247.000000, 847.000000, 2277.000000, 847.000000, 2277.000000, 905.000000, 2247.000000, 905.000000,   small-vehicle,   1656
1924.000000, 830.000000, 1954.000000, 830.000000, 1954.000000, 887.000000, 1924.000000, 887.000000,   small-vehicle,   1658
1038.000000, 1223.000000, 1091.000000, 1223.000000, 1091.000000, 1250.000000, 1038.000000, 1250.000000,   small-vehicle,   1659
3224.000000, 854.000000, 3259.000000, 854.000000, 3259.000000, 910.000000, 3224.000000, 910.000000,   small-vehicle,   1665
359.000000, 835.000000, 387.000000, 835.000000, 387.000000, 887.000000, 359.000000, 887.000000,   small-vehicle,   1666
2973.000000, 1500.000000, 3010.000000, 1500.000000, 3010.000000, 1566.000000, 2973.000000, 1566.000000,   small-vehicle,   1667
2560.000000, 1664.000000, 2616.000000, 1664.000000, 2616.000000, 1693.000000, 2560.000000, 1693.000000,   small-vehicle,   1671
2207.000000, 780.000000, 2236.000000, 780.000000, 2236.000000, 834.000000, 2207.000000, 834.000000,   small-vehicle,   1680
1952.000000, 801.000000, 1977.000000, 801.000000, 1977.000000, 851.000000, 1952.000000, 851.000000,   small-vehicle,   1683
1925.000000, 773.000000, 1951.000000, 773.000000, 1951.000000, 821.000000, 1925.000000, 821.000000,   small-vehicle,   1687
3251.000000, 1117.000000, 3320.000000, 1117.000000, 3320.000000, 1150.000000, 3251.000000, 1150.000000,   small-vehicle,   1688
2962.000000, 1234.000000, 2991.000000, 1234.000000, 2991.000000, 1276.000000, 2962.000000, 1276.000000,   small-vehicle,   1689
2468.000000, 1160.000000, 2518.000000, 1160.000000, 2518.000000, 1180.000000, 2468.000000, 1180.000000,   small-vehicle,   1693
2241.000000, 762.000000, 2271.000000, 762.000000, 2271.000000, 816.000000, 2241.000000, 816.000000,   small-vehicle,   1697
1950.000000, 724.000000, 1982.000000, 724.000000, 1982.000000, 788.000000, 1950.000000, 788.000000,   small-vehicle,   1699
2863.000000, 1657.000000, 2919.000000, 1657.000000, 2919.000000, 1684.000000, 2863.000000, 1684.000000,   small-vehicle,   1702
2242.000000, 689.000000, 2269.000000, 689.000000, 2269.000000, 740.000000, 2242.000000, 740.000000,   small-vehicle,   1705
2154.000000, 482.000000, 2182.000000, 482.000000, 2182.000000, 549.000000, 2154.000000, 549.000000,   small-vehicle,   1706
1936.000000, 628.000000, 1963.000000, 628.000000, 1963.000000, 680.000000, 1936.000000, 680.000000,   small-vehicle,   1708
1916.000000, 691.000000, 1945.000000, 691.000000, 1945.000000, 747.000000, 1916.000000, 747.000000,   small-vehicle,   1709
234.000000, 1223.000000, 276.000000, 1223.000000, 276.000000, 1285.000000, 234.000000, 1285.000000,   small-vehicle,   1710
1956.000000, 1562.000000, 1989.000000, 1562.000000, 1989.000000, 1606.000000, 1956.000000, 1606.000000,   small-vehicle,   1712
3221.000000, 626.000000, 3253.000000, 626.000000, 3253.000000, 686.000000, 3221.000000, 686.000000,   small-vehicle,   1715
2284.000000, 1257.000000, 2305.000000, 1257.000000, 2305.000000, 1304.000000, 2284.000000, 1304.000000,   small-vehicle,   1719
2724.000000, 608.000000, 2751.000000, 608.000000, 2751.000000, 664.000000, 2724.000000, 664.000000,   small-vehicle,   1727
2642.000000, 600.000000, 2673.000000, 600.000000, 2673.000000, 662.000000, 2642.000000, 662.000000,   small-vehicle,   1728
2231.000000, 561.000000, 2256.000000, 561.000000, 2256.000000, 624.000000, 2231.000000, 624.000000,   small-vehicle,   1729
2535.000000, 1153.000000, 2593.000000, 1153.000000, 2593.000000, 1182.000000, 2535.000000, 1182.000000,   small-vehicle,   1730
2763.000000, 596.000000, 2793.000000, 596.000000, 2793.000000, 655.000000, 2763.000000, 655.000000,   small-vehicle,   1731
2610.000000, 608.000000, 2633.000000, 608.000000, 2633.000000, 652.000000, 2610.000000, 652.000000,   small-vehicle,   1737
2808.000000, 592.000000, 2838.000000, 592.000000, 2838.000000, 651.000000, 2808.000000, 651.000000,   small-vehicle,   1739
1918.000000, 534.000000, 1948.000000, 534.000000, 1948.000000, 593.000000, 1918.000000, 593.000000,   small-vehicle,   1742
2196.000000, 524.000000, 2227.000000, 524.000000, 2227.000000, 588.000000, 2196.000000, 588.000000,   small-vehicle,   1744
1460.000000, 1205.000000, 1503.000000, 1205.000000, 1503.000000, 1226.000000, 1460.000000, 1226.000000,   small-vehicle,   1747
542.000000, 1245.000000, 595.000000, 1245.000000, 595.000000, 1276.000000, 542.000000, 1276.000000,   small-vehicle,   1752
1899.000000, 422.000000, 1929.000000, 422.000000, 1929.000000, 483.000000, 1899.000000, 483.000000,   small-vehicle,   1760
3168.000000, 1120.000000, 3232.000000, 1120.000000, 3232.000000, 1149.000000, 3168.000000, 1149.000000,   small-vehicle,   1761
1520.000000, 1198.000000, 1576.000000, 1198.000000, 1576.000000, 1224.000000, 1520.000000, 1224.000000,   small-vehicle,   1762
3203.000000, 485.000000, 3231.000000, 485.000000, 3231.000000, 547.000000, 3203.000000, 547.000000,   small-vehicle,   1763
65.000000, 431.000000, 122.000000, 431.000000, 122.000000, 457.000000, 65.000000, 457.000000,   small-vehicle,   1765
3197.000000, 409.000000, 3229.000000, 409.000000, 3229.000000, 476.000000, 3197.000000, 476.000000,   small-vehicle,   1767
2371.000000, 657.000000, 2423.000000, 657.000000, 2423.000000, 681.000000, 2371.000000, 681.000000,   small-vehicle,   1769
1048.000000, 372.000000, 1104.000000, 372.000000, 1104.000000, 397.000000, 1048.000000, 397.000000,   small-vehicle,   1772
47.000000, 354.000000, 109.000000, 354.000000, 109.000000, 382.000000, 47.000000, 382.000000,   small-vehicle,   1773
2615.000000, 1151.000000, 2675.000000, 1151.000000, 2675.000000, 1180.000000, 2615.000000, 1180.000000,   small-vehicle,   1774
3705.000000, 1101.000000, 3773.000000, 1101.000000, 3773.000000, 1126.000000, 3705.000000, 1126.000000,   small-vehicle,   1776
1897.000000, 366.000000, 1921.000000, 366.000000, 1921.000000, 409.000000, 1897.000000, 409.000000,   small-vehicle,   1777
2003.000000, 724.000000, 2034.000000, 724.000000, 2034.000000, 796.000000, 2003.000000, 796.000000,   small-vehicle,   1783
2152.000000, 306.000000, 2178.000000, 306.000000, 2178.000000, 360.000000, 2152.000000, 360.000000,   small-vehicle,   1785
2221.000000, 367.000000, 2250.000000, 367.000000, 2250.000000, 419.000000, 2221.000000, 419.000000,   small-vehicle,   1787
562.000000, 321.000000, 613.000000, 321.000000, 613.000000, 346.000000, 562.000000, 346.000000,   small-vehicle,   1790
3551.000000, 1109.000000, 3613.000000, 1109.000000, 3613.000000, 1135.000000, 3551.000000, 1135.000000,   small-vehicle,   1791
497.000000, 326.000000, 551.000000, 326.000000, 551.000000, 350.000000, 497.000000, 350.000000,   small-vehicle,   1793
3194.000000, 325.000000, 3226.000000, 325.000000, 3226.000000, 383.000000, 3194.000000, 383.000000,   small-vehicle,   1794
696.000000, 348.000000, 757.000000, 348.000000, 757.000000, 376.000000, 696.000000, 376.000000,   small-vehicle,   1795
633.000000, 318.000000, 685.000000, 318.000000, 685.000000, 343.000000, 633.000000, 343.000000,   small-vehicle,   1799
701.000000, 312.000000, 757.000000, 312.000000, 757.000000, 336.000000, 701.000000, 336.000000,   small-vehicle,   1804
890.000000, 302.000000, 944.000000, 302.000000, 944.000000, 328.000000, 890.000000, 328.000000,   small-vehicle,   1805
1743.000000, 305.000000, 1800.000000, 305.000000, 1800.000000, 339.000000, 1743.000000, 339.000000,   small-vehicle,   1807
947.000000, 296.000000, 1009.000000, 296.000000, 1009.000000, 323.000000, 947.000000, 323.000000,   small-vehicle,   1808
767.000000, 308.000000, 817.000000, 308.000000, 817.000000, 332.000000, 767.000000, 332.000000,   small-vehicle,   1810
479.000000, 1248.000000, 539.000000, 1248.000000, 539.000000, 1277.000000, 479.000000, 1277.000000,   small-vehicle,   1813
348.000000, 280.000000, 381.000000, 280.000000, 381.000000, 338.000000, 348.000000, 338.000000,   small-vehicle,   1814
2663.000000, 495.000000, 2718.000000, 495.000000, 2718.000000, 526.000000, 2663.000000, 526.000000,   small-vehicle,   1815
1030.000000, 290.000000, 1080.000000, 290.000000, 1080.000000, 317.000000, 1030.000000, 317.000000,   small-vehicle,   1817
828.000000, 304.000000, 880.000000, 304.000000, 880.000000, 331.000000, 828.000000, 331.000000,   small-vehicle,   1818
2186.000000, 301.000000, 2212.000000, 301.000000, 2212.000000, 352.000000, 2186.000000, 352.000000,   small-vehicle,   1819
728.000000, 1230.000000, 792.000000, 1230.000000, 792.000000, 1264.000000, 728.000000, 1264.000000,   small-vehicle,   1821
1674.000000, 238.000000, 1731.000000, 238.000000, 1731.000000, 268.000000, 1674.000000, 268.000000,   small-vehicle,   1822
1164.000000, 280.000000, 1218.000000, 280.000000, 1218.000000, 311.000000, 1164.000000, 311.000000,   small-vehicle,   1825
1573.000000, 249.000000, 1626.000000, 249.000000, 1626.000000, 276.000000, 1573.000000, 276.000000,   small-vehicle,   1826
1397.000000, 264.000000, 1447.000000, 264.000000, 1447.000000, 288.000000, 1397.000000, 288.000000,   small-vehicle,   1827
1235.000000, 277.000000, 1284.000000, 277.000000, 1284.000000, 303.000000, 1235.000000, 303.000000,   small-vehicle,   1831
1739.000000, 231.000000, 1789.000000, 231.000000, 1789.000000, 259.000000, 1739.000000, 259.000000,   small-vehicle,   1833
3191.000000, 265.000000, 3218.000000, 265.000000, 3218.000000, 326.000000, 3191.000000, 326.000000,   small-vehicle,   1835
1339.000000, 269.000000, 1383.000000, 269.000000, 1383.000000, 293.000000, 1339.000000, 293.000000,   small-vehicle,   1836
2961.000000, 1279.000000, 2993.000000, 1279.000000, 2993.000000, 1337.000000, 2961.000000, 1337.000000,   small-vehicle,   1837
1799.000000, 226.000000, 1851.000000, 226.000000, 1851.000000, 253.000000, 1799.000000, 253.000000,   small-vehicle,   1838
432.000000, 993.000000, 458.000000, 993.000000, 458.000000, 1035.000000, 432.000000, 1035.000000,   small-vehicle,   1839
352.000000, 220.000000, 376.000000, 220.000000, 376.000000, 269.000000, 352.000000, 269.000000,   small-vehicle,   1845
3145.000000, 532.000000, 3165.000000, 532.000000, 3165.000000, 582.000000, 3145.000000, 582.000000,   small-vehicle,   1850
2678.000000, 165.000000, 2736.000000, 165.000000, 2736.000000, 190.000000, 2678.000000, 190.000000,   small-vehicle,   1854
2532.000000, 175.000000, 2586.000000, 175.000000, 2586.000000, 202.000000, 2532.000000, 202.000000,   small-vehicle,   1856
2476.000000, 181.000000, 2528.000000, 181.000000, 2528.000000, 207.000000, 2476.000000, 207.000000,   small-vehicle,   1858
2394.000000, 186.000000, 2462.000000, 186.000000, 2462.000000, 214.000000, 2394.000000, 214.000000,   small-vehicle,   1859
1771.000000, 174.000000, 1829.000000, 174.000000, 1829.000000, 199.000000, 1771.000000, 199.000000,   small-vehicle,   1860
407.000000, 1027.000000, 457.000000, 1027.000000, 457.000000, 1089.000000, 407.000000, 1089.000000,   small-vehicle,   1864
1969.000000, 287.000000, 1997.000000, 287.000000, 1997.000000, 355.000000, 1969.000000, 355.000000,   small-vehicle,   1866
351.000000, 131.000000, 379.000000, 131.000000, 379.000000, 179.000000, 351.000000, 179.000000,   small-vehicle,   1868
2961.000000, 141.000000, 3015.000000, 141.000000, 3015.000000, 169.000000, 2961.000000, 169.000000,   small-vehicle,   1869
3041.000000, 141.000000, 3101.000000, 141.000000, 3101.000000, 170.000000, 3041.000000, 170.000000,   small-vehicle,   1872
2820.000000, 155.000000, 2891.000000, 155.000000, 2891.000000, 184.000000, 2820.000000, 184.000000,   small-vehicle,   1874
2208.000000, 77.000000, 2235.000000, 77.000000, 2235.000000, 136.000000, 2208.000000, 136.000000,   small-vehicle,   1875
223.000000, 421.000000, 286.000000, 421.000000, 286.000000, 447.000000, 223.000000, 447.000000,   small-vehicle,   1876
349.000000, 67.000000, 374.000000, 67.000000, 374.000000, 120.000000, 349.000000, 120.000000,   small-vehicle,   1878
2815.000000, 188.000000, 2871.000000, 188.000000, 2871.000000, 218.000000, 2815.000000, 218.000000,   small-vehicle,   1882
3666.000000, 78.000000, 3714.000000, 78.000000, 3714.000000, 96.000000, 3666.000000, 96.000000,   small-vehicle,   1887
300.000000, 1251.000000, 346.000000, 1251.000000, 346.000000, 1308.000000, 300.000000, 1308.000000,   small-vehicle,   1888
2234.000000, 513.000000, 2261.000000, 513.000000, 2261.000000, 551.000000, 2234.000000, 551.000000,   small-vehicle,   1889
1949.000000, 84.000000, 1979.000000, 84.000000, 1979.000000, 139.000000, 1949.000000, 139.000000,   small-vehicle,   1893
982.000000, 374.000000, 1030.000000, 374.000000, 1030.000000, 397.000000, 982.000000, 397.000000,   small-vehicle,   1895
3110.000000, 27.000000, 3147.000000, 27.000000, 3147.000000, 89.000000, 3110.000000, 89.000000,   small-vehicle,   1898
1902.000000, -43.000000, 1929.000000, -43.000000, 1929.000000, 10.000000, 1902.000000, 10.000000,   small-vehicle,   1900
1876.000000, -11.000000, 1905.000000, -11.000000, 1905.000000, 44.000000, 1876.000000, 44.000000,   small-vehicle,   1902
377.000000, 384.000000, 417.000000, 384.000000, 417.000000, 436.000000, 377.000000, 436.000000,   small-vehicle,   1909
1929.000000, 440.000000, 1965.000000, 440.000000, 1965.000000, 513.000000, 1929.000000, 513.000000,   large-vehicle,   1917
2351.000000, 229.000000, 2401.000000, 229.000000, 2401.000000, 256.000000, 2351.000000, 256.000000,   small-vehicle,   1918
2194.000000, -84.000000, 2224.000000, -84.000000, 2224.000000, -31.000000, 2194.000000, -31.000000,   small-vehicle,   1921
-7.000000, 422.000000, 54.000000, 422.000000, 54.000000, 446.000000, -7.000000, 446.000000,   small-vehicle,   1922
184.000000, 1335.000000, 228.000000, 1335.000000, 228.000000, 1395.000000, 184.000000, 1395.000000,   small-vehicle,   1927
1961.000000, 264.000000, 1991.000000, 264.000000, 1991.000000, 319.000000, 1961.000000, 319.000000,   small-vehicle,   1936
2169.000000, 1110.000000, 2202.000000, 1110.000000, 2202.000000, 1178.000000, 2169.000000, 1178.000000,   small-vehicle,   1937
1870.000000, -125.000000, 1892.000000, -125.000000, 1892.000000, -87.000000, 1870.000000, -87.000000,   small-vehicle,   1941
2191.000000, -169.000000, 2217.000000, -169.000000, 2217.000000, -112.000000, 2191.000000, -112.000000,   small-vehicle,   1945
909.000000, 368.000000, 962.000000, 368.000000, 962.000000, 390.000000, 909.000000, 390.000000,   small-vehicle,   1950
3126.000000, 169.000000, 3198.000000, 169.000000, 3198.000000, 203.000000, 3126.000000, 203.000000,   small-vehicle,   1951
1896.000000, -176.000000, 1920.000000, -176.000000, 1920.000000, -115.000000, 1896.000000, -115.000000,   small-vehicle,   1952
2814.000000, 227.000000, 2883.000000, 227.000000, 2883.000000, 258.000000, 2814.000000, 258.000000,   small-vehicle,   1954
1904.000000, 589.000000, 1925.000000, 589.000000, 1925.000000, 630.000000, 1904.000000, 630.000000,   small-vehicle,   1955
2175.000000, 1509.000000, 2193.000000, 1509.000000, 2193.000000, 1541.000000, 2175.000000, 1541.000000,   small-vehicle,   1956
285.000000, 401.000000, 334.000000, 401.000000, 334.000000, 426.000000, 285.000000, 426.000000,   small-vehicle,   1966
1863.000000, -213.000000, 1891.000000, -213.000000, 1891.000000, -158.000000, 1863.000000, -158.000000,   small-vehicle,   1967
3092.000000, -210.000000, 3122.000000, -210.000000, 3122.000000, -152.000000, 3092.000000, -152.000000,   small-vehicle,   1968
2656.000000, 240.000000, 2713.000000, 240.000000, 2713.000000, 269.000000, 2656.000000, 269.000000,   small-vehicle,   1970
1940.000000, -56.000000, 1970.000000, -56.000000, 1970.000000, 1.000000, 1940.000000, 1.000000,   small-vehicle,   1971
2185.000000, -246.000000, 2215.000000, -246.000000, 2215.000000, -188.000000, 2185.000000, -188.000000,   small-vehicle,   1972
1340.000000, 347.000000, 1401.000000, 347.000000, 1401.000000, 380.000000, 1340.000000, 380.000000,   small-vehicle,   1974
2158.000000, -228.000000, 2188.000000, -228.000000, 2188.000000, -170.000000, 2158.000000, -170.000000,   small-vehicle,   1977
2965.000000, 1369.000000, 3000.000000, 1369.000000, 3000.000000, 1438.000000, 2965.000000, 1438.000000,   small-vehicle,   1980
321.000000, 904.000000, 342.000000, 904.000000, 342.000000, 944.000000, 321.000000, 944.000000,   small-vehicle,   1981
158.000000, 1401.000000, 198.000000, 1401.000000, 198.000000, 1456.000000, 158.000000, 1456.000000,   small-vehicle,   1983
2151.000000, -300.000000, 2177.000000, -300.000000, 2177.000000, -242.000000, 2151.000000, -242.000000,   small-vehicle,   1988
3232.000000, 199.000000, 3291.000000, 199.000000, 3291.000000, 221.000000, 3232.000000, 221.000000,   small-vehicle,   1992
2074.000000, 514.000000, 2105.000000, 514.000000, 2105.000000, 575.000000, 2074.000000, 575.000000,   small-vehicle,   1993
132.000000, 1456.000000, 176.000000, 1456.000000, 176.000000, 1512.000000, 132.000000, 1512.000000,   small-vehicle,   1995
1925.000000, -243.000000, 1954.000000, -243.000000, 1954.000000, -184.000000, 1925.000000, -184.000000,   small-vehicle,   1997
2028.000000, 709.000000, 2060.000000, 709.000000, 2060.000000, 775.000000, 2028.000000, 775.000000,   small-vehicle,   1998
348.000000, 944.000000, 385.000000, 944.000000, 385.000000, 1005.000000, 348.000000, 1005.000000,   large-vehicle,   2000
3086.000000, -287.000000, 3116.000000, -287.000000, 3116.000000, -232.000000, 3086.000000, -232.000000,   small-vehicle,   2005
2180.000000, -322.000000, 2208.000000, -322.000000, 2208.000000, -263.000000, 2180.000000, -263.000000,   small-vehicle,   2006
1383.000000, 1206.000000, 1443.000000, 1206.000000, 1443.000000, 1228.000000, 1383.000000, 1228.000000,   small-vehicle,   2007
253.000000, -325.000000, 303.000000, -325.000000, 303.000000, -278.000000, 253.000000, -278.000000,   small-vehicle,   2008
2617.000000, -398.000000, 2676.000000, -398.000000, 2676.000000, -365.000000, 2617.000000, -365.000000,   small-vehicle,   2013
397.000000, 1250.000000, 463.000000, 1250.000000, 463.000000, 1283.000000, 397.000000, 1283.000000,   small-vehicle,   2014
2685.000000, 606.000000, 2718.000000, 606.000000, 2718.000000, 676.000000, 2685.000000, 676.000000,   small-vehicle,   2015
3316.000000, 197.000000, 3380.000000, 197.000000, 3380.000000, 220.000000, 3316.000000, 220.000000,   small-vehicle,   2016
3447.000000, 186.000000, 3502.000000, 186.000000, 3502.000000, 205.000000, 3447.000000, 205.000000,   small-vehicle,   2017
55.000000, 1639.000000, 91.000000, 1639.000000, 91.000000, 1690.000000, 55.000000, 1690.000000,   small-vehicle,   2018
3645.000000, 169.000000, 3694.000000, 169.000000, 3694.000000, 190.000000, 3645.000000, 190.000000,   small-vehicle,   2021
2684.000000, 604.000000, 2718.000000, 604.000000, 2718.000000, 669.000000, 2684.000000, 669.000000,   large-vehicle,   2022
1852.000000, -384.000000, 1883.000000, -384.000000, 1883.000000, -324.000000, 1852.000000, -324.000000,   small-vehicle,   2023
1329.000000, 327.000000, 1533.000000, 327.000000, 1533.000000, 364.000000, 1329.000000, 364.000000,   large-vehicle,   2026
2168.000000, 1113.000000, 2202.000000, 1113.000000, 2202.000000, 1185.000000, 2168.000000, 1185.000000,   large-vehicle,   2027
187.000000, -465.000000, 244.000000, -465.000000, 244.000000, -415.000000, 187.000000, -415.000000,   small-vehicle,   2028
2949.000000, 218.000000, 3005.000000, 218.000000, 3005.000000, 241.000000, 2949.000000, 241.000000,   small-vehicle,   2030
242.000000, -423.000000, 292.000000, -423.000000, 292.000000, -378.000000, 242.000000, -378.000000,   small-vehicle,   2031
1927.000000, 422.000000, 1964.000000, 422.000000, 1964.000000, 497.000000, 1927.000000, 497.000000,   small-vehicle,   2032
1875.000000, -450.000000, 1903.000000, -450.000000, 1903.000000, -392.000000, 1875.000000, -392.000000,   small-vehicle,   2033
2162.000000, -430.000000, 2187.000000, -430.000000, 2187.000000, -379.000000, 2162.000000, -379.000000,   small-vehicle,   2035
