2175.000000, 1218.000000, 2239.000000, 1218.000000, 2239.000000, 1281.000000, 2175.000000, 1281.000000,   small-vehicle,   1290
2274.000000, 1397.000000, 2304.000000, 1397.000000, 2304.000000, 1442.000000, 2274.000000, 1442.000000,   small-vehicle,   1536
1958.000000, 1415.000000, 1983.000000, 1415.000000, 1983.000000, 1449.000000, 1958.000000, 1449.000000,   small-vehicle,   1537
1290.000000, 1366.000000, 1317.000000, 1366.000000, 1317.000000, 1422.000000, 1290.000000, 1422.000000,   small-vehicle,   1548
1960.000000, 1333.000000, 1986.000000, 1333.000000, 1986.000000, 1395.000000, 1960.000000, 1395.000000,   small-vehicle,   1549
2274.000000, 1314.000000, 2304.000000, 1314.000000, 2304.000000, 1376.000000, 2274.000000, 1376.000000,   small-vehicle,   1552
1283.000000, 1290.000000, 1311.000000, 1290.000000, 1311.000000, 1349.000000, 1283.000000, 1349.000000,   small-vehicle,   1554
1946.000000, 1268.000000, 1974.000000, 1268.000000, 1974.000000, 1319.000000, 1946.000000, 1319.000000,   small-vehicle,   1562
1972.000000, 1222.000000, 1999.000000, 1222.000000, 1999.000000, 1272.000000, 1972.000000, 1272.000000,   small-vehicle,   1566
2236.000000, 1218.000000, 2272.000000, 1218.000000, 2272.000000, 1289.000000, 2236.000000, 1289.000000,   small-vehicle,   1571
439.000000, 1173.000000, 497.000000, 1173.000000, 497.000000, 1205.000000, 439.000000, 1205.000000,   small-vehicle,   1575
512.000000, 1182.000000, 561.000000, 1182.000000, 561.000000, 1209.000000, 512.000000, 1209.000000,   small-vehicle,   1578
377.000000, 1120.000000, 423.000000, 1120.000000, 423.000000, 1163.000000, 377.000000, 1163.000000,   small-vehicle,   1594
1961.000000, 1066.000000, 1989.000000, 1066.000000, 1989.000000, 1115.000000, 1961.000000, 1115.000000,   small-vehicle,   1602
2927.000000, 1060.000000, 2993.000000, 1060.000000, 2993.000000, 1095.000000, 2927.000000, 1095.000000,   small-vehicle,   1614
320.000000, 1035.000000, 368.000000, 1035.000000, 368.000000, 1093.000000, 320.000000, 1093.000000,   small-vehicle,   1615
2232.000000, 1040.000000, 2257.000000, 1040.000000, 2257.000000, 1095.000000, 2232.000000, 1095.000000,   small-vehicle,   1623
3419.000000, 1044.000000, 3472.000000, 1044.000000, 3472.000000, 1065.000000, 3419.000000, 1065.000000,   small-vehicle,   1631
84.000000, 1089.000000, 140.000000, 1089.000000, 140.000000, 1132.000000, 84.000000, 1132.000000,   small-vehicle,   1632
2225.000000, 969.000000, 2256.000000, 969.000000, 2256.000000, 1035.000000, 2225.000000, 1035.000000,   small-vehicle,   1633
1929.000000, 900.000000, 1955.000000, 900.000000, 1955.000000, 956.000000, 1929.000000, 956.000000,   small-vehicle,   1637
3226.000000, 932.000000, 3262.000000, 932.000000, 3262.000000, 992.000000, 3226.000000, 992.000000,   small-vehicle,   1638
433.000000, 915.000000, 465.000000, 915.000000, 465.000000, 982.000000, 433.000000, 982.000000,   small-vehicle,   1643
357.000000, 892.000000, 386.000000, 892.000000, 386.000000, 949.000000, 357.000000, 949.000000,   small-vehicle,   1650
2247.000000, 847.000000, 2277.000000, 847.000000, 2277.000000, 904.000000, 2247.000000, 904.000000,   small-vehicle,   1656
1925.000000, 832.000000, 1953.000000, 832.000000, 1953.000000, 886.000000, 1925.000000, 886.000000,   small-vehicle,   1658
1041.000000, 1223.000000, 1089.000000, 1223.000000, 1089.000000, 1250.000000, 1041.000000, 1250.000000,   small-vehicle,   1659
3222.000000, 853.000000, 3261.000000, 853.000000, 3261.000000, 911.000000, 3222.000000, 911.000000,   small-vehicle,   1665
358.000000, 835.000000, 388.000000, 835.000000, 388.000000, 888.000000, 358.000000, 888.000000,   small-vehicle,   1666
2208.000000, 779.000000, 2236.000000, 779.000000, 2236.000000, 835.000000, 2208.000000, 835.000000,   small-vehicle,   1680
1952.000000, 800.000000, 1978.000000, 800.000000, 1978.000000, 852.000000, 1952.000000, 852.000000,   small-vehicle,   1683
1926.000000, 773.000000, 1951.000000, 773.000000, 1951.000000, 822.000000, 1926.000000, 822.000000,   small-vehicle,   1687
3252.000000, 1116.000000, 3319.000000, 1116.000000, 3319.000000, 1150.000000, 3252.000000, 1150.000000,   small-vehicle,   1688
2962.000000, 1233.000000, 2990.000000, 1233.000000, 2990.000000, 1278.000000, 2962.000000, 1278.000000,   small-vehicle,   1689
2467.000000, 1159.000000, 2519.000000, 1159.000000, 2519.000000, 1181.000000, 2467.000000, 1181.000000,   small-vehicle,   1693
2243.000000, 763.000000, 2270.000000, 763.000000, 2270.000000, 815.000000, 2243.000000, 815.000000,   small-vehicle,   1697
1951.000000, 724.000000, 1982.000000, 724.000000, 1982.000000, 788.000000, 1951.000000, 788.000000,   small-vehicle,   1699
2243.000000, 690.000000, 2269.000000, 690.000000, 2269.000000, 739.000000, 2243.000000, 739.000000,   small-vehicle,   1705
2154.000000, 486.000000, 2181.000000, 486.000000, 2181.000000, 546.000000, 2154.000000, 546.000000,   small-vehicle,   1706
1935.000000, 628.000000, 1963.000000, 628.000000, 1963.000000, 680.000000, 1935.000000, 680.000000,   small-vehicle,   1708
1916.000000, 691.000000, 1945.000000, 691.000000, 1945.000000, 747.000000, 1916.000000, 747.000000,   small-vehicle,   1709
232.000000, 1222.000000, 277.000000, 1222.000000, 277.000000, 1286.000000, 232.000000, 1286.000000,   small-vehicle,   1710
3222.000000, 628.000000, 3253.000000, 628.000000, 3253.000000, 685.000000, 3222.000000, 685.000000,   small-vehicle,   1715
2283.000000, 1259.000000, 2306.000000, 1259.000000, 2306.000000, 1303.000000, 2283.000000, 1303.000000,   small-vehicle,   1719
2724.000000, 607.000000, 2751.000000, 607.000000, 2751.000000, 666.000000, 2724.000000, 666.000000,   small-vehicle,   1727
2641.000000, 598.000000, 2675.000000, 598.000000, 2675.000000, 664.000000, 2641.000000, 664.000000,   small-vehicle,   1728
2231.000000, 561.000000, 2256.000000, 561.000000, 2256.000000, 624.000000, 2231.000000, 624.000000,   small-vehicle,   1729
2536.000000, 1153.000000, 2592.000000, 1153.000000, 2592.000000, 1183.000000, 2536.000000, 1183.000000,   small-vehicle,   1730
2762.000000, 594.000000, 2794.000000, 594.000000, 2794.000000, 656.000000, 2762.000000, 656.000000,   small-vehicle,   1731
2808.000000, 591.000000, 2838.000000, 591.000000, 2838.000000, 652.000000, 2808.000000, 652.000000,   small-vehicle,   1739
1918.000000, 533.000000, 1947.000000, 533.000000, 1947.000000, 593.000000, 1918.000000, 593.000000,   small-vehicle,   1742
2198.000000, 523.000000, 2226.000000, 523.000000, 2226.000000, 589.000000, 2198.000000, 589.000000,   small-vehicle,   1744
1459.000000, 1206.000000, 1504.000000, 1206.000000, 1504.000000, 1225.000000, 1459.000000, 1225.000000,   small-vehicle,   1747
1898.000000, 420.000000, 1930.000000, 420.000000, 1930.000000, 485.000000, 1898.000000, 485.000000,   small-vehicle,   1760
3169.000000, 1120.000000, 3231.000000, 1120.000000, 3231.000000, 1149.000000, 3169.000000, 1149.000000,   small-vehicle,   1761
1519.000000, 1200.000000, 1576.000000, 1200.000000, 1576.000000, 1222.000000, 1519.000000, 1222.000000,   small-vehicle,   1762
3203.000000, 485.000000, 3231.000000, 485.000000, 3231.000000, 547.000000, 3203.000000, 547.000000,   small-vehicle,   1763
65.000000, 431.000000, 123.000000, 431.000000, 123.000000, 458.000000, 65.000000, 458.000000,   small-vehicle,   1765
3198.000000, 407.000000, 3229.000000, 407.000000, 3229.000000, 477.000000, 3198.000000, 477.000000,   small-vehicle,   1767
2371.000000, 658.000000, 2422.000000, 658.000000, 2422.000000, 681.000000, 2371.000000, 681.000000,   small-vehicle,   1769
1047.000000, 371.000000, 1104.000000, 371.000000, 1104.000000, 397.000000, 1047.000000, 397.000000,   small-vehicle,   1772
49.000000, 353.000000, 108.000000, 353.000000, 108.000000, 384.000000, 49.000000, 384.000000,   small-vehicle,   1773
1896.000000, 366.000000, 1922.000000, 366.000000, 1922.000000, 410.000000, 1896.000000, 410.000000,   small-vehicle,   1777
2152.000000, 306.000000, 2178.000000, 306.000000, 2178.000000, 360.000000, 2152.000000, 360.000000,   small-vehicle,   1785
2222.000000, 367.000000, 2249.000000, 367.000000, 2249.000000, 419.000000, 2222.000000, 419.000000,   small-vehicle,   1787
562.000000, 321.000000, 613.000000, 321.000000, 613.000000, 346.000000, 562.000000, 346.000000,   small-vehicle,   1790
3552.000000, 1109.000000, 3612.000000, 1109.000000, 3612.000000, 1134.000000, 3552.000000, 1134.000000,   small-vehicle,   1791
499.000000, 325.000000, 549.000000, 325.000000, 549.000000, 351.000000, 499.000000, 351.000000,   small-vehicle,   1793
3195.000000, 325.000000, 3225.000000, 325.000000, 3225.000000, 383.000000, 3195.000000, 383.000000,   small-vehicle,   1794
695.000000, 346.000000, 757.000000, 346.000000, 757.000000, 378.000000, 695.000000, 378.000000,   small-vehicle,   1795
632.000000, 319.000000, 685.000000, 319.000000, 685.000000, 343.000000, 632.000000, 343.000000,   small-vehicle,   1799
701.000000, 313.000000, 758.000000, 313.000000, 758.000000, 336.000000, 701.000000, 336.000000,   small-vehicle,   1804
893.000000, 302.000000, 941.000000, 302.000000, 941.000000, 329.000000, 893.000000, 329.000000,   small-vehicle,   1805
1743.000000, 304.000000, 1799.000000, 304.000000, 1799.000000, 339.000000, 1743.000000, 339.000000,   small-vehicle,   1807
948.000000, 296.000000, 1008.000000, 296.000000, 1008.000000, 322.000000, 948.000000, 322.000000,   small-vehicle,   1808
766.000000, 308.000000, 817.000000, 308.000000, 817.000000, 332.000000, 766.000000, 332.000000,   small-vehicle,   1810
481.000000, 1249.000000, 537.000000, 1249.000000, 537.000000, 1277.000000, 481.000000, 1277.000000,   small-vehicle,   1813
350.000000, 280.000000, 380.000000, 280.000000, 380.000000, 338.000000, 350.000000, 338.000000,   small-vehicle,   1814
1031.000000, 290.000000, 1080.000000, 290.000000, 1080.000000, 317.000000, 1031.000000, 317.000000,   small-vehicle,   1817
828.000000, 304.000000, 880.000000, 304.000000, 880.000000, 330.000000, 828.000000, 330.000000,   small-vehicle,   1818
2185.000000, 299.000000, 2213.000000, 299.000000, 2213.000000, 355.000000, 2185.000000, 355.000000,   small-vehicle,   1819
1676.000000, 238.000000, 1730.000000, 238.000000, 1730.000000, 267.000000, 1676.000000, 267.000000,   small-vehicle,   1822
1162.000000, 280.000000, 1219.000000, 280.000000, 1219.000000, 312.000000, 1162.000000, 312.000000,   small-vehicle,   1825
1572.000000, 249.000000, 1626.000000, 249.000000, 1626.000000, 277.000000, 1572.000000, 277.000000,   small-vehicle,   1826
1397.000000, 264.000000, 1448.000000, 264.000000, 1448.000000, 288.000000, 1397.000000, 288.000000,   small-vehicle,   1827
1233.000000, 277.000000, 1285.000000, 277.000000, 1285.000000, 303.000000, 1233.000000, 303.000000,   small-vehicle,   1831
1738.000000, 231.000000, 1789.000000, 231.000000, 1789.000000, 259.000000, 1738.000000, 259.000000,   small-vehicle,   1833
3191.000000, 268.000000, 3217.000000, 268.000000, 3217.000000, 324.000000, 3191.000000, 324.000000,   small-vehicle,   1835
1339.000000, 270.000000, 1384.000000, 270.000000, 1384.000000, 292.000000, 1339.000000, 292.000000,   small-vehicle,   1836
2960.000000, 1279.000000, 2994.000000, 1279.000000, 2994.000000, 1337.000000, 2960.000000, 1337.000000,   small-vehicle,   1837
1799.000000, 227.000000, 1851.000000, 227.000000, 1851.000000, 253.000000, 1799.000000, 253.000000,   small-vehicle,   1838
431.000000, 993.000000, 458.000000, 993.000000, 458.000000, 1034.000000, 431.000000, 1034.000000,   small-vehicle,   1839
350.000000, 219.000000, 378.000000, 219.000000, 378.000000, 271.000000, 350.000000, 271.000000,   small-vehicle,   1845
3145.000000, 534.000000, 3165.000000, 534.000000, 3165.000000, 580.000000, 3145.000000, 580.000000,   small-vehicle,   1850
2532.000000, 176.000000, 2585.000000, 176.000000, 2585.000000, 202.000000, 2532.000000, 202.000000,   small-vehicle,   1856
2478.000000, 181.000000, 2527.000000, 181.000000, 2527.000000, 206.000000, 2478.000000, 206.000000,   small-vehicle,   1858
2394.000000, 186.000000, 2462.000000, 186.000000, 2462.000000, 214.000000, 2394.000000, 214.000000,   small-vehicle,   1859
1771.000000, 174.000000, 1829.000000, 174.000000, 1829.000000, 200.000000, 1771.000000, 200.000000,   small-vehicle,   1860
409.000000, 1030.000000, 454.000000, 1030.000000, 454.000000, 1086.000000, 409.000000, 1086.000000,   small-vehicle,   1864
1968.000000, 287.000000, 1997.000000, 287.000000, 1997.000000, 355.000000, 1968.000000, 355.000000,   small-vehicle,   1866
352.000000, 131.000000, 378.000000, 131.000000, 378.000000, 180.000000, 352.000000, 180.000000,   small-vehicle,   1868
2961.000000, 142.000000, 3015.000000, 142.000000, 3015.000000, 168.000000, 2961.000000, 168.000000,   small-vehicle,   1869
3041.000000, 141.000000, 3100.000000, 141.000000, 3100.000000, 170.000000, 3041.000000, 170.000000,   small-vehicle,   1872
2827.000000, 158.000000, 2885.000000, 158.000000, 2885.000000, 180.000000, 2827.000000, 180.000000,   small-vehicle,   1874
2208.000000, 76.000000, 2235.000000, 76.000000, 2235.000000, 138.000000, 2208.000000, 138.000000,   small-vehicle,   1875
222.000000, 421.000000, 286.000000, 421.000000, 286.000000, 446.000000, 222.000000, 446.000000,   small-vehicle,   1876
349.000000, 72.000000, 373.000000, 72.000000, 373.000000, 116.000000, 349.000000, 116.000000,   small-vehicle,   1878
300.000000, 1250.000000, 346.000000, 1250.000000, 346.000000, 1308.000000, 300.000000, 1308.000000,   small-vehicle,   1888
2234.000000, 512.000000, 2262.000000, 512.000000, 2262.000000, 552.000000, 2234.000000, 552.000000,   small-vehicle,   1889
1949.000000, 85.000000, 1978.000000, 85.000000, 1978.000000, 137.000000, 1949.000000, 137.000000,   small-vehicle,   1893
983.000000, 374.000000, 1029.000000, 374.000000, 1029.000000, 397.000000, 983.000000, 397.000000,   small-vehicle,   1895
1901.000000, -42.000000, 1929.000000, -42.000000, 1929.000000, 9.000000, 1901.000000, 9.000000,   small-vehicle,   1900
1875.000000, -10.000000, 1905.000000, -10.000000, 1905.000000, 42.000000, 1875.000000, 42.000000,   small-vehicle,   1902
293.000000, 348.000000, 345.000000, 348.000000, 345.000000, 379.000000, 293.000000, 379.000000,   small-vehicle,   1909
2350.000000, 232.000000, 2400.000000, 232.000000, 2400.000000, 256.000000, 2350.000000, 256.000000,   small-vehicle,   1918
2194.000000, -84.000000, 2223.000000, -84.000000, 2223.000000, -31.000000, 2194.000000, -31.000000,   small-vehicle,   1921
-9.000000, 414.000000, 51.000000, 414.000000, 51.000000, 441.000000, -9.000000, 441.000000,   small-vehicle,   1922
182.000000, 1336.000000, 226.000000, 1336.000000, 226.000000, 1397.000000, 182.000000, 1397.000000,   small-vehicle,   1927
1983.000000, 595.000000, 2012.000000, 595.000000, 2012.000000, 649.000000, 1983.000000, 649.000000,   small-vehicle,   1936
1869.000000, -123.000000, 1892.000000, -123.000000, 1892.000000, -85.000000, 1869.000000, -85.000000,   small-vehicle,   1941
2190.000000, -171.000000, 2218.000000, -171.000000, 2218.000000, -110.000000, 2190.000000, -110.000000,   small-vehicle,   1945
910.000000, 363.000000, 958.000000, 363.000000, 958.000000, 384.000000, 910.000000, 384.000000,   small-vehicle,   1950
1894.000000, -175.000000, 1920.000000, -175.000000, 1920.000000, -114.000000, 1894.000000, -114.000000,   small-vehicle,   1952
2814.000000, 236.000000, 2883.000000, 236.000000, 2883.000000, 262.000000, 2814.000000, 262.000000,   small-vehicle,   1954
1905.000000, 590.000000, 1927.000000, 590.000000, 1927.000000, 629.000000, 1905.000000, 629.000000,   small-vehicle,   1955
280.000000, 395.000000, 331.000000, 395.000000, 331.000000, 418.000000, 280.000000, 418.000000,   small-vehicle,   1966
1864.000000, -214.000000, 1889.000000, -214.000000, 1889.000000, -160.000000, 1864.000000, -160.000000,   small-vehicle,   1967
3092.000000, -200.000000, 3122.000000, -200.000000, 3122.000000, -143.000000, 3092.000000, -143.000000,   small-vehicle,   1968
2656.000000, 247.000000, 2714.000000, 247.000000, 2714.000000, 272.000000, 2656.000000, 272.000000,   small-vehicle,   1970
1954.000000, 215.000000, 1985.000000, 215.000000, 1985.000000, 270.000000, 1954.000000, 270.000000,   small-vehicle,   1971
2184.000000, -244.000000, 2214.000000, -244.000000, 2214.000000, -185.000000, 2184.000000, -185.000000,   small-vehicle,   1972
1341.000000, 343.000000, 1402.000000, 343.000000, 1402.000000, 376.000000, 1341.000000, 376.000000,   small-vehicle,   1974
2157.000000, -227.000000, 2188.000000, -227.000000, 2188.000000, -169.000000, 2157.000000, -169.000000,   small-vehicle,   1977
320.000000, 904.000000, 341.000000, 904.000000, 341.000000, 945.000000, 320.000000, 945.000000,   small-vehicle,   1981
150.000000, 1382.000000, 198.000000, 1382.000000, 198.000000, 1439.000000, 150.000000, 1439.000000,   small-vehicle,   1983
2149.000000, -302.000000, 2177.000000, -302.000000, 2177.000000, -240.000000, 2149.000000, -240.000000,   small-vehicle,   1988
3231.000000, 209.000000, 3283.000000, 209.000000, 3283.000000, 232.000000, 3231.000000, 232.000000,   small-vehicle,   1992
1937.000000, 6.000000, 1966.000000, 6.000000, 1966.000000, 62.000000, 1937.000000, 62.000000,   small-vehicle,   1997
2052.000000, 1133.000000, 2085.000000, 1133.000000, 2085.000000, 1201.000000, 2052.000000, 1201.000000,   small-vehicle,   1998
3089.000000, -279.000000, 3115.000000, -279.000000, 3115.000000, -226.000000, 3089.000000, -226.000000,   small-vehicle,   2005
2179.000000, -322.000000, 2208.000000, -322.000000, 2208.000000, -261.000000, 2179.000000, -261.000000,   small-vehicle,   2006
1384.000000, 1205.000000, 1442.000000, 1205.000000, 1442.000000, 1230.000000, 1384.000000, 1230.000000,   small-vehicle,   2007
251.000000, -336.000000, 303.000000, -336.000000, 303.000000, -287.000000, 251.000000, -287.000000,   small-vehicle,   2008
2618.000000, -390.000000, 2671.000000, -390.000000, 2671.000000, -363.000000, 2618.000000, -363.000000,   small-vehicle,   2013
398.000000, 1251.000000, 461.000000, 1251.000000, 461.000000, 1284.000000, 398.000000, 1284.000000,   small-vehicle,   2014
3314.000000, 207.000000, 3379.000000, 207.000000, 3379.000000, 233.000000, 3314.000000, 233.000000,   small-vehicle,   2016
3448.000000, 201.000000, 3512.000000, 201.000000, 3512.000000, 223.000000, 3448.000000, 223.000000,   small-vehicle,   2017
3639.000000, 187.000000, 3717.000000, 187.000000, 3717.000000, 211.000000, 3639.000000, 211.000000,   small-vehicle,   2021
2683.000000, 590.000000, 2717.000000, 590.000000, 2717.000000, 657.000000, 2683.000000, 657.000000,   large-vehicle,   2022
1853.000000, -381.000000, 1884.000000, -381.000000, 1884.000000, -324.000000, 1853.000000, -324.000000,   small-vehicle,   2023
188.000000, -478.000000, 246.000000, -478.000000, 246.000000, -424.000000, 188.000000, -424.000000,   small-vehicle,   2028
2947.000000, 224.000000, 3012.000000, 224.000000, 3012.000000, 256.000000, 2947.000000, 256.000000,   small-vehicle,   2030
242.000000, -432.000000, 287.000000, -432.000000, 287.000000, -391.000000, 242.000000, -391.000000,   small-vehicle,   2031
1875.000000, -449.000000, 1902.000000, -449.000000, 1902.000000, -391.000000, 1875.000000, -391.000000,   small-vehicle,   2033
2163.000000, -426.000000, 2186.000000, -426.000000, 2186.000000, -377.000000, 2163.000000, -377.000000,   small-vehicle,   2035
1334.000000, 324.000000, 1499.000000, 324.000000, 1499.000000, 360.000000, 1334.000000, 360.000000,   large-vehicle,   2036
39.000000, -511.000000, 98.000000, -511.000000, 98.000000, -460.000000, 39.000000, -460.000000,   small-vehicle,   2038
2157.000000, -486.000000, 2184.000000, -486.000000, 2184.000000, -435.000000, 2157.000000, -435.000000,   small-vehicle,   2039
1925.000000, -288.000000, 1953.000000, -288.000000, 1953.000000, -219.000000, 1925.000000, -219.000000,   small-vehicle,   2041
1981.000000, -74.000000, 2009.000000, -74.000000, 2009.000000, -16.000000, 1981.000000, -16.000000,   small-vehicle,   2042
80.000000, -435.000000, 129.000000, -435.000000, 129.000000, -374.000000, 80.000000, -374.000000,   small-vehicle,   2043
345.000000, 944.000000, 388.000000, 944.000000, 388.000000, 1008.000000, 345.000000, 1008.000000,   large-vehicle,   2047
1871.000000, -521.000000, 1904.000000, -521.000000, 1904.000000, -455.000000, 1871.000000, -455.000000,   small-vehicle,   2050
3084.000000, -353.000000, 3111.000000, -353.000000, 3111.000000, -299.000000, 3084.000000, -299.000000,   small-vehicle,   2054
-12.000000, -550.000000, 46.000000, -550.000000, 46.000000, -501.000000, -12.000000, -501.000000,   small-vehicle,   2060
2476.000000, 254.000000, 2531.000000, 254.000000, 2531.000000, 277.000000, 2476.000000, 277.000000,   small-vehicle,   2064
2164.000000, -548.000000, 2189.000000, -548.000000, 2189.000000, -502.000000, 2164.000000, -502.000000,   small-vehicle,   2065
48.000000, -590.000000, 113.000000, -590.000000, 113.000000, -531.000000, 48.000000, -531.000000,   small-vehicle,   2066
2884.000000, 197.000000, 2953.000000, 197.000000, 2953.000000, 227.000000, 2884.000000, 227.000000,   small-vehicle,   2067
2618.000000, -352.000000, 2660.000000, -352.000000, 2660.000000, -327.000000, 2618.000000, -327.000000,   small-vehicle,   2068
1885.000000, 104.000000, 1907.000000, 104.000000, 1907.000000, 135.000000, 1885.000000, 135.000000,   small-vehicle,   2069
1394.000000, -536.000000, 1446.000000, -536.000000, 1446.000000, -509.000000, 1394.000000, -509.000000,   small-vehicle,   2072
2073.000000, 517.000000, 2105.000000, 517.000000, 2105.000000, 578.000000, 2073.000000, 578.000000,   small-vehicle,   2074
3664.000000, 113.000000, 3714.000000, 113.000000, 3714.000000, 136.000000, 3664.000000, 136.000000,   small-vehicle,   2075
1515.000000, 337.000000, 1562.000000, 337.000000, 1562.000000, 364.000000, 1515.000000, 364.000000,   small-vehicle,   2077
355.000000, 433.000000, 379.000000, 433.000000, 379.000000, 482.000000, 355.000000, 482.000000,   small-vehicle,   2080
720.000000, 1190.000000, 780.000000, 1190.000000, 780.000000, 1207.000000, 720.000000, 1207.000000,   large-vehicle,   2081
-6.000000, -627.000000, 45.000000, -627.000000, 45.000000, -579.000000, -6.000000, -579.000000,   small-vehicle,   2084
293.000000, -303.000000, 346.000000, -303.000000, 346.000000, -255.000000, 293.000000, -255.000000,   small-vehicle,   2085
2151.000000, 633.000000, 2183.000000, 633.000000, 2183.000000, 699.000000, 2151.000000, 699.000000,   small-vehicle,   2088
3056.000000, -679.000000, 3090.000000, -679.000000, 3090.000000, -618.000000, 3056.000000, -618.000000,   small-vehicle,   2090
722.000000, 1229.000000, 790.000000, 1229.000000, 790.000000, 1266.000000, 722.000000, 1266.000000,   small-vehicle,   2091
1856.000000, -652.000000, 1876.000000, -652.000000, 1876.000000, -627.000000, 1856.000000, -627.000000,   small-vehicle,   2092
2680.000000, 179.000000, 2736.000000, 179.000000, 2736.000000, 200.000000, 2680.000000, 200.000000,   small-vehicle,   2093
3107.000000, 29.000000, 3147.000000, 29.000000, 3147.000000, 94.000000, 3107.000000, 94.000000,   small-vehicle,   2094
1926.000000, 443.000000, 1965.000000, 443.000000, 1965.000000, 521.000000, 1926.000000, 521.000000,   small-vehicle,   2095
297.000000, 310.000000, 341.000000, 310.000000, 341.000000, 332.000000, 297.000000, 332.000000,   small-vehicle,   2096
2072.000000, 494.000000, 2103.000000, 494.000000, 2103.000000, 555.000000, 2072.000000, 555.000000,   large-vehicle,   2099
2431.000000, 224.000000, 2486.000000, 224.000000, 2486.000000, 252.000000, 2431.000000, 252.000000,   large-vehicle,   2100
2072.000000, 500.000000, 2104.000000, 500.000000, 2104.000000, 560.000000, 2072.000000, 560.000000,   large-vehicle,   2101
2429.000000, 229.000000, 2487.000000, 229.000000, 2487.000000, 256.000000, 2429.000000, 256.000000,   small-vehicle,   2102
1930.000000, 448.000000, 1965.000000, 448.000000, 1965.000000, 525.000000, 1930.000000, 525.000000,   large-vehicle,   2103
541.000000, 1247.000000, 592.000000, 1247.000000, 592.000000, 1275.000000, 541.000000, 1275.000000,   small-vehicle,   2104
-31.000000, -394.000000, 15.000000, -394.000000, 15.000000, -371.000000, -31.000000, -371.000000,   small-vehicle,   2105
719.000000, 1172.000000, 780.000000, 1172.000000, 780.000000, 1190.000000, 719.000000, 1190.000000,   small-vehicle,   2106
2684.000000, 604.000000, 2718.000000, 604.000000, 2718.000000, 672.000000, 2684.000000, 672.000000,   small-vehicle,   2107
3125.000000, 206.000000, 3171.000000, 206.000000, 3171.000000, 261.000000, 3125.000000, 261.000000,   small-vehicle,   2108
2685.000000, 617.000000, 2719.000000, 617.000000, 2719.000000, 679.000000, 2685.000000, 679.000000,   large-vehicle,   2109
2577.000000, -718.000000, 2639.000000, -718.000000, 2639.000000, -688.000000, 2577.000000, -688.000000,   small-vehicle,   2110
