2154.000000, 1417.000000, 2182.000000, 1416.000000, 2184.000000, 1479.000000, 2156.000000, 1479.000000,     small-vehicle,     148
2041.000000, 2929.000000, 2071.000000, 2926.000000, 2073.000000, 2998.000000, 2043.000000, 2999.000000,     small-vehicle,     813
2576.000000, 2930.000000, 2627.000000, 2926.000000, 2629.000000, 2962.000000, 2577.000000, 2966.000000,     small-vehicle,     818
2049.000000, 2873.000000, 2073.000000, 2872.000000, 2073.000000, 2921.000000, 2050.000000, 2923.000000,     small-vehicle,     840
2025.000000, 2815.000000, 2045.000000, 2813.000000, 2046.000000, 2862.000000, 2026.000000, 2864.000000,     small-vehicle,     885
2029.000000, 2740.000000, 2053.000000, 2739.000000, 2055.000000, 2804.000000, 2030.000000, 2805.000000,     small-vehicle,     892
3523.000000, 2713.000000, 3585.000000, 2709.000000, 3588.000000, 2743.000000, 3526.000000, 2747.000000,     small-vehicle,     894
2344.000000, 2636.000000, 2378.000000, 2634.000000, 2380.000000, 2711.000000, 2347.000000, 2713.000000,     small-vehicle,     917
2323.000000, 2684.000000, 2357.000000, 2681.000000, 2360.000000, 2754.000000, 2325.000000, 2757.000000,     small-vehicle,     921
2339.000000, 2548.000000, 2369.000000, 2546.000000, 2372.000000, 2624.000000, 2341.000000, 2626.000000,     small-vehicle,     944
2016.000000, 2591.000000, 2044.000000, 2590.000000, 2046.000000, 2658.000000, 2018.000000, 2659.000000,     small-vehicle,     949
1127.000000, 2675.000000, 1193.000000, 2671.000000, 1193.000000, 2712.000000, 1127.000000, 2716.000000,     small-vehicle,     964
914.000000, 2707.000000, 979.000000, 2703.000000, 978.000000, 2742.000000, 914.000000, 2746.000000,     small-vehicle,     966
3689.000000, 2781.000000, 3739.000000, 2777.000000, 3742.000000, 2808.000000, 3692.000000, 2811.000000,     small-vehicle,     969
1306.000000, 2654.000000, 1336.000000, 2653.000000, 1336.000000, 2713.000000, 1306.000000, 2714.000000,     small-vehicle,     971
2010.000000, 2517.000000, 2038.000000, 2516.000000, 2039.000000, 2581.000000, 2012.000000, 2582.000000,     small-vehicle,     981
2301.000000, 2514.000000, 2332.000000, 2513.000000, 2334.000000, 2582.000000, 2304.000000, 2584.000000,     small-vehicle,     986
1050.000000, 2690.000000, 1112.000000, 2686.000000, 1112.000000, 2724.000000, 1050.000000, 2728.000000,     small-vehicle,     987
1205.000000, 2665.000000, 1269.000000, 2661.000000, 1269.000000, 2700.000000, 1205.000000, 2704.000000,     small-vehicle,     989
809.000000, 2628.000000, 873.000000, 2624.000000, 873.000000, 2662.000000, 808.000000, 2667.000000,     small-vehicle,     990
2733.000000, 2910.000000, 2787.000000, 2906.000000, 2789.000000, 2939.000000, 2734.000000, 2942.000000,     small-vehicle,     994
2035.000000, 2434.000000, 2065.000000, 2431.000000, 2065.000000, 2497.000000, 2037.000000, 2499.000000,     small-vehicle,     996
2008.000000, 2450.000000, 2033.000000, 2449.000000, 2034.000000, 2507.000000, 2009.000000, 2508.000000,     small-vehicle,     998
2334.000000, 2467.000000, 2364.000000, 2466.000000, 2366.000000, 2544.000000, 2338.000000, 2547.000000,     small-vehicle,     1001
1187.000000, 2570.000000, 1262.000000, 2566.000000, 1262.000000, 2605.000000, 1187.000000, 2609.000000,     small-vehicle,     1009
1023.000000, 2597.000000, 1095.000000, 2593.000000, 1095.000000, 2633.000000, 1023.000000, 2636.000000,     small-vehicle,     1012
718.000000, 2636.000000, 766.000000, 2633.000000, 766.000000, 2666.000000, 718.000000, 2669.000000,     small-vehicle,     1013
1108.000000, 2583.000000, 1169.000000, 2579.000000, 1169.000000, 2621.000000, 1108.000000, 2624.000000,     small-vehicle,     1014
2332.000000, 2412.000000, 2355.000000, 2411.000000, 2357.000000, 2456.000000, 2334.000000, 2457.000000,     small-vehicle,     1017
2712.000000, 2396.000000, 2738.000000, 2395.000000, 2739.000000, 2438.000000, 2714.000000, 2439.000000,     small-vehicle,     1033
2003.000000, 2366.000000, 2031.000000, 2365.000000, 2033.000000, 2426.000000, 2005.000000, 2428.000000,     small-vehicle,     1039
2288.000000, 2310.000000, 2314.000000, 2308.000000, 2316.000000, 2373.000000, 2291.000000, 2375.000000,     small-vehicle,     1056
3205.000000, 2834.000000, 3253.000000, 2831.000000, 3256.000000, 2875.000000, 3208.000000, 2878.000000,     small-vehicle,     1071
568.000000, 2421.000000, 598.000000, 2420.000000, 597.000000, 2483.000000, 566.000000, 2485.000000,     small-vehicle,     1076
2243.000000, 2280.000000, 2283.000000, 2277.000000, 2285.000000, 2364.000000, 2246.000000, 2366.000000,     large-vehicle,     1078
1997.000000, 2283.000000, 2024.000000, 2282.000000, 2025.000000, 2342.000000, 1998.000000, 2343.000000,     small-vehicle,     1079
2313.000000, 2229.000000, 2338.000000, 2228.000000, 2341.000000, 2287.000000, 2314.000000, 2288.000000,     small-vehicle,     1086
2826.000000, 2367.000000, 2857.000000, 2365.000000, 2861.000000, 2436.000000, 2829.000000, 2438.000000,     small-vehicle,     1088
1305.000000, 2269.000000, 1326.000000, 2267.000000, 1327.000000, 2311.000000, 1305.000000, 2312.000000,     small-vehicle,     1104
2306.000000, 2160.000000, 2332.000000, 2159.000000, 2333.000000, 2214.000000, 2308.000000, 2215.000000,     small-vehicle,     1113
1989.000000, 2192.000000, 2015.000000, 2191.000000, 2017.000000, 2250.000000, 1990.000000, 2251.000000,     small-vehicle,     1115
1260.000000, 2235.000000, 1311.000000, 2233.000000, 1311.000000, 2265.000000, 1260.000000, 2267.000000,     small-vehicle,     1116
885.000000, 2261.000000, 946.000000, 2258.000000, 945.000000, 2292.000000, 885.000000, 2295.000000,     small-vehicle,     1121
1175.000000, 2239.000000, 1229.000000, 2237.000000, 1228.000000, 2269.000000, 1174.000000, 2272.000000,     small-vehicle,     1135
817.000000, 2185.000000, 877.000000, 2183.000000, 877.000000, 2213.000000, 816.000000, 2216.000000,     small-vehicle,     1139
1980.000000, 2102.000000, 2009.000000, 2101.000000, 2011.000000, 2160.000000, 1981.000000, 2162.000000,     small-vehicle,     1140
2010.000000, 2067.000000, 2055.000000, 2065.000000, 2059.000000, 2204.000000, 2013.000000, 2206.000000,     large-vehicle,     1141
2272.000000, 2109.000000, 2298.000000, 2108.000000, 2300.000000, 2163.000000, 2273.000000, 2164.000000,     small-vehicle,     1142
1001.000000, 2248.000000, 1056.000000, 2246.000000, 1056.000000, 2280.000000, 1001.000000, 2283.000000,     small-vehicle,     1144
2906.000000, 2883.000000, 2966.000000, 2878.000000, 2967.000000, 2910.000000, 2908.000000, 2914.000000,     small-vehicle,     1151
1227.000000, 2160.000000, 1282.000000, 2158.000000, 1282.000000, 2181.000000, 1227.000000, 2184.000000,     small-vehicle,     1155
657.000000, 2202.000000, 710.000000, 2199.000000, 709.000000, 2226.000000, 657.000000, 2230.000000,     small-vehicle,     1156
721.000000, 2198.000000, 774.000000, 2196.000000, 774.000000, 2222.000000, 720.000000, 2225.000000,     small-vehicle,     1157
1046.000000, 2170.000000, 1107.000000, 2167.000000, 1107.000000, 2192.000000, 1046.000000, 2195.000000,     small-vehicle,     1159
3119.000000, 2857.000000, 3175.000000, 2853.000000, 3177.000000, 2883.000000, 3121.000000, 2886.000000,     small-vehicle,     1164
1978.000000, 2021.000000, 2006.000000, 2019.000000, 2008.000000, 2086.000000, 1980.000000, 2087.000000,     small-vehicle,     1168
2266.000000, 2007.000000, 2295.000000, 2006.000000, 2297.000000, 2074.000000, 2269.000000, 2075.000000,     small-vehicle,     1175
1309.000000, 2088.000000, 1335.000000, 2087.000000, 1335.000000, 2142.000000, 1310.000000, 2144.000000,     small-vehicle,     1179
3531.000000, 2796.000000, 3580.000000, 2793.000000, 3581.000000, 2825.000000, 3534.000000, 2828.000000,     small-vehicle,     1182
3045.000000, 2862.000000, 3105.000000, 2859.000000, 3107.000000, 2895.000000, 3047.000000, 2900.000000,     small-vehicle,     1192
558.000000, 2018.000000, 588.000000, 2016.000000, 587.000000, 2071.000000, 556.000000, 2072.000000,     small-vehicle,     1202
1995.000000, 1906.000000, 2027.000000, 1905.000000, 2029.000000, 1974.000000, 1997.000000, 1975.000000,     small-vehicle,     1205
1966.000000, 1842.000000, 1997.000000, 1840.000000, 1998.000000, 1906.000000, 1968.000000, 1907.000000,     small-vehicle,     1211
2674.000000, 1843.000000, 2725.000000, 1841.000000, 2726.000000, 1864.000000, 2675.000000, 1866.000000,     small-vehicle,     1212
2481.000000, 1867.000000, 2530.000000, 1865.000000, 2531.000000, 1889.000000, 2482.000000, 1891.000000,     small-vehicle,     1214
2417.000000, 1876.000000, 2468.000000, 1874.000000, 2468.000000, 1899.000000, 2418.000000, 1902.000000,     small-vehicle,     1216
2610.000000, 1848.000000, 2664.000000, 1846.000000, 2665.000000, 1874.000000, 2612.000000, 1877.000000,     small-vehicle,     1217
2248.000000, 1828.000000, 2279.000000, 1826.000000, 2280.000000, 1891.000000, 2251.000000, 1892.000000,     small-vehicle,     1232
1967.000000, 1765.000000, 1998.000000, 1764.000000, 1999.000000, 1824.000000, 1968.000000, 1826.000000,     small-vehicle,     1236
1949.000000, 1773.000000, 1974.000000, 1772.000000, 1976.000000, 1837.000000, 1950.000000, 1838.000000,     small-vehicle,     1245
3380.000000, 1753.000000, 3430.000000, 1750.000000, 3432.000000, 1776.000000, 3381.000000, 1778.000000,     small-vehicle,     1248
3457.000000, 1748.000000, 3501.000000, 1746.000000, 3502.000000, 1766.000000, 3458.000000, 1767.000000,     small-vehicle,     1249
1298.000000, 1791.000000, 1324.000000, 1790.000000, 1324.000000, 1854.000000, 1299.000000, 1855.000000,     small-vehicle,     1250
3585.000000, 1732.000000, 3626.000000, 1730.000000, 3628.000000, 1749.000000, 3587.000000, 1751.000000,     small-vehicle,     1251
1953.000000, 1688.000000, 1982.000000, 1687.000000, 1983.000000, 1751.000000, 1954.000000, 1753.000000,     small-vehicle,     1254
2242.000000, 1647.000000, 2279.000000, 1647.000000, 2281.000000, 1715.000000, 2244.000000, 1716.000000,     small-vehicle,     1257
2265.000000, 1724.000000, 2301.000000, 1722.000000, 2304.000000, 1797.000000, 2267.000000, 1799.000000,     small-vehicle,     1258
3658.000000, 1721.000000, 3711.000000, 1719.000000, 3713.000000, 1745.000000, 3660.000000, 1747.000000,     small-vehicle,     1260
321.000000, 2784.000000, 388.000000, 2779.000000, 387.000000, 2813.000000, 320.000000, 2818.000000,     small-vehicle,     1271
1292.000000, 1672.000000, 1323.000000, 1671.000000, 1323.000000, 1742.000000, 1293.000000, 1744.000000,     small-vehicle,     1273
2224.000000, 1555.000000, 2245.000000, 1555.000000, 2248.000000, 1613.000000, 2226.000000, 1614.000000,     small-vehicle,     1277
1946.000000, 1599.000000, 1974.000000, 1599.000000, 1975.000000, 1669.000000, 1948.000000, 1670.000000,     small-vehicle,     1282
1102.000000, 2249.000000, 1163.000000, 2246.000000, 1163.000000, 2279.000000, 1102.000000, 2282.000000,     small-vehicle,     1284
2293.000000, 2899.000000, 2326.000000, 2896.000000, 2329.000000, 2975.000000, 2295.000000, 2977.000000,     small-vehicle,     1290
1940.000000, 1520.000000, 1968.000000, 1519.000000, 1969.000000, 1580.000000, 1941.000000, 1581.000000,     small-vehicle,     1292
1288.000000, 1596.000000, 1309.000000, 1595.000000, 1309.000000, 1636.000000, 1288.000000, 1637.000000,     small-vehicle,     1293
686.000000, 2737.000000, 749.000000, 2734.000000, 748.000000, 2769.000000, 685.000000, 2773.000000,     small-vehicle,     1294
828.000000, 2716.000000, 902.000000, 2712.000000, 902.000000, 2748.000000, 826.000000, 2753.000000,     small-vehicle,     1295
2251.000000, 1510.000000, 2277.000000, 1508.000000, 2279.000000, 1566.000000, 2253.000000, 1567.000000,     small-vehicle,     1298
2066.000000, 2079.000000, 2094.000000, 2078.000000, 2096.000000, 2157.000000, 2068.000000, 2159.000000,     small-vehicle,     1302
2441.000000, 1949.000000, 2503.000000, 1947.000000, 2505.000000, 1978.000000, 2442.000000, 1981.000000,     small-vehicle,     1303
2469.000000, 2418.000000, 2490.000000, 2417.000000, 2491.000000, 2476.000000, 2471.000000, 2477.000000,     small-vehicle,     1306
780.000000, 2269.000000, 849.000000, 2266.000000, 848.000000, 2300.000000, 779.000000, 2304.000000,     small-vehicle,     1307
1935.000000, 1443.000000, 1960.000000, 1442.000000, 1962.000000, 1502.000000, 1935.000000, 1504.000000,     small-vehicle,     1309
1283.000000, 1461.000000, 1305.000000, 1460.000000, 1305.000000, 1514.000000, 1283.000000, 1515.000000,     small-vehicle,     1312
2319.000000, 2306.000000, 2348.000000, 2304.000000, 2350.000000, 2362.000000, 2322.000000, 2363.000000,     small-vehicle,     1314
3430.000000, 1835.000000, 3493.000000, 1832.000000, 3495.000000, 1857.000000, 3432.000000, 1858.000000,     large-vehicle,     1317
755.000000, 2734.000000, 819.000000, 2730.000000, 819.000000, 2758.000000, 755.000000, 2762.000000,     small-vehicle,     1318
1276.000000, 1375.000000, 1305.000000, 1373.000000, 1304.000000, 1433.000000, 1276.000000, 1433.000000,     small-vehicle,     1330
700.000000, 2276.000000, 769.000000, 2273.000000, 769.000000, 2308.000000, 699.000000, 2312.000000,     small-vehicle,     1331
1273.000000, 1306.000000, 1302.000000, 1304.000000, 1302.000000, 1368.000000, 1273.000000, 1368.000000,     small-vehicle,     1333
1923.000000, 1278.000000, 1950.000000, 1278.000000, 1951.000000, 1335.000000, 1925.000000, 1336.000000,     small-vehicle,     1337
2205.000000, 1217.000000, 2228.000000, 1216.000000, 2231.000000, 1282.000000, 2207.000000, 1282.000000,     small-vehicle,     1342
2720.000000, 1920.000000, 2779.000000, 1917.000000, 2781.000000, 1949.000000, 2721.000000, 1951.000000,     small-vehicle,     1347
1270.000000, 1242.000000, 1294.000000, 1242.000000, 1294.000000, 1292.000000, 1270.000000, 1292.000000,     small-vehicle,     1348
3327.000000, 2827.000000, 3383.000000, 2823.000000, 3386.000000, 2858.000000, 3330.000000, 2862.000000,     small-vehicle,     1356
1940.000000, 1151.000000, 1968.000000, 1151.000000, 1969.000000, 1202.000000, 1940.000000, 1202.000000,     small-vehicle,     1360
2194.000000, 1149.000000, 2225.000000, 1149.000000, 2227.000000, 1210.000000, 2196.000000, 1212.000000,     small-vehicle,     1361
1361.000000, 1079.000000, 1410.000000, 1077.000000, 1409.000000, 1106.000000, 1361.000000, 1107.000000,     small-vehicle,     1364
536.000000, 1171.000000, 585.000000, 1170.000000, 584.000000, 1201.000000, 535.000000, 1202.000000,     small-vehicle,     1369
168.000000, 1102.000000, 226.000000, 1102.000000, 225.000000, 1137.000000, 168.000000, 1138.000000,     small-vehicle,     1373
408.000000, 1103.000000, 467.000000, 1101.000000, 467.000000, 1129.000000, 407.000000, 1130.000000,     small-vehicle,     1375
330.000000, 1100.000000, 396.000000, 1099.000000, 395.000000, 1133.000000, 329.000000, 1134.000000,     small-vehicle,     1377
1105.000000, 1087.000000, 1148.000000, 1086.000000, 1148.000000, 1109.000000, 1105.000000, 1110.000000,     small-vehicle,     1378
1358.000000, 1140.000000, 1418.000000, 1138.000000, 1418.000000, 1167.000000, 1358.000000, 1168.000000,     small-vehicle,     1379
3579.000000, 1833.000000, 3636.000000, 1830.000000, 3637.000000, 1857.000000, 3581.000000, 1860.000000,     small-vehicle,     1381
1184.000000, 1083.000000, 1227.000000, 1083.000000, 1227.000000, 1108.000000, 1184.000000, 1109.000000,     small-vehicle,     1384
954.000000, 1089.000000, 1002.000000, 1088.000000, 1002.000000, 1113.000000, 953.000000, 1114.000000,     small-vehicle,     1385
1030.000000, 1088.000000, 1074.000000, 1087.000000, 1074.000000, 1114.000000, 1030.000000, 1115.000000,     small-vehicle,     1386
1235.000000, 1074.000000, 1295.000000, 1072.000000, 1295.000000, 1111.000000, 1235.000000, 1112.000000,     small-vehicle,     1387
1483.000000, 1081.000000, 1540.000000, 1079.000000, 1541.000000, 1107.000000, 1483.000000, 1108.000000,     small-vehicle,     1388
476.000000, 1097.000000, 526.000000, 1096.000000, 525.000000, 1125.000000, 475.000000, 1126.000000,     small-vehicle,     1389
103.000000, 1090.000000, 163.000000, 1088.000000, 163.000000, 1130.000000, 101.000000, 1131.000000,     small-vehicle,     1395
2728.000000, 1006.000000, 2775.000000, 1004.000000, 2777.000000, 1032.000000, 2729.000000, 1033.000000,     small-vehicle,     1397
3007.000000, 1801.000000, 3044.000000, 1801.000000, 3045.000000, 1823.000000, 3008.000000, 1824.000000,     small-vehicle,     1398
1266.000000, 1011.000000, 1291.000000, 1011.000000, 1291.000000, 1066.000000, 1265.000000, 1067.000000,     small-vehicle,     1399
1565.000000, 1108.000000, 1619.000000, 1106.000000, 1619.000000, 1134.000000, 1565.000000, 1136.000000,     small-vehicle,     1400
2458.000000, 1034.000000, 2506.000000, 1033.000000, 2507.000000, 1059.000000, 2459.000000, 1060.000000,     small-vehicle,     1401
3520.000000, 1837.000000, 3574.000000, 1835.000000, 3576.000000, 1866.000000, 3523.000000, 1867.000000,     small-vehicle,     1402
2391.000000, 1036.000000, 2445.000000, 1035.000000, 2446.000000, 1060.000000, 2392.000000, 1060.000000,     small-vehicle,     1403
2589.000000, 1026.000000, 2645.000000, 1025.000000, 2646.000000, 1049.000000, 2590.000000, 1049.000000,     small-vehicle,     1405
2521.000000, 1030.000000, 2579.000000, 1028.000000, 2580.000000, 1055.000000, 2522.000000, 1055.000000,     small-vehicle,     1407
3057.000000, 993.000000, 3117.000000, 992.000000, 3118.000000, 1016.000000, 3057.000000, 1017.000000,     small-vehicle,     1409
3231.000000, 980.000000, 3280.000000, 980.000000, 3282.000000, 1009.000000, 3233.000000, 1010.000000,     small-vehicle,     1410
2367.000000, 2739.000000, 2389.000000, 2737.000000, 2391.000000, 2794.000000, 2369.000000, 2795.000000,     small-vehicle,     1411
2888.000000, 998.000000, 2944.000000, 997.000000, 2944.000000, 1025.000000, 2889.000000, 1025.000000,     small-vehicle,     1412
2699.000000, 1084.000000, 2750.000000, 1082.000000, 2751.000000, 1110.000000, 2700.000000, 1111.000000,     small-vehicle,     1416
3514.000000, 2835.000000, 3545.000000, 2833.000000, 3549.000000, 2897.000000, 3519.000000, 2899.000000,     small-vehicle,     1417
2959.000000, 989.000000, 3016.000000, 988.000000, 3018.000000, 1022.000000, 2961.000000, 1023.000000,     small-vehicle,     1418
3357.000000, 969.000000, 3416.000000, 968.000000, 3418.000000, 998.000000, 3358.000000, 999.000000,     small-vehicle,     1420
3288.000000, 972.000000, 3346.000000, 971.000000, 3348.000000, 1004.000000, 3290.000000, 1005.000000,     small-vehicle,     1422
1430.000000, 1141.000000, 1479.000000, 1140.000000, 1479.000000, 1165.000000, 1430.000000, 1166.000000,     small-vehicle,     1423
1927.000000, 935.000000, 1950.000000, 934.000000, 1952.000000, 989.000000, 1927.000000, 990.000000,     small-vehicle,     1424
1971.000000, 1923.000000, 1998.000000, 1922.000000, 2000.000000, 2003.000000, 1972.000000, 2004.000000,     small-vehicle,     1425
1806.000000, 2643.000000, 1886.000000, 2639.000000, 1887.000000, 2688.000000, 1807.000000, 2693.000000,     large-vehicle,     1426
2840.000000, 933.000000, 2866.000000, 933.000000, 2868.000000, 989.000000, 2843.000000, 989.000000,     small-vehicle,     1429
42.000000, 1070.000000, 97.000000, 1069.000000, 95.000000, 1112.000000, 41.000000, 1112.000000,     small-vehicle,     1431
720.000000, 1091.000000, 773.000000, 1091.000000, 773.000000, 1121.000000, 719.000000, 1121.000000,     small-vehicle,     1433
1982.000000, 1194.000000, 2014.000000, 1193.000000, 2016.000000, 1265.000000, 1984.000000, 1265.000000,     small-vehicle,     1438
3262.000000, 2852.000000, 3318.000000, 2849.000000, 3319.000000, 2875.000000, 3263.000000, 2879.000000,     small-vehicle,     1440
2021.000000, 1278.000000, 2049.000000, 1277.000000, 2051.000000, 1341.000000, 2023.000000, 1342.000000,     small-vehicle,     1449
1302.000000, 2338.000000, 1333.000000, 2337.000000, 1333.000000, 2415.000000, 1302.000000, 2417.000000,     small-vehicle,     1450
1253.000000, 762.000000, 1279.000000, 762.000000, 1279.000000, 813.000000, 1253.000000, 814.000000,     small-vehicle,     1451
1909.000000, 762.000000, 1933.000000, 762.000000, 1934.000000, 814.000000, 1911.000000, 814.000000,     small-vehicle,     1452
2809.000000, 723.000000, 2845.000000, 724.000000, 2849.000000, 785.000000, 2812.000000, 785.000000,     small-vehicle,     1453
1302.000000, 2302.000000, 1334.000000, 2301.000000, 1334.000000, 2383.000000, 1302.000000, 2385.000000,     large-vehicle,     1457
2179.000000, 672.000000, 2209.000000, 672.000000, 2210.000000, 729.000000, 2180.000000, 729.000000,     small-vehicle,     1458
2151.000000, 673.000000, 2174.000000, 673.000000, 2176.000000, 727.000000, 2152.000000, 728.000000,     small-vehicle,     1459
1620.000000, 1137.000000, 1665.000000, 1136.000000, 1665.000000, 1157.000000, 1620.000000, 1158.000000,     small-vehicle,     1460
2227.000000, 1944.000000, 2264.000000, 1944.000000, 2268.000000, 2036.000000, 2229.000000, 2038.000000,     small-vehicle,     1461
1246.000000, 673.000000, 1269.000000, 673.000000, 1269.000000, 721.000000, 1246.000000, 721.000000,     small-vehicle,     1462
1969.000000, 1912.000000, 1999.000000, 1910.000000, 2001.000000, 1990.000000, 1970.000000, 1991.000000,     large-vehicle,     1463
1939.000000, 1500.000000, 1969.000000, 1499.000000, 1971.000000, 1562.000000, 1941.000000, 1562.000000,     large-vehicle,     1464
3430.000000, 1844.000000, 3495.000000, 1842.000000, 3498.000000, 1874.000000, 3433.000000, 1877.000000,     large-vehicle,     1465
