2175.000000, 1217.000000, 2240.000000, 1217.000000, 2240.000000, 1281.000000, 2175.000000, 1281.000000,   small-vehicle,   1290
2274.000000, 1397.000000, 2304.000000, 1397.000000, 2304.000000, 1442.000000, 2274.000000, 1442.000000,   small-vehicle,   1536
1290.000000, 1371.000000, 1316.000000, 1371.000000, 1316.000000, 1416.000000, 1290.000000, 1416.000000,   small-vehicle,   1548
1959.000000, 1332.000000, 1987.000000, 1332.000000, 1987.000000, 1396.000000, 1959.000000, 1396.000000,   small-vehicle,   1549
2273.000000, 1315.000000, 2304.000000, 1315.000000, 2304.000000, 1376.000000, 2273.000000, 1376.000000,   small-vehicle,   1552
1284.000000, 1289.000000, 1310.000000, 1289.000000, 1310.000000, 1350.000000, 1284.000000, 1350.000000,   small-vehicle,   1554
1946.000000, 1269.000000, 1973.000000, 1269.000000, 1973.000000, 1318.000000, 1946.000000, 1318.000000,   small-vehicle,   1562
1972.000000, 1222.000000, 2000.000000, 1222.000000, 2000.000000, 1272.000000, 1972.000000, 1272.000000,   small-vehicle,   1566
2236.000000, 1220.000000, 2273.000000, 1220.000000, 2273.000000, 1287.000000, 2236.000000, 1287.000000,   small-vehicle,   1571
438.000000, 1173.000000, 497.000000, 1173.000000, 497.000000, 1205.000000, 438.000000, 1205.000000,   small-vehicle,   1575
511.000000, 1181.000000, 561.000000, 1181.000000, 561.000000, 1210.000000, 511.000000, 1210.000000,   small-vehicle,   1578
378.000000, 1115.000000, 422.000000, 1115.000000, 422.000000, 1169.000000, 378.000000, 1169.000000,   small-vehicle,   1594
1961.000000, 1066.000000, 1989.000000, 1066.000000, 1989.000000, 1115.000000, 1961.000000, 1115.000000,   small-vehicle,   1602
2927.000000, 1060.000000, 2993.000000, 1060.000000, 2993.000000, 1096.000000, 2927.000000, 1096.000000,   small-vehicle,   1614
320.000000, 1035.000000, 368.000000, 1035.000000, 368.000000, 1093.000000, 320.000000, 1093.000000,   small-vehicle,   1615
2232.000000, 1040.000000, 2257.000000, 1040.000000, 2257.000000, 1095.000000, 2232.000000, 1095.000000,   small-vehicle,   1623
3420.000000, 1044.000000, 3471.000000, 1044.000000, 3471.000000, 1065.000000, 3420.000000, 1065.000000,   small-vehicle,   1631
84.000000, 1089.000000, 140.000000, 1089.000000, 140.000000, 1131.000000, 84.000000, 1131.000000,   small-vehicle,   1632
2224.000000, 969.000000, 2257.000000, 969.000000, 2257.000000, 1035.000000, 2224.000000, 1035.000000,   small-vehicle,   1633
1929.000000, 900.000000, 1955.000000, 900.000000, 1955.000000, 956.000000, 1929.000000, 956.000000,   small-vehicle,   1637
3227.000000, 932.000000, 3261.000000, 932.000000, 3261.000000, 992.000000, 3227.000000, 992.000000,   small-vehicle,   1638
433.000000, 914.000000, 465.000000, 914.000000, 465.000000, 982.000000, 433.000000, 982.000000,   small-vehicle,   1643
358.000000, 894.000000, 385.000000, 894.000000, 385.000000, 947.000000, 358.000000, 947.000000,   small-vehicle,   1650
2247.000000, 846.000000, 2277.000000, 846.000000, 2277.000000, 905.000000, 2247.000000, 905.000000,   small-vehicle,   1656
1924.000000, 830.000000, 1954.000000, 830.000000, 1954.000000, 887.000000, 1924.000000, 887.000000,   small-vehicle,   1658
1041.000000, 1222.000000, 1088.000000, 1222.000000, 1088.000000, 1252.000000, 1041.000000, 1252.000000,   small-vehicle,   1659
3222.000000, 853.000000, 3260.000000, 853.000000, 3260.000000, 911.000000, 3222.000000, 911.000000,   small-vehicle,   1665
358.000000, 834.000000, 387.000000, 834.000000, 387.000000, 888.000000, 358.000000, 888.000000,   small-vehicle,   1666
2208.000000, 778.000000, 2235.000000, 778.000000, 2235.000000, 835.000000, 2208.000000, 835.000000,   small-vehicle,   1680
1952.000000, 799.000000, 1977.000000, 799.000000, 1977.000000, 852.000000, 1952.000000, 852.000000,   small-vehicle,   1683
1927.000000, 772.000000, 1950.000000, 772.000000, 1950.000000, 823.000000, 1927.000000, 823.000000,   small-vehicle,   1687
3251.000000, 1117.000000, 3319.000000, 1117.000000, 3319.000000, 1150.000000, 3251.000000, 1150.000000,   small-vehicle,   1688
2962.000000, 1234.000000, 2990.000000, 1234.000000, 2990.000000, 1277.000000, 2962.000000, 1277.000000,   small-vehicle,   1689
2467.000000, 1160.000000, 2518.000000, 1160.000000, 2518.000000, 1181.000000, 2467.000000, 1181.000000,   small-vehicle,   1693
2243.000000, 763.000000, 2270.000000, 763.000000, 2270.000000, 815.000000, 2243.000000, 815.000000,   small-vehicle,   1697
1950.000000, 723.000000, 1982.000000, 723.000000, 1982.000000, 788.000000, 1950.000000, 788.000000,   small-vehicle,   1699
2243.000000, 689.000000, 2269.000000, 689.000000, 2269.000000, 740.000000, 2243.000000, 740.000000,   small-vehicle,   1705
2155.000000, 488.000000, 2180.000000, 488.000000, 2180.000000, 544.000000, 2155.000000, 544.000000,   small-vehicle,   1706
1935.000000, 628.000000, 1963.000000, 628.000000, 1963.000000, 680.000000, 1935.000000, 680.000000,   small-vehicle,   1708
1916.000000, 690.000000, 1946.000000, 690.000000, 1946.000000, 748.000000, 1916.000000, 748.000000,   small-vehicle,   1709
232.000000, 1222.000000, 278.000000, 1222.000000, 278.000000, 1286.000000, 232.000000, 1286.000000,   small-vehicle,   1710
3220.000000, 626.000000, 3255.000000, 626.000000, 3255.000000, 686.000000, 3220.000000, 686.000000,   small-vehicle,   1715
2283.000000, 1257.000000, 2307.000000, 1257.000000, 2307.000000, 1305.000000, 2283.000000, 1305.000000,   small-vehicle,   1719
2723.000000, 607.000000, 2753.000000, 607.000000, 2753.000000, 665.000000, 2723.000000, 665.000000,   small-vehicle,   1727
2641.000000, 598.000000, 2675.000000, 598.000000, 2675.000000, 664.000000, 2641.000000, 664.000000,   small-vehicle,   1728
2230.000000, 561.000000, 2256.000000, 561.000000, 2256.000000, 624.000000, 2230.000000, 624.000000,   small-vehicle,   1729
2536.000000, 1152.000000, 2592.000000, 1152.000000, 2592.000000, 1183.000000, 2536.000000, 1183.000000,   small-vehicle,   1730
2762.000000, 595.000000, 2794.000000, 595.000000, 2794.000000, 656.000000, 2762.000000, 656.000000,   small-vehicle,   1731
2808.000000, 592.000000, 2838.000000, 592.000000, 2838.000000, 652.000000, 2808.000000, 652.000000,   small-vehicle,   1739
1918.000000, 533.000000, 1948.000000, 533.000000, 1948.000000, 593.000000, 1918.000000, 593.000000,   small-vehicle,   1742
2198.000000, 523.000000, 2225.000000, 523.000000, 2225.000000, 588.000000, 2198.000000, 588.000000,   small-vehicle,   1744
1460.000000, 1207.000000, 1502.000000, 1207.000000, 1502.000000, 1224.000000, 1460.000000, 1224.000000,   small-vehicle,   1747
1898.000000, 421.000000, 1929.000000, 421.000000, 1929.000000, 483.000000, 1898.000000, 483.000000,   small-vehicle,   1760
3168.000000, 1121.000000, 3232.000000, 1121.000000, 3232.000000, 1149.000000, 3168.000000, 1149.000000,   small-vehicle,   1761
1520.000000, 1199.000000, 1575.000000, 1199.000000, 1575.000000, 1224.000000, 1520.000000, 1224.000000,   small-vehicle,   1762
3205.000000, 485.000000, 3230.000000, 485.000000, 3230.000000, 547.000000, 3205.000000, 547.000000,   small-vehicle,   1763
65.000000, 431.000000, 123.000000, 431.000000, 123.000000, 458.000000, 65.000000, 458.000000,   small-vehicle,   1765
3196.000000, 409.000000, 3230.000000, 409.000000, 3230.000000, 476.000000, 3196.000000, 476.000000,   small-vehicle,   1767
2371.000000, 657.000000, 2423.000000, 657.000000, 2423.000000, 681.000000, 2371.000000, 681.000000,   small-vehicle,   1769
1047.000000, 371.000000, 1104.000000, 371.000000, 1104.000000, 397.000000, 1047.000000, 397.000000,   small-vehicle,   1772
47.000000, 354.000000, 110.000000, 354.000000, 110.000000, 382.000000, 47.000000, 382.000000,   small-vehicle,   1773
1896.000000, 365.000000, 1921.000000, 365.000000, 1921.000000, 410.000000, 1896.000000, 410.000000,   small-vehicle,   1777
2151.000000, 306.000000, 2178.000000, 306.000000, 2178.000000, 361.000000, 2151.000000, 361.000000,   small-vehicle,   1785
2222.000000, 366.000000, 2249.000000, 366.000000, 2249.000000, 421.000000, 2222.000000, 421.000000,   small-vehicle,   1787
562.000000, 320.000000, 612.000000, 320.000000, 612.000000, 346.000000, 562.000000, 346.000000,   small-vehicle,   1790
3554.000000, 1111.000000, 3610.000000, 1111.000000, 3610.000000, 1132.000000, 3554.000000, 1132.000000,   small-vehicle,   1791
499.000000, 326.000000, 550.000000, 326.000000, 550.000000, 351.000000, 499.000000, 351.000000,   small-vehicle,   1793
3194.000000, 325.000000, 3225.000000, 325.000000, 3225.000000, 384.000000, 3194.000000, 384.000000,   small-vehicle,   1794
695.000000, 346.000000, 757.000000, 346.000000, 757.000000, 377.000000, 695.000000, 377.000000,   small-vehicle,   1795
632.000000, 318.000000, 686.000000, 318.000000, 686.000000, 343.000000, 632.000000, 343.000000,   small-vehicle,   1799
700.000000, 312.000000, 759.000000, 312.000000, 759.000000, 336.000000, 700.000000, 336.000000,   small-vehicle,   1804
890.000000, 302.000000, 943.000000, 302.000000, 943.000000, 328.000000, 890.000000, 328.000000,   small-vehicle,   1805
1744.000000, 305.000000, 1799.000000, 305.000000, 1799.000000, 339.000000, 1744.000000, 339.000000,   small-vehicle,   1807
948.000000, 296.000000, 1009.000000, 296.000000, 1009.000000, 323.000000, 948.000000, 323.000000,   small-vehicle,   1808
767.000000, 308.000000, 817.000000, 308.000000, 817.000000, 332.000000, 767.000000, 332.000000,   small-vehicle,   1810
481.000000, 1247.000000, 536.000000, 1247.000000, 536.000000, 1278.000000, 481.000000, 1278.000000,   small-vehicle,   1813
351.000000, 281.000000, 379.000000, 281.000000, 379.000000, 336.000000, 351.000000, 336.000000,   small-vehicle,   1814
1031.000000, 291.000000, 1080.000000, 291.000000, 1080.000000, 315.000000, 1031.000000, 315.000000,   small-vehicle,   1817
828.000000, 305.000000, 879.000000, 305.000000, 879.000000, 330.000000, 828.000000, 330.000000,   small-vehicle,   1818
2185.000000, 300.000000, 2213.000000, 300.000000, 2213.000000, 354.000000, 2185.000000, 354.000000,   small-vehicle,   1819
1673.000000, 238.000000, 1732.000000, 238.000000, 1732.000000, 268.000000, 1673.000000, 268.000000,   small-vehicle,   1822
1162.000000, 280.000000, 1219.000000, 280.000000, 1219.000000, 311.000000, 1162.000000, 311.000000,   small-vehicle,   1825
1571.000000, 249.000000, 1628.000000, 249.000000, 1628.000000, 277.000000, 1571.000000, 277.000000,   small-vehicle,   1826
1397.000000, 264.000000, 1448.000000, 264.000000, 1448.000000, 289.000000, 1397.000000, 289.000000,   small-vehicle,   1827
1234.000000, 277.000000, 1284.000000, 277.000000, 1284.000000, 302.000000, 1234.000000, 302.000000,   small-vehicle,   1831
1738.000000, 232.000000, 1789.000000, 232.000000, 1789.000000, 259.000000, 1738.000000, 259.000000,   small-vehicle,   1833
3192.000000, 266.000000, 3217.000000, 266.000000, 3217.000000, 325.000000, 3192.000000, 325.000000,   small-vehicle,   1835
1339.000000, 269.000000, 1384.000000, 269.000000, 1384.000000, 292.000000, 1339.000000, 292.000000,   small-vehicle,   1836
2960.000000, 1279.000000, 2994.000000, 1279.000000, 2994.000000, 1337.000000, 2960.000000, 1337.000000,   small-vehicle,   1837
1797.000000, 227.000000, 1852.000000, 227.000000, 1852.000000, 253.000000, 1797.000000, 253.000000,   small-vehicle,   1838
431.000000, 993.000000, 458.000000, 993.000000, 458.000000, 1035.000000, 431.000000, 1035.000000,   small-vehicle,   1839
350.000000, 217.000000, 379.000000, 217.000000, 379.000000, 272.000000, 350.000000, 272.000000,   small-vehicle,   1845
3145.000000, 534.000000, 3166.000000, 534.000000, 3166.000000, 580.000000, 3145.000000, 580.000000,   small-vehicle,   1850
2532.000000, 176.000000, 2585.000000, 176.000000, 2585.000000, 202.000000, 2532.000000, 202.000000,   small-vehicle,   1856
2477.000000, 181.000000, 2527.000000, 181.000000, 2527.000000, 206.000000, 2477.000000, 206.000000,   small-vehicle,   1858
2395.000000, 187.000000, 2461.000000, 187.000000, 2461.000000, 213.000000, 2395.000000, 213.000000,   small-vehicle,   1859
1770.000000, 174.000000, 1829.000000, 174.000000, 1829.000000, 199.000000, 1770.000000, 199.000000,   small-vehicle,   1860
409.000000, 1029.000000, 454.000000, 1029.000000, 454.000000, 1087.000000, 409.000000, 1087.000000,   small-vehicle,   1864
1968.000000, 287.000000, 1997.000000, 287.000000, 1997.000000, 355.000000, 1968.000000, 355.000000,   small-vehicle,   1866
352.000000, 131.000000, 378.000000, 131.000000, 378.000000, 180.000000, 352.000000, 180.000000,   small-vehicle,   1868
2960.000000, 142.000000, 3016.000000, 142.000000, 3016.000000, 167.000000, 2960.000000, 167.000000,   small-vehicle,   1869
3041.000000, 142.000000, 3100.000000, 142.000000, 3100.000000, 170.000000, 3041.000000, 170.000000,   small-vehicle,   1872
2828.000000, 158.000000, 2884.000000, 158.000000, 2884.000000, 181.000000, 2828.000000, 181.000000,   small-vehicle,   1874
2208.000000, 81.000000, 2236.000000, 81.000000, 2236.000000, 133.000000, 2208.000000, 133.000000,   small-vehicle,   1875
224.000000, 420.000000, 285.000000, 420.000000, 285.000000, 447.000000, 224.000000, 447.000000,   small-vehicle,   1876
350.000000, 73.000000, 373.000000, 73.000000, 373.000000, 115.000000, 350.000000, 115.000000,   small-vehicle,   1878
300.000000, 1250.000000, 346.000000, 1250.000000, 346.000000, 1308.000000, 300.000000, 1308.000000,   small-vehicle,   1888
2233.000000, 511.000000, 2262.000000, 511.000000, 2262.000000, 553.000000, 2233.000000, 553.000000,   small-vehicle,   1889
1949.000000, 84.000000, 1978.000000, 84.000000, 1978.000000, 138.000000, 1949.000000, 138.000000,   small-vehicle,   1893
982.000000, 374.000000, 1030.000000, 374.000000, 1030.000000, 398.000000, 982.000000, 398.000000,   small-vehicle,   1895
1901.000000, -41.000000, 1930.000000, -41.000000, 1930.000000, 10.000000, 1901.000000, 10.000000,   small-vehicle,   1900
1876.000000, -12.000000, 1906.000000, -12.000000, 1906.000000, 41.000000, 1876.000000, 41.000000,   small-vehicle,   1902
284.000000, 348.000000, 338.000000, 348.000000, 338.000000, 378.000000, 284.000000, 378.000000,   small-vehicle,   1909
2350.000000, 232.000000, 2402.000000, 232.000000, 2402.000000, 258.000000, 2350.000000, 258.000000,   small-vehicle,   1918
2193.000000, -84.000000, 2225.000000, -84.000000, 2225.000000, -31.000000, 2193.000000, -31.000000,   small-vehicle,   1921
-8.000000, 414.000000, 53.000000, 414.000000, 53.000000, 441.000000, -8.000000, 441.000000,   small-vehicle,   1922
182.000000, 1337.000000, 225.000000, 1337.000000, 225.000000, 1397.000000, 182.000000, 1397.000000,   small-vehicle,   1927
1985.000000, 617.000000, 2014.000000, 617.000000, 2014.000000, 671.000000, 1985.000000, 671.000000,   small-vehicle,   1936
1867.000000, -125.000000, 1894.000000, -125.000000, 1894.000000, -84.000000, 1867.000000, -84.000000,   small-vehicle,   1941
2191.000000, -171.000000, 2218.000000, -171.000000, 2218.000000, -110.000000, 2191.000000, -110.000000,   small-vehicle,   1945
910.000000, 362.000000, 961.000000, 362.000000, 961.000000, 385.000000, 910.000000, 385.000000,   small-vehicle,   1950
1896.000000, -177.000000, 1921.000000, -177.000000, 1921.000000, -114.000000, 1896.000000, -114.000000,   small-vehicle,   1952
2815.000000, 234.000000, 2881.000000, 234.000000, 2881.000000, 263.000000, 2815.000000, 263.000000,   small-vehicle,   1954
1905.000000, 589.000000, 1926.000000, 589.000000, 1926.000000, 628.000000, 1905.000000, 628.000000,   small-vehicle,   1955
285.000000, 393.000000, 333.000000, 393.000000, 333.000000, 419.000000, 285.000000, 419.000000,   small-vehicle,   1966
1864.000000, -214.000000, 1891.000000, -214.000000, 1891.000000, -159.000000, 1864.000000, -159.000000,   small-vehicle,   1967
3093.000000, -200.000000, 3123.000000, -200.000000, 3123.000000, -143.000000, 3093.000000, -143.000000,   small-vehicle,   1968
2658.000000, 246.000000, 2714.000000, 246.000000, 2714.000000, 273.000000, 2658.000000, 273.000000,   small-vehicle,   1970
1956.000000, 232.000000, 1986.000000, 232.000000, 1986.000000, 285.000000, 1956.000000, 285.000000,   small-vehicle,   1971
2186.000000, -244.000000, 2215.000000, -244.000000, 2215.000000, -186.000000, 2186.000000, -186.000000,   small-vehicle,   1972
1342.000000, 342.000000, 1402.000000, 342.000000, 1402.000000, 375.000000, 1342.000000, 375.000000,   small-vehicle,   1974
2158.000000, -229.000000, 2188.000000, -229.000000, 2188.000000, -168.000000, 2158.000000, -168.000000,   small-vehicle,   1977
320.000000, 895.000000, 342.000000, 895.000000, 342.000000, 935.000000, 320.000000, 935.000000,   small-vehicle,   1981
2152.000000, -299.000000, 2178.000000, -299.000000, 2178.000000, -242.000000, 2152.000000, -242.000000,   small-vehicle,   1988
3232.000000, 210.000000, 3284.000000, 210.000000, 3284.000000, 234.000000, 3232.000000, 234.000000,   small-vehicle,   1992
1940.000000, 26.000000, 1968.000000, 26.000000, 1968.000000, 82.000000, 1940.000000, 82.000000,   small-vehicle,   1997
2056.000000, 1162.000000, 2088.000000, 1162.000000, 2088.000000, 1230.000000, 2056.000000, 1230.000000,   small-vehicle,   1998
3089.000000, -279.000000, 3116.000000, -279.000000, 3116.000000, -223.000000, 3089.000000, -223.000000,   small-vehicle,   2005
2180.000000, -323.000000, 2209.000000, -323.000000, 2209.000000, -261.000000, 2180.000000, -261.000000,   small-vehicle,   2006
1395.000000, 1205.000000, 1441.000000, 1205.000000, 1441.000000, 1231.000000, 1395.000000, 1231.000000,   small-vehicle,   2007
251.000000, -336.000000, 302.000000, -336.000000, 302.000000, -288.000000, 251.000000, -288.000000,   small-vehicle,   2008
2618.000000, -388.000000, 2671.000000, -388.000000, 2671.000000, -362.000000, 2618.000000, -362.000000,   small-vehicle,   2013
398.000000, 1251.000000, 464.000000, 1251.000000, 464.000000, 1282.000000, 398.000000, 1282.000000,   small-vehicle,   2014
3317.000000, 207.000000, 3380.000000, 207.000000, 3380.000000, 234.000000, 3317.000000, 234.000000,   small-vehicle,   2016
3449.000000, 202.000000, 3513.000000, 202.000000, 3513.000000, 223.000000, 3449.000000, 223.000000,   small-vehicle,   2017
3644.000000, 188.000000, 3715.000000, 188.000000, 3715.000000, 211.000000, 3644.000000, 211.000000,   small-vehicle,   2021
1855.000000, -380.000000, 1885.000000, -380.000000, 1885.000000, -324.000000, 1855.000000, -324.000000,   small-vehicle,   2023
189.000000, -476.000000, 245.000000, -476.000000, 245.000000, -425.000000, 189.000000, -425.000000,   small-vehicle,   2028
2947.000000, 224.000000, 3013.000000, 224.000000, 3013.000000, 258.000000, 2947.000000, 258.000000,   small-vehicle,   2030
243.000000, -433.000000, 289.000000, -433.000000, 289.000000, -391.000000, 243.000000, -391.000000,   small-vehicle,   2031
1876.000000, -448.000000, 1904.000000, -448.000000, 1904.000000, -391.000000, 1876.000000, -391.000000,   small-vehicle,   2033
2163.000000, -426.000000, 2187.000000, -426.000000, 2187.000000, -376.000000, 2163.000000, -376.000000,   small-vehicle,   2035
1336.000000, 338.000000, 1503.000000, 338.000000, 1503.000000, 372.000000, 1336.000000, 372.000000,   large-vehicle,   2036
40.000000, -512.000000, 99.000000, -512.000000, 99.000000, -461.000000, 40.000000, -461.000000,   small-vehicle,   2038
2158.000000, -485.000000, 2185.000000, -485.000000, 2185.000000, -436.000000, 2158.000000, -436.000000,   small-vehicle,   2039
1926.000000, -270.000000, 1954.000000, -270.000000, 1954.000000, -204.000000, 1926.000000, -204.000000,   small-vehicle,   2041
1983.000000, -51.000000, 2011.000000, -51.000000, 2011.000000, 4.000000, 1983.000000, 4.000000,   small-vehicle,   2042
83.000000, -435.000000, 130.000000, -435.000000, 130.000000, -374.000000, 83.000000, -374.000000,   small-vehicle,   2043
348.000000, 944.000000, 383.000000, 944.000000, 383.000000, 1008.000000, 348.000000, 1008.000000,   large-vehicle,   2047
1870.000000, -520.000000, 1904.000000, -520.000000, 1904.000000, -454.000000, 1870.000000, -454.000000,   small-vehicle,   2050
3083.000000, -360.000000, 3112.000000, -360.000000, 3112.000000, -304.000000, 3083.000000, -304.000000,   small-vehicle,   2054
-14.000000, -552.000000, 46.000000, -552.000000, 46.000000, -502.000000, -14.000000, -502.000000,   small-vehicle,   2060
2477.000000, 255.000000, 2532.000000, 255.000000, 2532.000000, 278.000000, 2477.000000, 278.000000,   small-vehicle,   2064
2164.000000, -547.000000, 2190.000000, -547.000000, 2190.000000, -500.000000, 2164.000000, -500.000000,   small-vehicle,   2065
49.000000, -592.000000, 113.000000, -592.000000, 113.000000, -533.000000, 49.000000, -533.000000,   small-vehicle,   2066
2876.000000, 189.000000, 2945.000000, 189.000000, 2945.000000, 220.000000, 2876.000000, 220.000000,   small-vehicle,   2067
2619.000000, -352.000000, 2661.000000, -352.000000, 2661.000000, -327.000000, 2619.000000, -327.000000,   small-vehicle,   2068
1886.000000, 104.000000, 1908.000000, 104.000000, 1908.000000, 135.000000, 1886.000000, 135.000000,   small-vehicle,   2069
1395.000000, -537.000000, 1448.000000, -537.000000, 1448.000000, -508.000000, 1395.000000, -508.000000,   small-vehicle,   2072
2074.000000, 506.000000, 2106.000000, 506.000000, 2106.000000, 567.000000, 2074.000000, 567.000000,   small-vehicle,   2074
3665.000000, 114.000000, 3714.000000, 114.000000, 3714.000000, 137.000000, 3665.000000, 137.000000,   small-vehicle,   2075
1524.000000, 339.000000, 1563.000000, 339.000000, 1563.000000, 362.000000, 1524.000000, 362.000000,   small-vehicle,   2077
355.000000, 432.000000, 382.000000, 432.000000, 382.000000, 481.000000, 355.000000, 481.000000,   small-vehicle,   2080
720.000000, 1191.000000, 779.000000, 1191.000000, 779.000000, 1207.000000, 720.000000, 1207.000000,   large-vehicle,   2081
-5.000000, -627.000000, 47.000000, -627.000000, 47.000000, -579.000000, -5.000000, -579.000000,   small-vehicle,   2084
294.000000, -303.000000, 346.000000, -303.000000, 346.000000, -256.000000, 294.000000, -256.000000,   small-vehicle,   2085
2150.000000, 601.000000, 2183.000000, 601.000000, 2183.000000, 669.000000, 2150.000000, 669.000000,   small-vehicle,   2088
3056.000000, -677.000000, 3091.000000, -677.000000, 3091.000000, -617.000000, 3056.000000, -617.000000,   small-vehicle,   2090
724.000000, 1231.000000, 790.000000, 1231.000000, 790.000000, 1267.000000, 724.000000, 1267.000000,   small-vehicle,   2091
1856.000000, -653.000000, 1877.000000, -653.000000, 1877.000000, -627.000000, 1856.000000, -627.000000,   small-vehicle,   2092
2681.000000, 179.000000, 2736.000000, 179.000000, 2736.000000, 200.000000, 2681.000000, 200.000000,   small-vehicle,   2093
3109.000000, 26.000000, 3147.000000, 26.000000, 3147.000000, 90.000000, 3109.000000, 90.000000,   small-vehicle,   2094
1929.000000, 436.000000, 1964.000000, 436.000000, 1964.000000, 511.000000, 1929.000000, 511.000000,   small-vehicle,   2095
298.000000, 310.000000, 343.000000, 310.000000, 343.000000, 332.000000, 298.000000, 332.000000,   small-vehicle,   2096
2429.000000, 229.000000, 2485.000000, 229.000000, 2485.000000, 255.000000, 2429.000000, 255.000000,   large-vehicle,   2100
2430.000000, 225.000000, 2483.000000, 225.000000, 2483.000000, 251.000000, 2430.000000, 251.000000,   small-vehicle,   2102
1930.000000, 445.000000, 1966.000000, 445.000000, 1966.000000, 522.000000, 1930.000000, 522.000000,   large-vehicle,   2103
540.000000, 1233.000000, 593.000000, 1233.000000, 593.000000, 1261.000000, 540.000000, 1261.000000,   small-vehicle,   2104
2686.000000, 613.000000, 2720.000000, 613.000000, 2720.000000, 680.000000, 2686.000000, 680.000000,   small-vehicle,   2107
3126.000000, 206.000000, 3173.000000, 206.000000, 3173.000000, 260.000000, 3126.000000, 260.000000,   small-vehicle,   2108
2685.000000, 608.000000, 2720.000000, 608.000000, 2720.000000, 675.000000, 2685.000000, 675.000000,   large-vehicle,   2109
2577.000000, -718.000000, 2642.000000, -718.000000, 2642.000000, -687.000000, 2577.000000, -687.000000,   small-vehicle,   2110
2868.000000, 199.000000, 2938.000000, 199.000000, 2938.000000, 230.000000, 2868.000000, 230.000000,   small-vehicle,   2111
3053.000000, -753.000000, 3122.000000, -753.000000, 3122.000000, -703.000000, 3053.000000, -703.000000,   small-vehicle,   2112
295.000000, -399.000000, 346.000000, -399.000000, 346.000000, -363.000000, 295.000000, -363.000000,   small-vehicle,   2113
305.000000, -330.000000, 345.000000, -330.000000, 345.000000, -292.000000, 305.000000, -292.000000,   small-vehicle,   2114
2919.000000, -717.000000, 2957.000000, -717.000000, 2957.000000, -697.000000, 2919.000000, -697.000000,   small-vehicle,   2115
3109.000000, 29.000000, 3149.000000, 29.000000, 3149.000000, 95.000000, 3109.000000, 95.000000,   small-vehicle,   2116
2074.000000, 512.000000, 2106.000000, 512.000000, 2106.000000, 575.000000, 2074.000000, 575.000000,   small-vehicle,   2117
2087.000000, -751.000000, 2112.000000, -751.000000, 2112.000000, -708.000000, 2087.000000, -708.000000,   small-vehicle,   2118
2871.000000, -716.000000, 2910.000000, -716.000000, 2910.000000, -691.000000, 2871.000000, -691.000000,   small-vehicle,   2119
3025.000000, 228.000000, 3070.000000, 228.000000, 3070.000000, 249.000000, 3025.000000, 249.000000,   small-vehicle,   2120
1852.000000, -319.000000, 1873.000000, -319.000000, 1873.000000, -277.000000, 1852.000000, -277.000000,   small-vehicle,   2121
2428.000000, 230.000000, 2486.000000, 230.000000, 2486.000000, 257.000000, 2428.000000, 257.000000,   small-vehicle,   2122
1929.000000, 451.000000, 1965.000000, 451.000000, 1965.000000, 525.000000, 1929.000000, 525.000000,   small-vehicle,   2123
2048.000000, 927.000000, 2063.000000, 927.000000, 2063.000000, 956.000000, 2048.000000, 956.000000,   small-vehicle,   2124
311.000000, 178.000000, 338.000000, 178.000000, 338.000000, 235.000000, 311.000000, 235.000000,   small-vehicle,   2125
-32.000000, -386.000000, 18.000000, -386.000000, 18.000000, -363.000000, -32.000000, -363.000000,   small-vehicle,   2126
2075.000000, 515.000000, 2106.000000, 515.000000, 2106.000000, 579.000000, 2075.000000, 579.000000,   large-vehicle,   2127
3110.000000, 33.000000, 3146.000000, 33.000000, 3146.000000, 100.000000, 3110.000000, 100.000000,   large-vehicle,   2128
2872.000000, 193.000000, 2943.000000, 193.000000, 2943.000000, 226.000000, 2872.000000, 226.000000,   large-vehicle,   2129
-28.000000, -465.000000, 5.000000, -465.000000, 5.000000, -387.000000, -28.000000, -387.000000,   large-vehicle,   2130
