2174.000000, 1220.000000, 2241.000000, 1220.000000, 2241.000000, 1279.000000, 2174.000000, 1279.000000,   small-vehicle,   1290
1948.000000, 1277.000000, 1971.000000, 1277.000000, 1971.000000, 1309.000000, 1948.000000, 1309.000000,   small-vehicle,   1562
1972.000000, 1222.000000, 1999.000000, 1222.000000, 1999.000000, 1271.000000, 1972.000000, 1271.000000,   small-vehicle,   1566
2237.000000, 1219.000000, 2271.000000, 1219.000000, 2271.000000, 1288.000000, 2237.000000, 1288.000000,   small-vehicle,   1571
438.000000, 1172.000000, 497.000000, 1172.000000, 497.000000, 1206.000000, 438.000000, 1206.000000,   small-vehicle,   1575
512.000000, 1180.000000, 561.000000, 1180.000000, 561.000000, 1211.000000, 512.000000, 1211.000000,   small-vehicle,   1578
382.000000, 1116.000000, 418.000000, 1116.000000, 418.000000, 1167.000000, 382.000000, 1167.000000,   small-vehicle,   1594
1961.000000, 1067.000000, 1988.000000, 1067.000000, 1988.000000, 1115.000000, 1961.000000, 1115.000000,   small-vehicle,   1602
2926.000000, 1061.000000, 2995.000000, 1061.000000, 2995.000000, 1095.000000, 2926.000000, 1095.000000,   small-vehicle,   1614
319.000000, 1034.000000, 369.000000, 1034.000000, 369.000000, 1093.000000, 319.000000, 1093.000000,   small-vehicle,   1615
2232.000000, 1039.000000, 2256.000000, 1039.000000, 2256.000000, 1095.000000, 2232.000000, 1095.000000,   small-vehicle,   1623
3416.000000, 1042.000000, 3475.000000, 1042.000000, 3475.000000, 1066.000000, 3416.000000, 1066.000000,   small-vehicle,   1631
85.000000, 1089.000000, 139.000000, 1089.000000, 139.000000, 1131.000000, 85.000000, 1131.000000,   small-vehicle,   1632
2225.000000, 969.000000, 2256.000000, 969.000000, 2256.000000, 1035.000000, 2225.000000, 1035.000000,   small-vehicle,   1633
1928.000000, 900.000000, 1955.000000, 900.000000, 1955.000000, 955.000000, 1928.000000, 955.000000,   small-vehicle,   1637
3226.000000, 932.000000, 3262.000000, 932.000000, 3262.000000, 991.000000, 3226.000000, 991.000000,   small-vehicle,   1638
433.000000, 916.000000, 465.000000, 916.000000, 465.000000, 980.000000, 433.000000, 980.000000,   small-vehicle,   1643
357.000000, 893.000000, 387.000000, 893.000000, 387.000000, 948.000000, 357.000000, 948.000000,   small-vehicle,   1650
2247.000000, 846.000000, 2277.000000, 846.000000, 2277.000000, 906.000000, 2247.000000, 906.000000,   small-vehicle,   1656
1924.000000, 830.000000, 1954.000000, 830.000000, 1954.000000, 887.000000, 1924.000000, 887.000000,   small-vehicle,   1658
1041.000000, 1221.000000, 1088.000000, 1221.000000, 1088.000000, 1252.000000, 1041.000000, 1252.000000,   small-vehicle,   1659
3221.000000, 853.000000, 3261.000000, 853.000000, 3261.000000, 910.000000, 3221.000000, 910.000000,   small-vehicle,   1665
359.000000, 837.000000, 386.000000, 837.000000, 386.000000, 886.000000, 359.000000, 886.000000,   small-vehicle,   1666
2209.000000, 780.000000, 2235.000000, 780.000000, 2235.000000, 834.000000, 2209.000000, 834.000000,   small-vehicle,   1680
1952.000000, 800.000000, 1977.000000, 800.000000, 1977.000000, 852.000000, 1952.000000, 852.000000,   small-vehicle,   1683
1926.000000, 773.000000, 1951.000000, 773.000000, 1951.000000, 821.000000, 1926.000000, 821.000000,   small-vehicle,   1687
3251.000000, 1117.000000, 3319.000000, 1117.000000, 3319.000000, 1149.000000, 3251.000000, 1149.000000,   small-vehicle,   1688
2963.000000, 1233.000000, 2989.000000, 1233.000000, 2989.000000, 1278.000000, 2963.000000, 1278.000000,   small-vehicle,   1689
2467.000000, 1160.000000, 2518.000000, 1160.000000, 2518.000000, 1180.000000, 2467.000000, 1180.000000,   small-vehicle,   1693
2244.000000, 763.000000, 2269.000000, 763.000000, 2269.000000, 815.000000, 2244.000000, 815.000000,   small-vehicle,   1697
1951.000000, 725.000000, 1982.000000, 725.000000, 1982.000000, 787.000000, 1951.000000, 787.000000,   small-vehicle,   1699
2243.000000, 689.000000, 2269.000000, 689.000000, 2269.000000, 739.000000, 2243.000000, 739.000000,   small-vehicle,   1705
2154.000000, 481.000000, 2182.000000, 481.000000, 2182.000000, 551.000000, 2154.000000, 551.000000,   small-vehicle,   1706
1935.000000, 628.000000, 1964.000000, 628.000000, 1964.000000, 680.000000, 1935.000000, 680.000000,   small-vehicle,   1708
1915.000000, 691.000000, 1946.000000, 691.000000, 1946.000000, 747.000000, 1915.000000, 747.000000,   small-vehicle,   1709
233.000000, 1223.000000, 277.000000, 1223.000000, 277.000000, 1285.000000, 233.000000, 1285.000000,   small-vehicle,   1710
3221.000000, 627.000000, 3254.000000, 627.000000, 3254.000000, 686.000000, 3221.000000, 686.000000,   small-vehicle,   1715
2283.000000, 1258.000000, 2306.000000, 1258.000000, 2306.000000, 1303.000000, 2283.000000, 1303.000000,   small-vehicle,   1719
2724.000000, 609.000000, 2751.000000, 609.000000, 2751.000000, 663.000000, 2724.000000, 663.000000,   small-vehicle,   1727
2642.000000, 598.000000, 2673.000000, 598.000000, 2673.000000, 663.000000, 2642.000000, 663.000000,   small-vehicle,   1728
2231.000000, 559.000000, 2256.000000, 559.000000, 2256.000000, 626.000000, 2231.000000, 626.000000,   small-vehicle,   1729
2536.000000, 1152.000000, 2593.000000, 1152.000000, 2593.000000, 1183.000000, 2536.000000, 1183.000000,   small-vehicle,   1730
2762.000000, 594.000000, 2794.000000, 594.000000, 2794.000000, 656.000000, 2762.000000, 656.000000,   small-vehicle,   1731
2809.000000, 591.000000, 2837.000000, 591.000000, 2837.000000, 653.000000, 2809.000000, 653.000000,   small-vehicle,   1739
1918.000000, 533.000000, 1948.000000, 533.000000, 1948.000000, 593.000000, 1918.000000, 593.000000,   small-vehicle,   1742
1456.000000, 1207.000000, 1506.000000, 1207.000000, 1506.000000, 1224.000000, 1456.000000, 1224.000000,   small-vehicle,   1747
1898.000000, 421.000000, 1930.000000, 421.000000, 1930.000000, 483.000000, 1898.000000, 483.000000,   small-vehicle,   1760
3167.000000, 1120.000000, 3233.000000, 1120.000000, 3233.000000, 1149.000000, 3167.000000, 1149.000000,   small-vehicle,   1761
1520.000000, 1199.000000, 1575.000000, 1199.000000, 1575.000000, 1223.000000, 1520.000000, 1223.000000,   small-vehicle,   1762
3203.000000, 485.000000, 3231.000000, 485.000000, 3231.000000, 546.000000, 3203.000000, 546.000000,   small-vehicle,   1763
65.000000, 431.000000, 122.000000, 431.000000, 122.000000, 458.000000, 65.000000, 458.000000,   small-vehicle,   1765
3198.000000, 409.000000, 3229.000000, 409.000000, 3229.000000, 476.000000, 3198.000000, 476.000000,   small-vehicle,   1767
2372.000000, 657.000000, 2422.000000, 657.000000, 2422.000000, 682.000000, 2372.000000, 682.000000,   small-vehicle,   1769
1047.000000, 372.000000, 1105.000000, 372.000000, 1105.000000, 397.000000, 1047.000000, 397.000000,   small-vehicle,   1772
48.000000, 354.000000, 108.000000, 354.000000, 108.000000, 383.000000, 48.000000, 383.000000,   small-vehicle,   1773
1895.000000, 365.000000, 1922.000000, 365.000000, 1922.000000, 410.000000, 1895.000000, 410.000000,   small-vehicle,   1777
2151.000000, 306.000000, 2178.000000, 306.000000, 2178.000000, 361.000000, 2151.000000, 361.000000,   small-vehicle,   1785
2221.000000, 367.000000, 2250.000000, 367.000000, 2250.000000, 419.000000, 2221.000000, 419.000000,   small-vehicle,   1787
562.000000, 321.000000, 612.000000, 321.000000, 612.000000, 346.000000, 562.000000, 346.000000,   small-vehicle,   1790
498.000000, 325.000000, 550.000000, 325.000000, 550.000000, 351.000000, 498.000000, 351.000000,   small-vehicle,   1793
3194.000000, 325.000000, 3226.000000, 325.000000, 3226.000000, 384.000000, 3194.000000, 384.000000,   small-vehicle,   1794
696.000000, 347.000000, 757.000000, 347.000000, 757.000000, 376.000000, 696.000000, 376.000000,   small-vehicle,   1795
632.000000, 319.000000, 686.000000, 319.000000, 686.000000, 343.000000, 632.000000, 343.000000,   small-vehicle,   1799
699.000000, 311.000000, 759.000000, 311.000000, 759.000000, 337.000000, 699.000000, 337.000000,   small-vehicle,   1804
890.000000, 302.000000, 943.000000, 302.000000, 943.000000, 329.000000, 890.000000, 329.000000,   small-vehicle,   1805
1744.000000, 305.000000, 1798.000000, 305.000000, 1798.000000, 338.000000, 1744.000000, 338.000000,   small-vehicle,   1807
948.000000, 296.000000, 1008.000000, 296.000000, 1008.000000, 323.000000, 948.000000, 323.000000,   small-vehicle,   1808
767.000000, 309.000000, 816.000000, 309.000000, 816.000000, 332.000000, 767.000000, 332.000000,   small-vehicle,   1810
481.000000, 1246.000000, 537.000000, 1246.000000, 537.000000, 1279.000000, 481.000000, 1279.000000,   small-vehicle,   1813
350.000000, 281.000000, 380.000000, 281.000000, 380.000000, 337.000000, 350.000000, 337.000000,   small-vehicle,   1814
1028.000000, 290.000000, 1082.000000, 290.000000, 1082.000000, 316.000000, 1028.000000, 316.000000,   small-vehicle,   1817
829.000000, 305.000000, 878.000000, 305.000000, 878.000000, 329.000000, 829.000000, 329.000000,   small-vehicle,   1818
2185.000000, 299.000000, 2213.000000, 299.000000, 2213.000000, 355.000000, 2185.000000, 355.000000,   small-vehicle,   1819
1674.000000, 238.000000, 1731.000000, 238.000000, 1731.000000, 267.000000, 1674.000000, 267.000000,   small-vehicle,   1822
1161.000000, 281.000000, 1220.000000, 281.000000, 1220.000000, 311.000000, 1161.000000, 311.000000,   small-vehicle,   1825
1572.000000, 248.000000, 1627.000000, 248.000000, 1627.000000, 277.000000, 1572.000000, 277.000000,   small-vehicle,   1826
1397.000000, 264.000000, 1447.000000, 264.000000, 1447.000000, 288.000000, 1397.000000, 288.000000,   small-vehicle,   1827
1233.000000, 276.000000, 1285.000000, 276.000000, 1285.000000, 303.000000, 1233.000000, 303.000000,   small-vehicle,   1831
1739.000000, 232.000000, 1789.000000, 232.000000, 1789.000000, 259.000000, 1739.000000, 259.000000,   small-vehicle,   1833
3191.000000, 266.000000, 3218.000000, 266.000000, 3218.000000, 326.000000, 3191.000000, 326.000000,   small-vehicle,   1835
1338.000000, 269.000000, 1384.000000, 269.000000, 1384.000000, 292.000000, 1338.000000, 292.000000,   small-vehicle,   1836
1799.000000, 228.000000, 1851.000000, 228.000000, 1851.000000, 252.000000, 1799.000000, 252.000000,   small-vehicle,   1838
430.000000, 992.000000, 460.000000, 992.000000, 460.000000, 1036.000000, 430.000000, 1036.000000,   small-vehicle,   1839
352.000000, 219.000000, 377.000000, 219.000000, 377.000000, 270.000000, 352.000000, 270.000000,   small-vehicle,   1845
3145.000000, 534.000000, 3165.000000, 534.000000, 3165.000000, 580.000000, 3145.000000, 580.000000,   small-vehicle,   1850
2532.000000, 177.000000, 2586.000000, 177.000000, 2586.000000, 201.000000, 2532.000000, 201.000000,   small-vehicle,   1856
2478.000000, 182.000000, 2527.000000, 182.000000, 2527.000000, 206.000000, 2478.000000, 206.000000,   small-vehicle,   1858
2394.000000, 188.000000, 2462.000000, 188.000000, 2462.000000, 211.000000, 2394.000000, 211.000000,   small-vehicle,   1859
1772.000000, 174.000000, 1828.000000, 174.000000, 1828.000000, 200.000000, 1772.000000, 200.000000,   small-vehicle,   1860
410.000000, 1030.000000, 454.000000, 1030.000000, 454.000000, 1086.000000, 410.000000, 1086.000000,   small-vehicle,   1864
352.000000, 130.000000, 377.000000, 130.000000, 377.000000, 181.000000, 352.000000, 181.000000,   small-vehicle,   1868
2962.000000, 142.000000, 3015.000000, 142.000000, 3015.000000, 167.000000, 2962.000000, 167.000000,   small-vehicle,   1869
3041.000000, 142.000000, 3101.000000, 142.000000, 3101.000000, 169.000000, 3041.000000, 169.000000,   small-vehicle,   1872
2208.000000, 80.000000, 2236.000000, 80.000000, 2236.000000, 134.000000, 2208.000000, 134.000000,   small-vehicle,   1875
223.000000, 421.000000, 285.000000, 421.000000, 285.000000, 446.000000, 223.000000, 446.000000,   small-vehicle,   1876
349.000000, 70.000000, 373.000000, 70.000000, 373.000000, 117.000000, 349.000000, 117.000000,   small-vehicle,   1878
300.000000, 1251.000000, 347.000000, 1251.000000, 347.000000, 1308.000000, 300.000000, 1308.000000,   small-vehicle,   1888
2233.000000, 511.000000, 2263.000000, 511.000000, 2263.000000, 552.000000, 2233.000000, 552.000000,   small-vehicle,   1889
1949.000000, 83.000000, 1979.000000, 83.000000, 1979.000000, 140.000000, 1949.000000, 140.000000,   small-vehicle,   1893
983.000000, 375.000000, 1028.000000, 375.000000, 1028.000000, 396.000000, 983.000000, 396.000000,   small-vehicle,   1895
1901.000000, -42.000000, 1930.000000, -42.000000, 1930.000000, 9.000000, 1901.000000, 9.000000,   small-vehicle,   1900
1876.000000, -10.000000, 1906.000000, -10.000000, 1906.000000, 41.000000, 1876.000000, 41.000000,   small-vehicle,   1902
228.000000, 348.000000, 276.000000, 348.000000, 276.000000, 374.000000, 228.000000, 374.000000,   small-vehicle,   1909
2351.000000, 234.000000, 2401.000000, 234.000000, 2401.000000, 257.000000, 2351.000000, 257.000000,   small-vehicle,   1918
2195.000000, -83.000000, 2224.000000, -83.000000, 2224.000000, -30.000000, 2195.000000, -30.000000,   small-vehicle,   1921
-10.000000, 412.000000, 51.000000, 412.000000, 51.000000, 440.000000, -10.000000, 440.000000,   small-vehicle,   1922
1995.000000, 769.000000, 2024.000000, 769.000000, 2024.000000, 824.000000, 1995.000000, 824.000000,   small-vehicle,   1936
1870.000000, -125.000000, 1894.000000, -125.000000, 1894.000000, -86.000000, 1870.000000, -86.000000,   small-vehicle,   1941
2191.000000, -170.000000, 2218.000000, -170.000000, 2218.000000, -112.000000, 2191.000000, -112.000000,   small-vehicle,   1945
908.000000, 360.000000, 959.000000, 360.000000, 959.000000, 382.000000, 908.000000, 382.000000,   small-vehicle,   1950
1895.000000, -176.000000, 1920.000000, -176.000000, 1920.000000, -116.000000, 1895.000000, -116.000000,   small-vehicle,   1952
2817.000000, 239.000000, 2885.000000, 239.000000, 2885.000000, 266.000000, 2817.000000, 266.000000,   small-vehicle,   1954
1906.000000, 591.000000, 1928.000000, 591.000000, 1928.000000, 636.000000, 1906.000000, 636.000000,   small-vehicle,   1955
281.000000, 390.000000, 331.000000, 390.000000, 331.000000, 419.000000, 281.000000, 419.000000,   small-vehicle,   1966
1864.000000, -215.000000, 1891.000000, -215.000000, 1891.000000, -161.000000, 1864.000000, -161.000000,   small-vehicle,   1967
3093.000000, -197.000000, 3124.000000, -197.000000, 3124.000000, -138.000000, 3093.000000, -138.000000,   small-vehicle,   1968
2660.000000, 249.000000, 2714.000000, 249.000000, 2714.000000, 273.000000, 2660.000000, 273.000000,   small-vehicle,   1970
1964.000000, 354.000000, 1993.000000, 354.000000, 1993.000000, 406.000000, 1964.000000, 406.000000,   small-vehicle,   1971
2186.000000, -243.000000, 2215.000000, -243.000000, 2215.000000, -184.000000, 2186.000000, -184.000000,   small-vehicle,   1972
1342.000000, 342.000000, 1401.000000, 342.000000, 1401.000000, 374.000000, 1342.000000, 374.000000,   small-vehicle,   1974
2158.000000, -228.000000, 2188.000000, -228.000000, 2188.000000, -169.000000, 2158.000000, -169.000000,   small-vehicle,   1977
2151.000000, -302.000000, 2178.000000, -302.000000, 2178.000000, -241.000000, 2151.000000, -241.000000,   small-vehicle,   1988
3234.000000, 214.000000, 3300.000000, 214.000000, 3300.000000, 236.000000, 3234.000000, 236.000000,   small-vehicle,   1992
1946.000000, 150.000000, 1976.000000, 150.000000, 1976.000000, 208.000000, 1946.000000, 208.000000,   small-vehicle,   1997
3087.000000, -277.000000, 3116.000000, -277.000000, 3116.000000, -220.000000, 3087.000000, -220.000000,   small-vehicle,   2005
2180.000000, -322.000000, 2209.000000, -322.000000, 2209.000000, -261.000000, 2180.000000, -261.000000,   small-vehicle,   2006
1387.000000, 1207.000000, 1443.000000, 1207.000000, 1443.000000, 1231.000000, 1387.000000, 1231.000000,   small-vehicle,   2007
252.000000, -341.000000, 302.000000, -341.000000, 302.000000, -293.000000, 252.000000, -293.000000,   small-vehicle,   2008
2618.000000, -388.000000, 2676.000000, -388.000000, 2676.000000, -358.000000, 2618.000000, -358.000000,   small-vehicle,   2013
395.000000, 1252.000000, 461.000000, 1252.000000, 461.000000, 1286.000000, 395.000000, 1286.000000,   small-vehicle,   2014
3317.000000, 211.000000, 3380.000000, 211.000000, 3380.000000, 239.000000, 3317.000000, 239.000000,   small-vehicle,   2016
3450.000000, 207.000000, 3511.000000, 207.000000, 3511.000000, 228.000000, 3450.000000, 228.000000,   small-vehicle,   2017
3672.000000, 197.000000, 3714.000000, 197.000000, 3714.000000, 216.000000, 3672.000000, 216.000000,   small-vehicle,   2021
1852.000000, -384.000000, 1884.000000, -384.000000, 1884.000000, -325.000000, 1852.000000, -325.000000,   small-vehicle,   2023
189.000000, -481.000000, 244.000000, -481.000000, 244.000000, -429.000000, 189.000000, -429.000000,   small-vehicle,   2028
2948.000000, 226.000000, 3011.000000, 226.000000, 3011.000000, 260.000000, 2948.000000, 260.000000,   small-vehicle,   2030
241.000000, -440.000000, 286.000000, -440.000000, 286.000000, -397.000000, 241.000000, -397.000000,   small-vehicle,   2031
1876.000000, -449.000000, 1904.000000, -449.000000, 1904.000000, -390.000000, 1876.000000, -390.000000,   small-vehicle,   2033
2163.000000, -416.000000, 2186.000000, -416.000000, 2186.000000, -367.000000, 2163.000000, -367.000000,   small-vehicle,   2035
38.000000, -516.000000, 98.000000, -516.000000, 98.000000, -466.000000, 38.000000, -466.000000,   small-vehicle,   2038
2158.000000, -486.000000, 2184.000000, -486.000000, 2184.000000, -437.000000, 2158.000000, -437.000000,   small-vehicle,   2039
1931.000000, -164.000000, 1958.000000, -164.000000, 1958.000000, -98.000000, 1931.000000, -98.000000,   small-vehicle,   2041
1991.000000, 85.000000, 2018.000000, 85.000000, 2018.000000, 142.000000, 1991.000000, 142.000000,   small-vehicle,   2042
82.000000, -439.000000, 129.000000, -439.000000, 129.000000, -379.000000, 82.000000, -379.000000,   small-vehicle,   2043
345.000000, 942.000000, 383.000000, 942.000000, 383.000000, 1008.000000, 345.000000, 1008.000000,   large-vehicle,   2047
1871.000000, -519.000000, 1906.000000, -519.000000, 1906.000000, -454.000000, 1871.000000, -454.000000,   small-vehicle,   2050
3085.000000, -351.000000, 3112.000000, -351.000000, 3112.000000, -296.000000, 3085.000000, -296.000000,   small-vehicle,   2054
-13.000000, -556.000000, 45.000000, -556.000000, 45.000000, -508.000000, -13.000000, -508.000000,   small-vehicle,   2060
2474.000000, 256.000000, 2531.000000, 256.000000, 2531.000000, 279.000000, 2474.000000, 279.000000,   small-vehicle,   2064
2165.000000, -547.000000, 2190.000000, -547.000000, 2190.000000, -502.000000, 2165.000000, -502.000000,   small-vehicle,   2065
48.000000, -594.000000, 112.000000, -594.000000, 112.000000, -536.000000, 48.000000, -536.000000,   small-vehicle,   2066
2619.000000, -349.000000, 2663.000000, -349.000000, 2663.000000, -324.000000, 2619.000000, -324.000000,   small-vehicle,   2068
1887.000000, 106.000000, 1908.000000, 106.000000, 1908.000000, 137.000000, 1887.000000, 137.000000,   small-vehicle,   2069
1396.000000, -537.000000, 1449.000000, -537.000000, 1449.000000, -510.000000, 1396.000000, -510.000000,   small-vehicle,   2072
3666.000000, 120.000000, 3713.000000, 120.000000, 3713.000000, 143.000000, 3666.000000, 143.000000,   small-vehicle,   2075
1523.000000, 336.000000, 1563.000000, 336.000000, 1563.000000, 363.000000, 1523.000000, 363.000000,   small-vehicle,   2077
353.000000, 433.000000, 379.000000, 433.000000, 379.000000, 484.000000, 353.000000, 484.000000,   small-vehicle,   2080
721.000000, 1171.000000, 776.000000, 1171.000000, 776.000000, 1186.000000, 721.000000, 1186.000000,   large-vehicle,   2081
-3.000000, -631.000000, 44.000000, -631.000000, 44.000000, -585.000000, -3.000000, -585.000000,   small-vehicle,   2084
293.000000, -308.000000, 348.000000, -308.000000, 348.000000, -260.000000, 293.000000, -260.000000,   small-vehicle,   2085
2143.000000, 425.000000, 2174.000000, 425.000000, 2174.000000, 487.000000, 2143.000000, 487.000000,   small-vehicle,   2088
3056.000000, -674.000000, 3092.000000, -674.000000, 3092.000000, -611.000000, 3056.000000, -611.000000,   small-vehicle,   2090
722.000000, 1223.000000, 789.000000, 1223.000000, 789.000000, 1257.000000, 722.000000, 1257.000000,   small-vehicle,   2091
2685.000000, 180.000000, 2737.000000, 180.000000, 2737.000000, 203.000000, 2685.000000, 203.000000,   small-vehicle,   2093
3106.000000, 198.000000, 3161.000000, 198.000000, 3161.000000, 251.000000, 3106.000000, 251.000000,   small-vehicle,   2108
2686.000000, 616.000000, 2719.000000, 616.000000, 2719.000000, 683.000000, 2686.000000, 683.000000,   large-vehicle,   2109
2578.000000, -717.000000, 2642.000000, -717.000000, 2642.000000, -684.000000, 2578.000000, -684.000000,   small-vehicle,   2110
2771.000000, 208.000000, 2840.000000, 208.000000, 2840.000000, 239.000000, 2771.000000, 239.000000,   small-vehicle,   2111
3054.000000, -749.000000, 3114.000000, -749.000000, 3114.000000, -706.000000, 3054.000000, -706.000000,   small-vehicle,   2112
295.000000, -402.000000, 344.000000, -402.000000, 344.000000, -367.000000, 295.000000, -367.000000,   small-vehicle,   2113
299.000000, -336.000000, 342.000000, -336.000000, 342.000000, -297.000000, 299.000000, -297.000000,   small-vehicle,   2114
2076.000000, 516.000000, 2107.000000, 516.000000, 2107.000000, 580.000000, 2076.000000, 580.000000,   small-vehicle,   2117
2081.000000, -834.000000, 2108.000000, -834.000000, 2108.000000, -774.000000, 2081.000000, -774.000000,   small-vehicle,   2118
2736.000000, -819.000000, 2800.000000, -819.000000, 2800.000000, -784.000000, 2736.000000, -784.000000,   small-vehicle,   2119
3024.000000, 225.000000, 3070.000000, 225.000000, 3070.000000, 255.000000, 3024.000000, 255.000000,   small-vehicle,   2120
1851.000000, -315.000000, 1873.000000, -315.000000, 1873.000000, -273.000000, 1851.000000, -273.000000,   small-vehicle,   2121
2426.000000, 232.000000, 2482.000000, 232.000000, 2482.000000, 258.000000, 2426.000000, 258.000000,   small-vehicle,   2122
-35.000000, -388.000000, 15.000000, -388.000000, 15.000000, -360.000000, -35.000000, -360.000000,   small-vehicle,   2126
3110.000000, 36.000000, 3147.000000, 36.000000, 3147.000000, 104.000000, 3110.000000, 104.000000,   large-vehicle,   2128
2185.000000, 1209.000000, 2216.000000, 1209.000000, 2216.000000, 1278.000000, 2185.000000, 1278.000000,   small-vehicle,   2131
390.000000, 406.000000, 422.000000, 406.000000, 422.000000, 460.000000, 390.000000, 460.000000,   small-vehicle,   2132
2199.000000, 528.000000, 2227.000000, 528.000000, 2227.000000, 591.000000, 2199.000000, 591.000000,   small-vehicle,   2133
3111.000000, 36.000000, 3148.000000, 36.000000, 3148.000000, 104.000000, 3111.000000, 104.000000,   small-vehicle,   2134
1829.000000, -787.000000, 1853.000000, -787.000000, 1853.000000, -747.000000, 1829.000000, -747.000000,   small-vehicle,   2135
2415.000000, -791.000000, 2469.000000, -791.000000, 2469.000000, -761.000000, 2415.000000, -761.000000,   small-vehicle,   2136
3715.000000, 1149.000000, 3789.000000, 1149.000000, 3789.000000, 1174.000000, 3715.000000, 1174.000000,   small-vehicle,   2138
1961.000000, -397.000000, 1976.000000, -397.000000, 1976.000000, -368.000000, 1961.000000, -368.000000,   small-vehicle,   2139
2686.000000, 605.000000, 2720.000000, 605.000000, 2720.000000, 674.000000, 2686.000000, 674.000000,   small-vehicle,   2140
1928.000000, 451.000000, 1966.000000, 451.000000, 1966.000000, 526.000000, 1928.000000, 526.000000,   small-vehicle,   2141
-37.000000, -583.000000, 0.000000, -583.000000, 0.000000, -551.000000, -37.000000, -551.000000,   small-vehicle,   2142
1931.000000, 449.000000, 1965.000000, 449.000000, 1965.000000, 522.000000, 1931.000000, 522.000000,   large-vehicle,   2143
3235.000000, 214.000000, 3306.000000, 214.000000, 3306.000000, 237.000000, 3235.000000, 237.000000,   large-vehicle,   2144
2373.000000, 663.000000, 2479.000000, 663.000000, 2479.000000, 685.000000, 2373.000000, 685.000000,   large-vehicle,   2145
2075.000000, 490.000000, 2107.000000, 490.000000, 2107.000000, 551.000000, 2075.000000, 551.000000,   large-vehicle,   2146
2143.000000, 418.000000, 2173.000000, 418.000000, 2173.000000, 487.000000, 2143.000000, 487.000000,   large-vehicle,   2148
2342.000000, -782.000000, 2399.000000, -782.000000, 2399.000000, -755.000000, 2342.000000, -755.000000,   small-vehicle,   2150
2841.000000, 172.000000, 2895.000000, 172.000000, 2895.000000, 197.000000, 2841.000000, 197.000000,   small-vehicle,   2151
3180.000000, -853.000000, 3253.000000, -853.000000, 3253.000000, -821.000000, 3180.000000, -821.000000,   small-vehicle,   2152
1335.000000, 337.000000, 1491.000000, 337.000000, 1491.000000, 372.000000, 1335.000000, 372.000000,   large-vehicle,   2153
2012.000000, -875.000000, 2029.000000, -875.000000, 2029.000000, -796.000000, 2012.000000, -796.000000,   large-vehicle,   2154
314.000000, -847.000000, 337.000000, -847.000000, 337.000000, -804.000000, 314.000000, -804.000000,   small-vehicle,   2155
2219.000000, -871.000000, 2247.000000, -871.000000, 2247.000000, -823.000000, 2219.000000, -823.000000,   small-vehicle,   2156
2144.000000, 419.000000, 2175.000000, 419.000000, 2175.000000, 484.000000, 2144.000000, 484.000000,   small-vehicle,   2157
1856.000000, -647.000000, 1877.000000, -647.000000, 1877.000000, -622.000000, 1856.000000, -622.000000,   small-vehicle,   2158
3102.000000, -849.000000, 3166.000000, -849.000000, 3166.000000, -819.000000, 3102.000000, -819.000000,   small-vehicle,   2159
319.000000, 893.000000, 339.000000, 893.000000, 339.000000, 940.000000, 319.000000, 940.000000,   small-vehicle,   2160
1826.000000, -862.000000, 1856.000000, -862.000000, 1856.000000, -803.000000, 1826.000000, -803.000000,   small-vehicle,   2161
1889.000000, -853.000000, 1934.000000, -853.000000, 1934.000000, -747.000000, 1889.000000, -747.000000,   large-vehicle,   2162
1931.000000, 453.000000, 1966.000000, 453.000000, 1966.000000, 528.000000, 1931.000000, 528.000000,   large-vehicle,   2163
2871.000000, -833.000000, 2929.000000, -833.000000, 2929.000000, -802.000000, 2871.000000, -802.000000,   small-vehicle,   2164
