2064.000000, 3498.000000, 2093.000000, 3497.000000, 2094.000000, 3558.000000, 2066.000000, 3560.000000,     small-vehicle,     0
2395.000000, 3543.000000, 2425.000000, 3540.000000, 2426.000000, 3613.000000, 2398.000000, 3615.000000,     small-vehicle,     1
2071.000000, 3575.000000, 2097.000000, 3574.000000, 2098.000000, 3640.000000, 2073.000000, 3642.000000,     small-vehicle,     2
2078.000000, 3213.000000, 2105.000000, 3212.000000, 2107.000000, 3271.000000, 2079.000000, 3273.000000,     small-vehicle,     4
1448.000000, 3607.000000, 1481.000000, 3604.000000, 1481.000000, 3682.000000, 1449.000000, 3685.000000,     small-vehicle,     12
2390.000000, 3461.000000, 2422.000000, 3458.000000, 2424.000000, 3533.000000, 2391.000000, 3534.000000,     small-vehicle,     17
2089.000000, 3394.000000, 2121.000000, 3391.000000, 2123.000000, 3467.000000, 2091.000000, 3470.000000,     small-vehicle,     21
2326.000000, 3710.000000, 2356.000000, 3709.000000, 2359.000000, 3792.000000, 2329.000000, 3794.000000,     small-vehicle,     29
1384.000000, 3441.000000, 1446.000000, 3437.000000, 1447.000000, 3486.000000, 1385.000000, 3490.000000,     small-vehicle,     41
1450.000000, 3533.000000, 1478.000000, 3530.000000, 1479.000000, 3592.000000, 1450.000000, 3594.000000,     small-vehicle,     43
2357.000000, 3353.000000, 2381.000000, 3350.000000, 2384.000000, 3433.000000, 2358.000000, 3435.000000,     small-vehicle,     46
2285.000000, 2299.000000, 2342.000000, 2298.000000, 2343.000000, 2331.000000, 2285.000000, 2333.000000,     small-vehicle,     66
2347.000000, 3566.000000, 2375.000000, 3565.000000, 2378.000000, 3645.000000, 2349.000000, 3648.000000,     small-vehicle,     86
2307.000000, 3908.000000, 2337.000000, 3905.000000, 2339.000000, 3985.000000, 2308.000000, 3987.000000,     small-vehicle,     114
2070.000000, 3136.000000, 2098.000000, 3135.000000, 2100.000000, 3196.000000, 2071.000000, 3198.000000,     small-vehicle,     120
2224.000000, 2485.000000, 2252.000000, 2484.000000, 2254.000000, 2550.000000, 2225.000000, 2550.000000,     small-vehicle,     148
2927.000000, 3198.000000, 2974.000000, 3195.000000, 2976.000000, 3222.000000, 2928.000000, 3226.000000,     small-vehicle,     202
2183.000000, 2093.000000, 2216.000000, 2092.000000, 2219.000000, 2191.000000, 2185.000000, 2191.000000,     large-vehicle,     230
2891.000000, 3236.000000, 2950.000000, 3232.000000, 2952.000000, 3278.000000, 2893.000000, 3282.000000,     small-vehicle,     386
2038.000000, 3031.000000, 2066.000000, 3030.000000, 2067.000000, 3099.000000, 2039.000000, 3101.000000,     small-vehicle,     432
2068.000000, 3022.000000, 2098.000000, 3021.000000, 2098.000000, 3086.000000, 2069.000000, 3089.000000,     small-vehicle,     433
3125.000000, 3176.000000, 3189.000000, 3172.000000, 3191.000000, 3200.000000, 3127.000000, 3205.000000,     small-vehicle,     445
2313.000000, 2802.000000, 2339.000000, 2800.000000, 2340.000000, 2863.000000, 2314.000000, 2864.000000,     small-vehicle,     564
2349.000000, 2816.000000, 2377.000000, 2815.000000, 2379.000000, 2877.000000, 2351.000000, 2878.000000,     small-vehicle,     568
1691.000000, 3342.000000, 1747.000000, 3338.000000, 1747.000000, 3368.000000, 1691.000000, 3372.000000,     small-vehicle,     575
3603.000000, 3163.000000, 3657.000000, 3161.000000, 3659.000000, 3192.000000, 3605.000000, 3196.000000,     small-vehicle,     577
2343.000000, 2732.000000, 2370.000000, 2730.000000, 2371.000000, 2799.000000, 2345.000000, 2800.000000,     small-vehicle,     590
2044.000000, 2765.000000, 2075.000000, 2763.000000, 2077.000000, 2838.000000, 2046.000000, 2840.000000,     small-vehicle,     593
2752.000000, 3268.000000, 2812.000000, 3264.000000, 2814.000000, 3295.000000, 2753.000000, 3299.000000,     small-vehicle,     614
2325.000000, 2648.000000, 2353.000000, 2646.000000, 2355.000000, 2713.000000, 2327.000000, 2714.000000,     small-vehicle,     632
2132.000000, 3422.000000, 2162.000000, 3421.000000, 2163.000000, 3481.000000, 2133.000000, 3483.000000,     small-vehicle,     635
3020.000000, 3233.000000, 3080.000000, 3229.000000, 3081.000000, 3263.000000, 3022.000000, 3266.000000,     small-vehicle,     636
2010.000000, 2592.000000, 2038.000000, 2590.000000, 2040.000000, 2657.000000, 2010.000000, 2658.000000,     small-vehicle,     660
2291.000000, 3574.000000, 2320.000000, 3571.000000, 2322.000000, 3646.000000, 2292.000000, 3649.000000,     small-vehicle,     664
2326.000000, 2561.000000, 2355.000000, 2560.000000, 2356.000000, 2626.000000, 2328.000000, 2628.000000,     small-vehicle,     666
2228.000000, 3565.000000, 2253.000000, 3563.000000, 2254.000000, 3618.000000, 2228.000000, 3620.000000,     small-vehicle,     667
2004.000000, 2521.000000, 2031.000000, 2520.000000, 2031.000000, 2576.000000, 2005.000000, 2577.000000,     small-vehicle,     704
2321.000000, 2470.000000, 2350.000000, 2469.000000, 2353.000000, 2540.000000, 2323.000000, 2541.000000,     small-vehicle,     718
2563.000000, 3291.000000, 2618.000000, 3288.000000, 2620.000000, 3319.000000, 2564.000000, 3323.000000,     small-vehicle,     756
2279.000000, 2370.000000, 2312.000000, 2369.000000, 2314.000000, 2447.000000, 2281.000000, 2448.000000,     small-vehicle,     761
1999.000000, 2438.000000, 2028.000000, 2437.000000, 2030.000000, 2503.000000, 2000.000000, 2504.000000,     small-vehicle,     762
1911.000000, 3323.000000, 1942.000000, 3322.000000, 1942.000000, 3388.000000, 1913.000000, 3390.000000,     small-vehicle,     765
3291.000000, 3200.000000, 3347.000000, 3196.000000, 3349.000000, 3230.000000, 3293.000000, 3234.000000,     small-vehicle,     789
3737.000000, 3143.000000, 3800.000000, 3139.000000, 3803.000000, 3172.000000, 3739.000000, 3176.000000,     small-vehicle,     792
1985.000000, 2297.000000, 2015.000000, 2296.000000, 2016.000000, 2361.000000, 1986.000000, 2362.000000,     small-vehicle,     813
3422.000000, 2307.000000, 3442.000000, 2307.000000, 3446.000000, 2364.000000, 3424.000000, 2364.000000,     small-vehicle,     815
2111.000000, 2602.000000, 2141.000000, 2600.000000, 2143.000000, 2669.000000, 2112.000000, 2670.000000,     small-vehicle,     816
2504.000000, 2308.000000, 2557.000000, 2307.000000, 2558.000000, 2337.000000, 2505.000000, 2339.000000,     small-vehicle,     818
2701.000000, 3259.000000, 2750.000000, 3256.000000, 2753.000000, 3315.000000, 2703.000000, 3318.000000,     small-vehicle,     824
1995.000000, 2245.000000, 2019.000000, 2245.000000, 2020.000000, 2289.000000, 1996.000000, 2290.000000,     small-vehicle,     840
2488.000000, 2228.000000, 2542.000000, 2227.000000, 2543.000000, 2252.000000, 2488.000000, 2254.000000,     small-vehicle,     841
2550.000000, 2216.000000, 2606.000000, 2214.000000, 2607.000000, 2247.000000, 2551.000000, 2250.000000,     small-vehicle,     845
1793.000000, 2742.000000, 1854.000000, 2740.000000, 1854.000000, 2769.000000, 1793.000000, 2772.000000,     small-vehicle,     847
2108.000000, 2439.000000, 2134.000000, 2438.000000, 2135.000000, 2495.000000, 2109.000000, 2496.000000,     small-vehicle,     867
2816.000000, 2195.000000, 2869.000000, 2194.000000, 2870.000000, 2217.000000, 2817.000000, 2218.000000,     small-vehicle,     870
2940.000000, 2171.000000, 2995.000000, 2170.000000, 2995.000000, 2198.000000, 2941.000000, 2200.000000,     small-vehicle,     875
1618.000000, 3351.000000, 1682.000000, 3347.000000, 1682.000000, 3392.000000, 1618.000000, 3396.000000,     small-vehicle,     876
3413.000000, 2218.000000, 3438.000000, 2218.000000, 3441.000000, 2272.000000, 3415.000000, 2273.000000,     small-vehicle,     878
2684.000000, 2210.000000, 2739.000000, 2207.000000, 2739.000000, 2231.000000, 2685.000000, 2232.000000,     small-vehicle,     880
1971.000000, 2192.000000, 1992.000000, 2192.000000, 1993.000000, 2243.000000, 1972.000000, 2244.000000,     small-vehicle,     885
3479.000000, 2106.000000, 3528.000000, 2105.000000, 3529.000000, 2134.000000, 3479.000000, 2135.000000,     small-vehicle,     886
3118.000000, 2148.000000, 3183.000000, 2146.000000, 3185.000000, 2176.000000, 3120.000000, 2178.000000,     small-vehicle,     889
1973.000000, 2123.000000, 1998.000000, 2123.000000, 1999.000000, 2184.000000, 1974.000000, 2184.000000,     small-vehicle,     892
3246.000000, 2137.000000, 3301.000000, 2136.000000, 3303.000000, 2166.000000, 3248.000000, 2168.000000,     small-vehicle,     893
3422.000000, 2111.000000, 3473.000000, 2110.000000, 3474.000000, 2136.000000, 3424.000000, 2137.000000,     small-vehicle,     894
3034.000000, 2157.000000, 3092.000000, 2155.000000, 3094.000000, 2188.000000, 3036.000000, 2189.000000,     small-vehicle,     895
3588.000000, 2090.000000, 3630.000000, 2089.000000, 3631.000000, 2117.000000, 3590.000000, 2118.000000,     small-vehicle,     897
2881.000000, 2177.000000, 2933.000000, 2176.000000, 2934.000000, 2207.000000, 2882.000000, 2208.000000,     small-vehicle,     904
663.000000, 3174.000000, 728.000000, 3170.000000, 727.000000, 3209.000000, 663.000000, 3213.000000,     small-vehicle,     909
3230.000000, 2220.000000, 3286.000000, 2217.000000, 3288.000000, 2246.000000, 3232.000000, 2248.000000,     small-vehicle,     916
2284.000000, 2029.000000, 2315.000000, 2027.000000, 2317.000000, 2097.000000, 2285.000000, 2099.000000,     small-vehicle,     917
2264.000000, 2073.000000, 2296.000000, 2073.000000, 2298.000000, 2141.000000, 2266.000000, 2142.000000,     small-vehicle,     921
3722.000000, 2070.000000, 3760.000000, 2068.000000, 3762.000000, 2098.000000, 3724.000000, 2098.000000,     small-vehicle,     924
2065.000000, 2379.000000, 2092.000000, 2379.000000, 2093.000000, 2437.000000, 2066.000000, 2437.000000,     small-vehicle,     930
3670.000000, 3155.000000, 3727.000000, 3151.000000, 3729.000000, 3180.000000, 3672.000000, 3184.000000,     small-vehicle,     943
2278.000000, 1944.000000, 2308.000000, 1944.000000, 2310.000000, 2015.000000, 2280.000000, 2015.000000,     small-vehicle,     944
1966.000000, 1978.000000, 1992.000000, 1976.000000, 1993.000000, 2041.000000, 1967.000000, 2041.000000,     small-vehicle,     949
3582.000000, 3076.000000, 3628.000000, 3072.000000, 3629.000000, 3105.000000, 3584.000000, 3108.000000,     small-vehicle,     953
3169.000000, 2229.000000, 3223.000000, 2227.000000, 3225.000000, 2255.000000, 3171.000000, 2256.000000,     small-vehicle,     962
1087.000000, 1967.000000, 1138.000000, 1966.000000, 1138.000000, 1999.000000, 1087.000000, 2000.000000,     small-vehicle,     964
873.000000, 1982.000000, 940.000000, 1981.000000, 940.000000, 2014.000000, 872.000000, 2015.000000,     small-vehicle,     966
3582.000000, 2172.000000, 3623.000000, 2170.000000, 3625.000000, 2194.000000, 3582.000000, 2196.000000,     small-vehicle,     969
1263.000000, 1961.000000, 1290.000000, 1960.000000, 1289.000000, 2012.000000, 1263.000000, 2013.000000,     small-vehicle,     971
1661.000000, 2746.000000, 1720.000000, 2744.000000, 1720.000000, 2772.000000, 1661.000000, 2775.000000,     small-vehicle,     973
1258.000000, 2194.000000, 1298.000000, 2193.000000, 1298.000000, 2221.000000, 1258.000000, 2221.000000,     small-vehicle,     975
2015.000000, 2852.000000, 2036.000000, 2851.000000, 2037.000000, 2897.000000, 2016.000000, 2898.000000,     small-vehicle,     976
2081.000000, 2120.000000, 2110.000000, 2120.000000, 2112.000000, 2188.000000, 2081.000000, 2189.000000,     small-vehicle,     980
1958.000000, 1907.000000, 1986.000000, 1907.000000, 1987.000000, 1966.000000, 1959.000000, 1966.000000,     small-vehicle,     981
2244.000000, 1909.000000, 2272.000000, 1908.000000, 2274.000000, 1974.000000, 2244.000000, 1974.000000,     small-vehicle,     986
1011.000000, 1972.000000, 1071.000000, 1972.000000, 1070.000000, 2003.000000, 1011.000000, 2004.000000,     small-vehicle,     987
2171.000000, 3282.000000, 2198.000000, 3280.000000, 2200.000000, 3344.000000, 2172.000000, 3346.000000,     small-vehicle,     988
1163.000000, 1963.000000, 1224.000000, 1963.000000, 1224.000000, 1990.000000, 1163.000000, 1992.000000,     small-vehicle,     989
775.000000, 1899.000000, 841.000000, 1897.000000, 840.000000, 1930.000000, 774.000000, 1932.000000,     small-vehicle,     990
2658.000000, 2288.000000, 2708.000000, 2286.000000, 2708.000000, 2314.000000, 2659.000000, 2315.000000,     small-vehicle,     994
97.000000, 1982.000000, 157.000000, 1981.000000, 156.000000, 2008.000000, 96.000000, 2010.000000,     small-vehicle,     995
1982.000000, 1824.000000, 2010.000000, 1824.000000, 2012.000000, 1885.000000, 1983.000000, 1885.000000,     small-vehicle,     996
372.000000, 1945.000000, 435.000000, 1945.000000, 434.000000, 1976.000000, 371.000000, 1977.000000,     small-vehicle,     997
1957.000000, 1842.000000, 1981.000000, 1842.000000, 1982.000000, 1900.000000, 1958.000000, 1901.000000,     small-vehicle,     998
2275.000000, 1868.000000, 2303.000000, 1868.000000, 2305.000000, 1933.000000, 2276.000000, 1935.000000,     small-vehicle,     1001
446.000000, 1941.000000, 501.000000, 1939.000000, 501.000000, 1968.000000, 445.000000, 1970.000000,     small-vehicle,     1008
1148.000000, 1869.000000, 1222.000000, 1868.000000, 1222.000000, 1901.000000, 1148.000000, 1902.000000,     small-vehicle,     1009
2044.000000, 2180.000000, 2074.000000, 2180.000000, 2076.000000, 2257.000000, 2045.000000, 2258.000000,     small-vehicle,     1010
984.000000, 1883.000000, 1054.000000, 1882.000000, 1052.000000, 1913.000000, 983.000000, 1914.000000,     small-vehicle,     1012
683.000000, 1897.000000, 730.000000, 1896.000000, 729.000000, 1928.000000, 682.000000, 1929.000000,     small-vehicle,     1013
1066.000000, 1874.000000, 1123.000000, 1874.000000, 1123.000000, 1905.000000, 1066.000000, 1906.000000,     small-vehicle,     1014
2273.000000, 1803.000000, 2294.000000, 1803.000000, 2295.000000, 1849.000000, 2274.000000, 1850.000000,     small-vehicle,     1017
2035.000000, 1893.000000, 2067.000000, 1891.000000, 2067.000000, 1956.000000, 2036.000000, 1957.000000,     small-vehicle,     1032
2641.000000, 1788.000000, 2669.000000, 1788.000000, 2671.000000, 1848.000000, 2644.000000, 1849.000000,     small-vehicle,     1033
2617.000000, 2309.000000, 2654.000000, 2308.000000, 2656.000000, 2368.000000, 2618.000000, 2370.000000,     small-vehicle,     1038
1954.000000, 1757.000000, 1979.000000, 1757.000000, 1980.000000, 1816.000000, 1955.000000, 1817.000000,     small-vehicle,     1039
820.000000, 2780.000000, 893.000000, 2777.000000, 892.000000, 2810.000000, 820.000000, 2813.000000,     small-vehicle,     1042
2037.000000, 2959.000000, 2060.000000, 2957.000000, 2062.000000, 3021.000000, 2039.000000, 3022.000000,     small-vehicle,     1052
2231.000000, 1708.000000, 2257.000000, 1708.000000, 2258.000000, 1764.000000, 2233.000000, 1765.000000,     small-vehicle,     1056
1189.000000, 2766.000000, 1259.000000, 2764.000000, 1259.000000, 2797.000000, 1189.000000, 2800.000000,     large-vehicle,     1065
3330.000000, 2113.000000, 3357.000000, 2113.000000, 3358.000000, 2130.000000, 3330.000000, 2130.000000,     small-vehicle,     1067
3430.000000, 2390.000000, 3456.000000, 2389.000000, 3458.000000, 2445.000000, 3434.000000, 2446.000000,     small-vehicle,     1069
3202.000000, 3220.000000, 3260.000000, 3216.000000, 3261.000000, 3249.000000, 3203.000000, 3253.000000,     small-vehicle,     1070
3111.000000, 2225.000000, 3161.000000, 2224.000000, 3163.000000, 2264.000000, 3113.000000, 2266.000000,     small-vehicle,     1071
533.000000, 1714.000000, 567.000000, 1714.000000, 566.000000, 1771.000000, 531.000000, 1772.000000,     small-vehicle,     1076
2250.000000, 2507.000000, 2285.000000, 2507.000000, 2286.000000, 2597.000000, 2252.000000, 2598.000000,     large-vehicle,     1078
1947.000000, 1668.000000, 1971.000000, 1667.000000, 1972.000000, 1729.000000, 1947.000000, 1729.000000,     small-vehicle,     1079
2256.000000, 1627.000000, 2281.000000, 1627.000000, 2282.000000, 1684.000000, 2257.000000, 1684.000000,     small-vehicle,     1086
2753.000000, 1768.000000, 2782.000000, 1768.000000, 2784.000000, 1835.000000, 2756.000000, 1836.000000,     small-vehicle,     1088
2132.000000, 3470.000000, 2171.000000, 3467.000000, 2172.000000, 3557.000000, 2135.000000, 3560.000000,     large-vehicle,     1091
1261.000000, 1652.000000, 1290.000000, 1652.000000, 1290.000000, 1720.000000, 1261.000000, 1721.000000,     small-vehicle,     1092
1792.000000, 1989.000000, 1847.000000, 1987.000000, 1848.000000, 2015.000000, 1793.000000, 2016.000000,     small-vehicle,     1099
1263.000000, 1596.000000, 1284.000000, 1596.000000, 1284.000000, 1639.000000, 1263.000000, 1640.000000,     small-vehicle,     1104
2396.000000, 3395.000000, 2419.000000, 3394.000000, 2420.000000, 3447.000000, 2397.000000, 3449.000000,     small-vehicle,     1105
2252.000000, 1564.000000, 2275.000000, 1563.000000, 2276.000000, 1615.000000, 2254.000000, 1615.000000,     small-vehicle,     1113
1939.000000, 1579.000000, 1966.000000, 1579.000000, 1967.000000, 1641.000000, 1941.000000, 1641.000000,     small-vehicle,     1115
1222.000000, 1563.000000, 1268.000000, 1562.000000, 1268.000000, 1590.000000, 1222.000000, 1591.000000,     small-vehicle,     1116
2403.000000, 1807.000000, 2425.000000, 1806.000000, 2427.000000, 1857.000000, 2404.000000, 1857.000000,     small-vehicle,     1117
2627.000000, 3285.000000, 2680.000000, 3282.000000, 2681.000000, 3308.000000, 2628.000000, 3311.000000,     small-vehicle,     1118
2154.000000, 3263.000000, 2185.000000, 3262.000000, 2186.000000, 3339.000000, 2155.000000, 3341.000000,     small-vehicle,     1120
855.000000, 1565.000000, 909.000000, 1565.000000, 909.000000, 1598.000000, 855.000000, 1598.000000,     small-vehicle,     1121
3446.000000, 2549.000000, 3473.000000, 2548.000000, 3478.000000, 2615.000000, 3449.000000, 2615.000000,     small-vehicle,     1122
1134.000000, 1560.000000, 1185.000000, 1560.000000, 1185.000000, 1591.000000, 1134.000000, 1592.000000,     small-vehicle,     1135
783.000000, 1492.000000, 839.000000, 1491.000000, 839.000000, 1518.000000, 782.000000, 1519.000000,     small-vehicle,     1139
1930.000000, 1491.000000, 1961.000000, 1491.000000, 1962.000000, 1551.000000, 1931.000000, 1552.000000,     small-vehicle,     1140
1961.000000, 1461.000000, 2005.000000, 1461.000000, 2007.000000, 1590.000000, 1964.000000, 1591.000000,     large-vehicle,     1141
2217.000000, 1508.000000, 2244.000000, 1508.000000, 2244.000000, 1563.000000, 2219.000000, 1563.000000,     small-vehicle,     1142
3095.000000, 3233.000000, 3163.000000, 3229.000000, 3165.000000, 3265.000000, 3097.000000, 3269.000000,     large-vehicle,     1143
966.000000, 1557.000000, 1017.000000, 1557.000000, 1017.000000, 1587.000000, 966.000000, 1588.000000,     small-vehicle,     1144
2355.000000, 3484.000000, 2388.000000, 3482.000000, 2390.000000, 3557.000000, 2357.000000, 3558.000000,     small-vehicle,     1150
2823.000000, 2263.000000, 2880.000000, 2261.000000, 2882.000000, 2292.000000, 2825.000000, 2293.000000,     small-vehicle,     1151
765.000000, 1573.000000, 826.000000, 1572.000000, 826.000000, 1601.000000, 765.000000, 1601.000000,     small-vehicle,     1153
1178.000000, 1484.000000, 1253.000000, 1482.000000, 1253.000000, 1512.000000, 1177.000000, 1512.000000,     small-vehicle,     1155
626.000000, 1502.000000, 674.000000, 1502.000000, 673.000000, 1529.000000, 625.000000, 1529.000000,     small-vehicle,     1156
685.000000, 1497.000000, 740.000000, 1497.000000, 740.000000, 1524.000000, 685.000000, 1524.000000,     small-vehicle,     1157
1008.000000, 1483.000000, 1068.000000, 1482.000000, 1068.000000, 1511.000000, 1008.000000, 1512.000000,     small-vehicle,     1159
3034.000000, 2244.000000, 3082.000000, 2243.000000, 3083.000000, 2269.000000, 3035.000000, 2271.000000,     small-vehicle,     1164
1931.000000, 1417.000000, 1958.000000, 1416.000000, 1959.000000, 1477.000000, 1932.000000, 1477.000000,     small-vehicle,     1168
679.000000, 1554.000000, 722.000000, 1554.000000, 721.000000, 1580.000000, 679.000000, 1580.000000,     small-vehicle,     1170
241.000000, 2812.000000, 316.000000, 2808.000000, 315.000000, 2839.000000, 240.000000, 2842.000000,     small-vehicle,     1171
2212.000000, 1413.000000, 2239.000000, 1413.000000, 2241.000000, 1476.000000, 2214.000000, 1476.000000,     small-vehicle,     1175
1471.000000, 2764.000000, 1524.000000, 2761.000000, 1524.000000, 2792.000000, 1471.000000, 2794.000000,     small-vehicle,     1176
323.000000, 2811.000000, 383.000000, 2808.000000, 382.000000, 2837.000000, 322.000000, 2840.000000,     small-vehicle,     1177
1270.000000, 1426.000000, 1295.000000, 1426.000000, 1294.000000, 1482.000000, 1270.000000, 1482.000000,     small-vehicle,     1179
3424.000000, 2199.000000, 3460.000000, 2198.000000, 3461.000000, 2220.000000, 3425.000000, 2222.000000,     small-vehicle,     1182
1922.000000, 1327.000000, 1952.000000, 1327.000000, 1954.000000, 1413.000000, 1924.000000, 1414.000000,     small-vehicle,     1183
2332.000000, 2930.000000, 2361.000000, 2928.000000, 2362.000000, 3009.000000, 2335.000000, 3010.000000,     small-vehicle,     1190
2048.000000, 2656.000000, 2084.000000, 2655.000000, 2086.000000, 2725.000000, 2049.000000, 2726.000000,     small-vehicle,     1191
2960.000000, 2251.000000, 3017.000000, 2249.000000, 3019.000000, 2282.000000, 2960.000000, 2284.000000,     small-vehicle,     1192
3656.000000, 3131.000000, 3717.000000, 3127.000000, 3718.000000, 3159.000000, 3657.000000, 3163.000000,     small-vehicle,     1193
2762.000000, 2273.000000, 2808.000000, 2271.000000, 2809.000000, 2305.000000, 2763.000000, 2307.000000,     small-vehicle,     1195
2044.000000, 2614.000000, 2079.000000, 2613.000000, 2080.000000, 2681.000000, 2045.000000, 2683.000000,     large-vehicle,     1196
2259.000000, 3197.000000, 2276.000000, 3196.000000, 2276.000000, 3238.000000, 2260.000000, 3239.000000,     small-vehicle,     1197
523.000000, 1312.000000, 554.000000, 1311.000000, 552.000000, 1380.000000, 522.000000, 1379.000000,     small-vehicle,     1202
2031.000000, 3091.000000, 2051.000000, 3090.000000, 2052.000000, 3142.000000, 2032.000000, 3143.000000,     small-vehicle,     1204
1947.000000, 1305.000000, 1979.000000, 1306.000000, 1980.000000, 1371.000000, 1948.000000, 1370.000000,     small-vehicle,     1205
2199.000000, 1994.000000, 2217.000000, 1994.000000, 2218.000000, 2027.000000, 2200.000000, 2027.000000,     small-vehicle,     1206
2299.000000, 2085.000000, 2322.000000, 2084.000000, 2323.000000, 2106.000000, 2300.000000, 2105.000000,     small-vehicle,     1207
2561.000000, 2281.000000, 2598.000000, 2279.000000, 2599.000000, 2308.000000, 2562.000000, 2310.000000,     small-vehicle,     1208
2351.000000, 3453.000000, 2387.000000, 3450.000000, 2389.000000, 3530.000000, 2353.000000, 3533.000000,     large-vehicle,     1209
2046.000000, 2645.000000, 2083.000000, 2643.000000, 2085.000000, 2713.000000, 2048.000000, 2715.000000,     large-vehicle,     1210
1919.000000, 1239.000000, 1950.000000, 1240.000000, 1951.000000, 1304.000000, 1920.000000, 1304.000000,     small-vehicle,     1211
2614.000000, 1259.000000, 2662.000000, 1259.000000, 2663.000000, 1285.000000, 2615.000000, 1286.000000,     small-vehicle,     1212
2329.000000, 2898.000000, 2359.000000, 2897.000000, 2360.000000, 2979.000000, 2332.000000, 2980.000000,     large-vehicle,     1213
2420.000000, 1278.000000, 2481.000000, 1278.000000, 2482.000000, 1305.000000, 2421.000000, 1305.000000,     small-vehicle,     1214
3097.000000, 3234.000000, 3163.000000, 3230.000000, 3165.000000, 3263.000000, 3099.000000, 3267.000000,     small-vehicle,     1215
2361.000000, 1283.000000, 2412.000000, 1283.000000, 2413.000000, 1314.000000, 2361.000000, 1314.000000,     small-vehicle,     1216
2550.000000, 1264.000000, 2603.000000, 1265.000000, 2604.000000, 1291.000000, 2551.000000, 1292.000000,     small-vehicle,     1217
3458.000000, 2628.000000, 3484.000000, 2627.000000, 3487.000000, 2684.000000, 3460.000000, 2686.000000,     small-vehicle,     1218
1042.000000, 2785.000000, 1097.000000, 2782.000000, 1096.000000, 2808.000000, 1042.000000, 2810.000000,     small-vehicle,     1219
949.000000, 2784.000000, 1013.000000, 2781.000000, 1013.000000, 2811.000000, 949.000000, 2814.000000,     small-vehicle,     1220
2183.000000, 1592.000000, 2204.000000, 1593.000000, 2204.000000, 1620.000000, 2183.000000, 1621.000000,     small-vehicle,     1221
2354.000000, 3481.000000, 2387.000000, 3480.000000, 2389.000000, 3560.000000, 2356.000000, 3562.000000,     large-vehicle,     1222
2048.000000, 2658.000000, 2085.000000, 2656.000000, 2087.000000, 2727.000000, 2049.000000, 2728.000000,     large-vehicle,     1223
1187.000000, 2774.000000, 1259.000000, 2770.000000, 1259.000000, 2801.000000, 1187.000000, 2805.000000,     large-vehicle,     1224
1984.000000, 2288.000000, 2014.000000, 2287.000000, 2015.000000, 2358.000000, 1985.000000, 2360.000000,     large-vehicle,     1225
270.000000, 3595.000000, 350.000000, 3589.000000, 349.000000, 3617.000000, 269.000000, 3623.000000,     large-vehicle,     1226
2370.000000, 3025.000000, 2397.000000, 3024.000000, 2398.000000, 3090.000000, 2372.000000, 3093.000000,     large-vehicle,     1227
1113.000000, 2779.000000, 1167.000000, 2777.000000, 1167.000000, 2804.000000, 1113.000000, 2807.000000,     small-vehicle,     1228
520.000000, 1235.000000, 549.000000, 1235.000000, 548.000000, 1286.000000, 519.000000, 1286.000000,     small-vehicle,     1229
1901.000000, 3337.000000, 1952.000000, 3334.000000, 1953.000000, 3357.000000, 1902.000000, 3361.000000,     small-vehicle,     1230
1188.000000, 2772.000000, 1258.000000, 2768.000000, 1258.000000, 2803.000000, 1188.000000, 2807.000000,     small-vehicle,     1231
2199.000000, 1246.000000, 2226.000000, 1247.000000, 2228.000000, 1301.000000, 2200.000000, 1301.000000,     small-vehicle,     1232
