2155.000000, 1417.000000, 2181.000000, 1416.000000, 2183.000000, 1479.000000, 2157.000000, 1479.000000,     small-vehicle,     148
1124.000000, 2556.000000, 1155.000000, 2555.000000, 1155.000000, 2646.000000, 1123.000000, 2648.000000,     small-vehicle,     1014
2005.000000, 2376.000000, 2029.000000, 2375.000000, 2030.000000, 2417.000000, 2006.000000, 2418.000000,     small-vehicle,     1039
2288.000000, 2309.000000, 2315.000000, 2307.000000, 2317.000000, 2375.000000, 2290.000000, 2376.000000,     small-vehicle,     1056
1997.000000, 2283.000000, 2024.000000, 2282.000000, 2025.000000, 2341.000000, 1999.000000, 2343.000000,     small-vehicle,     1079
2313.000000, 2228.000000, 2339.000000, 2227.000000, 2341.000000, 2288.000000, 2314.000000, 2289.000000,     small-vehicle,     1086
1306.000000, 2268.000000, 1325.000000, 2267.000000, 1325.000000, 2312.000000, 1307.000000, 2313.000000,     small-vehicle,     1104
2306.000000, 2159.000000, 2331.000000, 2158.000000, 2332.000000, 2215.000000, 2308.000000, 2217.000000,     small-vehicle,     1113
1988.000000, 2191.000000, 2016.000000, 2190.000000, 2018.000000, 2250.000000, 1990.000000, 2251.000000,     small-vehicle,     1115
1259.000000, 2234.000000, 1311.000000, 2232.000000, 1312.000000, 2266.000000, 1259.000000, 2269.000000,     small-vehicle,     1116
886.000000, 2260.000000, 945.000000, 2257.000000, 945.000000, 2293.000000, 885.000000, 2297.000000,     small-vehicle,     1121
1177.000000, 2239.000000, 1227.000000, 2237.000000, 1227.000000, 2270.000000, 1177.000000, 2272.000000,     small-vehicle,     1135
1980.000000, 2101.000000, 2009.000000, 2100.000000, 2011.000000, 2161.000000, 1981.000000, 2163.000000,     small-vehicle,     1140
2010.000000, 2066.000000, 2056.000000, 2064.000000, 2059.000000, 2206.000000, 2012.000000, 2208.000000,     large-vehicle,     1141
2271.000000, 2107.000000, 2299.000000, 2106.000000, 2301.000000, 2164.000000, 2272.000000, 2165.000000,     small-vehicle,     1142
999.000000, 2247.000000, 1057.000000, 2243.000000, 1057.000000, 2282.000000, 999.000000, 2284.000000,     small-vehicle,     1144
1977.000000, 2021.000000, 2007.000000, 2019.000000, 2009.000000, 2086.000000, 1979.000000, 2087.000000,     small-vehicle,     1168
2267.000000, 2006.000000, 2295.000000, 2006.000000, 2296.000000, 2075.000000, 2269.000000, 2076.000000,     small-vehicle,     1175
1309.000000, 2087.000000, 1335.000000, 2086.000000, 1335.000000, 2145.000000, 1310.000000, 2146.000000,     small-vehicle,     1179
1996.000000, 1905.000000, 2026.000000, 1904.000000, 2028.000000, 1975.000000, 1998.000000, 1976.000000,     small-vehicle,     1205
1967.000000, 1843.000000, 1997.000000, 1841.000000, 1998.000000, 1906.000000, 1968.000000, 1906.000000,     small-vehicle,     1211
2420.000000, 1875.000000, 2465.000000, 1873.000000, 2465.000000, 1901.000000, 2421.000000, 1903.000000,     small-vehicle,     1216
2249.000000, 1829.000000, 2278.000000, 1827.000000, 2280.000000, 1890.000000, 2251.000000, 1891.000000,     small-vehicle,     1232
1967.000000, 1766.000000, 1998.000000, 1765.000000, 1999.000000, 1823.000000, 1968.000000, 1824.000000,     small-vehicle,     1236
1297.000000, 1788.000000, 1325.000000, 1787.000000, 1325.000000, 1857.000000, 1298.000000, 1858.000000,     small-vehicle,     1250
1953.000000, 1688.000000, 1982.000000, 1688.000000, 1983.000000, 1751.000000, 1954.000000, 1752.000000,     small-vehicle,     1254
2242.000000, 1646.000000, 2279.000000, 1646.000000, 2281.000000, 1716.000000, 2244.000000, 1717.000000,     small-vehicle,     1257
2265.000000, 1724.000000, 2300.000000, 1722.000000, 2303.000000, 1799.000000, 2268.000000, 1800.000000,     small-vehicle,     1258
1293.000000, 1671.000000, 1322.000000, 1670.000000, 1322.000000, 1743.000000, 1293.000000, 1745.000000,     small-vehicle,     1273
2223.000000, 1554.000000, 2247.000000, 1553.000000, 2249.000000, 1614.000000, 2224.000000, 1615.000000,     small-vehicle,     1277
1946.000000, 1600.000000, 1975.000000, 1600.000000, 1976.000000, 1668.000000, 1948.000000, 1669.000000,     small-vehicle,     1282
1102.000000, 2247.000000, 1163.000000, 2244.000000, 1163.000000, 2280.000000, 1102.000000, 2284.000000,     small-vehicle,     1284
2295.000000, 2900.000000, 2324.000000, 2897.000000, 2327.000000, 2973.000000, 2297.000000, 2976.000000,     small-vehicle,     1290
1286.000000, 1596.000000, 1311.000000, 1595.000000, 1311.000000, 1637.000000, 1286.000000, 1639.000000,     small-vehicle,     1293
2251.000000, 1506.000000, 2277.000000, 1505.000000, 2280.000000, 1569.000000, 2252.000000, 1570.000000,     small-vehicle,     1298
2442.000000, 1953.000000, 2503.000000, 1950.000000, 2504.000000, 1975.000000, 2443.000000, 1978.000000,     small-vehicle,     1303
781.000000, 2271.000000, 847.000000, 2267.000000, 847.000000, 2299.000000, 781.000000, 2302.000000,     small-vehicle,     1307
1934.000000, 1443.000000, 1961.000000, 1442.000000, 1963.000000, 1502.000000, 1935.000000, 1504.000000,     small-vehicle,     1309
1282.000000, 1459.000000, 1306.000000, 1458.000000, 1306.000000, 1516.000000, 1282.000000, 1517.000000,     small-vehicle,     1312
2318.000000, 2304.000000, 2349.000000, 2302.000000, 2351.000000, 2364.000000, 2321.000000, 2366.000000,     small-vehicle,     1314
1277.000000, 1371.000000, 1305.000000, 1371.000000, 1304.000000, 1435.000000, 1277.000000, 1437.000000,     small-vehicle,     1330
700.000000, 2274.000000, 769.000000, 2270.000000, 768.000000, 2311.000000, 699.000000, 2314.000000,     small-vehicle,     1331
1274.000000, 1304.000000, 1301.000000, 1304.000000, 1301.000000, 1368.000000, 1274.000000, 1369.000000,     small-vehicle,     1333
1923.000000, 1278.000000, 1950.000000, 1278.000000, 1951.000000, 1335.000000, 1925.000000, 1336.000000,     small-vehicle,     1337
2204.000000, 1215.000000, 2229.000000, 1214.000000, 2231.000000, 1283.000000, 2207.000000, 1284.000000,     small-vehicle,     1342
2719.000000, 1919.000000, 2781.000000, 1916.000000, 2782.000000, 1950.000000, 2720.000000, 1953.000000,     small-vehicle,     1347
1269.000000, 1241.000000, 1295.000000, 1239.000000, 1295.000000, 1293.000000, 1269.000000, 1294.000000,     small-vehicle,     1348
1938.000000, 1149.000000, 1969.000000, 1147.000000, 1970.000000, 1204.000000, 1939.000000, 1205.000000,     small-vehicle,     1360
2194.000000, 1150.000000, 2225.000000, 1149.000000, 2227.000000, 1210.000000, 2195.000000, 1211.000000,     small-vehicle,     1361
1360.000000, 1081.000000, 1413.000000, 1079.000000, 1412.000000, 1109.000000, 1360.000000, 1111.000000,     small-vehicle,     1364
534.000000, 1181.000000, 582.000000, 1180.000000, 581.000000, 1210.000000, 533.000000, 1211.000000,     small-vehicle,     1369
164.000000, 1114.000000, 223.000000, 1112.000000, 222.000000, 1145.000000, 163.000000, 1146.000000,     small-vehicle,     1373
402.000000, 1112.000000, 462.000000, 1111.000000, 461.000000, 1136.000000, 401.000000, 1137.000000,     small-vehicle,     1375
328.000000, 1109.000000, 392.000000, 1108.000000, 392.000000, 1141.000000, 327.000000, 1143.000000,     small-vehicle,     1377
1093.000000, 1089.000000, 1148.000000, 1088.000000, 1148.000000, 1113.000000, 1093.000000, 1113.000000,     small-vehicle,     1378
1360.000000, 1142.000000, 1420.000000, 1141.000000, 1420.000000, 1171.000000, 1360.000000, 1173.000000,     small-vehicle,     1379
3581.000000, 1860.000000, 3634.000000, 1858.000000, 3636.000000, 1883.000000, 3583.000000, 1885.000000,     small-vehicle,     1381
1180.000000, 1089.000000, 1229.000000, 1088.000000, 1229.000000, 1112.000000, 1180.000000, 1112.000000,     small-vehicle,     1384
953.000000, 1097.000000, 1006.000000, 1096.000000, 1006.000000, 1117.000000, 952.000000, 1118.000000,     small-vehicle,     1385
1029.000000, 1094.000000, 1076.000000, 1093.000000, 1076.000000, 1118.000000, 1029.000000, 1119.000000,     small-vehicle,     1386
1234.000000, 1077.000000, 1295.000000, 1075.000000, 1295.000000, 1115.000000, 1234.000000, 1116.000000,     small-vehicle,     1387
1485.000000, 1078.000000, 1541.000000, 1077.000000, 1542.000000, 1106.000000, 1485.000000, 1106.000000,     small-vehicle,     1388
474.000000, 1107.000000, 522.000000, 1105.000000, 522.000000, 1132.000000, 474.000000, 1133.000000,     small-vehicle,     1389
110.000000, 1100.000000, 162.000000, 1099.000000, 160.000000, 1136.000000, 108.000000, 1137.000000,     small-vehicle,     1395
2731.000000, 1015.000000, 2779.000000, 1014.000000, 2780.000000, 1037.000000, 2732.000000, 1038.000000,     small-vehicle,     1397
1267.000000, 1010.000000, 1291.000000, 1009.000000, 1291.000000, 1066.000000, 1266.000000, 1066.000000,     small-vehicle,     1399
1370.000000, 1110.000000, 1429.000000, 1109.000000, 1429.000000, 1140.000000, 1370.000000, 1140.000000,     small-vehicle,     1400
3516.000000, 1862.000000, 3576.000000, 1859.000000, 3578.000000, 1890.000000, 3519.000000, 1892.000000,     small-vehicle,     1402
2391.000000, 1038.000000, 2445.000000, 1037.000000, 2446.000000, 1061.000000, 2392.000000, 1061.000000,     small-vehicle,     1403
2595.000000, 1030.000000, 2644.000000, 1028.000000, 2646.000000, 1053.000000, 2596.000000, 1053.000000,     small-vehicle,     1405
3053.000000, 999.000000, 3119.000000, 999.000000, 3121.000000, 1032.000000, 3055.000000, 1032.000000,     small-vehicle,     1409
3233.000000, 1000.000000, 3282.000000, 1000.000000, 3284.000000, 1025.000000, 3234.000000, 1027.000000,     small-vehicle,     1410
2888.000000, 1010.000000, 2945.000000, 1009.000000, 2946.000000, 1035.000000, 2890.000000, 1036.000000,     small-vehicle,     1412
2697.000000, 1093.000000, 2748.000000, 1092.000000, 2749.000000, 1122.000000, 2699.000000, 1123.000000,     small-vehicle,     1416
2961.000000, 1006.000000, 3018.000000, 1004.000000, 3020.000000, 1033.000000, 2963.000000, 1034.000000,     small-vehicle,     1418
3358.000000, 993.000000, 3417.000000, 992.000000, 3419.000000, 1018.000000, 3360.000000, 1020.000000,     small-vehicle,     1420
3291.000000, 995.000000, 3347.000000, 994.000000, 3349.000000, 1021.000000, 3293.000000, 1022.000000,     small-vehicle,     1422
1429.000000, 1144.000000, 1473.000000, 1143.000000, 1473.000000, 1169.000000, 1429.000000, 1169.000000,     small-vehicle,     1423
1981.000000, 1186.000000, 2012.000000, 1185.000000, 2014.000000, 1247.000000, 1983.000000, 1248.000000,     small-vehicle,     1424
1969.000000, 1924.000000, 1997.000000, 1923.000000, 1999.000000, 2004.000000, 1970.000000, 2005.000000,     small-vehicle,     1425
2840.000000, 944.000000, 2867.000000, 944.000000, 2869.000000, 996.000000, 2843.000000, 996.000000,     small-vehicle,     1429
719.000000, 1101.000000, 771.000000, 1100.000000, 770.000000, 1127.000000, 719.000000, 1129.000000,     small-vehicle,     1433
2054.000000, 2040.000000, 2088.000000, 2039.000000, 2090.000000, 2113.000000, 2057.000000, 2115.000000,     small-vehicle,     1438
2101.000000, 2355.000000, 2126.000000, 2354.000000, 2128.000000, 2408.000000, 2103.000000, 2409.000000,     small-vehicle,     1449
1254.000000, 755.000000, 1279.000000, 755.000000, 1279.000000, 809.000000, 1255.000000, 809.000000,     small-vehicle,     1451
1909.000000, 755.000000, 1933.000000, 755.000000, 1934.000000, 806.000000, 1910.000000, 807.000000,     small-vehicle,     1452
2810.000000, 732.000000, 2843.000000, 732.000000, 2847.000000, 791.000000, 2813.000000, 792.000000,     small-vehicle,     1453
2179.000000, 667.000000, 2209.000000, 667.000000, 2210.000000, 726.000000, 2180.000000, 726.000000,     small-vehicle,     1458
2152.000000, 670.000000, 2175.000000, 670.000000, 2176.000000, 722.000000, 2154.000000, 722.000000,     small-vehicle,     1459
1615.000000, 1134.000000, 1668.000000, 1133.000000, 1668.000000, 1158.000000, 1615.000000, 1159.000000,     small-vehicle,     1460
1249.000000, 672.000000, 1267.000000, 671.000000, 1267.000000, 712.000000, 1249.000000, 712.000000,     small-vehicle,     1462
2149.000000, 595.000000, 2175.000000, 595.000000, 2177.000000, 654.000000, 2151.000000, 654.000000,     small-vehicle,     1467
1686.000000, 1131.000000, 1748.000000, 1129.000000, 1748.000000, 1154.000000, 1686.000000, 1155.000000,     small-vehicle,     1468
2181.000000, 617.000000, 2208.000000, 617.000000, 2209.000000, 656.000000, 2182.000000, 656.000000,     small-vehicle,     1478
1869.000000, 556.000000, 1895.000000, 556.000000, 1896.000000, 609.000000, 1871.000000, 609.000000,     small-vehicle,     1479
2254.000000, 1917.000000, 2329.000000, 1913.000000, 2331.000000, 1991.000000, 2256.000000, 1994.000000,     large-vehicle,     1487
1940.000000, 1507.000000, 1968.000000, 1506.000000, 1969.000000, 1566.000000, 1941.000000, 1566.000000,     small-vehicle,     1493
1948.000000, 1763.000000, 1973.000000, 1762.000000, 1975.000000, 1825.000000, 1950.000000, 1826.000000,     small-vehicle,     1498
1890.000000, 512.000000, 1916.000000, 511.000000, 1917.000000, 563.000000, 1891.000000, 563.000000,     small-vehicle,     1499
2266.000000, 459.000000, 2328.000000, 459.000000, 2329.000000, 486.000000, 2267.000000, 486.000000,     small-vehicle,     1500
2063.000000, 390.000000, 2079.000000, 390.000000, 2078.000000, 417.000000, 2064.000000, 418.000000,     small-vehicle,     1503
1226.000000, 445.000000, 1251.000000, 445.000000, 1251.000000, 490.000000, 1226.000000, 490.000000,     small-vehicle,     1507
1541.000000, 1136.000000, 1603.000000, 1135.000000, 1603.000000, 1161.000000, 1540.000000, 1162.000000,     small-vehicle,     1508
2124.000000, 386.000000, 2152.000000, 386.000000, 2154.000000, 440.000000, 2126.000000, 441.000000,     small-vehicle,     1509
2527.000000, 1033.000000, 2582.000000, 1031.000000, 2583.000000, 1056.000000, 2528.000000, 1057.000000,     small-vehicle,     1510
2480.000000, 440.000000, 2530.000000, 440.000000, 2531.000000, 465.000000, 2481.000000, 466.000000,     small-vehicle,     1511
2779.000000, 411.000000, 2803.000000, 411.000000, 2806.000000, 462.000000, 2781.000000, 463.000000,     small-vehicle,     1515
1224.000000, 395.000000, 1252.000000, 394.000000, 1252.000000, 444.000000, 1224.000000, 444.000000,     small-vehicle,     1517
212.000000, 1149.000000, 269.000000, 1149.000000, 267.000000, 1195.000000, 210.000000, 1196.000000,     small-vehicle,     1518
3253.000000, 1070.000000, 3316.000000, 1070.000000, 3317.000000, 1094.000000, 3254.000000, 1095.000000,     small-vehicle,     1521
1853.000000, 335.000000, 1877.000000, 335.000000, 1879.000000, 391.000000, 1854.000000, 392.000000,     small-vehicle,     1522
2983.000000, 1087.000000, 3031.000000, 1086.000000, 3033.000000, 1111.000000, 2983.000000, 1112.000000,     small-vehicle,     1525
2146.000000, 333.000000, 2170.000000, 333.000000, 2172.000000, 381.000000, 2148.000000, 381.000000,     small-vehicle,     1529
2425.000000, 1102.000000, 2458.000000, 1101.000000, 2458.000000, 1121.000000, 2426.000000, 1121.000000,     small-vehicle,     1530
2529.000000, 1100.000000, 2580.000000, 1098.000000, 2581.000000, 1124.000000, 2530.000000, 1125.000000,     small-vehicle,     1531
2346.000000, 453.000000, 2403.000000, 453.000000, 2404.000000, 483.000000, 2347.000000, 483.000000,     small-vehicle,     1532
2407.000000, 449.000000, 2463.000000, 449.000000, 2465.000000, 477.000000, 2408.000000, 477.000000,     small-vehicle,     1533
2141.000000, 256.000000, 2166.000000, 256.000000, 2166.000000, 304.000000, 2143.000000, 304.000000,     small-vehicle,     1536
1848.000000, 267.000000, 1875.000000, 267.000000, 1876.000000, 326.000000, 1849.000000, 325.000000,     small-vehicle,     1537
2455.000000, 1034.000000, 2506.000000, 1033.000000, 2508.000000, 1058.000000, 2456.000000, 1059.000000,     small-vehicle,     1541
540.000000, 694.000000, 586.000000, 693.000000, 585.000000, 722.000000, 539.000000, 722.000000,     small-vehicle,     1542
3196.000000, 1077.000000, 3239.000000, 1076.000000, 3240.000000, 1097.000000, 3196.000000, 1097.000000,     small-vehicle,     1543
1223.000000, 241.000000, 1246.000000, 241.000000, 1246.000000, 288.000000, 1223.000000, 287.000000,     small-vehicle,     1548
1852.000000, 202.000000, 1875.000000, 202.000000, 1876.000000, 259.000000, 1852.000000, 259.000000,     small-vehicle,     1549
1252.000000, 706.000000, 1275.000000, 705.000000, 1275.000000, 735.000000, 1253.000000, 735.000000,     small-vehicle,     1550
2138.000000, 182.000000, 2162.000000, 182.000000, 2164.000000, 240.000000, 2140.000000, 240.000000,     small-vehicle,     1552
1216.000000, 160.000000, 1241.000000, 160.000000, 1241.000000, 214.000000, 1216.000000, 214.000000,     small-vehicle,     1554
2060.000000, 467.000000, 2076.000000, 467.000000, 2077.000000, 492.000000, 2060.000000, 492.000000,     small-vehicle,     1556
1100.000000, 1097.000000, 1146.000000, 1096.000000, 1146.000000, 1115.000000, 1100.000000, 1116.000000,     large-vehicle,     1558
2265.000000, 1723.000000, 2298.000000, 1721.000000, 2301.000000, 1798.000000, 2268.000000, 1799.000000,     large-vehicle,     1559
1941.000000, 1510.000000, 1969.000000, 1510.000000, 1970.000000, 1567.000000, 1942.000000, 1567.000000,     large-vehicle,     1560
1097.000000, 1098.000000, 1148.000000, 1097.000000, 1148.000000, 1117.000000, 1097.000000, 1117.000000,     small-vehicle,     1561
1835.000000, 133.000000, 1862.000000, 133.000000, 1864.000000, 188.000000, 1837.000000, 188.000000,     small-vehicle,     1562
3436.000000, 996.000000, 3472.000000, 996.000000, 3474.000000, 1019.000000, 3437.000000, 1020.000000,     small-vehicle,     1563
3254.000000, 1070.000000, 3316.000000, 1070.000000, 3317.000000, 1094.000000, 3256.000000, 1095.000000,     large-vehicle,     1564
3058.000000, 1012.000000, 3117.000000, 1012.000000, 3118.000000, 1026.000000, 3059.000000, 1028.000000,     large-vehicle,     1565
