2175.000000, 1217.000000, 2239.000000, 1217.000000, 2239.000000, 1282.000000, 2175.000000, 1282.000000,   small-vehicle,   1290
2274.000000, 1393.000000, 2304.000000, 1393.000000, 2304.000000, 1445.000000, 2274.000000, 1445.000000,   small-vehicle,   1536
1958.000000, 1410.000000, 1983.000000, 1410.000000, 1983.000000, 1454.000000, 1958.000000, 1454.000000,   small-vehicle,   1537
1290.000000, 1367.000000, 1316.000000, 1367.000000, 1316.000000, 1420.000000, 1290.000000, 1420.000000,   small-vehicle,   1548
1961.000000, 1333.000000, 1986.000000, 1333.000000, 1986.000000, 1395.000000, 1961.000000, 1395.000000,   small-vehicle,   1549
2273.000000, 1314.000000, 2305.000000, 1314.000000, 2305.000000, 1377.000000, 2273.000000, 1377.000000,   small-vehicle,   1552
1283.000000, 1289.000000, 1311.000000, 1289.000000, 1311.000000, 1349.000000, 1283.000000, 1349.000000,   small-vehicle,   1554
1946.000000, 1269.000000, 1974.000000, 1269.000000, 1974.000000, 1318.000000, 1946.000000, 1318.000000,   small-vehicle,   1562
1972.000000, 1222.000000, 1999.000000, 1222.000000, 1999.000000, 1271.000000, 1972.000000, 1271.000000,   small-vehicle,   1566
2236.000000, 1220.000000, 2272.000000, 1220.000000, 2272.000000, 1288.000000, 2236.000000, 1288.000000,   small-vehicle,   1571
439.000000, 1174.000000, 496.000000, 1174.000000, 496.000000, 1204.000000, 439.000000, 1204.000000,   small-vehicle,   1575
512.000000, 1182.000000, 561.000000, 1182.000000, 561.000000, 1209.000000, 512.000000, 1209.000000,   small-vehicle,   1578
386.000000, 1115.000000, 414.000000, 1115.000000, 414.000000, 1168.000000, 386.000000, 1168.000000,   small-vehicle,   1594
1961.000000, 1066.000000, 1988.000000, 1066.000000, 1988.000000, 1115.000000, 1961.000000, 1115.000000,   small-vehicle,   1602
2927.000000, 1060.000000, 2993.000000, 1060.000000, 2993.000000, 1095.000000, 2927.000000, 1095.000000,   small-vehicle,   1614
320.000000, 1034.000000, 368.000000, 1034.000000, 368.000000, 1093.000000, 320.000000, 1093.000000,   small-vehicle,   1615
2232.000000, 1040.000000, 2257.000000, 1040.000000, 2257.000000, 1094.000000, 2232.000000, 1094.000000,   small-vehicle,   1623
3419.000000, 1043.000000, 3472.000000, 1043.000000, 3472.000000, 1066.000000, 3419.000000, 1066.000000,   small-vehicle,   1631
84.000000, 1090.000000, 141.000000, 1090.000000, 141.000000, 1130.000000, 84.000000, 1130.000000,   small-vehicle,   1632
2224.000000, 968.000000, 2256.000000, 968.000000, 2256.000000, 1036.000000, 2224.000000, 1036.000000,   small-vehicle,   1633
1929.000000, 901.000000, 1955.000000, 901.000000, 1955.000000, 955.000000, 1929.000000, 955.000000,   small-vehicle,   1637
3227.000000, 932.000000, 3262.000000, 932.000000, 3262.000000, 992.000000, 3227.000000, 992.000000,   small-vehicle,   1638
433.000000, 916.000000, 465.000000, 916.000000, 465.000000, 981.000000, 433.000000, 981.000000,   small-vehicle,   1643
358.000000, 893.000000, 385.000000, 893.000000, 385.000000, 948.000000, 358.000000, 948.000000,   small-vehicle,   1650
2246.000000, 847.000000, 2278.000000, 847.000000, 2278.000000, 905.000000, 2246.000000, 905.000000,   small-vehicle,   1656
1924.000000, 831.000000, 1953.000000, 831.000000, 1953.000000, 887.000000, 1924.000000, 887.000000,   small-vehicle,   1658
1034.000000, 1222.000000, 1095.000000, 1222.000000, 1095.000000, 1252.000000, 1034.000000, 1252.000000,   small-vehicle,   1659
3223.000000, 853.000000, 3260.000000, 853.000000, 3260.000000, 911.000000, 3223.000000, 911.000000,   small-vehicle,   1665
359.000000, 835.000000, 387.000000, 835.000000, 387.000000, 887.000000, 359.000000, 887.000000,   small-vehicle,   1666
2208.000000, 779.000000, 2236.000000, 779.000000, 2236.000000, 834.000000, 2208.000000, 834.000000,   small-vehicle,   1680
1951.000000, 801.000000, 1978.000000, 801.000000, 1978.000000, 851.000000, 1951.000000, 851.000000,   small-vehicle,   1683
1926.000000, 772.000000, 1951.000000, 772.000000, 1951.000000, 822.000000, 1926.000000, 822.000000,   small-vehicle,   1687
3251.000000, 1117.000000, 3319.000000, 1117.000000, 3319.000000, 1150.000000, 3251.000000, 1150.000000,   small-vehicle,   1688
2961.000000, 1233.000000, 2992.000000, 1233.000000, 2992.000000, 1277.000000, 2961.000000, 1277.000000,   small-vehicle,   1689
2468.000000, 1160.000000, 2518.000000, 1160.000000, 2518.000000, 1181.000000, 2468.000000, 1181.000000,   small-vehicle,   1693
2243.000000, 764.000000, 2270.000000, 764.000000, 2270.000000, 814.000000, 2243.000000, 814.000000,   small-vehicle,   1697
1952.000000, 724.000000, 1981.000000, 724.000000, 1981.000000, 788.000000, 1952.000000, 788.000000,   small-vehicle,   1699
2243.000000, 689.000000, 2268.000000, 689.000000, 2268.000000, 739.000000, 2243.000000, 739.000000,   small-vehicle,   1705
2153.000000, 483.000000, 2182.000000, 483.000000, 2182.000000, 549.000000, 2153.000000, 549.000000,   small-vehicle,   1706
1935.000000, 627.000000, 1964.000000, 627.000000, 1964.000000, 680.000000, 1935.000000, 680.000000,   small-vehicle,   1708
1916.000000, 691.000000, 1946.000000, 691.000000, 1946.000000, 747.000000, 1916.000000, 747.000000,   small-vehicle,   1709
233.000000, 1223.000000, 277.000000, 1223.000000, 277.000000, 1286.000000, 233.000000, 1286.000000,   small-vehicle,   1710
3221.000000, 627.000000, 3253.000000, 627.000000, 3253.000000, 685.000000, 3221.000000, 685.000000,   small-vehicle,   1715
2283.000000, 1257.000000, 2306.000000, 1257.000000, 2306.000000, 1305.000000, 2283.000000, 1305.000000,   small-vehicle,   1719
2724.000000, 609.000000, 2751.000000, 609.000000, 2751.000000, 664.000000, 2724.000000, 664.000000,   small-vehicle,   1727
2641.000000, 600.000000, 2675.000000, 600.000000, 2675.000000, 661.000000, 2641.000000, 661.000000,   small-vehicle,   1728
2230.000000, 560.000000, 2256.000000, 560.000000, 2256.000000, 625.000000, 2230.000000, 625.000000,   small-vehicle,   1729
2536.000000, 1152.000000, 2593.000000, 1152.000000, 2593.000000, 1183.000000, 2536.000000, 1183.000000,   small-vehicle,   1730
2762.000000, 594.000000, 2794.000000, 594.000000, 2794.000000, 656.000000, 2762.000000, 656.000000,   small-vehicle,   1731
2809.000000, 591.000000, 2838.000000, 591.000000, 2838.000000, 653.000000, 2809.000000, 653.000000,   small-vehicle,   1739
1918.000000, 533.000000, 1947.000000, 533.000000, 1947.000000, 593.000000, 1918.000000, 593.000000,   small-vehicle,   1742
2198.000000, 523.000000, 2225.000000, 523.000000, 2225.000000, 588.000000, 2198.000000, 588.000000,   small-vehicle,   1744
1459.000000, 1206.000000, 1503.000000, 1206.000000, 1503.000000, 1225.000000, 1459.000000, 1225.000000,   small-vehicle,   1747
1898.000000, 421.000000, 1930.000000, 421.000000, 1930.000000, 483.000000, 1898.000000, 483.000000,   small-vehicle,   1760
3168.000000, 1120.000000, 3232.000000, 1120.000000, 3232.000000, 1149.000000, 3168.000000, 1149.000000,   small-vehicle,   1761
1519.000000, 1200.000000, 1576.000000, 1200.000000, 1576.000000, 1223.000000, 1519.000000, 1223.000000,   small-vehicle,   1762
3204.000000, 485.000000, 3231.000000, 485.000000, 3231.000000, 547.000000, 3204.000000, 547.000000,   small-vehicle,   1763
64.000000, 430.000000, 123.000000, 430.000000, 123.000000, 458.000000, 64.000000, 458.000000,   small-vehicle,   1765
3197.000000, 408.000000, 3230.000000, 408.000000, 3230.000000, 476.000000, 3197.000000, 476.000000,   small-vehicle,   1767
2371.000000, 657.000000, 2422.000000, 657.000000, 2422.000000, 681.000000, 2371.000000, 681.000000,   small-vehicle,   1769
1048.000000, 371.000000, 1104.000000, 371.000000, 1104.000000, 398.000000, 1048.000000, 398.000000,   small-vehicle,   1772
49.000000, 353.000000, 107.000000, 353.000000, 107.000000, 383.000000, 49.000000, 383.000000,   small-vehicle,   1773
1896.000000, 365.000000, 1922.000000, 365.000000, 1922.000000, 410.000000, 1896.000000, 410.000000,   small-vehicle,   1777
2151.000000, 306.000000, 2178.000000, 306.000000, 2178.000000, 361.000000, 2151.000000, 361.000000,   small-vehicle,   1785
2221.000000, 366.000000, 2250.000000, 366.000000, 2250.000000, 420.000000, 2221.000000, 420.000000,   small-vehicle,   1787
561.000000, 321.000000, 613.000000, 321.000000, 613.000000, 346.000000, 561.000000, 346.000000,   small-vehicle,   1790
3551.000000, 1110.000000, 3613.000000, 1110.000000, 3613.000000, 1134.000000, 3551.000000, 1134.000000,   small-vehicle,   1791
499.000000, 326.000000, 550.000000, 326.000000, 550.000000, 351.000000, 499.000000, 351.000000,   small-vehicle,   1793
3195.000000, 326.000000, 3224.000000, 326.000000, 3224.000000, 382.000000, 3195.000000, 382.000000,   small-vehicle,   1794
694.000000, 346.000000, 759.000000, 346.000000, 759.000000, 377.000000, 694.000000, 377.000000,   small-vehicle,   1795
633.000000, 319.000000, 685.000000, 319.000000, 685.000000, 343.000000, 633.000000, 343.000000,   small-vehicle,   1799
700.000000, 312.000000, 758.000000, 312.000000, 758.000000, 336.000000, 700.000000, 336.000000,   small-vehicle,   1804
891.000000, 301.000000, 942.000000, 301.000000, 942.000000, 329.000000, 891.000000, 329.000000,   small-vehicle,   1805
1743.000000, 307.000000, 1800.000000, 307.000000, 1800.000000, 337.000000, 1743.000000, 337.000000,   small-vehicle,   1807
949.000000, 296.000000, 1008.000000, 296.000000, 1008.000000, 323.000000, 949.000000, 323.000000,   small-vehicle,   1808
767.000000, 308.000000, 816.000000, 308.000000, 816.000000, 332.000000, 767.000000, 332.000000,   small-vehicle,   1810
479.000000, 1245.000000, 538.000000, 1245.000000, 538.000000, 1280.000000, 479.000000, 1280.000000,   small-vehicle,   1813
350.000000, 281.000000, 380.000000, 281.000000, 380.000000, 337.000000, 350.000000, 337.000000,   small-vehicle,   1814
1030.000000, 290.000000, 1080.000000, 290.000000, 1080.000000, 317.000000, 1030.000000, 317.000000,   small-vehicle,   1817
828.000000, 305.000000, 879.000000, 305.000000, 879.000000, 329.000000, 828.000000, 329.000000,   small-vehicle,   1818
2186.000000, 301.000000, 2213.000000, 301.000000, 2213.000000, 353.000000, 2186.000000, 353.000000,   small-vehicle,   1819
729.000000, 1238.000000, 791.000000, 1238.000000, 791.000000, 1257.000000, 729.000000, 1257.000000,   small-vehicle,   1821
1675.000000, 239.000000, 1730.000000, 239.000000, 1730.000000, 267.000000, 1675.000000, 267.000000,   small-vehicle,   1822
1163.000000, 281.000000, 1219.000000, 281.000000, 1219.000000, 311.000000, 1163.000000, 311.000000,   small-vehicle,   1825
1572.000000, 249.000000, 1627.000000, 249.000000, 1627.000000, 277.000000, 1572.000000, 277.000000,   small-vehicle,   1826
1397.000000, 264.000000, 1447.000000, 264.000000, 1447.000000, 288.000000, 1397.000000, 288.000000,   small-vehicle,   1827
1235.000000, 278.000000, 1284.000000, 278.000000, 1284.000000, 302.000000, 1235.000000, 302.000000,   small-vehicle,   1831
1738.000000, 231.000000, 1789.000000, 231.000000, 1789.000000, 259.000000, 1738.000000, 259.000000,   small-vehicle,   1833
3191.000000, 267.000000, 3217.000000, 267.000000, 3217.000000, 324.000000, 3191.000000, 324.000000,   small-vehicle,   1835
1338.000000, 269.000000, 1384.000000, 269.000000, 1384.000000, 293.000000, 1338.000000, 293.000000,   small-vehicle,   1836
2962.000000, 1282.000000, 2992.000000, 1282.000000, 2992.000000, 1335.000000, 2962.000000, 1335.000000,   small-vehicle,   1837
1800.000000, 227.000000, 1849.000000, 227.000000, 1849.000000, 252.000000, 1800.000000, 252.000000,   small-vehicle,   1838
432.000000, 993.000000, 457.000000, 993.000000, 457.000000, 1034.000000, 432.000000, 1034.000000,   small-vehicle,   1839
351.000000, 221.000000, 378.000000, 221.000000, 378.000000, 269.000000, 351.000000, 269.000000,   small-vehicle,   1845
3145.000000, 534.000000, 3166.000000, 534.000000, 3166.000000, 580.000000, 3145.000000, 580.000000,   small-vehicle,   1850
2531.000000, 175.000000, 2586.000000, 175.000000, 2586.000000, 203.000000, 2531.000000, 203.000000,   small-vehicle,   1856
2477.000000, 181.000000, 2527.000000, 181.000000, 2527.000000, 206.000000, 2477.000000, 206.000000,   small-vehicle,   1858
2395.000000, 186.000000, 2462.000000, 186.000000, 2462.000000, 213.000000, 2395.000000, 213.000000,   small-vehicle,   1859
1772.000000, 174.000000, 1828.000000, 174.000000, 1828.000000, 200.000000, 1772.000000, 200.000000,   small-vehicle,   1860
409.000000, 1030.000000, 454.000000, 1030.000000, 454.000000, 1086.000000, 409.000000, 1086.000000,   small-vehicle,   1864
1970.000000, 295.000000, 1995.000000, 295.000000, 1995.000000, 348.000000, 1970.000000, 348.000000,   small-vehicle,   1866
352.000000, 133.000000, 378.000000, 133.000000, 378.000000, 178.000000, 352.000000, 178.000000,   small-vehicle,   1868
2961.000000, 142.000000, 3015.000000, 142.000000, 3015.000000, 167.000000, 2961.000000, 167.000000,   small-vehicle,   1869
3042.000000, 142.000000, 3100.000000, 142.000000, 3100.000000, 169.000000, 3042.000000, 169.000000,   small-vehicle,   1872
2827.000000, 158.000000, 2885.000000, 158.000000, 2885.000000, 181.000000, 2827.000000, 181.000000,   small-vehicle,   1874
2208.000000, 81.000000, 2235.000000, 81.000000, 2235.000000, 133.000000, 2208.000000, 133.000000,   small-vehicle,   1875
223.000000, 420.000000, 286.000000, 420.000000, 286.000000, 448.000000, 223.000000, 448.000000,   small-vehicle,   1876
349.000000, 69.000000, 374.000000, 69.000000, 374.000000, 119.000000, 349.000000, 119.000000,   small-vehicle,   1878
300.000000, 1250.000000, 347.000000, 1250.000000, 347.000000, 1309.000000, 300.000000, 1309.000000,   small-vehicle,   1888
2234.000000, 511.000000, 2261.000000, 511.000000, 2261.000000, 552.000000, 2234.000000, 552.000000,   small-vehicle,   1889
1950.000000, 84.000000, 1978.000000, 84.000000, 1978.000000, 138.000000, 1950.000000, 138.000000,   small-vehicle,   1893
981.000000, 374.000000, 1030.000000, 374.000000, 1030.000000, 397.000000, 981.000000, 397.000000,   small-vehicle,   1895
1901.000000, -41.000000, 1930.000000, -41.000000, 1930.000000, 11.000000, 1901.000000, 11.000000,   small-vehicle,   1900
1876.000000, -10.000000, 1906.000000, -10.000000, 1906.000000, 43.000000, 1876.000000, 43.000000,   small-vehicle,   1902
305.000000, 349.000000, 357.000000, 349.000000, 357.000000, 383.000000, 305.000000, 383.000000,   small-vehicle,   1909
1929.000000, 429.000000, 1963.000000, 429.000000, 1963.000000, 500.000000, 1929.000000, 500.000000,   large-vehicle,   1917
2351.000000, 233.000000, 2400.000000, 233.000000, 2400.000000, 257.000000, 2351.000000, 257.000000,   small-vehicle,   1918
2195.000000, -84.000000, 2224.000000, -84.000000, 2224.000000, -30.000000, 2195.000000, -30.000000,   small-vehicle,   1921
-8.000000, 416.000000, 52.000000, 416.000000, 52.000000, 442.000000, -8.000000, 442.000000,   small-vehicle,   1922
181.000000, 1337.000000, 226.000000, 1337.000000, 226.000000, 1398.000000, 181.000000, 1398.000000,   small-vehicle,   1927
1982.000000, 567.000000, 2011.000000, 567.000000, 2011.000000, 622.000000, 1982.000000, 622.000000,   small-vehicle,   1936
1870.000000, -125.000000, 1893.000000, -125.000000, 1893.000000, -85.000000, 1870.000000, -85.000000,   small-vehicle,   1941
2190.000000, -170.000000, 2218.000000, -170.000000, 2218.000000, -112.000000, 2190.000000, -112.000000,   small-vehicle,   1945
910.000000, 364.000000, 960.000000, 364.000000, 960.000000, 386.000000, 910.000000, 386.000000,   small-vehicle,   1950
1895.000000, -175.000000, 1920.000000, -175.000000, 1920.000000, -115.000000, 1895.000000, -115.000000,   small-vehicle,   1952
2815.000000, 236.000000, 2881.000000, 236.000000, 2881.000000, 263.000000, 2815.000000, 263.000000,   small-vehicle,   1954
1907.000000, 591.000000, 1928.000000, 591.000000, 1928.000000, 634.000000, 1907.000000, 634.000000,   small-vehicle,   1955
285.000000, 395.000000, 334.000000, 395.000000, 334.000000, 420.000000, 285.000000, 420.000000,   small-vehicle,   1966
1864.000000, -216.000000, 1890.000000, -216.000000, 1890.000000, -162.000000, 1864.000000, -162.000000,   small-vehicle,   1967
3092.000000, -200.000000, 3124.000000, -200.000000, 3124.000000, -142.000000, 3092.000000, -142.000000,   small-vehicle,   1968
2655.000000, 247.000000, 2714.000000, 247.000000, 2714.000000, 274.000000, 2655.000000, 274.000000,   small-vehicle,   1970
1955.000000, 192.000000, 1983.000000, 192.000000, 1983.000000, 248.000000, 1955.000000, 248.000000,   small-vehicle,   1971
2185.000000, -244.000000, 2215.000000, -244.000000, 2215.000000, -186.000000, 2185.000000, -186.000000,   small-vehicle,   1972
1341.000000, 344.000000, 1403.000000, 344.000000, 1403.000000, 378.000000, 1341.000000, 378.000000,   small-vehicle,   1974
2157.000000, -230.000000, 2188.000000, -230.000000, 2188.000000, -168.000000, 2157.000000, -168.000000,   small-vehicle,   1977
321.000000, 900.000000, 342.000000, 900.000000, 342.000000, 945.000000, 321.000000, 945.000000,   small-vehicle,   1981
151.000000, 1394.000000, 202.000000, 1394.000000, 202.000000, 1461.000000, 151.000000, 1461.000000,   small-vehicle,   1983
2150.000000, -302.000000, 2178.000000, -302.000000, 2178.000000, -241.000000, 2150.000000, -241.000000,   small-vehicle,   1988
3231.000000, 210.000000, 3282.000000, 210.000000, 3282.000000, 231.000000, 3231.000000, 231.000000,   small-vehicle,   1992
1937.000000, -18.000000, 1967.000000, -18.000000, 1967.000000, 39.000000, 1937.000000, 39.000000,   small-vehicle,   1997
2051.000000, 1098.000000, 2084.000000, 1098.000000, 2084.000000, 1165.000000, 2051.000000, 1165.000000,   small-vehicle,   1998
3088.000000, -281.000000, 3117.000000, -281.000000, 3117.000000, -227.000000, 3088.000000, -227.000000,   small-vehicle,   2005
2180.000000, -322.000000, 2209.000000, -322.000000, 2209.000000, -262.000000, 2180.000000, -262.000000,   small-vehicle,   2006
1384.000000, 1207.000000, 1443.000000, 1207.000000, 1443.000000, 1231.000000, 1384.000000, 1231.000000,   small-vehicle,   2007
252.000000, -334.000000, 302.000000, -334.000000, 302.000000, -286.000000, 252.000000, -286.000000,   small-vehicle,   2008
2619.000000, -390.000000, 2672.000000, -390.000000, 2672.000000, -363.000000, 2619.000000, -363.000000,   small-vehicle,   2013
398.000000, 1252.000000, 462.000000, 1252.000000, 462.000000, 1285.000000, 398.000000, 1285.000000,   small-vehicle,   2014
3314.000000, 207.000000, 3380.000000, 207.000000, 3380.000000, 233.000000, 3314.000000, 233.000000,   small-vehicle,   2016
3448.000000, 201.000000, 3513.000000, 201.000000, 3513.000000, 223.000000, 3448.000000, 223.000000,   small-vehicle,   2017
3643.000000, 188.000000, 3716.000000, 188.000000, 3716.000000, 209.000000, 3643.000000, 209.000000,   small-vehicle,   2021
2685.000000, 613.000000, 2719.000000, 613.000000, 2719.000000, 680.000000, 2685.000000, 680.000000,   large-vehicle,   2022
1855.000000, -381.000000, 1885.000000, -381.000000, 1885.000000, -324.000000, 1855.000000, -324.000000,   small-vehicle,   2023
188.000000, -476.000000, 245.000000, -476.000000, 245.000000, -423.000000, 188.000000, -423.000000,   small-vehicle,   2028
2948.000000, 224.000000, 3014.000000, 224.000000, 3014.000000, 258.000000, 2948.000000, 258.000000,   small-vehicle,   2030
243.000000, -431.000000, 290.000000, -431.000000, 290.000000, -389.000000, 243.000000, -389.000000,   small-vehicle,   2031
1875.000000, -449.000000, 1904.000000, -449.000000, 1904.000000, -391.000000, 1875.000000, -391.000000,   small-vehicle,   2033
2162.000000, -426.000000, 2186.000000, -426.000000, 2186.000000, -377.000000, 2162.000000, -377.000000,   small-vehicle,   2035
1334.000000, 333.000000, 1499.000000, 333.000000, 1499.000000, 370.000000, 1334.000000, 370.000000,   large-vehicle,   2036
39.000000, -510.000000, 99.000000, -510.000000, 99.000000, -459.000000, 39.000000, -459.000000,   small-vehicle,   2038
2158.000000, -486.000000, 2184.000000, -486.000000, 2184.000000, -435.000000, 2158.000000, -435.000000,   small-vehicle,   2039
1924.000000, -308.000000, 1952.000000, -308.000000, 1952.000000, -240.000000, 1924.000000, -240.000000,   small-vehicle,   2041
1980.000000, -102.000000, 2009.000000, -102.000000, 2009.000000, -42.000000, 1980.000000, -42.000000,   small-vehicle,   2042
81.000000, -434.000000, 130.000000, -434.000000, 130.000000, -373.000000, 81.000000, -373.000000,   small-vehicle,   2043
347.000000, 938.000000, 385.000000, 938.000000, 385.000000, 1000.000000, 347.000000, 1000.000000,   large-vehicle,   2047
1871.000000, -519.000000, 1904.000000, -519.000000, 1904.000000, -453.000000, 1871.000000, -453.000000,   small-vehicle,   2050
3082.000000, -359.000000, 3113.000000, -359.000000, 3113.000000, -301.000000, 3082.000000, -301.000000,   small-vehicle,   2054
-13.000000, -549.000000, 47.000000, -549.000000, 47.000000, -500.000000, -13.000000, -500.000000,   small-vehicle,   2060
2475.000000, 257.000000, 2530.000000, 257.000000, 2530.000000, 279.000000, 2475.000000, 279.000000,   small-vehicle,   2064
2164.000000, -548.000000, 2191.000000, -548.000000, 2191.000000, -500.000000, 2164.000000, -500.000000,   small-vehicle,   2065
51.000000, -587.000000, 113.000000, -587.000000, 113.000000, -531.000000, 51.000000, -531.000000,   small-vehicle,   2066
2903.000000, 196.000000, 2976.000000, 196.000000, 2976.000000, 228.000000, 2903.000000, 228.000000,   small-vehicle,   2067
2618.000000, -353.000000, 2661.000000, -353.000000, 2661.000000, -327.000000, 2618.000000, -327.000000,   small-vehicle,   2068
1887.000000, 105.000000, 1907.000000, 105.000000, 1907.000000, 137.000000, 1887.000000, 137.000000,   small-vehicle,   2069
1395.000000, -536.000000, 1448.000000, -536.000000, 1448.000000, -507.000000, 1395.000000, -507.000000,   small-vehicle,   2072
2074.000000, 512.000000, 2107.000000, 512.000000, 2107.000000, 574.000000, 2074.000000, 574.000000,   small-vehicle,   2074
3665.000000, 113.000000, 3711.000000, 113.000000, 3711.000000, 135.000000, 3665.000000, 135.000000,   small-vehicle,   2075
1517.000000, 334.000000, 1562.000000, 334.000000, 1562.000000, 361.000000, 1517.000000, 361.000000,   small-vehicle,   2077
356.000000, 439.000000, 378.000000, 439.000000, 378.000000, 482.000000, 356.000000, 482.000000,   small-vehicle,   2080
721.000000, 1191.000000, 782.000000, 1191.000000, 782.000000, 1207.000000, 721.000000, 1207.000000,   large-vehicle,   2081
-5.000000, -626.000000, 47.000000, -626.000000, 47.000000, -578.000000, -5.000000, -578.000000,   small-vehicle,   2084
292.000000, -303.000000, 347.000000, -303.000000, 347.000000, -254.000000, 292.000000, -254.000000,   small-vehicle,   2085
3108.000000, 19.000000, 3145.000000, 19.000000, 3145.000000, 86.000000, 3108.000000, 86.000000,   large-vehicle,   2087
2152.000000, 668.000000, 2185.000000, 668.000000, 2185.000000, 736.000000, 2152.000000, 736.000000,   small-vehicle,   2088
2927.000000, 1065.000000, 2997.000000, 1065.000000, 2997.000000, 1098.000000, 2927.000000, 1098.000000,   large-vehicle,   2089
3057.000000, -678.000000, 3090.000000, -678.000000, 3090.000000, -623.000000, 3057.000000, -623.000000,   small-vehicle,   2090
722.000000, 1232.000000, 790.000000, 1232.000000, 790.000000, 1266.000000, 722.000000, 1266.000000,   small-vehicle,   2091
1856.000000, -648.000000, 1878.000000, -648.000000, 1878.000000, -623.000000, 1856.000000, -623.000000,   small-vehicle,   2092
2680.000000, 178.000000, 2735.000000, 178.000000, 2735.000000, 200.000000, 2680.000000, 200.000000,   small-vehicle,   2093
3110.000000, 34.000000, 3148.000000, 34.000000, 3148.000000, 100.000000, 3110.000000, 100.000000,   small-vehicle,   2094
1928.000000, 450.000000, 1966.000000, 450.000000, 1966.000000, 525.000000, 1928.000000, 525.000000,   small-vehicle,   2095
299.000000, 313.000000, 341.000000, 313.000000, 341.000000, 336.000000, 299.000000, 336.000000,   small-vehicle,   2096
2152.000000, 677.000000, 2184.000000, 677.000000, 2184.000000, 745.000000, 2152.000000, 745.000000,   large-vehicle,   2098
2074.000000, 517.000000, 2105.000000, 517.000000, 2105.000000, 578.000000, 2074.000000, 578.000000,   large-vehicle,   2099
