2013.000000, 2852.000000, 2041.000000, 2850.000000, 2042.000000, 2916.000000, 2014.000000, 2917.000000,     small-vehicle,     0
2342.000000, 2909.000000, 2371.000000, 2907.000000, 2373.000000, 2975.000000, 2344.000000, 2978.000000,     small-vehicle,     1
2021.000000, 2936.000000, 2046.000000, 2936.000000, 2047.000000, 2997.000000, 2023.000000, 2997.000000,     small-vehicle,     2
2217.000000, 3459.000000, 2245.000000, 3457.000000, 2247.000000, 3519.000000, 2218.000000, 3519.000000,     small-vehicle,     3
2024.000000, 2571.000000, 2049.000000, 2571.000000, 2050.000000, 2631.000000, 2026.000000, 2632.000000,     small-vehicle,     4
2364.000000, 3260.000000, 2393.000000, 3259.000000, 2396.000000, 3327.000000, 2367.000000, 3328.000000,     small-vehicle,     5
1382.000000, 3659.000000, 1412.000000, 3658.000000, 1411.000000, 3728.000000, 1382.000000, 3731.000000,     small-vehicle,     6
1701.000000, 3939.000000, 1757.000000, 3935.000000, 1757.000000, 3967.000000, 1702.000000, 3971.000000,     small-vehicle,     7
2334.000000, 3097.000000, 2363.000000, 3096.000000, 2366.000000, 3164.000000, 2337.000000, 3165.000000,     small-vehicle,     8
3360.000000, 3640.000000, 3416.000000, 3636.000000, 3418.000000, 3665.000000, 3363.000000, 3668.000000,     small-vehicle,     9
1192.000000, 3815.000000, 1248.000000, 3811.000000, 1248.000000, 3847.000000, 1192.000000, 3851.000000,     small-vehicle,     10
491.000000, 3873.000000, 556.000000, 3868.000000, 555.000000, 3904.000000, 489.000000, 3908.000000,     small-vehicle,     11
1407.000000, 2950.000000, 1436.000000, 2948.000000, 1436.000000, 3022.000000, 1407.000000, 3023.000000,     small-vehicle,     12
2853.000000, 3783.000000, 2905.000000, 3779.000000, 2907.000000, 3808.000000, 2855.000000, 3813.000000,     small-vehicle,     14
2254.000000, 4136.000000, 2287.000000, 4133.000000, 2290.000000, 4210.000000, 2256.000000, 4211.000000,     small-vehicle,     15
1298.000000, 3804.000000, 1355.000000, 3800.000000, 1355.000000, 3833.000000, 1298.000000, 3837.000000,     small-vehicle,     16
2334.000000, 2823.000000, 2364.000000, 2821.000000, 2367.000000, 2898.000000, 2336.000000, 2900.000000,     small-vehicle,     17
1818.000000, 3843.000000, 1872.000000, 3839.000000, 1873.000000, 3872.000000, 1819.000000, 3875.000000,     small-vehicle,     18
2310.000000, 3007.000000, 2366.000000, 3005.000000, 2369.000000, 3076.000000, 2313.000000, 3078.000000,     small-vehicle,     19
2159.000000, 3345.000000, 2197.000000, 3343.000000, 2200.000000, 3415.000000, 2160.000000, 3417.000000,     small-vehicle,     20
2039.000000, 2762.000000, 2068.000000, 2761.000000, 2070.000000, 2826.000000, 2041.000000, 2827.000000,     small-vehicle,     21
1823.000000, 4031.000000, 1887.000000, 4027.000000, 1888.000000, 4060.000000, 1824.000000, 4065.000000,     small-vehicle,     22
2673.000000, 4010.000000, 2729.000000, 4005.000000, 2731.000000, 4035.000000, 2676.000000, 4039.000000,     small-vehicle,     23
2299.000000, 4390.000000, 2332.000000, 4386.000000, 2335.000000, 4468.000000, 2301.000000, 4470.000000,     small-vehicle,     24
146.000000, 3901.000000, 213.000000, 3895.000000, 212.000000, 3928.000000, 144.000000, 3933.000000,     small-vehicle,     25
2377.000000, 3358.000000, 2404.000000, 3357.000000, 2407.000000, 3423.000000, 2380.000000, 3423.000000,     small-vehicle,     26
906.000000, 3836.000000, 966.000000, 3831.000000, 965.000000, 3870.000000, 904.000000, 3873.000000,     small-vehicle,     27
2448.000000, 4218.000000, 2487.000000, 4215.000000, 2492.000000, 4307.000000, 2452.000000, 4309.000000,     small-vehicle,     29
2762.000000, 4403.000000, 2825.000000, 4397.000000, 2827.000000, 4434.000000, 2762.000000, 4440.000000,     small-vehicle,     30
2352.000000, 3172.000000, 2386.000000, 3170.000000, 2389.000000, 3245.000000, 2354.000000, 3245.000000,     small-vehicle,     32
2097.000000, 3538.000000, 2157.000000, 3534.000000, 2159.000000, 3590.000000, 2098.000000, 3592.000000,     small-vehicle,     33
2927.000000, 3768.000000, 2986.000000, 3763.000000, 2988.000000, 3795.000000, 2928.000000, 3798.000000,     small-vehicle,     34
2383.000000, 3472.000000, 2413.000000, 3469.000000, 2417.000000, 3553.000000, 2386.000000, 3556.000000,     small-vehicle,     35
2094.000000, 2950.000000, 2123.000000, 2950.000000, 2125.000000, 3020.000000, 2097.000000, 3021.000000,     small-vehicle,     36
3163.000000, 3748.000000, 3223.000000, 3744.000000, 3225.000000, 3774.000000, 3165.000000, 3778.000000,     small-vehicle,     38
2341.000000, 3332.000000, 2369.000000, 3331.000000, 2371.000000, 3405.000000, 2344.000000, 3405.000000,     small-vehicle,     40
1423.000000, 2586.000000, 1455.000000, 2586.000000, 1455.000000, 2645.000000, 1423.000000, 2645.000000,     small-vehicle,     41
2815.000000, 3683.000000, 2864.000000, 3680.000000, 2866.000000, 3712.000000, 2817.000000, 3714.000000,     small-vehicle,     42
1406.000000, 2869.000000, 1430.000000, 2868.000000, 1430.000000, 2927.000000, 1404.000000, 2929.000000,     small-vehicle,     43
1858.000000, 3928.000000, 1927.000000, 3922.000000, 1928.000000, 3956.000000, 1858.000000, 3961.000000,     small-vehicle,     44
1549.000000, 3948.000000, 1605.000000, 3944.000000, 1605.000000, 3981.000000, 1549.000000, 3986.000000,     small-vehicle,     45
2298.000000, 2721.000000, 2325.000000, 2721.000000, 2328.000000, 2798.000000, 2301.000000, 2799.000000,     small-vehicle,     46
1048.000000, 3827.000000, 1107.000000, 3822.000000, 1107.000000, 3862.000000, 1048.000000, 3866.000000,     small-vehicle,     47
2363.000000, 3094.000000, 2388.000000, 3093.000000, 2390.000000, 3151.000000, 2365.000000, 3153.000000,     small-vehicle,     48
3162.000000, 3656.000000, 3215.000000, 3654.000000, 3216.000000, 3684.000000, 3165.000000, 3687.000000,     small-vehicle,     49
67.000000, 3908.000000, 135.000000, 3903.000000, 134.000000, 3939.000000, 65.000000, 3944.000000,     small-vehicle,     50
606.000000, 3860.000000, 674.000000, 3855.000000, 674.000000, 3891.000000, 605.000000, 3895.000000,     small-vehicle,     51
2268.000000, 4215.000000, 2304.000000, 4211.000000, 2308.000000, 4291.000000, 2271.000000, 4295.000000,     small-vehicle,     52
1548.000000, 4005.000000, 1609.000000, 4000.000000, 1610.000000, 4035.000000, 1548.000000, 4039.000000,     small-vehicle,     53
2874.000000, 4389.000000, 2930.000000, 4384.000000, 2931.000000, 4418.000000, 2875.000000, 4423.000000,     small-vehicle,     54
328.000000, 4201.000000, 394.000000, 4196.000000, 393.000000, 4232.000000, 327.000000, 4236.000000,     small-vehicle,     55
3105.000000, 3975.000000, 3161.000000, 3970.000000, 3163.000000, 4005.000000, 3107.000000, 4009.000000,     small-vehicle,     56
3566.000000, 3447.000000, 3589.000000, 3445.000000, 3593.000000, 3491.000000, 3569.000000, 3493.000000,     small-vehicle,     57
1251.000000, 3988.000000, 1317.000000, 3983.000000, 1317.000000, 4019.000000, 1251.000000, 4025.000000,     small-vehicle,     58
2167.000000, 4425.000000, 2192.000000, 4422.000000, 2195.000000, 4492.000000, 2169.000000, 4496.000000,     small-vehicle,     61
692.000000, 3851.000000, 754.000000, 3847.000000, 753.000000, 3882.000000, 691.000000, 3887.000000,     small-vehicle,     62
3501.000000, 3532.000000, 3534.000000, 3532.000000, 3539.000000, 3603.000000, 3506.000000, 3604.000000,     small-vehicle,     63
1260.000000, 4133.000000, 1309.000000, 4130.000000, 1309.000000, 4159.000000, 1260.000000, 4163.000000,     small-vehicle,     64
3271.000000, 3646.000000, 3339.000000, 3642.000000, 3341.000000, 3673.000000, 3273.000000, 3677.000000,     small-vehicle,     65
2285.000000, 2570.000000, 2314.000000, 2569.000000, 2315.000000, 2629.000000, 2288.000000, 2629.000000,     small-vehicle,     66
954.000000, 4015.000000, 1016.000000, 4011.000000, 1015.000000, 4050.000000, 954.000000, 4054.000000,     small-vehicle,     67
2771.000000, 2519.000000, 2829.000000, 2516.000000, 2830.000000, 2556.000000, 2774.000000, 2556.000000,     small-vehicle,     69
3876.000000, 4215.000000, 3936.000000, 4209.000000, 3940.000000, 4245.000000, 3880.000000, 4250.000000,     small-vehicle,     70
2584.000000, 3852.000000, 2647.000000, 3848.000000, 2648.000000, 3880.000000, 2584.000000, 3884.000000,     small-vehicle,     72
3436.000000, 3632.000000, 3494.000000, 3628.000000, 3496.000000, 3660.000000, 3438.000000, 3663.000000,     small-vehicle,     73
228.000000, 3892.000000, 284.000000, 3890.000000, 283.000000, 3920.000000, 226.000000, 3923.000000,     small-vehicle,     74
1400.000000, 3147.000000, 1428.000000, 3146.000000, 1428.000000, 3216.000000, 1400.000000, 3217.000000,     small-vehicle,     75
2140.000000, 3106.000000, 2168.000000, 3104.000000, 2171.000000, 3187.000000, 2142.000000, 3188.000000,     small-vehicle,     76
2068.000000, 3455.000000, 2093.000000, 3454.000000, 2094.000000, 3519.000000, 2070.000000, 3519.000000,     small-vehicle,     77
2926.000000, 3988.000000, 2992.000000, 3984.000000, 2995.000000, 4016.000000, 2929.000000, 4022.000000,     small-vehicle,     78
407.000000, 2820.000000, 465.000000, 2817.000000, 464.000000, 2853.000000, 406.000000, 2855.000000,     small-vehicle,     79
1717.000000, 3976.000000, 1781.000000, 3971.000000, 1782.000000, 4007.000000, 1716.000000, 4012.000000,     small-vehicle,     80
1341.000000, 4029.000000, 1401.000000, 4025.000000, 1401.000000, 4057.000000, 1341.000000, 4061.000000,     small-vehicle,     82
2800.000000, 3835.000000, 2872.000000, 3830.000000, 2874.000000, 3862.000000, 2802.000000, 3867.000000,     small-vehicle,     83
1358.000000, 3970.000000, 1426.000000, 3966.000000, 1425.000000, 3999.000000, 1358.000000, 4004.000000,     small-vehicle,     84
3028.000000, 2548.000000, 3069.000000, 2548.000000, 3070.000000, 2571.000000, 3030.000000, 2573.000000,     small-vehicle,     85
2294.000000, 2930.000000, 2321.000000, 2930.000000, 2324.000000, 3004.000000, 2296.000000, 3004.000000,     small-vehicle,     86
2562.000000, 2548.000000, 2614.000000, 2548.000000, 2616.000000, 2580.000000, 2563.000000, 2582.000000,     small-vehicle,     87
2600.000000, 3737.000000, 2655.000000, 3732.000000, 2656.000000, 3765.000000, 2602.000000, 3768.000000,     small-vehicle,     88
3566.000000, 3941.000000, 3617.000000, 3937.000000, 3619.000000, 3968.000000, 3568.000000, 3972.000000,     small-vehicle,     89
2206.000000, 3328.000000, 2238.000000, 3326.000000, 2241.000000, 3412.000000, 2210.000000, 3413.000000,     small-vehicle,     90
3656.000000, 3621.000000, 3719.000000, 3617.000000, 3722.000000, 3653.000000, 3660.000000, 3658.000000,     small-vehicle,     91
3281.000000, 3960.000000, 3334.000000, 3956.000000, 3336.000000, 3986.000000, 3284.000000, 3990.000000,     small-vehicle,     92
3243.000000, 4267.000000, 3294.000000, 4263.000000, 3297.000000, 4294.000000, 3245.000000, 4299.000000,     small-vehicle,     93
2065.000000, 3214.000000, 2093.000000, 3212.000000, 2095.000000, 3289.000000, 2067.000000, 3290.000000,     small-vehicle,     94
2691.000000, 4406.000000, 2752.000000, 4400.000000, 2754.000000, 4445.000000, 2693.000000, 4451.000000,     small-vehicle,     95
3092.000000, 3753.000000, 3147.000000, 3749.000000, 3149.000000, 3784.000000, 3093.000000, 3789.000000,     small-vehicle,     96
880.000000, 4018.000000, 946.000000, 4014.000000, 945.000000, 4053.000000, 879.000000, 4058.000000,     small-vehicle,     97
3839.000000, 3665.000000, 3895.000000, 3662.000000, 3899.000000, 3699.000000, 3843.000000, 3704.000000,     small-vehicle,     98
3286.000000, 4344.000000, 3347.000000, 4339.000000, 3350.000000, 4374.000000, 3289.000000, 4378.000000,     small-vehicle,     99
3029.000000, 3979.000000, 3076.000000, 3977.000000, 3078.000000, 4009.000000, 3032.000000, 4012.000000,     small-vehicle,     100
2112.000000, 3254.000000, 2141.000000, 3251.000000, 2143.000000, 3324.000000, 2113.000000, 3325.000000,     small-vehicle,     101
3703.000000, 3933.000000, 3771.000000, 3929.000000, 3774.000000, 3963.000000, 3706.000000, 3970.000000,     small-vehicle,     102
1849.000000, 3974.000000, 1916.000000, 3969.000000, 1916.000000, 4002.000000, 1850.000000, 4006.000000,     small-vehicle,     103
3541.000000, 4432.000000, 3574.000000, 4428.000000, 3579.000000, 4505.000000, 3548.000000, 4507.000000,     small-vehicle,     104
2167.000000, 3508.000000, 2209.000000, 3506.000000, 2212.000000, 3597.000000, 2169.000000, 3600.000000,     small-vehicle,     105
3117.000000, 3699.000000, 3173.000000, 3695.000000, 3175.000000, 3728.000000, 3118.000000, 3732.000000,     small-vehicle,     106
3895.000000, 4331.000000, 3921.000000, 4328.000000, 3928.000000, 4396.000000, 3901.000000, 4399.000000,     small-vehicle,     107
3706.000000, 4222.000000, 3759.000000, 4219.000000, 3762.000000, 4253.000000, 3709.000000, 4259.000000,     small-vehicle,     108
3278.000000, 3690.000000, 3345.000000, 3685.000000, 3346.000000, 3715.000000, 3279.000000, 3720.000000,     small-vehicle,     109
2084.000000, 3362.000000, 2114.000000, 3360.000000, 2116.000000, 3436.000000, 2086.000000, 3437.000000,     small-vehicle,     110
2686.000000, 3725.000000, 2752.000000, 3721.000000, 2753.000000, 3759.000000, 2688.000000, 3763.000000,     small-vehicle,     111
1158.000000, 4089.000000, 1223.000000, 4085.000000, 1223.000000, 4122.000000, 1158.000000, 4126.000000,     small-vehicle,     113
2426.000000, 4437.000000, 2462.000000, 4433.000000, 2465.000000, 4515.000000, 2429.000000, 4519.000000,     small-vehicle,     114
2587.000000, 3792.000000, 2646.000000, 3789.000000, 2649.000000, 3825.000000, 2588.000000, 3828.000000,     small-vehicle,     115
1625.000000, 3939.000000, 1687.000000, 3935.000000, 1687.000000, 3971.000000, 1625.000000, 3975.000000,     small-vehicle,     116
3530.000000, 4245.000000, 3587.000000, 4239.000000, 3591.000000, 4277.000000, 3534.000000, 4282.000000,     small-vehicle,     117
1139.000000, 3992.000000, 1202.000000, 3988.000000, 1202.000000, 4024.000000, 1138.000000, 4028.000000,     small-vehicle,     118
3547.000000, 3718.000000, 3609.000000, 3715.000000, 3611.000000, 3752.000000, 3550.000000, 3757.000000,     small-vehicle,     119
2014.000000, 2498.000000, 2045.000000, 2499.000000, 2047.000000, 2558.000000, 2016.000000, 2560.000000,     small-vehicle,     120
2909.000000, 2505.000000, 2960.000000, 2505.000000, 2963.000000, 2540.000000, 2911.000000, 2541.000000,     small-vehicle,     121
3198.000000, 3699.000000, 3257.000000, 3695.000000, 3259.000000, 3726.000000, 3200.000000, 3729.000000,     small-vehicle,     122
1952.000000, 3961.000000, 2018.000000, 3956.000000, 2019.000000, 3994.000000, 1953.000000, 3998.000000,     small-vehicle,     123
2699.000000, 4316.000000, 2758.000000, 4312.000000, 2759.000000, 4343.000000, 2701.000000, 4347.000000,     small-vehicle,     125
1249.000000, 4078.000000, 1311.000000, 4074.000000, 1311.000000, 4109.000000, 1249.000000, 4113.000000,     small-vehicle,     126
2095.000000, 2700.000000, 2126.000000, 2698.000000, 2128.000000, 2772.000000, 2097.000000, 2774.000000,     small-vehicle,     127
418.000000, 3710.000000, 446.000000, 3708.000000, 443.000000, 3770.000000, 415.000000, 3772.000000,     small-vehicle,     128
1952.000000, 3918.000000, 2015.000000, 3914.000000, 2017.000000, 3951.000000, 1953.000000, 3955.000000,     small-vehicle,     129
3043.000000, 2489.000000, 3098.000000, 2487.000000, 3100.000000, 2523.000000, 3045.000000, 2524.000000,     small-vehicle,     130
3102.000000, 3658.000000, 3158.000000, 3655.000000, 3160.000000, 3687.000000, 3105.000000, 3691.000000,     small-vehicle,     131
1398.000000, 3252.000000, 1421.000000, 3251.000000, 1422.000000, 3310.000000, 1399.000000, 3312.000000,     small-vehicle,     132
3418.000000, 4254.000000, 3477.000000, 4248.000000, 3479.000000, 4278.000000, 3420.000000, 4283.000000,     small-vehicle,     133
282.000000, 2816.000000, 355.000000, 2814.000000, 355.000000, 2847.000000, 281.000000, 2850.000000,     small-vehicle,     134
412.000000, 4190.000000, 481.000000, 4186.000000, 479.000000, 4221.000000, 410.000000, 4225.000000,     small-vehicle,     135
1561.000000, 4103.000000, 1615.000000, 4099.000000, 1616.000000, 4134.000000, 1561.000000, 4138.000000,     small-vehicle,     136
625.000000, 4184.000000, 697.000000, 4179.000000, 696.000000, 4214.000000, 625.000000, 4219.000000,     small-vehicle,     137
2410.000000, 4255.000000, 2449.000000, 4254.000000, 2452.000000, 4335.000000, 2413.000000, 4339.000000,     small-vehicle,     138
3562.000000, 3665.000000, 3624.000000, 3661.000000, 3627.000000, 3698.000000, 3565.000000, 3703.000000,     small-vehicle,     139
1392.000000, 3483.000000, 1418.000000, 3482.000000, 1418.000000, 3551.000000, 1392.000000, 3553.000000,     small-vehicle,     140
2063.000000, 3301.000000, 2088.000000, 3299.000000, 2089.000000, 3351.000000, 2064.000000, 3352.000000,     small-vehicle,     144
903.000000, 4110.000000, 964.000000, 4106.000000, 964.000000, 4137.000000, 903.000000, 4142.000000,     small-vehicle,     145
2695.000000, 2530.000000, 2758.000000, 2529.000000, 2759.000000, 2567.000000, 2697.000000, 2568.000000,     small-vehicle,     146
982.000000, 3824.000000, 1032.000000, 3819.000000, 1032.000000, 3848.000000, 982.000000, 3852.000000,     small-vehicle,     147
2356.000000, 3820.000000, 2388.000000, 3820.000000, 2391.000000, 3896.000000, 2359.000000, 3899.000000,     small-vehicle,     148
3457.000000, 3676.000000, 3513.000000, 3671.000000, 3516.000000, 3707.000000, 3459.000000, 3711.000000,     small-vehicle,     149
2731.000000, 3995.000000, 2798.000000, 3991.000000, 2801.000000, 4028.000000, 2733.000000, 4032.000000,     small-vehicle,     150
2301.000000, 2850.000000, 2332.000000, 2849.000000, 2335.000000, 2921.000000, 2303.000000, 2923.000000,     small-vehicle,     151
3829.000000, 3623.000000, 3888.000000, 3620.000000, 3892.000000, 3652.000000, 3832.000000, 3656.000000,     small-vehicle,     152
3099.000000, 2484.000000, 3160.000000, 2482.000000, 3163.000000, 2518.000000, 3102.000000, 2519.000000,     small-vehicle,     153
3339.000000, 4257.000000, 3399.000000, 4251.000000, 3400.000000, 4285.000000, 3341.000000, 4290.000000,     small-vehicle,     154
2218.000000, 3745.000000, 2257.000000, 3742.000000, 2260.000000, 3835.000000, 2222.000000, 3838.000000,     small-vehicle,     155
3379.000000, 4332.000000, 3442.000000, 4326.000000, 3445.000000, 4365.000000, 3382.000000, 4370.000000,     small-vehicle,     156
1737.000000, 4036.000000, 1789.000000, 4032.000000, 1789.000000, 4066.000000, 1738.000000, 4069.000000,     small-vehicle,     158
2197.000000, 4495.000000, 2221.000000, 4492.000000, 2222.000000, 4534.000000, 2199.000000, 4536.000000,     small-vehicle,     159
1629.000000, 3998.000000, 1691.000000, 3993.000000, 1691.000000, 4035.000000, 1630.000000, 4039.000000,     small-vehicle,     160
3578.000000, 3518.000000, 3614.000000, 3515.000000, 3621.000000, 3588.000000, 3584.000000, 3591.000000,     small-vehicle,     161
1451.000000, 3972.000000, 1515.000000, 3968.000000, 1515.000000, 4006.000000, 1451.000000, 4010.000000,     small-vehicle,     162
3640.000000, 3668.000000, 3704.000000, 3663.000000, 3707.000000, 3700.000000, 3642.000000, 3704.000000,     small-vehicle,     163
1765.000000, 2621.000000, 1829.000000, 2620.000000, 1828.000000, 2653.000000, 1766.000000, 2655.000000,     small-vehicle,     164
158.000000, 2817.000000, 228.000000, 2815.000000, 226.000000, 2853.000000, 156.000000, 2856.000000,     small-vehicle,     165
3491.000000, 3945.000000, 3544.000000, 3942.000000, 3547.000000, 3973.000000, 3493.000000, 3977.000000,     small-vehicle,     166
1053.000000, 3997.000000, 1118.000000, 3992.000000, 1118.000000, 4033.000000, 1051.000000, 4037.000000,     small-vehicle,     167
3380.000000, 3684.000000, 3438.000000, 3681.000000, 3440.000000, 3716.000000, 3383.000000, 3718.000000,     small-vehicle,     168
1082.000000, 4144.000000, 1149.000000, 4140.000000, 1149.000000, 4178.000000, 1081.000000, 4183.000000,     small-vehicle,     169
3279.000000, 3737.000000, 3339.000000, 3732.000000, 3341.000000, 3769.000000, 3281.000000, 3773.000000,     small-vehicle,     170
1059.000000, 4093.000000, 1135.000000, 4086.000000, 1135.000000, 4128.000000, 1057.000000, 4133.000000,     small-vehicle,     171
3641.000000, 3719.000000, 3702.000000, 3715.000000, 3705.000000, 3751.000000, 3644.000000, 3756.000000,     small-vehicle,     172
2628.000000, 2541.000000, 2688.000000, 2540.000000, 2690.000000, 2576.000000, 2629.000000, 2577.000000,     small-vehicle,     173
1516.000000, 4048.000000, 1579.000000, 4043.000000, 1580.000000, 4082.000000, 1516.000000, 4087.000000,     small-vehicle,     175
1766.000000, 3769.000000, 1825.000000, 3765.000000, 1826.000000, 3797.000000, 1766.000000, 3802.000000,     small-vehicle,     177
3012.000000, 3762.000000, 3074.000000, 3758.000000, 3076.000000, 3792.000000, 3015.000000, 3796.000000,     small-vehicle,     178
1406.000000, 4114.000000, 1472.000000, 4110.000000, 1472.000000, 4145.000000, 1406.000000, 4151.000000,     small-vehicle,     179
3041.000000, 3706.000000, 3103.000000, 3702.000000, 3106.000000, 3736.000000, 3044.000000, 3740.000000,     small-vehicle,     182
1498.000000, 4108.000000, 1560.000000, 4104.000000, 1560.000000, 4138.000000, 1498.000000, 4142.000000,     small-vehicle,     186
2896.000000, 4439.000000, 2928.000000, 4436.000000, 2933.000000, 4522.000000, 2901.000000, 4525.000000,     small-vehicle,     187
2764.000000, 3781.000000, 2845.000000, 3776.000000, 2848.000000, 3809.000000, 2766.000000, 3815.000000,     small-vehicle,     188
1604.000000, 2613.000000, 1664.000000, 2612.000000, 1665.000000, 2645.000000, 1604.000000, 2647.000000,     small-vehicle,     189
1443.000000, 4016.000000, 1505.000000, 4012.000000, 1505.000000, 4047.000000, 1443.000000, 4052.000000,     small-vehicle,     190
3748.000000, 3713.000000, 3820.000000, 3708.000000, 3824.000000, 3746.000000, 3751.000000, 3750.000000,     small-vehicle,     193
2837.000000, 4307.000000, 2870.000000, 4304.000000, 2872.000000, 4332.000000, 2839.000000, 4335.000000,     small-vehicle,     194
3515.000000, 3620.000000, 3567.000000, 3617.000000, 3573.000000, 3686.000000, 3521.000000, 3691.000000,     small-vehicle,     196
1664.000000, 4087.000000, 1728.000000, 4083.000000, 1729.000000, 4118.000000, 1666.000000, 4122.000000,     small-vehicle,     198
3868.000000, 4416.000000, 3891.000000, 4414.000000, 3897.000000, 4464.000000, 3873.000000, 4465.000000,     small-vehicle,     201
2919.000000, 2547.000000, 2988.000000, 2545.000000, 2990.000000, 2582.000000, 2922.000000, 2583.000000,     small-vehicle,     202
1421.000000, 4063.000000, 1475.000000, 4058.000000, 1475.000000, 4092.000000, 1420.000000, 4095.000000,     small-vehicle,     203
3749.000000, 3664.000000, 3818.000000, 3660.000000, 3821.000000, 3696.000000, 3752.000000, 3701.000000,     small-vehicle,     209
2489.000000, 2560.000000, 2557.000000, 2558.000000, 2558.000000, 2595.000000, 2491.000000, 2596.000000,     small-vehicle,     212
125.000000, 4128.000000, 195.000000, 4123.000000, 193.000000, 4163.000000, 123.000000, 4167.000000,     small-vehicle,     213
1173.000000, 4142.000000, 1225.000000, 4138.000000, 1225.000000, 4170.000000, 1173.000000, 4173.000000,     small-vehicle,     214
37.000000, 4241.000000, 86.000000, 4237.000000, 84.000000, 4264.000000, 36.000000, 4267.000000,     small-vehicle,     216
983.000000, 4096.000000, 1048.000000, 4092.000000, 1048.000000, 4129.000000, 983.000000, 4134.000000,     small-vehicle,     217
2038.000000, 3233.000000, 2059.000000, 3232.000000, 2061.000000, 3281.000000, 2039.000000, 3282.000000,     small-vehicle,     223
2311.000000, 3518.000000, 2346.000000, 3516.000000, 2350.000000, 3628.000000, 2314.000000, 3631.000000,     large-vehicle,     230
1913.000000, 4018.000000, 2006.000000, 4011.000000, 2008.000000, 4063.000000, 1913.000000, 4070.000000,     large-vehicle,     231
2053.000000, 3014.000000, 2095.000000, 3013.000000, 2096.000000, 3109.000000, 2055.000000, 3111.000000,     large-vehicle,     232
2268.000000, 3987.000000, 2313.000000, 3983.000000, 2317.000000, 4090.000000, 2272.000000, 4093.000000,     large-vehicle,     233
2322.000000, 4636.000000, 2367.000000, 4631.000000, 2371.000000, 4739.000000, 2326.000000, 4745.000000,     large-vehicle,     234
3859.000000, 3925.000000, 3925.000000, 3921.000000, 3929.000000, 3968.000000, 3863.000000, 3973.000000,     large-vehicle,     235
708.000000, 4172.000000, 788.000000, 4167.000000, 788.000000, 4217.000000, 707.000000, 4223.000000,     large-vehicle,     236
939.000000, 4154.000000, 1043.000000, 4148.000000, 1042.000000, 4194.000000, 937.000000, 4203.000000,     large-vehicle,     237
2404.000000, 3866.000000, 2448.000000, 3862.000000, 2451.000000, 3963.000000, 2408.000000, 3966.000000,     large-vehicle,     239
1650.000000, 4040.000000, 1718.000000, 4035.000000, 1719.000000, 4075.000000, 1650.000000, 4079.000000,     large-vehicle,     240
2952.000000, 3715.000000, 3028.000000, 3710.000000, 3029.000000, 3745.000000, 2954.000000, 3751.000000,     large-vehicle,     242
2669.000000, 3831.000000, 2784.000000, 3824.000000, 2786.000000, 3875.000000, 2672.000000, 3884.000000,     large-vehicle,     243
2943.000000, 4432.000000, 2970.000000, 4430.000000, 2976.000000, 4515.000000, 2947.000000, 4518.000000,     large-vehicle,     244
202.000000, 4212.000000, 279.000000, 4207.000000, 278.000000, 4244.000000, 199.000000, 4250.000000,     large-vehicle,     250
2307.000000, 4520.000000, 2346.000000, 4517.000000, 2351.000000, 4626.000000, 2310.000000, 4630.000000,     large-vehicle,     253
2444.000000, 4056.000000, 2483.000000, 4055.000000, 2487.000000, 4135.000000, 2446.000000, 4139.000000,     small-vehicle,     289
3898.000000, 4442.000000, 3932.000000, 4438.000000, 3939.000000, 4516.000000, 3905.000000, 4520.000000,     small-vehicle,     291
552.000000, 4173.000000, 615.000000, 4168.000000, 615.000000, 4203.000000, 551.000000, 4208.000000,     small-vehicle,     317
3248.000000, 2476.000000, 3311.000000, 2475.000000, 3314.000000, 2513.000000, 3251.000000, 2514.000000,     small-vehicle,     329
3181.000000, 2480.000000, 3235.000000, 2479.000000, 3238.000000, 2512.000000, 3183.000000, 2514.000000,     small-vehicle,     330
3809.000000, 3735.000000, 3880.000000, 3730.000000, 3884.000000, 3770.000000, 3812.000000, 3776.000000,     small-vehicle,     334
1112.000000, 3379.000000, 1176.000000, 3376.000000, 1176.000000, 3413.000000, 1112.000000, 3416.000000,     small-vehicle,     337
3414.000000, 2449.000000, 3480.000000, 2446.000000, 3484.000000, 2506.000000, 3418.000000, 2507.000000,     large-vehicle,     345
1781.000000, 3929.000000, 1840.000000, 3924.000000, 1841.000000, 3958.000000, 1781.000000, 3962.000000,     large-vehicle,     351
2090.000000, 2888.000000, 2121.000000, 2887.000000, 2124.000000, 2957.000000, 2092.000000, 2960.000000,     small-vehicle,     353
1272.000000, 3378.000000, 1338.000000, 3375.000000, 1338.000000, 3410.000000, 1272.000000, 3414.000000,     small-vehicle,     360
3309.000000, 2472.000000, 3364.000000, 2470.000000, 3367.000000, 2505.000000, 3312.000000, 2506.000000,     small-vehicle,     364
3024.000000, 2596.000000, 3088.000000, 2593.000000, 3090.000000, 2628.000000, 3026.000000, 2630.000000,     large-vehicle,     373
3486.000000, 2445.000000, 3555.000000, 2444.000000, 3557.000000, 2485.000000, 3490.000000, 2486.000000,     small-vehicle,     382
822.000000, 4104.000000, 886.000000, 4098.000000, 886.000000, 4139.000000, 821.000000, 4143.000000,     small-vehicle,     383
1772.000000, 4077.000000, 1837.000000, 4073.000000, 1838.000000, 4108.000000, 1773.000000, 4112.000000,     small-vehicle,     384
3560.000000, 2434.000000, 3630.000000, 2433.000000, 3634.000000, 2473.000000, 3563.000000, 2475.000000,     small-vehicle,     385
2807.000000, 2575.000000, 2856.000000, 2574.000000, 2859.000000, 2631.000000, 2809.000000, 2633.000000,     small-vehicle,     386
3734.000000, 2413.000000, 3792.000000, 2412.000000, 3796.000000, 2447.000000, 3737.000000, 2449.000000,     small-vehicle,     387
1004.000000, 4040.000000, 1074.000000, 4033.000000, 1074.000000, 4071.000000, 1004.000000, 4075.000000,     small-vehicle,     409
3632.000000, 2424.000000, 3697.000000, 2423.000000, 3700.000000, 2462.000000, 3635.000000, 2463.000000,     small-vehicle,     413
3545.000000, 4547.000000, 3591.000000, 4543.000000, 3598.000000, 4612.000000, 3551.000000, 4617.000000,     small-vehicle,     416
2146.000000, 2748.000000, 2179.000000, 2747.000000, 2181.000000, 2829.000000, 2149.000000, 2830.000000,     small-vehicle,     421
340.000000, 4088.000000, 408.000000, 4084.000000, 406.000000, 4121.000000, 339.000000, 4125.000000,     small-vehicle,     430
2195.000000, 3223.000000, 2225.000000, 3223.000000, 2228.000000, 3300.000000, 2197.000000, 3302.000000,     small-vehicle,     431
1985.000000, 2395.000000, 2012.000000, 2393.000000, 2014.000000, 2460.000000, 1986.000000, 2461.000000,     small-vehicle,     432
2012.000000, 2385.000000, 2043.000000, 2383.000000, 2045.000000, 2450.000000, 2014.000000, 2451.000000,     small-vehicle,     433
3872.000000, 3870.000000, 3921.000000, 3866.000000, 3924.000000, 3898.000000, 3875.000000, 3901.000000,     small-vehicle,     434
1199.000000, 3379.000000, 1259.000000, 3377.000000, 1259.000000, 3406.000000, 1199.000000, 3410.000000,     small-vehicle,     438
3106.000000, 2536.000000, 3170.000000, 2534.000000, 3172.000000, 2573.000000, 3108.000000, 2574.000000,     small-vehicle,     445
1535.000000, 2619.000000, 1591.000000, 2618.000000, 1592.000000, 2646.000000, 1536.000000, 2646.000000,     small-vehicle,     446
2774.000000, 3704.000000, 2851.000000, 3700.000000, 2853.000000, 3736.000000, 2775.000000, 3741.000000,     large-vehicle,     448
2110.000000, 2582.000000, 2140.000000, 2582.000000, 2142.000000, 2648.000000, 2113.000000, 2649.000000,     small-vehicle,     457
3350.000000, 3745.000000, 3415.000000, 3742.000000, 3418.000000, 3780.000000, 3353.000000, 3784.000000,     small-vehicle,     462
1853.000000, 4058.000000, 1918.000000, 4053.000000, 1920.000000, 4104.000000, 1854.000000, 4108.000000,     small-vehicle,     463
2971.000000, 2598.000000, 3010.000000, 2597.000000, 3011.000000, 2627.000000, 2973.000000, 2628.000000,     small-vehicle,     464
3121.000000, 2583.000000, 3178.000000, 2582.000000, 3181.000000, 2615.000000, 3123.000000, 2617.000000,     small-vehicle,     465
2273.000000, 2306.000000, 2299.000000, 2305.000000, 2302.000000, 2381.000000, 2275.000000, 2382.000000,     small-vehicle,     484
2417.000000, 4254.000000, 2449.000000, 4250.000000, 2452.000000, 4341.000000, 2421.000000, 4344.000000,     small-vehicle,     485
3442.000000, 3736.000000, 3508.000000, 3731.000000, 3511.000000, 3771.000000, 3444.000000, 3775.000000,     small-vehicle,     487
250.000000, 2895.000000, 331.000000, 2892.000000, 330.000000, 2913.000000, 250.000000, 2917.000000,     large-vehicle,     498
1980.000000, 2329.000000, 2001.000000, 2329.000000, 2003.000000, 2392.000000, 1981.000000, 2393.000000,     small-vehicle,     506
2031.000000, 3099.000000, 2072.000000, 3096.000000, 2074.000000, 3173.000000, 2034.000000, 3175.000000,     small-vehicle,     509
49.000000, 2810.000000, 123.000000, 2808.000000, 121.000000, 2845.000000, 47.000000, 2847.000000,     small-vehicle,     511
3416.000000, 2408.000000, 3450.000000, 2406.000000, 3452.000000, 2430.000000, 3418.000000, 2432.000000,     small-vehicle,     512
2096.000000, 2397.000000, 2122.000000, 2397.000000, 2124.000000, 2453.000000, 2097.000000, 2453.000000,     small-vehicle,     527
3524.000000, 3888.000000, 3594.000000, 3884.000000, 3596.000000, 3916.000000, 3527.000000, 3922.000000,     small-vehicle,     528
1830.000000, 3806.000000, 1898.000000, 3803.000000, 1898.000000, 3845.000000, 1832.000000, 3850.000000,     small-vehicle,     530
2058.000000, 2347.000000, 2083.000000, 2347.000000, 2085.000000, 2409.000000, 2059.000000, 2410.000000,     small-vehicle,     531
1829.000000, 3827.000000, 1897.000000, 3823.000000, 1897.000000, 3863.000000, 1831.000000, 3867.000000,     large-vehicle,     536
1555.000000, 4204.000000, 1608.000000, 4201.000000, 1609.000000, 4262.000000, 1556.000000, 4265.000000,     small-vehicle,     537
1420.000000, 3617.000000, 1449.000000, 3615.000000, 1450.000000, 3693.000000, 1419.000000, 3694.000000,     large-vehicle,     538
2327.000000, 3201.000000, 2356.000000, 3201.000000, 2359.000000, 3276.000000, 2330.000000, 3277.000000,     small-vehicle,     541
2776.000000, 3737.000000, 2854.000000, 3732.000000, 2856.000000, 3767.000000, 2778.000000, 3772.000000,     large-vehicle,     542
2669.000000, 3788.000000, 2747.000000, 3784.000000, 2749.000000, 3824.000000, 2669.000000, 3830.000000,     large-vehicle,     543
2669.000000, 3779.000000, 2740.000000, 3773.000000, 2741.000000, 3812.000000, 2670.000000, 3817.000000,     small-vehicle,     545
2445.000000, 4602.000000, 2476.000000, 4598.000000, 2478.000000, 4678.000000, 2449.000000, 4681.000000,     large-vehicle,     548
2871.000000, 3715.000000, 2940.000000, 3710.000000, 2942.000000, 3753.000000, 2873.000000, 3758.000000,     large-vehicle,     553
1831.000000, 3788.000000, 1898.000000, 3783.000000, 1898.000000, 3827.000000, 1831.000000, 3830.000000,     large-vehicle,     554
2328.000000, 3226.000000, 2358.000000, 3225.000000, 2361.000000, 3299.000000, 2330.000000, 3300.000000,     large-vehicle,     555
2159.000000, 4549.000000, 2205.000000, 4545.000000, 2207.000000, 4572.000000, 2159.000000, 4576.000000,     large-vehicle,     557
3879.000000, 3882.000000, 3936.000000, 3878.000000, 3940.000000, 3909.000000, 3883.000000, 3914.000000,     large-vehicle,     558
2447.000000, 4063.000000, 2488.000000, 4059.000000, 2492.000000, 4144.000000, 2450.000000, 4149.000000,     large-vehicle,     559
1337.000000, 4061.000000, 1408.000000, 4055.000000, 1408.000000, 4095.000000, 1337.000000, 4100.000000,     large-vehicle,     560
2300.000000, 2845.000000, 2332.000000, 2844.000000, 2335.000000, 2916.000000, 2302.000000, 2916.000000,     large-vehicle,     561
1333.000000, 4043.000000, 1404.000000, 4038.000000, 1404.000000, 4075.000000, 1333.000000, 4081.000000,     small-vehicle,     563
2252.000000, 2182.000000, 2275.000000, 2181.000000, 2277.000000, 2235.000000, 2255.000000, 2234.000000,     small-vehicle,     564
3673.000000, 3890.000000, 3738.000000, 3885.000000, 3741.000000, 3916.000000, 3676.000000, 3921.000000,     small-vehicle,     565
2446.000000, 4595.000000, 2475.000000, 4593.000000, 2477.000000, 4672.000000, 2449.000000, 4675.000000,     small-vehicle,     566
2286.000000, 2186.000000, 2314.000000, 2184.000000, 2316.000000, 2248.000000, 2289.000000, 2248.000000,     small-vehicle,     568
126.000000, 4099.000000, 201.000000, 4092.000000, 198.000000, 4127.000000, 124.000000, 4132.000000,     small-vehicle,     569
71.000000, 4158.000000, 155.000000, 4153.000000, 155.000000, 4196.000000, 70.000000, 4202.000000,     small-vehicle,     570
1417.000000, 3586.000000, 1447.000000, 3584.000000, 1448.000000, 3672.000000, 1417.000000, 3674.000000,     small-vehicle,     572
560.000000, 3822.000000, 595.000000, 3819.000000, 595.000000, 3840.000000, 560.000000, 3842.000000,     small-vehicle,     573
2771.000000, 3784.000000, 2837.000000, 3781.000000, 2839.000000, 3817.000000, 2774.000000, 3821.000000,     small-vehicle,     574
1648.000000, 2693.000000, 1703.000000, 2692.000000, 1703.000000, 2715.000000, 1648.000000, 2716.000000,     small-vehicle,     575
3507.000000, 2529.000000, 3578.000000, 2528.000000, 3581.000000, 2571.000000, 3509.000000, 2574.000000,     small-vehicle,     577
3738.000000, 2502.000000, 3790.000000, 2501.000000, 3792.000000, 2532.000000, 3741.000000, 2534.000000,     small-vehicle,     578
3022.000000, 2577.000000, 3086.000000, 2575.000000, 3087.000000, 2611.000000, 3024.000000, 2612.000000,     small-vehicle,     579
2768.000000, 3779.000000, 2837.000000, 3775.000000, 2840.000000, 3812.000000, 2771.000000, 3816.000000,     large-vehicle,     580
207.000000, 4188.000000, 284.000000, 4183.000000, 283.000000, 4222.000000, 206.000000, 4227.000000,     large-vehicle,     581
3665.000000, 3876.000000, 3731.000000, 3872.000000, 3734.000000, 3908.000000, 3668.000000, 3913.000000,     large-vehicle,     582
2446.000000, 4059.000000, 2484.000000, 4057.000000, 2488.000000, 4140.000000, 2449.000000, 4143.000000,     small-vehicle,     583
2890.000000, 4432.000000, 2926.000000, 4430.000000, 2932.000000, 4518.000000, 2894.000000, 4522.000000,     large-vehicle,     584
74.000000, 4153.000000, 157.000000, 4148.000000, 156.000000, 4188.000000, 72.000000, 4195.000000,     large-vehicle,     585
1850.000000, 4045.000000, 1919.000000, 4040.000000, 1921.000000, 4094.000000, 1851.000000, 4099.000000,     large-vehicle,     586
2034.000000, 3105.000000, 2074.000000, 3103.000000, 2075.000000, 3178.000000, 2036.000000, 3179.000000,     large-vehicle,     587
2302.000000, 2850.000000, 2334.000000, 2849.000000, 2337.000000, 2923.000000, 2304.000000, 2924.000000,     small-vehicle,     588
1336.000000, 4067.000000, 1406.000000, 4061.000000, 1406.000000, 4100.000000, 1336.000000, 4105.000000,     small-vehicle,     589
2280.000000, 2114.000000, 2306.000000, 2115.000000, 2309.000000, 2172.000000, 2282.000000, 2172.000000,     small-vehicle,     590
2034.000000, 3116.000000, 2074.000000, 3114.000000, 2076.000000, 3190.000000, 2035.000000, 3191.000000,     small-vehicle,     591
2446.000000, 4604.000000, 2476.000000, 4601.000000, 2478.000000, 4682.000000, 2450.000000, 4684.000000,     small-vehicle,     592
1986.000000, 2132.000000, 2017.000000, 2132.000000, 2018.000000, 2200.000000, 1988.000000, 2200.000000,     small-vehicle,     593
1778.000000, 3917.000000, 1838.000000, 3913.000000, 1838.000000, 3945.000000, 1779.000000, 3949.000000,     small-vehicle,     594
2329.000000, 3231.000000, 2360.000000, 3228.000000, 2363.000000, 3305.000000, 2331.000000, 3308.000000,     small-vehicle,     595
1420.000000, 3625.000000, 1449.000000, 3623.000000, 1450.000000, 3694.000000, 1419.000000, 3695.000000,     small-vehicle,     596
2776.000000, 3724.000000, 2852.000000, 3720.000000, 2854.000000, 3755.000000, 2778.000000, 3760.000000,     small-vehicle,     597
1879.000000, 3761.000000, 1926.000000, 3758.000000, 1927.000000, 3809.000000, 1881.000000, 3811.000000,     small-vehicle,     598
1831.000000, 3815.000000, 1897.000000, 3809.000000, 1897.000000, 3853.000000, 1833.000000, 3857.000000,     small-vehicle,     599
3213.000000, 4356.000000, 3265.000000, 4351.000000, 3268.000000, 4384.000000, 3214.000000, 4387.000000,     small-vehicle,     600
76.000000, 4145.000000, 158.000000, 4139.000000, 156.000000, 4183.000000, 74.000000, 4189.000000,     small-vehicle,     601
207.000000, 4177.000000, 284.000000, 4170.000000, 282.000000, 4211.000000, 205.000000, 4217.000000,     small-vehicle,     602
2067.000000, 2118.000000, 2098.000000, 2119.000000, 2101.000000, 2175.000000, 2069.000000, 2176.000000,     small-vehicle,     603
3022.000000, 2583.000000, 3087.000000, 2581.000000, 3089.000000, 2619.000000, 3023.000000, 2621.000000,     small-vehicle,     604
