2155.000000, 1416.000000, 2181.000000, 1415.000000, 2183.000000, 1480.000000, 2157.000000, 1480.000000,     small-vehicle,     148
2043.000000, 2939.000000, 2069.000000, 2937.000000, 2071.000000, 2987.000000, 2045.000000, 2989.000000,     small-vehicle,     813
2049.000000, 2874.000000, 2073.000000, 2872.000000, 2073.000000, 2921.000000, 2051.000000, 2922.000000,     small-vehicle,     840
2026.000000, 2815.000000, 2044.000000, 2813.000000, 2045.000000, 2862.000000, 2027.000000, 2864.000000,     small-vehicle,     885
2030.000000, 2741.000000, 2051.000000, 2739.000000, 2053.000000, 2803.000000, 2031.000000, 2805.000000,     small-vehicle,     892
3527.000000, 2714.000000, 3581.000000, 2711.000000, 3584.000000, 2742.000000, 3530.000000, 2746.000000,     small-vehicle,     894
2343.000000, 2633.000000, 2379.000000, 2632.000000, 2381.000000, 2714.000000, 2347.000000, 2717.000000,     small-vehicle,     917
2322.000000, 2683.000000, 2358.000000, 2680.000000, 2361.000000, 2755.000000, 2325.000000, 2758.000000,     small-vehicle,     921
2339.000000, 2549.000000, 2369.000000, 2547.000000, 2372.000000, 2623.000000, 2341.000000, 2625.000000,     small-vehicle,     944
2016.000000, 2593.000000, 2043.000000, 2591.000000, 2045.000000, 2656.000000, 2018.000000, 2657.000000,     small-vehicle,     949
1128.000000, 2675.000000, 1192.000000, 2671.000000, 1192.000000, 2712.000000, 1128.000000, 2716.000000,     small-vehicle,     964
914.000000, 2706.000000, 979.000000, 2702.000000, 979.000000, 2744.000000, 913.000000, 2749.000000,     small-vehicle,     966
3689.000000, 2781.000000, 3739.000000, 2777.000000, 3742.000000, 2808.000000, 3691.000000, 2811.000000,     small-vehicle,     969
1306.000000, 2655.000000, 1335.000000, 2653.000000, 1335.000000, 2712.000000, 1306.000000, 2714.000000,     small-vehicle,     971
2010.000000, 2515.000000, 2038.000000, 2514.000000, 2039.000000, 2583.000000, 2012.000000, 2584.000000,     small-vehicle,     981
2301.000000, 2514.000000, 2332.000000, 2513.000000, 2334.000000, 2583.000000, 2304.000000, 2584.000000,     small-vehicle,     986
1050.000000, 2689.000000, 1112.000000, 2685.000000, 1112.000000, 2725.000000, 1050.000000, 2729.000000,     small-vehicle,     987
1206.000000, 2665.000000, 1268.000000, 2661.000000, 1268.000000, 2700.000000, 1206.000000, 2704.000000,     small-vehicle,     989
807.000000, 2627.000000, 875.000000, 2623.000000, 875.000000, 2663.000000, 806.000000, 2668.000000,     small-vehicle,     990
2036.000000, 2436.000000, 2064.000000, 2434.000000, 2064.000000, 2495.000000, 2038.000000, 2497.000000,     small-vehicle,     996
2008.000000, 2451.000000, 2032.000000, 2450.000000, 2034.000000, 2506.000000, 2010.000000, 2507.000000,     small-vehicle,     998
2333.000000, 2466.000000, 2365.000000, 2465.000000, 2367.000000, 2545.000000, 2337.000000, 2547.000000,     small-vehicle,     1001
1190.000000, 2570.000000, 1259.000000, 2566.000000, 1259.000000, 2605.000000, 1190.000000, 2608.000000,     small-vehicle,     1009
1024.000000, 2597.000000, 1094.000000, 2593.000000, 1094.000000, 2633.000000, 1024.000000, 2636.000000,     small-vehicle,     1012
719.000000, 2638.000000, 765.000000, 2635.000000, 765.000000, 2664.000000, 719.000000, 2668.000000,     small-vehicle,     1013
1109.000000, 2583.000000, 1169.000000, 2579.000000, 1168.000000, 2620.000000, 1109.000000, 2624.000000,     small-vehicle,     1014
2333.000000, 2411.000000, 2355.000000, 2410.000000, 2357.000000, 2457.000000, 2334.000000, 2458.000000,     small-vehicle,     1017
2004.000000, 2366.000000, 2030.000000, 2365.000000, 2032.000000, 2426.000000, 2006.000000, 2428.000000,     small-vehicle,     1039
2287.000000, 2312.000000, 2315.000000, 2309.000000, 2317.000000, 2372.000000, 2290.000000, 2374.000000,     small-vehicle,     1056
3204.000000, 2837.000000, 3254.000000, 2834.000000, 3257.000000, 2872.000000, 3206.000000, 2875.000000,     small-vehicle,     1071
568.000000, 2420.000000, 598.000000, 2419.000000, 597.000000, 2484.000000, 567.000000, 2486.000000,     small-vehicle,     1076
2237.000000, 2278.000000, 2289.000000, 2275.000000, 2291.000000, 2366.000000, 2240.000000, 2368.000000,     large-vehicle,     1078
1997.000000, 2282.000000, 2024.000000, 2281.000000, 2025.000000, 2342.000000, 1998.000000, 2344.000000,     small-vehicle,     1079
2314.000000, 2228.000000, 2337.000000, 2227.000000, 2340.000000, 2288.000000, 2315.000000, 2289.000000,     small-vehicle,     1086
2826.000000, 2368.000000, 2857.000000, 2367.000000, 2861.000000, 2435.000000, 2829.000000, 2436.000000,     small-vehicle,     1088
1305.000000, 2266.000000, 1326.000000, 2265.000000, 1326.000000, 2313.000000, 1306.000000, 2314.000000,     small-vehicle,     1104
2306.000000, 2160.000000, 2331.000000, 2158.000000, 2332.000000, 2215.000000, 2308.000000, 2217.000000,     small-vehicle,     1113
1989.000000, 2191.000000, 2015.000000, 2190.000000, 2017.000000, 2250.000000, 1990.000000, 2251.000000,     small-vehicle,     1115
1260.000000, 2237.000000, 1311.000000, 2234.000000, 1311.000000, 2264.000000, 1260.000000, 2266.000000,     small-vehicle,     1116
887.000000, 2259.000000, 944.000000, 2256.000000, 944.000000, 2294.000000, 887.000000, 2297.000000,     small-vehicle,     1121
1176.000000, 2239.000000, 1228.000000, 2237.000000, 1227.000000, 2269.000000, 1176.000000, 2272.000000,     small-vehicle,     1135
821.000000, 2185.000000, 874.000000, 2183.000000, 873.000000, 2215.000000, 820.000000, 2217.000000,     small-vehicle,     1139
1980.000000, 2101.000000, 2009.000000, 2100.000000, 2011.000000, 2161.000000, 1981.000000, 2163.000000,     small-vehicle,     1140
2010.000000, 2066.000000, 2056.000000, 2064.000000, 2059.000000, 2206.000000, 2012.000000, 2208.000000,     large-vehicle,     1141
2271.000000, 2106.000000, 2299.000000, 2104.000000, 2301.000000, 2166.000000, 2272.000000, 2167.000000,     small-vehicle,     1142
1001.000000, 2249.000000, 1056.000000, 2247.000000, 1056.000000, 2280.000000, 1001.000000, 2282.000000,     small-vehicle,     1144
2906.000000, 2882.000000, 2966.000000, 2877.000000, 2968.000000, 2911.000000, 2908.000000, 2915.000000,     small-vehicle,     1151
1226.000000, 2159.000000, 1283.000000, 2157.000000, 1283.000000, 2182.000000, 1226.000000, 2185.000000,     small-vehicle,     1155
658.000000, 2202.000000, 709.000000, 2200.000000, 708.000000, 2227.000000, 658.000000, 2229.000000,     small-vehicle,     1156
722.000000, 2200.000000, 773.000000, 2197.000000, 772.000000, 2221.000000, 722.000000, 2224.000000,     small-vehicle,     1157
1045.000000, 2170.000000, 1108.000000, 2167.000000, 1108.000000, 2192.000000, 1045.000000, 2195.000000,     small-vehicle,     1159
3122.000000, 2857.000000, 3173.000000, 2853.000000, 3174.000000, 2883.000000, 3124.000000, 2886.000000,     small-vehicle,     1164
1978.000000, 2022.000000, 2006.000000, 2020.000000, 2008.000000, 2085.000000, 1980.000000, 2086.000000,     small-vehicle,     1168
2267.000000, 2007.000000, 2295.000000, 2006.000000, 2296.000000, 2074.000000, 2269.000000, 2075.000000,     small-vehicle,     1175
1309.000000, 2089.000000, 1335.000000, 2088.000000, 1335.000000, 2142.000000, 1310.000000, 2144.000000,     small-vehicle,     1179
3529.000000, 2795.000000, 3582.000000, 2792.000000, 3583.000000, 2826.000000, 3532.000000, 2829.000000,     small-vehicle,     1182
3045.000000, 2864.000000, 3105.000000, 2859.000000, 3106.000000, 2895.000000, 3048.000000, 2899.000000,     small-vehicle,     1192
557.000000, 2017.000000, 589.000000, 2015.000000, 587.000000, 2072.000000, 556.000000, 2073.000000,     small-vehicle,     1202
1995.000000, 1907.000000, 2027.000000, 1906.000000, 2029.000000, 1974.000000, 1997.000000, 1975.000000,     small-vehicle,     1205
1966.000000, 1842.000000, 1997.000000, 1840.000000, 1998.000000, 1907.000000, 1968.000000, 1907.000000,     small-vehicle,     1211
2482.000000, 1865.000000, 2529.000000, 1863.000000, 2530.000000, 1891.000000, 2483.000000, 1893.000000,     small-vehicle,     1214
2417.000000, 1876.000000, 2468.000000, 1874.000000, 2468.000000, 1899.000000, 2418.000000, 1902.000000,     small-vehicle,     1216
2610.000000, 1849.000000, 2665.000000, 1847.000000, 2665.000000, 1873.000000, 2611.000000, 1876.000000,     small-vehicle,     1217
2248.000000, 1829.000000, 2279.000000, 1828.000000, 2280.000000, 1890.000000, 2250.000000, 1891.000000,     small-vehicle,     1232
1967.000000, 1765.000000, 1997.000000, 1764.000000, 1999.000000, 1824.000000, 1969.000000, 1825.000000,     small-vehicle,     1236
1949.000000, 1774.000000, 1974.000000, 1773.000000, 1975.000000, 1836.000000, 1951.000000, 1837.000000,     small-vehicle,     1245
3381.000000, 1753.000000, 3429.000000, 1750.000000, 3431.000000, 1776.000000, 3382.000000, 1778.000000,     small-vehicle,     1248
1297.000000, 1788.000000, 1326.000000, 1787.000000, 1325.000000, 1857.000000, 1297.000000, 1858.000000,     small-vehicle,     1250
1953.000000, 1687.000000, 1982.000000, 1687.000000, 1984.000000, 1753.000000, 1954.000000, 1753.000000,     small-vehicle,     1254
2242.000000, 1647.000000, 2278.000000, 1647.000000, 2280.000000, 1715.000000, 2245.000000, 1716.000000,     small-vehicle,     1257
2265.000000, 1725.000000, 2301.000000, 1723.000000, 2304.000000, 1796.000000, 2267.000000, 1798.000000,     small-vehicle,     1258
3658.000000, 1722.000000, 3711.000000, 1720.000000, 3713.000000, 1744.000000, 3660.000000, 1746.000000,     small-vehicle,     1260
320.000000, 2784.000000, 389.000000, 2779.000000, 388.000000, 2813.000000, 319.000000, 2818.000000,     small-vehicle,     1271
1293.000000, 1673.000000, 1322.000000, 1672.000000, 1322.000000, 1741.000000, 1294.000000, 1742.000000,     small-vehicle,     1273
2223.000000, 1553.000000, 2246.000000, 1552.000000, 2249.000000, 1615.000000, 2225.000000, 1616.000000,     small-vehicle,     1277
1946.000000, 1600.000000, 1975.000000, 1599.000000, 1976.000000, 1669.000000, 1948.000000, 1669.000000,     small-vehicle,     1282
1103.000000, 2249.000000, 1162.000000, 2246.000000, 1162.000000, 2279.000000, 1103.000000, 2282.000000,     small-vehicle,     1284
2295.000000, 2897.000000, 2325.000000, 2895.000000, 2328.000000, 2976.000000, 2297.000000, 2978.000000,     small-vehicle,     1290
1939.000000, 1519.000000, 1968.000000, 1518.000000, 1970.000000, 1581.000000, 1941.000000, 1582.000000,     small-vehicle,     1292
1287.000000, 1596.000000, 1309.000000, 1595.000000, 1309.000000, 1637.000000, 1287.000000, 1638.000000,     small-vehicle,     1293
686.000000, 2737.000000, 749.000000, 2733.000000, 748.000000, 2770.000000, 685.000000, 2774.000000,     small-vehicle,     1294
832.000000, 2717.000000, 897.000000, 2713.000000, 896.000000, 2747.000000, 831.000000, 2751.000000,     small-vehicle,     1295
2251.000000, 1506.000000, 2277.000000, 1505.000000, 2280.000000, 1569.000000, 2252.000000, 1570.000000,     small-vehicle,     1298
2065.000000, 2083.000000, 2095.000000, 2082.000000, 2097.000000, 2153.000000, 2067.000000, 2154.000000,     small-vehicle,     1302
2441.000000, 1954.000000, 2503.000000, 1951.000000, 2504.000000, 1974.000000, 2442.000000, 1977.000000,     small-vehicle,     1303
2467.000000, 2419.000000, 2492.000000, 2418.000000, 2493.000000, 2475.000000, 2470.000000, 2476.000000,     small-vehicle,     1306
781.000000, 2270.000000, 848.000000, 2266.000000, 847.000000, 2300.000000, 780.000000, 2303.000000,     small-vehicle,     1307
1935.000000, 1443.000000, 1960.000000, 1442.000000, 1962.000000, 1502.000000, 1936.000000, 1504.000000,     small-vehicle,     1309
1283.000000, 1460.000000, 1305.000000, 1459.000000, 1305.000000, 1515.000000, 1283.000000, 1516.000000,     small-vehicle,     1312
2320.000000, 2307.000000, 2347.000000, 2306.000000, 2349.000000, 2361.000000, 2323.000000, 2362.000000,     small-vehicle,     1314
3431.000000, 1837.000000, 3493.000000, 1834.000000, 3495.000000, 1854.000000, 3432.000000, 1856.000000,     large-vehicle,     1317
755.000000, 2734.000000, 819.000000, 2730.000000, 819.000000, 2759.000000, 755.000000, 2763.000000,     small-vehicle,     1318
1277.000000, 1375.000000, 1304.000000, 1373.000000, 1303.000000, 1433.000000, 1277.000000, 1433.000000,     small-vehicle,     1330
701.000000, 2275.000000, 768.000000, 2272.000000, 767.000000, 2309.000000, 700.000000, 2312.000000,     small-vehicle,     1331
1273.000000, 1306.000000, 1302.000000, 1305.000000, 1302.000000, 1367.000000, 1273.000000, 1368.000000,     small-vehicle,     1333
1923.000000, 1279.000000, 1950.000000, 1278.000000, 1952.000000, 1334.000000, 1924.000000, 1335.000000,     small-vehicle,     1337
2205.000000, 1218.000000, 2228.000000, 1217.000000, 2231.000000, 1280.000000, 2207.000000, 1280.000000,     small-vehicle,     1342
2718.000000, 1920.000000, 2781.000000, 1917.000000, 2782.000000, 1949.000000, 2720.000000, 1951.000000,     small-vehicle,     1347
1270.000000, 1242.000000, 1294.000000, 1241.000000, 1294.000000, 1292.000000, 1270.000000, 1293.000000,     small-vehicle,     1348
3329.000000, 2828.000000, 3382.000000, 2825.000000, 3384.000000, 2858.000000, 3332.000000, 2862.000000,     small-vehicle,     1356
1939.000000, 1151.000000, 1968.000000, 1149.000000, 1969.000000, 1202.000000, 1940.000000, 1203.000000,     small-vehicle,     1360
2194.000000, 1149.000000, 2225.000000, 1147.000000, 2228.000000, 1211.000000, 2195.000000, 1212.000000,     small-vehicle,     1361
1361.000000, 1080.000000, 1410.000000, 1078.000000, 1409.000000, 1109.000000, 1361.000000, 1111.000000,     small-vehicle,     1364
534.000000, 1172.000000, 584.000000, 1171.000000, 583.000000, 1203.000000, 533.000000, 1204.000000,     small-vehicle,     1369
167.000000, 1106.000000, 225.000000, 1105.000000, 224.000000, 1139.000000, 166.000000, 1141.000000,     small-vehicle,     1373
409.000000, 1104.000000, 464.000000, 1104.000000, 464.000000, 1129.000000, 408.000000, 1131.000000,     small-vehicle,     1375
329.000000, 1103.000000, 395.000000, 1103.000000, 394.000000, 1134.000000, 328.000000, 1136.000000,     small-vehicle,     1377
1101.000000, 1088.000000, 1148.000000, 1087.000000, 1148.000000, 1113.000000, 1101.000000, 1114.000000,     small-vehicle,     1378
1360.000000, 1141.000000, 1420.000000, 1140.000000, 1420.000000, 1169.000000, 1360.000000, 1170.000000,     small-vehicle,     1379
3578.000000, 1837.000000, 3635.000000, 1834.000000, 3637.000000, 1861.000000, 3581.000000, 1863.000000,     small-vehicle,     1381
1182.000000, 1087.000000, 1231.000000, 1085.000000, 1231.000000, 1110.000000, 1182.000000, 1110.000000,     small-vehicle,     1384
954.000000, 1090.000000, 1006.000000, 1089.000000, 1006.000000, 1115.000000, 953.000000, 1116.000000,     small-vehicle,     1385
1029.000000, 1088.000000, 1074.000000, 1087.000000, 1074.000000, 1115.000000, 1029.000000, 1116.000000,     small-vehicle,     1386
1234.000000, 1075.000000, 1295.000000, 1073.000000, 1295.000000, 1112.000000, 1234.000000, 1114.000000,     small-vehicle,     1387
1485.000000, 1082.000000, 1540.000000, 1080.000000, 1541.000000, 1106.000000, 1485.000000, 1106.000000,     small-vehicle,     1388
477.000000, 1099.000000, 525.000000, 1098.000000, 524.000000, 1124.000000, 476.000000, 1125.000000,     small-vehicle,     1389
104.000000, 1091.000000, 162.000000, 1089.000000, 162.000000, 1130.000000, 102.000000, 1131.000000,     small-vehicle,     1395
2728.000000, 1006.000000, 2778.000000, 1004.000000, 2780.000000, 1032.000000, 2729.000000, 1033.000000,     small-vehicle,     1397
3142.000000, 1781.000000, 3183.000000, 1781.000000, 3185.000000, 1804.000000, 3144.000000, 1805.000000,     small-vehicle,     1398
1266.000000, 1010.000000, 1291.000000, 1009.000000, 1291.000000, 1065.000000, 1265.000000, 1065.000000,     small-vehicle,     1399
1546.000000, 1109.000000, 1600.000000, 1107.000000, 1600.000000, 1135.000000, 1547.000000, 1135.000000,     small-vehicle,     1400
2458.000000, 1034.000000, 2506.000000, 1033.000000, 2507.000000, 1059.000000, 2459.000000, 1060.000000,     small-vehicle,     1401
3514.000000, 1842.000000, 3575.000000, 1839.000000, 3577.000000, 1868.000000, 3516.000000, 1870.000000,     small-vehicle,     1402
2390.000000, 1036.000000, 2446.000000, 1035.000000, 2447.000000, 1061.000000, 2391.000000, 1061.000000,     small-vehicle,     1403
2590.000000, 1027.000000, 2644.000000, 1025.000000, 2645.000000, 1049.000000, 2591.000000, 1050.000000,     small-vehicle,     1405
2523.000000, 1031.000000, 2581.000000, 1029.000000, 2582.000000, 1056.000000, 2524.000000, 1057.000000,     small-vehicle,     1407
3056.000000, 996.000000, 3117.000000, 996.000000, 3118.000000, 1018.000000, 3057.000000, 1018.000000,     small-vehicle,     1409
3232.000000, 982.000000, 3279.000000, 982.000000, 3281.000000, 1011.000000, 3234.000000, 1012.000000,     small-vehicle,     1410
2366.000000, 2741.000000, 2389.000000, 2740.000000, 2391.000000, 2797.000000, 2368.000000, 2799.000000,     small-vehicle,     1411
2889.000000, 1001.000000, 2946.000000, 1000.000000, 2946.000000, 1025.000000, 2890.000000, 1026.000000,     small-vehicle,     1412
2698.000000, 1085.000000, 2749.000000, 1085.000000, 2751.000000, 1113.000000, 2699.000000, 1114.000000,     small-vehicle,     1416
2956.000000, 991.000000, 3023.000000, 990.000000, 3026.000000, 1024.000000, 2957.000000, 1025.000000,     small-vehicle,     1418
3357.000000, 973.000000, 3415.000000, 973.000000, 3417.000000, 1001.000000, 3358.000000, 1002.000000,     small-vehicle,     1420
3291.000000, 974.000000, 3346.000000, 974.000000, 3348.000000, 1006.000000, 3293.000000, 1007.000000,     small-vehicle,     1422
1431.000000, 1142.000000, 1483.000000, 1140.000000, 1483.000000, 1165.000000, 1431.000000, 1166.000000,     small-vehicle,     1423
1926.000000, 936.000000, 1950.000000, 935.000000, 1952.000000, 993.000000, 1926.000000, 994.000000,     small-vehicle,     1424
1971.000000, 1921.000000, 1996.000000, 1920.000000, 1998.000000, 1984.000000, 1971.000000, 1985.000000,     small-vehicle,     1425
1809.000000, 2647.000000, 1885.000000, 2643.000000, 1886.000000, 2688.000000, 1809.000000, 2694.000000,     large-vehicle,     1426
2841.000000, 938.000000, 2865.000000, 938.000000, 2867.000000, 990.000000, 2844.000000, 990.000000,     small-vehicle,     1429
42.000000, 1071.000000, 95.000000, 1070.000000, 94.000000, 1114.000000, 41.000000, 1115.000000,     small-vehicle,     1431
718.000000, 1093.000000, 774.000000, 1092.000000, 774.000000, 1122.000000, 717.000000, 1123.000000,     small-vehicle,     1433
1989.000000, 1278.000000, 2021.000000, 1277.000000, 2022.000000, 1344.000000, 1990.000000, 1346.000000,     small-vehicle,     1438
3259.000000, 2839.000000, 3316.000000, 2834.000000, 3318.000000, 2860.000000, 3261.000000, 2864.000000,     small-vehicle,     1440
2030.000000, 1389.000000, 2057.000000, 1387.000000, 2058.000000, 1451.000000, 2031.000000, 1451.000000,     small-vehicle,     1449
1302.000000, 2336.000000, 1333.000000, 2335.000000, 1333.000000, 2417.000000, 1302.000000, 2419.000000,     small-vehicle,     1450
1254.000000, 763.000000, 1279.000000, 762.000000, 1279.000000, 813.000000, 1254.000000, 813.000000,     small-vehicle,     1451
1909.000000, 761.000000, 1933.000000, 760.000000, 1934.000000, 814.000000, 1911.000000, 814.000000,     small-vehicle,     1452
2812.000000, 726.000000, 2843.000000, 726.000000, 2846.000000, 785.000000, 2816.000000, 785.000000,     small-vehicle,     1453
2178.000000, 672.000000, 2210.000000, 672.000000, 2211.000000, 730.000000, 2179.000000, 730.000000,     small-vehicle,     1458
2151.000000, 671.000000, 2176.000000, 671.000000, 2178.000000, 729.000000, 2152.000000, 729.000000,     small-vehicle,     1459
1616.000000, 1135.000000, 1667.000000, 1134.000000, 1667.000000, 1161.000000, 1616.000000, 1162.000000,     small-vehicle,     1460
2227.000000, 1923.000000, 2277.000000, 1921.000000, 2280.000000, 2010.000000, 2229.000000, 2012.000000,     small-vehicle,     1461
1247.000000, 674.000000, 1268.000000, 673.000000, 1268.000000, 720.000000, 1247.000000, 720.000000,     small-vehicle,     1462
3430.000000, 1847.000000, 3492.000000, 1845.000000, 3495.000000, 1876.000000, 3432.000000, 1879.000000,     large-vehicle,     1465
