2172.000000, 1227.000000, 2243.000000, 1227.000000, 2243.000000, 1271.000000, 2172.000000, 1271.000000,   small-vehicle,   1290
382.000000, 1111.000000, 418.000000, 1111.000000, 418.000000, 1172.000000, 382.000000, 1172.000000,   small-vehicle,   1594
1961.000000, 1068.000000, 1988.000000, 1068.000000, 1988.000000, 1114.000000, 1961.000000, 1114.000000,   small-vehicle,   1602
2928.000000, 1061.000000, 2992.000000, 1061.000000, 2992.000000, 1095.000000, 2928.000000, 1095.000000,   small-vehicle,   1614
320.000000, 1032.000000, 369.000000, 1032.000000, 369.000000, 1096.000000, 320.000000, 1096.000000,   small-vehicle,   1615
2232.000000, 1039.000000, 2257.000000, 1039.000000, 2257.000000, 1095.000000, 2232.000000, 1095.000000,   small-vehicle,   1623
2224.000000, 970.000000, 2256.000000, 970.000000, 2256.000000, 1035.000000, 2224.000000, 1035.000000,   small-vehicle,   1633
1929.000000, 900.000000, 1955.000000, 900.000000, 1955.000000, 955.000000, 1929.000000, 955.000000,   small-vehicle,   1637
3226.000000, 931.000000, 3263.000000, 931.000000, 3263.000000, 992.000000, 3226.000000, 992.000000,   small-vehicle,   1638
433.000000, 916.000000, 464.000000, 916.000000, 464.000000, 980.000000, 433.000000, 980.000000,   small-vehicle,   1643
358.000000, 893.000000, 385.000000, 893.000000, 385.000000, 947.000000, 358.000000, 947.000000,   small-vehicle,   1650
2246.000000, 846.000000, 2278.000000, 846.000000, 2278.000000, 906.000000, 2246.000000, 906.000000,   small-vehicle,   1656
1924.000000, 831.000000, 1953.000000, 831.000000, 1953.000000, 887.000000, 1924.000000, 887.000000,   small-vehicle,   1658
3223.000000, 853.000000, 3259.000000, 853.000000, 3259.000000, 911.000000, 3223.000000, 911.000000,   small-vehicle,   1665
361.000000, 841.000000, 385.000000, 841.000000, 385.000000, 881.000000, 361.000000, 881.000000,   small-vehicle,   1666
2208.000000, 778.000000, 2235.000000, 778.000000, 2235.000000, 835.000000, 2208.000000, 835.000000,   small-vehicle,   1680
1952.000000, 801.000000, 1977.000000, 801.000000, 1977.000000, 851.000000, 1952.000000, 851.000000,   small-vehicle,   1683
1926.000000, 774.000000, 1950.000000, 774.000000, 1950.000000, 820.000000, 1926.000000, 820.000000,   small-vehicle,   1687
2243.000000, 761.000000, 2270.000000, 761.000000, 2270.000000, 817.000000, 2243.000000, 817.000000,   small-vehicle,   1697
1951.000000, 724.000000, 1982.000000, 724.000000, 1982.000000, 788.000000, 1951.000000, 788.000000,   small-vehicle,   1699
2242.000000, 687.000000, 2270.000000, 687.000000, 2270.000000, 742.000000, 2242.000000, 742.000000,   small-vehicle,   1705
2153.000000, 482.000000, 2182.000000, 482.000000, 2182.000000, 550.000000, 2153.000000, 550.000000,   small-vehicle,   1706
1936.000000, 628.000000, 1963.000000, 628.000000, 1963.000000, 679.000000, 1936.000000, 679.000000,   small-vehicle,   1708
1915.000000, 691.000000, 1946.000000, 691.000000, 1946.000000, 747.000000, 1915.000000, 747.000000,   small-vehicle,   1709
3220.000000, 628.000000, 3255.000000, 628.000000, 3255.000000, 685.000000, 3220.000000, 685.000000,   small-vehicle,   1715
2721.000000, 602.000000, 2754.000000, 602.000000, 2754.000000, 670.000000, 2721.000000, 670.000000,   small-vehicle,   1727
2641.000000, 597.000000, 2675.000000, 597.000000, 2675.000000, 664.000000, 2641.000000, 664.000000,   small-vehicle,   1728
2231.000000, 560.000000, 2256.000000, 560.000000, 2256.000000, 626.000000, 2231.000000, 626.000000,   small-vehicle,   1729
2762.000000, 594.000000, 2795.000000, 594.000000, 2795.000000, 656.000000, 2762.000000, 656.000000,   small-vehicle,   1731
2807.000000, 589.000000, 2839.000000, 589.000000, 2839.000000, 655.000000, 2807.000000, 655.000000,   small-vehicle,   1739
1918.000000, 533.000000, 1947.000000, 533.000000, 1947.000000, 594.000000, 1918.000000, 594.000000,   small-vehicle,   1742
1899.000000, 424.000000, 1929.000000, 424.000000, 1929.000000, 480.000000, 1899.000000, 480.000000,   small-vehicle,   1760
3203.000000, 486.000000, 3232.000000, 486.000000, 3232.000000, 545.000000, 3203.000000, 545.000000,   small-vehicle,   1763
65.000000, 430.000000, 123.000000, 430.000000, 123.000000, 458.000000, 65.000000, 458.000000,   small-vehicle,   1765
3197.000000, 408.000000, 3229.000000, 408.000000, 3229.000000, 476.000000, 3197.000000, 476.000000,   small-vehicle,   1767
1046.000000, 371.000000, 1105.000000, 371.000000, 1105.000000, 397.000000, 1046.000000, 397.000000,   small-vehicle,   1772
49.000000, 353.000000, 108.000000, 353.000000, 108.000000, 384.000000, 49.000000, 384.000000,   small-vehicle,   1773
1895.000000, 365.000000, 1922.000000, 365.000000, 1922.000000, 410.000000, 1895.000000, 410.000000,   small-vehicle,   1777
2152.000000, 306.000000, 2178.000000, 306.000000, 2178.000000, 361.000000, 2152.000000, 361.000000,   small-vehicle,   1785
2221.000000, 366.000000, 2250.000000, 366.000000, 2250.000000, 421.000000, 2221.000000, 421.000000,   small-vehicle,   1787
562.000000, 320.000000, 613.000000, 320.000000, 613.000000, 346.000000, 562.000000, 346.000000,   small-vehicle,   1790
497.000000, 326.000000, 552.000000, 326.000000, 552.000000, 351.000000, 497.000000, 351.000000,   small-vehicle,   1793
3194.000000, 325.000000, 3225.000000, 325.000000, 3225.000000, 383.000000, 3194.000000, 383.000000,   small-vehicle,   1794
631.000000, 318.000000, 686.000000, 318.000000, 686.000000, 343.000000, 631.000000, 343.000000,   small-vehicle,   1799
700.000000, 311.000000, 758.000000, 311.000000, 758.000000, 337.000000, 700.000000, 337.000000,   small-vehicle,   1804
890.000000, 304.000000, 944.000000, 304.000000, 944.000000, 327.000000, 890.000000, 327.000000,   small-vehicle,   1805
1744.000000, 305.000000, 1799.000000, 305.000000, 1799.000000, 339.000000, 1744.000000, 339.000000,   small-vehicle,   1807
953.000000, 297.000000, 1004.000000, 297.000000, 1004.000000, 321.000000, 953.000000, 321.000000,   small-vehicle,   1808
768.000000, 308.000000, 816.000000, 308.000000, 816.000000, 333.000000, 768.000000, 333.000000,   small-vehicle,   1810
350.000000, 281.000000, 379.000000, 281.000000, 379.000000, 336.000000, 350.000000, 336.000000,   small-vehicle,   1814
1029.000000, 291.000000, 1081.000000, 291.000000, 1081.000000, 316.000000, 1029.000000, 316.000000,   small-vehicle,   1817
828.000000, 306.000000, 879.000000, 306.000000, 879.000000, 329.000000, 828.000000, 329.000000,   small-vehicle,   1818
2184.000000, 297.000000, 2214.000000, 297.000000, 2214.000000, 356.000000, 2184.000000, 356.000000,   small-vehicle,   1819
1676.000000, 239.000000, 1730.000000, 239.000000, 1730.000000, 266.000000, 1676.000000, 266.000000,   small-vehicle,   1822
1161.000000, 281.000000, 1220.000000, 281.000000, 1220.000000, 310.000000, 1161.000000, 310.000000,   small-vehicle,   1825
1571.000000, 249.000000, 1628.000000, 249.000000, 1628.000000, 276.000000, 1571.000000, 276.000000,   small-vehicle,   1826
1398.000000, 265.000000, 1446.000000, 265.000000, 1446.000000, 288.000000, 1398.000000, 288.000000,   small-vehicle,   1827
1235.000000, 277.000000, 1284.000000, 277.000000, 1284.000000, 303.000000, 1235.000000, 303.000000,   small-vehicle,   1831
1738.000000, 231.000000, 1790.000000, 231.000000, 1790.000000, 259.000000, 1738.000000, 259.000000,   small-vehicle,   1833
3193.000000, 270.000000, 3216.000000, 270.000000, 3216.000000, 322.000000, 3193.000000, 322.000000,   small-vehicle,   1835
1338.000000, 269.000000, 1384.000000, 269.000000, 1384.000000, 292.000000, 1338.000000, 292.000000,   small-vehicle,   1836
1799.000000, 227.000000, 1850.000000, 227.000000, 1850.000000, 253.000000, 1799.000000, 253.000000,   small-vehicle,   1838
432.000000, 993.000000, 457.000000, 993.000000, 457.000000, 1034.000000, 432.000000, 1034.000000,   small-vehicle,   1839
349.000000, 216.000000, 380.000000, 216.000000, 380.000000, 273.000000, 349.000000, 273.000000,   small-vehicle,   1845
3145.000000, 534.000000, 3166.000000, 534.000000, 3166.000000, 579.000000, 3145.000000, 579.000000,   small-vehicle,   1850
2534.000000, 178.000000, 2584.000000, 178.000000, 2584.000000, 200.000000, 2534.000000, 200.000000,   small-vehicle,   1856
2478.000000, 184.000000, 2527.000000, 184.000000, 2527.000000, 203.000000, 2478.000000, 203.000000,   small-vehicle,   1858
2400.000000, 190.000000, 2457.000000, 190.000000, 2457.000000, 209.000000, 2400.000000, 209.000000,   small-vehicle,   1859
1775.000000, 174.000000, 1824.000000, 174.000000, 1824.000000, 199.000000, 1775.000000, 199.000000,   small-vehicle,   1860
409.000000, 1029.000000, 455.000000, 1029.000000, 455.000000, 1087.000000, 409.000000, 1087.000000,   small-vehicle,   1864
352.000000, 131.000000, 378.000000, 131.000000, 378.000000, 180.000000, 352.000000, 180.000000,   small-vehicle,   1868
2962.000000, 142.000000, 3014.000000, 142.000000, 3014.000000, 168.000000, 2962.000000, 168.000000,   small-vehicle,   1869
3041.000000, 141.000000, 3101.000000, 141.000000, 3101.000000, 170.000000, 3041.000000, 170.000000,   small-vehicle,   1872
2208.000000, 78.000000, 2235.000000, 78.000000, 2235.000000, 135.000000, 2208.000000, 135.000000,   small-vehicle,   1875
223.000000, 420.000000, 285.000000, 420.000000, 285.000000, 447.000000, 223.000000, 447.000000,   small-vehicle,   1876
350.000000, 67.000000, 373.000000, 67.000000, 373.000000, 121.000000, 350.000000, 121.000000,   small-vehicle,   1878
2233.000000, 513.000000, 2263.000000, 513.000000, 2263.000000, 551.000000, 2233.000000, 551.000000,   small-vehicle,   1889
982.000000, 375.000000, 1029.000000, 375.000000, 1029.000000, 397.000000, 982.000000, 397.000000,   small-vehicle,   1895
1901.000000, -41.000000, 1930.000000, -41.000000, 1930.000000, 13.000000, 1901.000000, 13.000000,   small-vehicle,   1900
1876.000000, -9.000000, 1905.000000, -9.000000, 1905.000000, 44.000000, 1876.000000, 44.000000,   small-vehicle,   1902
127.000000, 356.000000, 180.000000, 356.000000, 180.000000, 385.000000, 127.000000, 385.000000,   small-vehicle,   1909
2351.000000, 237.000000, 2401.000000, 237.000000, 2401.000000, 260.000000, 2351.000000, 260.000000,   small-vehicle,   1918
2195.000000, -81.000000, 2224.000000, -81.000000, 2224.000000, -30.000000, 2195.000000, -30.000000,   small-vehicle,   1921
-14.000000, 411.000000, 48.000000, 411.000000, 48.000000, 438.000000, -14.000000, 438.000000,   small-vehicle,   1922
2014.000000, 1001.000000, 2045.000000, 1001.000000, 2045.000000, 1055.000000, 2014.000000, 1055.000000,   small-vehicle,   1936
1869.000000, -125.000000, 1892.000000, -125.000000, 1892.000000, -83.000000, 1869.000000, -83.000000,   small-vehicle,   1941
2190.000000, -169.000000, 2218.000000, -169.000000, 2218.000000, -113.000000, 2190.000000, -113.000000,   small-vehicle,   1945
908.000000, 359.000000, 958.000000, 359.000000, 958.000000, 382.000000, 908.000000, 382.000000,   small-vehicle,   1950
1894.000000, -176.000000, 1920.000000, -176.000000, 1920.000000, -115.000000, 1894.000000, -115.000000,   small-vehicle,   1952
2817.000000, 244.000000, 2872.000000, 244.000000, 2872.000000, 271.000000, 2817.000000, 271.000000,   small-vehicle,   1954
1906.000000, 594.000000, 1927.000000, 594.000000, 1927.000000, 635.000000, 1906.000000, 635.000000,   small-vehicle,   1955
276.000000, 390.000000, 329.000000, 390.000000, 329.000000, 416.000000, 276.000000, 416.000000,   small-vehicle,   1966
1863.000000, -217.000000, 1891.000000, -217.000000, 1891.000000, -162.000000, 1863.000000, -162.000000,   small-vehicle,   1967
3094.000000, -190.000000, 3123.000000, -190.000000, 3123.000000, -134.000000, 3094.000000, -134.000000,   small-vehicle,   1968
2657.000000, 253.000000, 2715.000000, 253.000000, 2715.000000, 279.000000, 2657.000000, 279.000000,   small-vehicle,   1970
1976.000000, 538.000000, 2005.000000, 538.000000, 2005.000000, 588.000000, 1976.000000, 588.000000,   small-vehicle,   1971
2184.000000, -242.000000, 2215.000000, -242.000000, 2215.000000, -183.000000, 2184.000000, -183.000000,   small-vehicle,   1972
1338.000000, 343.000000, 1399.000000, 343.000000, 1399.000000, 375.000000, 1338.000000, 375.000000,   small-vehicle,   1974
2158.000000, -228.000000, 2189.000000, -228.000000, 2189.000000, -167.000000, 2158.000000, -167.000000,   small-vehicle,   1977
2148.000000, -301.000000, 2178.000000, -301.000000, 2178.000000, -238.000000, 2148.000000, -238.000000,   small-vehicle,   1988
1955.000000, 320.000000, 1986.000000, 320.000000, 1986.000000, 377.000000, 1955.000000, 377.000000,   small-vehicle,   1997
3089.000000, -273.000000, 3116.000000, -273.000000, 3116.000000, -219.000000, 3089.000000, -219.000000,   small-vehicle,   2005
2179.000000, -321.000000, 2209.000000, -321.000000, 2209.000000, -261.000000, 2179.000000, -261.000000,   small-vehicle,   2006
248.000000, -346.000000, 299.000000, -346.000000, 299.000000, -298.000000, 248.000000, -298.000000,   small-vehicle,   2008
2618.000000, -384.000000, 2678.000000, -384.000000, 2678.000000, -356.000000, 2618.000000, -356.000000,   small-vehicle,   2013
3317.000000, 219.000000, 3381.000000, 219.000000, 3381.000000, 245.000000, 3317.000000, 245.000000,   small-vehicle,   2017
3642.000000, 203.000000, 3715.000000, 203.000000, 3715.000000, 225.000000, 3642.000000, 225.000000,   small-vehicle,   2021
1853.000000, -381.000000, 1884.000000, -381.000000, 1884.000000, -323.000000, 1853.000000, -323.000000,   small-vehicle,   2023
186.000000, -487.000000, 242.000000, -487.000000, 242.000000, -434.000000, 186.000000, -434.000000,   small-vehicle,   2028
2949.000000, 234.000000, 3012.000000, 234.000000, 3012.000000, 266.000000, 2949.000000, 266.000000,   small-vehicle,   2030
239.000000, -443.000000, 286.000000, -443.000000, 286.000000, -401.000000, 239.000000, -401.000000,   small-vehicle,   2031
1875.000000, -447.000000, 1903.000000, -447.000000, 1903.000000, -389.000000, 1875.000000, -389.000000,   small-vehicle,   2033
2160.000000, -405.000000, 2185.000000, -405.000000, 2185.000000, -352.000000, 2160.000000, -352.000000,   small-vehicle,   2035
37.000000, -522.000000, 95.000000, -522.000000, 95.000000, -472.000000, 37.000000, -472.000000,   small-vehicle,   2038
2158.000000, -483.000000, 2183.000000, -483.000000, 2183.000000, -436.000000, 2158.000000, -436.000000,   small-vehicle,   2039
1938.000000, -3.000000, 1966.000000, -3.000000, 1966.000000, 63.000000, 1938.000000, 63.000000,   small-vehicle,   2041
2000.000000, 281.000000, 2030.000000, 281.000000, 2030.000000, 343.000000, 2000.000000, 343.000000,   small-vehicle,   2042
80.000000, -445.000000, 126.000000, -445.000000, 126.000000, -385.000000, 80.000000, -385.000000,   small-vehicle,   2043
344.000000, 947.000000, 378.000000, 947.000000, 378.000000, 1013.000000, 344.000000, 1013.000000,   large-vehicle,   2047
1869.000000, -519.000000, 1903.000000, -519.000000, 1903.000000, -454.000000, 1869.000000, -454.000000,   small-vehicle,   2050
3083.000000, -348.000000, 3112.000000, -348.000000, 3112.000000, -291.000000, 3083.000000, -291.000000,   small-vehicle,   2054
-16.000000, -561.000000, 40.000000, -561.000000, 40.000000, -513.000000, -16.000000, -513.000000,   small-vehicle,   2060
2477.000000, 261.000000, 2530.000000, 261.000000, 2530.000000, 283.000000, 2477.000000, 283.000000,   small-vehicle,   2064
2164.000000, -546.000000, 2189.000000, -546.000000, 2189.000000, -502.000000, 2164.000000, -502.000000,   small-vehicle,   2065
47.000000, -600.000000, 109.000000, -600.000000, 109.000000, -543.000000, 47.000000, -543.000000,   small-vehicle,   2066
2618.000000, -347.000000, 2666.000000, -347.000000, 2666.000000, -322.000000, 2618.000000, -322.000000,   small-vehicle,   2068
1888.000000, 107.000000, 1907.000000, 107.000000, 1907.000000, 136.000000, 1888.000000, 136.000000,   small-vehicle,   2069
1396.000000, -537.000000, 1447.000000, -537.000000, 1447.000000, -512.000000, 1396.000000, -512.000000,   small-vehicle,   2072
3667.000000, 132.000000, 3712.000000, 132.000000, 3712.000000, 151.000000, 3667.000000, 151.000000,   small-vehicle,   2075
1522.000000, 337.000000, 1563.000000, 337.000000, 1563.000000, 364.000000, 1522.000000, 364.000000,   small-vehicle,   2077
350.000000, 437.000000, 376.000000, 437.000000, 376.000000, 490.000000, 350.000000, 490.000000,   small-vehicle,   2080
-9.000000, -638.000000, 43.000000, -638.000000, 43.000000, -589.000000, -9.000000, -589.000000,   small-vehicle,   2084
291.000000, -313.000000, 345.000000, -313.000000, 345.000000, -263.000000, 291.000000, -263.000000,   small-vehicle,   2085
3054.000000, -668.000000, 3090.000000, -668.000000, 3090.000000, -607.000000, 3054.000000, -607.000000,   small-vehicle,   2090
2682.000000, 186.000000, 2738.000000, 186.000000, 2738.000000, 209.000000, 2682.000000, 209.000000,   small-vehicle,   2093
3049.000000, 194.000000, 3118.000000, 194.000000, 3118.000000, 235.000000, 3049.000000, 235.000000,   small-vehicle,   2108
2578.000000, -711.000000, 2640.000000, -711.000000, 2640.000000, -684.000000, 2578.000000, -684.000000,   small-vehicle,   2110
2658.000000, 217.000000, 2725.000000, 217.000000, 2725.000000, 247.000000, 2658.000000, 247.000000,   small-vehicle,   2111
3054.000000, -743.000000, 3111.000000, -743.000000, 3111.000000, -702.000000, 3054.000000, -702.000000,   small-vehicle,   2112
292.000000, -408.000000, 350.000000, -408.000000, 350.000000, -369.000000, 292.000000, -369.000000,   small-vehicle,   2113
293.000000, -346.000000, 340.000000, -346.000000, 340.000000, -302.000000, 293.000000, -302.000000,   small-vehicle,   2114
2071.000000, -950.000000, 2101.000000, -950.000000, 2101.000000, -890.000000, 2071.000000, -890.000000,   small-vehicle,   2118
2734.000000, -815.000000, 2798.000000, -815.000000, 2798.000000, -780.000000, 2734.000000, -780.000000,   small-vehicle,   2119
1850.000000, -320.000000, 1871.000000, -320.000000, 1871.000000, -276.000000, 1850.000000, -276.000000,   small-vehicle,   2121
2427.000000, 233.000000, 2482.000000, 233.000000, 2482.000000, 261.000000, 2427.000000, 261.000000,   small-vehicle,   2122
-39.000000, -393.000000, 15.000000, -393.000000, 15.000000, -365.000000, -39.000000, -365.000000,   small-vehicle,   2126
2171.000000, 968.000000, 2201.000000, 968.000000, 2201.000000, 1038.000000, 2171.000000, 1038.000000,   small-vehicle,   2131
363.000000, 367.000000, 407.000000, 367.000000, 407.000000, 427.000000, 363.000000, 427.000000,   small-vehicle,   2132
2197.000000, 530.000000, 2227.000000, 530.000000, 2227.000000, 595.000000, 2197.000000, 595.000000,   small-vehicle,   2133
1829.000000, -787.000000, 1852.000000, -787.000000, 1852.000000, -748.000000, 1829.000000, -748.000000,   small-vehicle,   2135
2413.000000, -787.000000, 2467.000000, -787.000000, 2467.000000, -757.000000, 2413.000000, -757.000000,   small-vehicle,   2136
1977.000000, -138.000000, 1994.000000, -138.000000, 1994.000000, -108.000000, 1977.000000, -108.000000,   small-vehicle,   2139
-45.000000, -592.000000, 0.000000, -592.000000, 0.000000, -554.000000, -45.000000, -554.000000,   small-vehicle,   2142
3232.000000, 221.000000, 3312.000000, 221.000000, 3312.000000, 243.000000, 3232.000000, 243.000000,   large-vehicle,   2144
2133.000000, 182.000000, 2165.000000, 182.000000, 2165.000000, 251.000000, 2133.000000, 251.000000,   large-vehicle,   2148
2344.000000, -779.000000, 2399.000000, -779.000000, 2399.000000, -754.000000, 2344.000000, -754.000000,   small-vehicle,   2150
2826.000000, 181.000000, 2891.000000, 181.000000, 2891.000000, 206.000000, 2826.000000, 206.000000,   small-vehicle,   2151
3179.000000, -847.000000, 3251.000000, -847.000000, 3251.000000, -815.000000, 3179.000000, -815.000000,   small-vehicle,   2152
312.000000, -858.000000, 335.000000, -858.000000, 335.000000, -807.000000, 312.000000, -807.000000,   small-vehicle,   2155
2219.000000, -872.000000, 2246.000000, -872.000000, 2246.000000, -825.000000, 2219.000000, -825.000000,   small-vehicle,   2156
1855.000000, -645.000000, 1877.000000, -645.000000, 1877.000000, -619.000000, 1855.000000, -619.000000,   small-vehicle,   2158
3100.000000, -843.000000, 3164.000000, -843.000000, 3164.000000, -813.000000, 3100.000000, -813.000000,   small-vehicle,   2159
1826.000000, -860.000000, 1855.000000, -860.000000, 1855.000000, -801.000000, 1826.000000, -801.000000,   small-vehicle,   2161
1901.000000, -660.000000, 1945.000000, -660.000000, 1945.000000, -561.000000, 1901.000000, -561.000000,   large-vehicle,   2162
2871.000000, -828.000000, 2927.000000, -828.000000, 2927.000000, -797.000000, 2871.000000, -797.000000,   small-vehicle,   2164
1946.000000, -685.000000, 1976.000000, -685.000000, 1976.000000, -628.000000, 1946.000000, -628.000000,   small-vehicle,   2165
1290.000000, 378.000000, 1318.000000, 378.000000, 1318.000000, 426.000000, 1290.000000, 426.000000,   small-vehicle,   2168
2686.000000, 622.000000, 2722.000000, 622.000000, 2722.000000, 688.000000, 2686.000000, 688.000000,   small-vehicle,   2171
3662.000000, -804.000000, 3725.000000, -804.000000, 3725.000000, -743.000000, 3662.000000, -743.000000,   small-vehicle,   2172
1822.000000, -933.000000, 1852.000000, -933.000000, 1852.000000, -874.000000, 1822.000000, -874.000000,   small-vehicle,   2173
3031.000000, -900.000000, 3063.000000, -900.000000, 3063.000000, -840.000000, 3031.000000, -840.000000,   small-vehicle,   2174
3393.000000, -874.000000, 3477.000000, -874.000000, 3477.000000, -833.000000, 3393.000000, -833.000000,   large-vehicle,   2175
3111.000000, 34.000000, 3149.000000, 34.000000, 3149.000000, 101.000000, 3111.000000, 101.000000,   small-vehicle,   2176
3488.000000, -872.000000, 3548.000000, -872.000000, 3548.000000, -842.000000, 3488.000000, -842.000000,   small-vehicle,   2177
2076.000000, 511.000000, 2107.000000, 511.000000, 2107.000000, 575.000000, 2076.000000, 575.000000,   small-vehicle,   2178
3316.000000, 208.000000, 3379.000000, 208.000000, 3379.000000, 229.000000, 3316.000000, 229.000000,   large-vehicle,   2179
40.000000, -949.000000, 99.000000, -949.000000, 99.000000, -923.000000, 40.000000, -923.000000,   small-vehicle,   2181
-1.000000, -946.000000, 44.000000, -946.000000, 44.000000, -918.000000, -1.000000, -918.000000,   small-vehicle,   2182
2825.000000, -724.000000, 2877.000000, -724.000000, 2877.000000, -667.000000, 2825.000000, -667.000000,   small-vehicle,   2183
2132.000000, 173.000000, 2165.000000, 173.000000, 2165.000000, 240.000000, 2132.000000, 240.000000,   small-vehicle,   2184
2034.000000, -979.000000, 2054.000000, -979.000000, 2054.000000, -950.000000, 2034.000000, -950.000000,   small-vehicle,   2185
3701.000000, 162.000000, 3774.000000, 162.000000, 3774.000000, 190.000000, 3701.000000, 190.000000,   small-vehicle,   2186
2072.000000, -333.000000, 2089.000000, -333.000000, 2089.000000, -307.000000, 2072.000000, -307.000000,   small-vehicle,   2187
2687.000000, 603.000000, 2721.000000, 603.000000, 2721.000000, 668.000000, 2687.000000, 668.000000,   large-vehicle,   2188
2872.000000, -727.000000, 2922.000000, -727.000000, 2922.000000, -674.000000, 2872.000000, -674.000000,   small-vehicle,   2189
2591.000000, -888.000000, 2625.000000, -888.000000, 2625.000000, -832.000000, 2591.000000, -832.000000,   small-vehicle,   2190
1930.000000, 456.000000, 1964.000000, 456.000000, 1964.000000, 530.000000, 1930.000000, 530.000000,   large-vehicle,   2191
3027.000000, -959.000000, 3056.000000, -959.000000, 3056.000000, -905.000000, 3027.000000, -905.000000,   small-vehicle,   2192
3110.000000, 29.000000, 3146.000000, 29.000000, 3146.000000, 97.000000, 3110.000000, 97.000000,   large-vehicle,   2193
1816.000000, -987.000000, 1844.000000, -987.000000, 1844.000000, -935.000000, 1816.000000, -935.000000,   small-vehicle,   2194
2138.000000, -1017.000000, 2167.000000, -1017.000000, 2167.000000, -956.000000, 2138.000000, -956.000000,   small-vehicle,   2195
574.000000, -1000.000000, 627.000000, -1000.000000, 627.000000, -972.000000, 574.000000, -972.000000,   small-vehicle,   2196
806.000000, -1020.000000, 861.000000, -1020.000000, 861.000000, -994.000000, 806.000000, -994.000000,   small-vehicle,   2197
2102.000000, 888.000000, 2120.000000, 888.000000, 2120.000000, 928.000000, 2102.000000, 928.000000,   small-vehicle,   2198
653.000000, -1006.000000, 698.000000, -1006.000000, 698.000000, -980.000000, 653.000000, -980.000000,   small-vehicle,   2199
1962.000000, -996.000000, 1992.000000, -996.000000, 1992.000000, -943.000000, 1962.000000, -943.000000,   small-vehicle,   2200
1929.000000, 444.000000, 1965.000000, 444.000000, 1965.000000, 522.000000, 1929.000000, 522.000000,   small-vehicle,   2201
2429.000000, -669.000000, 2475.000000, -669.000000, 2475.000000, -648.000000, 2429.000000, -648.000000,   small-vehicle,   2202
343.000000, 946.000000, 382.000000, 946.000000, 382.000000, 1014.000000, 343.000000, 1014.000000,   small-vehicle,   2203
516.000000, -991.000000, 565.000000, -991.000000, 565.000000, -967.000000, 516.000000, -967.000000,   small-vehicle,   2204
2686.000000, 611.000000, 2722.000000, 611.000000, 2722.000000, 682.000000, 2686.000000, 682.000000,   large-vehicle,   2205
3111.000000, 41.000000, 3147.000000, 41.000000, 3147.000000, 113.000000, 3111.000000, 113.000000,   large-vehicle,   2206
-30.000000, -463.000000, -4.000000, -463.000000, -4.000000, -396.000000, -30.000000, -396.000000,   large-vehicle,   2207
2503.000000, 221.000000, 2562.000000, 221.000000, 2562.000000, 249.000000, 2503.000000, 249.000000,   large-vehicle,   2208
2110.000000, -1003.000000, 2139.000000, -1003.000000, 2139.000000, -951.000000, 2110.000000, -951.000000,   small-vehicle,   2209
3315.000000, 213.000000, 3380.000000, 213.000000, 3380.000000, 235.000000, 3315.000000, 235.000000,   large-vehicle,   2210
2075.000000, 521.000000, 2107.000000, 521.000000, 2107.000000, 581.000000, 2075.000000, 581.000000,   large-vehicle,   2211
3273.000000, -876.000000, 3354.000000, -876.000000, 3354.000000, -833.000000, 3273.000000, -833.000000,   large-vehicle,   2212
2503.000000, 230.000000, 2562.000000, 230.000000, 2562.000000, 259.000000, 2503.000000, 259.000000,   small-vehicle,   2213
455.000000, -986.000000, 508.000000, -986.000000, 508.000000, -960.000000, 455.000000, -960.000000,   small-vehicle,   2214
