2013.000000, 2851.000000, 2040.000000, 2850.000000, 2042.000000, 2917.000000, 2014.000000, 2917.000000,     small-vehicle,     0
2342.000000, 2911.000000, 2371.000000, 2910.000000, 2373.000000, 2973.000000, 2344.000000, 2975.000000,     small-vehicle,     1
2021.000000, 2936.000000, 2046.000000, 2935.000000, 2047.000000, 2997.000000, 2023.000000, 2998.000000,     small-vehicle,     2
2215.000000, 3457.000000, 2246.000000, 3455.000000, 2249.000000, 3520.000000, 2217.000000, 3523.000000,     small-vehicle,     3
2023.000000, 2569.000000, 2050.000000, 2567.000000, 2052.000000, 2634.000000, 2024.000000, 2634.000000,     small-vehicle,     4
2364.000000, 3260.000000, 2394.000000, 3259.000000, 2397.000000, 3327.000000, 2367.000000, 3328.000000,     small-vehicle,     5
1382.000000, 3658.000000, 1412.000000, 3656.000000, 1411.000000, 3731.000000, 1382.000000, 3732.000000,     small-vehicle,     6
1701.000000, 3939.000000, 1757.000000, 3936.000000, 1757.000000, 3967.000000, 1702.000000, 3970.000000,     small-vehicle,     7
2336.000000, 3098.000000, 2362.000000, 3097.000000, 2365.000000, 3163.000000, 2338.000000, 3164.000000,     small-vehicle,     8
3359.000000, 3639.000000, 3416.000000, 3635.000000, 3419.000000, 3666.000000, 3362.000000, 3669.000000,     small-vehicle,     9
1194.000000, 3817.000000, 1246.000000, 3813.000000, 1246.000000, 3845.000000, 1194.000000, 3849.000000,     small-vehicle,     10
489.000000, 3875.000000, 557.000000, 3871.000000, 557.000000, 3901.000000, 488.000000, 3905.000000,     small-vehicle,     11
1409.000000, 2953.000000, 1434.000000, 2952.000000, 1434.000000, 3018.000000, 1409.000000, 3021.000000,     small-vehicle,     12
2853.000000, 3783.000000, 2906.000000, 3780.000000, 2907.000000, 3808.000000, 2854.000000, 3811.000000,     small-vehicle,     14
2254.000000, 4136.000000, 2287.000000, 4133.000000, 2290.000000, 4210.000000, 2256.000000, 4211.000000,     small-vehicle,     15
1298.000000, 3802.000000, 1355.000000, 3799.000000, 1355.000000, 3834.000000, 1298.000000, 3838.000000,     small-vehicle,     16
2334.000000, 2825.000000, 2364.000000, 2823.000000, 2367.000000, 2897.000000, 2336.000000, 2899.000000,     small-vehicle,     17
1817.000000, 3842.000000, 1873.000000, 3839.000000, 1874.000000, 3873.000000, 1818.000000, 3876.000000,     small-vehicle,     18
2311.000000, 3008.000000, 2366.000000, 3006.000000, 2369.000000, 3075.000000, 2314.000000, 3077.000000,     small-vehicle,     19
2159.000000, 3343.000000, 2198.000000, 3341.000000, 2201.000000, 3417.000000, 2160.000000, 3418.000000,     small-vehicle,     20
2039.000000, 2756.000000, 2068.000000, 2755.000000, 2071.000000, 2833.000000, 2041.000000, 2834.000000,     small-vehicle,     21
1822.000000, 4033.000000, 1888.000000, 4028.000000, 1889.000000, 4059.000000, 1823.000000, 4064.000000,     small-vehicle,     22
2673.000000, 4010.000000, 2729.000000, 4005.000000, 2731.000000, 4035.000000, 2676.000000, 4039.000000,     small-vehicle,     23
2299.000000, 4392.000000, 2332.000000, 4388.000000, 2335.000000, 4465.000000, 2301.000000, 4468.000000,     small-vehicle,     24
145.000000, 3899.000000, 214.000000, 3895.000000, 212.000000, 3929.000000, 144.000000, 3933.000000,     small-vehicle,     25
2377.000000, 3358.000000, 2404.000000, 3357.000000, 2407.000000, 3422.000000, 2380.000000, 3423.000000,     small-vehicle,     26
904.000000, 3836.000000, 967.000000, 3831.000000, 965.000000, 3870.000000, 904.000000, 3873.000000,     small-vehicle,     27
2450.000000, 4219.000000, 2485.000000, 4217.000000, 2490.000000, 4304.000000, 2453.000000, 4308.000000,     small-vehicle,     29
2760.000000, 4400.000000, 2826.000000, 4394.000000, 2829.000000, 4436.000000, 2761.000000, 4442.000000,     small-vehicle,     30
2353.000000, 4833.000000, 2381.000000, 4830.000000, 2383.000000, 4898.000000, 2355.000000, 4900.000000,     small-vehicle,     31
2352.000000, 3172.000000, 2387.000000, 3170.000000, 2390.000000, 3245.000000, 2354.000000, 3245.000000,     small-vehicle,     32
2099.000000, 3530.000000, 2154.000000, 3528.000000, 2157.000000, 3595.000000, 2101.000000, 3599.000000,     small-vehicle,     33
2926.000000, 3767.000000, 2987.000000, 3762.000000, 2989.000000, 3796.000000, 2927.000000, 3800.000000,     small-vehicle,     34
2383.000000, 3473.000000, 2414.000000, 3471.000000, 2418.000000, 3552.000000, 2386.000000, 3552.000000,     small-vehicle,     35
2093.000000, 2951.000000, 2124.000000, 2951.000000, 2126.000000, 3018.000000, 2096.000000, 3020.000000,     small-vehicle,     36
2379.000000, 4942.000000, 2406.000000, 4939.000000, 2410.000000, 5011.000000, 2382.000000, 5014.000000,     small-vehicle,     37
3163.000000, 3748.000000, 3223.000000, 3744.000000, 3225.000000, 3775.000000, 3165.000000, 3779.000000,     small-vehicle,     38
301.000000, 3716.000000, 329.000000, 3714.000000, 326.000000, 3778.000000, 298.000000, 3781.000000,     small-vehicle,     39
2340.000000, 3332.000000, 2371.000000, 3331.000000, 2373.000000, 3405.000000, 2343.000000, 3405.000000,     small-vehicle,     40
1423.000000, 2585.000000, 1455.000000, 2585.000000, 1455.000000, 2646.000000, 1423.000000, 2647.000000,     small-vehicle,     41
2814.000000, 3684.000000, 2866.000000, 3681.000000, 2867.000000, 3711.000000, 2815.000000, 3713.000000,     small-vehicle,     42
1406.000000, 2869.000000, 1429.000000, 2869.000000, 1429.000000, 2927.000000, 1407.000000, 2927.000000,     small-vehicle,     43
1860.000000, 3926.000000, 1925.000000, 3922.000000, 1926.000000, 3956.000000, 1860.000000, 3961.000000,     small-vehicle,     44
1549.000000, 3948.000000, 1605.000000, 3944.000000, 1605.000000, 3981.000000, 1549.000000, 3986.000000,     small-vehicle,     45
2299.000000, 2723.000000, 2324.000000, 2723.000000, 2327.000000, 2795.000000, 2302.000000, 2797.000000,     small-vehicle,     46
1045.000000, 3827.000000, 1110.000000, 3823.000000, 1110.000000, 3861.000000, 1045.000000, 3866.000000,     small-vehicle,     47
2363.000000, 3093.000000, 2387.000000, 3092.000000, 2389.000000, 3153.000000, 2365.000000, 3154.000000,     small-vehicle,     48
3162.000000, 3659.000000, 3216.000000, 3655.000000, 3217.000000, 3683.000000, 3164.000000, 3686.000000,     small-vehicle,     49
66.000000, 3905.000000, 137.000000, 3901.000000, 135.000000, 3942.000000, 64.000000, 3948.000000,     small-vehicle,     50
606.000000, 3860.000000, 674.000000, 3855.000000, 674.000000, 3891.000000, 605.000000, 3895.000000,     small-vehicle,     51
2269.000000, 4216.000000, 2303.000000, 4213.000000, 2307.000000, 4290.000000, 2272.000000, 4294.000000,     small-vehicle,     52
1547.000000, 4006.000000, 1611.000000, 4002.000000, 1611.000000, 4034.000000, 1547.000000, 4038.000000,     small-vehicle,     53
2875.000000, 4390.000000, 2929.000000, 4385.000000, 2931.000000, 4416.000000, 2875.000000, 4422.000000,     small-vehicle,     54
328.000000, 4201.000000, 394.000000, 4196.000000, 393.000000, 4232.000000, 326.000000, 4236.000000,     small-vehicle,     55
3105.000000, 3975.000000, 3162.000000, 3972.000000, 3164.000000, 4004.000000, 3106.000000, 4008.000000,     small-vehicle,     56
3565.000000, 3439.000000, 3590.000000, 3437.000000, 3596.000000, 3499.000000, 3570.000000, 3501.000000,     small-vehicle,     57
1252.000000, 3988.000000, 1316.000000, 3984.000000, 1316.000000, 4019.000000, 1252.000000, 4024.000000,     small-vehicle,     58
2337.000000, 4301.000000, 2370.000000, 4298.000000, 2373.000000, 4387.000000, 2339.000000, 4390.000000,     small-vehicle,     60
2166.000000, 4426.000000, 2193.000000, 4423.000000, 2195.000000, 4491.000000, 2169.000000, 4495.000000,     small-vehicle,     61
693.000000, 3853.000000, 753.000000, 3848.000000, 752.000000, 3881.000000, 693.000000, 3886.000000,     small-vehicle,     62
3501.000000, 3532.000000, 3533.000000, 3532.000000, 3538.000000, 3603.000000, 3506.000000, 3604.000000,     small-vehicle,     63
1259.000000, 4135.000000, 1310.000000, 4130.000000, 1310.000000, 4158.000000, 1258.000000, 4163.000000,     small-vehicle,     64
3271.000000, 3646.000000, 3338.000000, 3642.000000, 3341.000000, 3673.000000, 3274.000000, 3677.000000,     small-vehicle,     65
2282.000000, 2568.000000, 2316.000000, 2568.000000, 2318.000000, 2630.000000, 2285.000000, 2632.000000,     small-vehicle,     66
954.000000, 4016.000000, 1017.000000, 4010.000000, 1015.000000, 4050.000000, 954.000000, 4054.000000,     small-vehicle,     67
2771.000000, 2519.000000, 2829.000000, 2518.000000, 2830.000000, 2554.000000, 2774.000000, 2555.000000,     small-vehicle,     69
3875.000000, 4216.000000, 3937.000000, 4210.000000, 3941.000000, 4244.000000, 3879.000000, 4248.000000,     small-vehicle,     70
2584.000000, 3851.000000, 2646.000000, 3847.000000, 2647.000000, 3880.000000, 2585.000000, 3884.000000,     small-vehicle,     72
3435.000000, 3632.000000, 3494.000000, 3628.000000, 3496.000000, 3660.000000, 3437.000000, 3663.000000,     small-vehicle,     73
226.000000, 3891.000000, 286.000000, 3887.000000, 284.000000, 3921.000000, 226.000000, 3926.000000,     small-vehicle,     74
1400.000000, 3149.000000, 1428.000000, 3148.000000, 1428.000000, 3215.000000, 1400.000000, 3215.000000,     small-vehicle,     75
2140.000000, 3106.000000, 2169.000000, 3104.000000, 2171.000000, 3186.000000, 2141.000000, 3188.000000,     small-vehicle,     76
2066.000000, 3453.000000, 2095.000000, 3453.000000, 2096.000000, 3520.000000, 2068.000000, 3520.000000,     small-vehicle,     77
2926.000000, 3989.000000, 2992.000000, 3984.000000, 2995.000000, 4016.000000, 2929.000000, 4022.000000,     small-vehicle,     78
407.000000, 2819.000000, 465.000000, 2817.000000, 464.000000, 2853.000000, 406.000000, 2856.000000,     small-vehicle,     79
1717.000000, 3976.000000, 1781.000000, 3971.000000, 1782.000000, 4007.000000, 1716.000000, 4012.000000,     small-vehicle,     80
2516.000000, 4905.000000, 2544.000000, 4902.000000, 2547.000000, 4966.000000, 2519.000000, 4969.000000,     small-vehicle,     81
1341.000000, 4028.000000, 1401.000000, 4024.000000, 1401.000000, 4057.000000, 1341.000000, 4062.000000,     small-vehicle,     82
2801.000000, 3835.000000, 2871.000000, 3830.000000, 2873.000000, 3861.000000, 2802.000000, 3865.000000,     small-vehicle,     83
1357.000000, 3971.000000, 1426.000000, 3966.000000, 1426.000000, 3999.000000, 1357.000000, 4004.000000,     small-vehicle,     84
3028.000000, 2547.000000, 3069.000000, 2547.000000, 3071.000000, 2572.000000, 3029.000000, 2574.000000,     small-vehicle,     85
2294.000000, 2931.000000, 2322.000000, 2930.000000, 2324.000000, 3003.000000, 2296.000000, 3004.000000,     small-vehicle,     86
2561.000000, 2548.000000, 2615.000000, 2548.000000, 2616.000000, 2580.000000, 2563.000000, 2582.000000,     small-vehicle,     87
2599.000000, 3736.000000, 2656.000000, 3732.000000, 2658.000000, 3766.000000, 2600.000000, 3768.000000,     small-vehicle,     88
3566.000000, 3941.000000, 3617.000000, 3937.000000, 3619.000000, 3967.000000, 3568.000000, 3972.000000,     small-vehicle,     89
2206.000000, 3328.000000, 2237.000000, 3328.000000, 2240.000000, 3412.000000, 2210.000000, 3412.000000,     small-vehicle,     90
3656.000000, 3621.000000, 3720.000000, 3617.000000, 3723.000000, 3653.000000, 3659.000000, 3658.000000,     small-vehicle,     91
3281.000000, 3962.000000, 3335.000000, 3957.000000, 3337.000000, 3984.000000, 3283.000000, 3989.000000,     small-vehicle,     92
3236.000000, 4265.000000, 3301.000000, 4258.000000, 3304.000000, 4297.000000, 3238.000000, 4302.000000,     small-vehicle,     93
2064.000000, 3213.000000, 2094.000000, 3211.000000, 2096.000000, 3290.000000, 2066.000000, 3293.000000,     small-vehicle,     94
2692.000000, 4406.000000, 2751.000000, 4400.000000, 2753.000000, 4445.000000, 2693.000000, 4451.000000,     small-vehicle,     95
3092.000000, 3753.000000, 3148.000000, 3749.000000, 3150.000000, 3784.000000, 3093.000000, 3789.000000,     small-vehicle,     96
881.000000, 4018.000000, 944.000000, 4014.000000, 944.000000, 4053.000000, 879.000000, 4058.000000,     small-vehicle,     97
3840.000000, 3668.000000, 3896.000000, 3665.000000, 3898.000000, 3697.000000, 3843.000000, 3702.000000,     small-vehicle,     98
3288.000000, 4344.000000, 3346.000000, 4339.000000, 3348.000000, 4375.000000, 3291.000000, 4378.000000,     small-vehicle,     99
3029.000000, 3980.000000, 3076.000000, 3977.000000, 3078.000000, 4008.000000, 3032.000000, 4012.000000,     small-vehicle,     100
2112.000000, 3251.000000, 2140.000000, 3250.000000, 2143.000000, 3325.000000, 2114.000000, 3326.000000,     small-vehicle,     101
3704.000000, 3934.000000, 3770.000000, 3930.000000, 3773.000000, 3963.000000, 3707.000000, 3967.000000,     small-vehicle,     102
1847.000000, 3974.000000, 1918.000000, 3968.000000, 1917.000000, 4003.000000, 1848.000000, 4008.000000,     small-vehicle,     103
3539.000000, 4431.000000, 3575.000000, 4427.000000, 3581.000000, 4506.000000, 3546.000000, 4508.000000,     small-vehicle,     104
2167.000000, 3508.000000, 2209.000000, 3506.000000, 2212.000000, 3597.000000, 2169.000000, 3600.000000,     small-vehicle,     105
3118.000000, 3700.000000, 3173.000000, 3696.000000, 3175.000000, 3727.000000, 3118.000000, 3731.000000,     small-vehicle,     106
3895.000000, 4328.000000, 3921.000000, 4327.000000, 3928.000000, 4399.000000, 3901.000000, 4401.000000,     small-vehicle,     107
3702.000000, 4223.000000, 3763.000000, 4217.000000, 3766.000000, 4253.000000, 3704.000000, 4258.000000,     small-vehicle,     108
3278.000000, 3690.000000, 3344.000000, 3685.000000, 3346.000000, 3715.000000, 3280.000000, 3720.000000,     small-vehicle,     109
2084.000000, 3360.000000, 2114.000000, 3360.000000, 2117.000000, 3437.000000, 2086.000000, 3437.000000,     small-vehicle,     110
2686.000000, 3727.000000, 2752.000000, 3721.000000, 2753.000000, 3759.000000, 2688.000000, 3763.000000,     small-vehicle,     111
3160.000000, 3906.000000, 3227.000000, 3900.000000, 3230.000000, 3932.000000, 3163.000000, 3936.000000,     small-vehicle,     112
1157.000000, 4090.000000, 1224.000000, 4086.000000, 1224.000000, 4119.000000, 1157.000000, 4125.000000,     small-vehicle,     113
2428.000000, 4437.000000, 2460.000000, 4434.000000, 2463.000000, 4515.000000, 2431.000000, 4519.000000,     small-vehicle,     114
2586.000000, 3792.000000, 2646.000000, 3789.000000, 2648.000000, 3823.000000, 2588.000000, 3828.000000,     small-vehicle,     115
1623.000000, 3940.000000, 1689.000000, 3935.000000, 1689.000000, 3970.000000, 1623.000000, 3975.000000,     small-vehicle,     116
3530.000000, 4246.000000, 3589.000000, 4241.000000, 3592.000000, 4275.000000, 3532.000000, 4281.000000,     small-vehicle,     117
1139.000000, 3993.000000, 1202.000000, 3988.000000, 1202.000000, 4024.000000, 1138.000000, 4028.000000,     small-vehicle,     118
3547.000000, 3719.000000, 3610.000000, 3716.000000, 3612.000000, 3752.000000, 3549.000000, 3755.000000,     small-vehicle,     119
2016.000000, 2498.000000, 2044.000000, 2499.000000, 2046.000000, 2558.000000, 2017.000000, 2559.000000,     small-vehicle,     120
2908.000000, 2504.000000, 2960.000000, 2503.000000, 2963.000000, 2541.000000, 2910.000000, 2543.000000,     small-vehicle,     121
3196.000000, 3699.000000, 3258.000000, 3695.000000, 3261.000000, 3726.000000, 3199.000000, 3729.000000,     small-vehicle,     122
1951.000000, 3961.000000, 2019.000000, 3957.000000, 2020.000000, 3992.000000, 1951.000000, 3997.000000,     small-vehicle,     123
321.000000, 4106.000000, 385.000000, 4101.000000, 384.000000, 4140.000000, 319.000000, 4144.000000,     small-vehicle,     124
2698.000000, 4316.000000, 2758.000000, 4312.000000, 2760.000000, 4341.000000, 2701.000000, 4347.000000,     small-vehicle,     125
1248.000000, 4080.000000, 1312.000000, 4076.000000, 1312.000000, 4107.000000, 1248.000000, 4111.000000,     small-vehicle,     126
2095.000000, 2699.000000, 2126.000000, 2697.000000, 2128.000000, 2773.000000, 2097.000000, 2775.000000,     small-vehicle,     127
416.000000, 3705.000000, 448.000000, 3703.000000, 445.000000, 3775.000000, 414.000000, 3777.000000,     small-vehicle,     128
1953.000000, 3919.000000, 2014.000000, 3916.000000, 2016.000000, 3950.000000, 1954.000000, 3954.000000,     small-vehicle,     129
3043.000000, 2486.000000, 3097.000000, 2485.000000, 3100.000000, 2524.000000, 3046.000000, 2526.000000,     small-vehicle,     130
3101.000000, 3659.000000, 3159.000000, 3656.000000, 3161.000000, 3686.000000, 3104.000000, 3690.000000,     small-vehicle,     131
1398.000000, 3253.000000, 1421.000000, 3252.000000, 1422.000000, 3308.000000, 1399.000000, 3310.000000,     small-vehicle,     132
3419.000000, 4253.000000, 3476.000000, 4247.000000, 3479.000000, 4280.000000, 3421.000000, 4284.000000,     small-vehicle,     133
282.000000, 2817.000000, 355.000000, 2814.000000, 355.000000, 2847.000000, 281.000000, 2849.000000,     small-vehicle,     134
409.000000, 4189.000000, 483.000000, 4183.000000, 483.000000, 4221.000000, 408.000000, 4226.000000,     small-vehicle,     135
1560.000000, 4103.000000, 1616.000000, 4098.000000, 1617.000000, 4134.000000, 1560.000000, 4138.000000,     small-vehicle,     136
625.000000, 4183.000000, 698.000000, 4178.000000, 696.000000, 4215.000000, 623.000000, 4220.000000,     small-vehicle,     137
2412.000000, 4256.000000, 2447.000000, 4254.000000, 2450.000000, 4335.000000, 2415.000000, 4337.000000,     small-vehicle,     138
3564.000000, 3669.000000, 3622.000000, 3665.000000, 3625.000000, 3695.000000, 3567.000000, 3698.000000,     small-vehicle,     139
1392.000000, 3484.000000, 1418.000000, 3483.000000, 1418.000000, 3550.000000, 1392.000000, 3552.000000,     small-vehicle,     140
2064.000000, 3302.000000, 2086.000000, 3300.000000, 2087.000000, 3350.000000, 2065.000000, 3351.000000,     small-vehicle,     144
903.000000, 4109.000000, 964.000000, 4105.000000, 964.000000, 4138.000000, 903.000000, 4143.000000,     small-vehicle,     145
2695.000000, 2530.000000, 2758.000000, 2529.000000, 2759.000000, 2568.000000, 2697.000000, 2569.000000,     small-vehicle,     146
982.000000, 3821.000000, 1032.000000, 3817.000000, 1032.000000, 3851.000000, 982.000000, 3854.000000,     small-vehicle,     147
2355.000000, 3822.000000, 2390.000000, 3820.000000, 2393.000000, 3896.000000, 2357.000000, 3898.000000,     small-vehicle,     148
3457.000000, 3677.000000, 3514.000000, 3673.000000, 3516.000000, 3705.000000, 3460.000000, 3708.000000,     small-vehicle,     149
2732.000000, 3996.000000, 2798.000000, 3991.000000, 2801.000000, 4028.000000, 2733.000000, 4032.000000,     small-vehicle,     150
2300.000000, 2851.000000, 2333.000000, 2850.000000, 2336.000000, 2920.000000, 2303.000000, 2921.000000,     small-vehicle,     151
3829.000000, 3624.000000, 3888.000000, 3621.000000, 3891.000000, 3651.000000, 3832.000000, 3655.000000,     small-vehicle,     152
3101.000000, 2483.000000, 3157.000000, 2480.000000, 3160.000000, 2519.000000, 3104.000000, 2520.000000,     small-vehicle,     153
3338.000000, 4257.000000, 3399.000000, 4251.000000, 3401.000000, 4285.000000, 3340.000000, 4290.000000,     small-vehicle,     154
2220.000000, 3757.000000, 2256.000000, 3755.000000, 2259.000000, 3824.000000, 2222.000000, 3827.000000,     small-vehicle,     155
3380.000000, 4330.000000, 3441.000000, 4325.000000, 3445.000000, 4367.000000, 3383.000000, 4372.000000,     small-vehicle,     156
1737.000000, 4035.000000, 1789.000000, 4031.000000, 1789.000000, 4066.000000, 1738.000000, 4071.000000,     small-vehicle,     158
2197.000000, 4493.000000, 2221.000000, 4491.000000, 2223.000000, 4534.000000, 2198.000000, 4536.000000,     small-vehicle,     159
1628.000000, 3998.000000, 1692.000000, 3993.000000, 1693.000000, 4035.000000, 1629.000000, 4039.000000,     small-vehicle,     160
3578.000000, 3517.000000, 3613.000000, 3515.000000, 3620.000000, 3589.000000, 3584.000000, 3592.000000,     small-vehicle,     161
1452.000000, 3971.000000, 1514.000000, 3967.000000, 1514.000000, 4006.000000, 1453.000000, 4011.000000,     small-vehicle,     162
3641.000000, 3669.000000, 3703.000000, 3665.000000, 3706.000000, 3698.000000, 3643.000000, 3702.000000,     small-vehicle,     163
1766.000000, 2620.000000, 1828.000000, 2619.000000, 1827.000000, 2654.000000, 1767.000000, 2656.000000,     small-vehicle,     164
158.000000, 2818.000000, 227.000000, 2815.000000, 226.000000, 2853.000000, 157.000000, 2855.000000,     small-vehicle,     165
3492.000000, 3947.000000, 3544.000000, 3943.000000, 3547.000000, 3970.000000, 3493.000000, 3976.000000,     small-vehicle,     166
1053.000000, 3997.000000, 1118.000000, 3993.000000, 1118.000000, 4032.000000, 1051.000000, 4037.000000,     small-vehicle,     167
3380.000000, 3686.000000, 3438.000000, 3682.000000, 3440.000000, 3713.000000, 3383.000000, 3717.000000,     small-vehicle,     168
1085.000000, 4144.000000, 1147.000000, 4140.000000, 1147.000000, 4178.000000, 1084.000000, 4182.000000,     small-vehicle,     169
3280.000000, 3737.000000, 3338.000000, 3734.000000, 3341.000000, 3768.000000, 3282.000000, 3771.000000,     small-vehicle,     170
1060.000000, 4093.000000, 1134.000000, 4087.000000, 1134.000000, 4126.000000, 1060.000000, 4133.000000,     small-vehicle,     171
3640.000000, 3720.000000, 3703.000000, 3716.000000, 3706.000000, 3750.000000, 3644.000000, 3755.000000,     small-vehicle,     172
2627.000000, 2540.000000, 2689.000000, 2539.000000, 2691.000000, 2577.000000, 2628.000000, 2578.000000,     small-vehicle,     173
1517.000000, 4049.000000, 1578.000000, 4045.000000, 1580.000000, 4081.000000, 1517.000000, 4085.000000,     small-vehicle,     175
3562.000000, 4748.000000, 3596.000000, 4743.000000, 3602.000000, 4821.000000, 3569.000000, 4824.000000,     small-vehicle,     176
1766.000000, 3768.000000, 1825.000000, 3765.000000, 1826.000000, 3798.000000, 1766.000000, 3802.000000,     small-vehicle,     177
3013.000000, 3762.000000, 3074.000000, 3758.000000, 3076.000000, 3793.000000, 3015.000000, 3797.000000,     small-vehicle,     178
1411.000000, 4116.000000, 1467.000000, 4111.000000, 1467.000000, 4143.000000, 1411.000000, 4148.000000,     small-vehicle,     179
771.000000, 4982.000000, 805.000000, 4977.000000, 804.000000, 5064.000000, 769.000000, 5067.000000,     small-vehicle,     181
3042.000000, 3706.000000, 3103.000000, 3702.000000, 3105.000000, 3736.000000, 3044.000000, 3740.000000,     small-vehicle,     182
1499.000000, 4108.000000, 1559.000000, 4104.000000, 1559.000000, 4138.000000, 1499.000000, 4142.000000,     small-vehicle,     186
2897.000000, 4439.000000, 2927.000000, 4436.000000, 2933.000000, 4522.000000, 2901.000000, 4525.000000,     small-vehicle,     187
2772.000000, 3781.000000, 2836.000000, 3776.000000, 2839.000000, 3810.000000, 2774.000000, 3815.000000,     small-vehicle,     188
1601.000000, 2613.000000, 1665.000000, 2612.000000, 1667.000000, 2645.000000, 1602.000000, 2648.000000,     small-vehicle,     189
1442.000000, 4016.000000, 1506.000000, 4012.000000, 1506.000000, 4047.000000, 1442.000000, 4052.000000,     small-vehicle,     190
2980.000000, 3922.000000, 3045.000000, 3917.000000, 3047.000000, 3952.000000, 2980.000000, 3956.000000,     small-vehicle,     192
3749.000000, 3714.000000, 3820.000000, 3709.000000, 3823.000000, 3745.000000, 3752.000000, 3749.000000,     small-vehicle,     193
2838.000000, 4306.000000, 2869.000000, 4303.000000, 2872.000000, 4334.000000, 2839.000000, 4335.000000,     small-vehicle,     194
3507.000000, 4875.000000, 3531.000000, 4872.000000, 3536.000000, 4942.000000, 3511.000000, 4946.000000,     small-vehicle,     195
3515.000000, 3620.000000, 3566.000000, 3617.000000, 3572.000000, 3687.000000, 3521.000000, 3691.000000,     small-vehicle,     196
1667.000000, 4085.000000, 1725.000000, 4082.000000, 1726.000000, 4118.000000, 1669.000000, 4123.000000,     small-vehicle,     198
2033.000000, 3121.000000, 2072.000000, 3118.000000, 2074.000000, 3191.000000, 2035.000000, 3193.000000,     small-vehicle,     199
3573.000000, 4841.000000, 3600.000000, 4838.000000, 3606.000000, 4909.000000, 3580.000000, 4911.000000,     small-vehicle,     200
3866.000000, 4412.000000, 3893.000000, 4409.000000, 3899.000000, 4469.000000, 3871.000000, 4472.000000,     small-vehicle,     201
2920.000000, 2548.000000, 2987.000000, 2546.000000, 2989.000000, 2581.000000, 2923.000000, 2582.000000,     small-vehicle,     202
1421.000000, 4063.000000, 1475.000000, 4058.000000, 1475.000000, 4092.000000, 1420.000000, 4095.000000,     small-vehicle,     203
1873.000000, 3774.000000, 1922.000000, 3770.000000, 1923.000000, 3803.000000, 1874.000000, 3807.000000,     small-vehicle,     204
3750.000000, 3664.000000, 3817.000000, 3660.000000, 3820.000000, 3697.000000, 3752.000000, 3701.000000,     small-vehicle,     209
2492.000000, 2562.000000, 2553.000000, 2560.000000, 2555.000000, 2592.000000, 2494.000000, 2593.000000,     small-vehicle,     212
121.000000, 4128.000000, 197.000000, 4121.000000, 196.000000, 4162.000000, 120.000000, 4167.000000,     small-vehicle,     213
1174.000000, 4142.000000, 1224.000000, 4138.000000, 1224.000000, 4170.000000, 1174.000000, 4173.000000,     small-vehicle,     214
2404.000000, 3363.000000, 2425.000000, 3362.000000, 2426.000000, 3422.000000, 2406.000000, 3423.000000,     small-vehicle,     215
38.000000, 4241.000000, 85.000000, 4237.000000, 83.000000, 4264.000000, 37.000000, 4267.000000,     small-vehicle,     216
983.000000, 4096.000000, 1049.000000, 4092.000000, 1048.000000, 4130.000000, 983.000000, 4134.000000,     small-vehicle,     217
3462.000000, 3725.000000, 3529.000000, 3721.000000, 3532.000000, 3754.000000, 3465.000000, 3759.000000,     small-vehicle,     218
69.000000, 4179.000000, 153.000000, 4173.000000, 151.000000, 4216.000000, 68.000000, 4223.000000,     small-vehicle,     219
2350.000000, 4940.000000, 2375.000000, 4937.000000, 2376.000000, 4995.000000, 2353.000000, 4997.000000,     small-vehicle,     220
2038.000000, 3233.000000, 2060.000000, 3233.000000, 2061.000000, 3281.000000, 2038.000000, 3281.000000,     small-vehicle,     223
549.000000, 3858.000000, 594.000000, 3854.000000, 593.000000, 3877.000000, 548.000000, 3879.000000,     small-vehicle,     224
2308.000000, 3518.000000, 2349.000000, 3516.000000, 2352.000000, 3628.000000, 2311.000000, 3631.000000,     large-vehicle,     230
1914.000000, 4020.000000, 2005.000000, 4014.000000, 2006.000000, 4063.000000, 1914.000000, 4069.000000,     large-vehicle,     231
2053.000000, 3014.000000, 2095.000000, 3013.000000, 2096.000000, 3109.000000, 2055.000000, 3111.000000,     large-vehicle,     232
2267.000000, 3988.000000, 2314.000000, 3985.000000, 2318.000000, 4089.000000, 2271.000000, 4091.000000,     large-vehicle,     233
2322.000000, 4630.000000, 2366.000000, 4626.000000, 2371.000000, 4746.000000, 2327.000000, 4749.000000,     large-vehicle,     234
3858.000000, 3927.000000, 3926.000000, 3922.000000, 3930.000000, 3966.000000, 3862.000000, 3972.000000,     large-vehicle,     235
707.000000, 4176.000000, 789.000000, 4170.000000, 789.000000, 4213.000000, 706.000000, 4219.000000,     large-vehicle,     236
939.000000, 4153.000000, 1042.000000, 4146.000000, 1042.000000, 4197.000000, 938.000000, 4204.000000,     large-vehicle,     237
2873.000000, 3722.000000, 2938.000000, 3718.000000, 2940.000000, 3754.000000, 2875.000000, 3757.000000,     large-vehicle,     238
2402.000000, 3865.000000, 2450.000000, 3862.000000, 2453.000000, 3964.000000, 2407.000000, 3967.000000,     large-vehicle,     239
1649.000000, 4038.000000, 1719.000000, 4034.000000, 1720.000000, 4076.000000, 1649.000000, 4080.000000,     large-vehicle,     240
2952.000000, 3715.000000, 3028.000000, 3710.000000, 3030.000000, 3746.000000, 2954.000000, 3751.000000,     large-vehicle,     242
2670.000000, 3833.000000, 2783.000000, 3826.000000, 2785.000000, 3874.000000, 2673.000000, 3882.000000,     large-vehicle,     243
2943.000000, 4426.000000, 2970.000000, 4424.000000, 2976.000000, 4520.000000, 2948.000000, 4523.000000,     large-vehicle,     244
2475.000000, 4926.000000, 2503.000000, 4923.000000, 2507.000000, 5019.000000, 2478.000000, 5023.000000,     large-vehicle,     247
2441.000000, 4642.000000, 2472.000000, 4638.000000, 2476.000000, 4733.000000, 2444.000000, 4735.000000,     large-vehicle,     248
203.000000, 4212.000000, 277.000000, 4207.000000, 276.000000, 4244.000000, 201.000000, 4250.000000,     large-vehicle,     250
2307.000000, 4525.000000, 2346.000000, 4522.000000, 2350.000000, 4621.000000, 2310.000000, 4626.000000,     large-vehicle,     253
1886.000000, 3813.000000, 1957.000000, 3808.000000, 1957.000000, 3861.000000, 1887.000000, 3866.000000,     large-vehicle,     279
1770.000000, 4066.000000, 1835.000000, 4062.000000, 1834.000000, 4091.000000, 1772.000000, 4096.000000,     large-vehicle,     284
2449.000000, 4218.000000, 2480.000000, 4216.000000, 2484.000000, 4301.000000, 2453.000000, 4305.000000,     small-vehicle,     289
3900.000000, 4429.000000, 3931.000000, 4427.000000, 3938.000000, 4498.000000, 3906.000000, 4501.000000,     small-vehicle,     291
1339.000000, 4076.000000, 1406.000000, 4071.000000, 1406.000000, 4108.000000, 1339.000000, 4112.000000,     large-vehicle,     303
1848.000000, 4066.000000, 1916.000000, 4061.000000, 1917.000000, 4109.000000, 1848.000000, 4114.000000,     large-vehicle,     306
2331.000000, 3232.000000, 2360.000000, 3229.000000, 2362.000000, 3302.000000, 2332.000000, 3302.000000,     small-vehicle,     309
717.000000, 5078.000000, 755.000000, 5074.000000, 753.000000, 5160.000000, 715.000000, 5165.000000,     small-vehicle,     310
552.000000, 4186.000000, 612.000000, 4181.000000, 610.000000, 4216.000000, 552.000000, 4220.000000,     small-vehicle,     317
2459.000000, 4750.000000, 2490.000000, 4746.000000, 2492.000000, 4825.000000, 2463.000000, 4829.000000,     large-vehicle,     322
3249.000000, 2468.000000, 3309.000000, 2467.000000, 3312.000000, 2502.000000, 3252.000000, 2504.000000,     small-vehicle,     329
3179.000000, 2471.000000, 3236.000000, 2470.000000, 3239.000000, 2508.000000, 3182.000000, 2510.000000,     small-vehicle,     330
3827.000000, 3721.000000, 3896.000000, 3716.000000, 3901.000000, 3758.000000, 3830.000000, 3762.000000,     small-vehicle,     334
1107.000000, 3381.000000, 1173.000000, 3379.000000, 1173.000000, 3414.000000, 1105.000000, 3417.000000,     small-vehicle,     337
3414.000000, 2436.000000, 3481.000000, 2434.000000, 3485.000000, 2491.000000, 3418.000000, 2493.000000,     large-vehicle,     345
1847.000000, 4064.000000, 1913.000000, 4060.000000, 1914.000000, 4101.000000, 1847.000000, 4106.000000,     small-vehicle,     346
68.000000, 4173.000000, 155.000000, 4167.000000, 153.000000, 4209.000000, 67.000000, 4214.000000,     large-vehicle,     348
1779.000000, 3927.000000, 1837.000000, 3923.000000, 1839.000000, 3956.000000, 1779.000000, 3960.000000,     large-vehicle,     351
2076.000000, 2656.000000, 2104.000000, 2655.000000, 2106.000000, 2723.000000, 2079.000000, 2723.000000,     small-vehicle,     353
1274.000000, 3384.000000, 1334.000000, 3380.000000, 1334.000000, 3417.000000, 1274.000000, 3420.000000,     small-vehicle,     360
3309.000000, 2460.000000, 3365.000000, 2459.000000, 3369.000000, 2498.000000, 3312.000000, 2498.000000,     small-vehicle,     364
3025.000000, 2588.000000, 3088.000000, 2587.000000, 3090.000000, 2617.000000, 3028.000000, 2619.000000,     large-vehicle,     373
3349.000000, 3736.000000, 3414.000000, 3732.000000, 3417.000000, 3767.000000, 3352.000000, 3771.000000,     small-vehicle,     379
2462.000000, 4768.000000, 2494.000000, 4765.000000, 2497.000000, 4846.000000, 2465.000000, 4850.000000,     small-vehicle,     380
3487.000000, 2432.000000, 3555.000000, 2431.000000, 3558.000000, 2474.000000, 3491.000000, 2475.000000,     small-vehicle,     382
808.000000, 4116.000000, 869.000000, 4112.000000, 868.000000, 4148.000000, 807.000000, 4153.000000,     small-vehicle,     383
1773.000000, 4081.000000, 1835.000000, 4075.000000, 1836.000000, 4111.000000, 1773.000000, 4115.000000,     small-vehicle,     384
3563.000000, 2423.000000, 3629.000000, 2421.000000, 3632.000000, 2460.000000, 3566.000000, 2461.000000,     small-vehicle,     385
2768.000000, 2574.000000, 2822.000000, 2573.000000, 2824.000000, 2606.000000, 2770.000000, 2608.000000,     small-vehicle,     386
3735.000000, 2401.000000, 3790.000000, 2400.000000, 3792.000000, 2435.000000, 3738.000000, 2436.000000,     small-vehicle,     387
1335.000000, 4076.000000, 1399.000000, 4071.000000, 1399.000000, 4110.000000, 1335.000000, 4114.000000,     small-vehicle,     399
1779.000000, 3934.000000, 1840.000000, 3930.000000, 1841.000000, 3959.000000, 1779.000000, 3963.000000,     small-vehicle,     408
842.000000, 4064.000000, 913.000000, 4060.000000, 913.000000, 4095.000000, 841.000000, 4101.000000,     small-vehicle,     409
3632.000000, 2408.000000, 3697.000000, 2407.000000, 3701.000000, 2448.000000, 3636.000000, 2450.000000,     small-vehicle,     413
2983.000000, 3647.000000, 3010.000000, 3647.000000, 3012.000000, 3670.000000, 2985.000000, 3671.000000,     small-vehicle,     415
3555.000000, 4555.000000, 3586.000000, 4551.000000, 3592.000000, 4614.000000, 3560.000000, 4616.000000,     small-vehicle,     416
2779.000000, 3727.000000, 2854.000000, 3723.000000, 2856.000000, 3758.000000, 2780.000000, 3763.000000,     large-vehicle,     419
1409.000000, 3678.000000, 1455.000000, 3676.000000, 1455.000000, 3773.000000, 1409.000000, 3775.000000,     large-vehicle,     420
2115.000000, 2540.000000, 2149.000000, 2540.000000, 2152.000000, 2622.000000, 2117.000000, 2624.000000,     small-vehicle,     421
2770.000000, 3773.000000, 2836.000000, 3769.000000, 2838.000000, 3803.000000, 2772.000000, 3808.000000,     large-vehicle,     422
2034.000000, 3109.000000, 2071.000000, 3108.000000, 2072.000000, 3179.000000, 2036.000000, 3181.000000,     large-vehicle,     424
3453.000000, 3715.000000, 3521.000000, 3711.000000, 3525.000000, 3745.000000, 3455.000000, 3750.000000,     large-vehicle,     425
2671.000000, 3785.000000, 2745.000000, 3780.000000, 2748.000000, 3822.000000, 2672.000000, 3827.000000,     large-vehicle,     426
3701.000000, 3881.000000, 3763.000000, 3876.000000, 3767.000000, 3914.000000, 3704.000000, 3919.000000,     large-vehicle,     428
2324.000000, 3206.000000, 2356.000000, 3203.000000, 2359.000000, 3278.000000, 2327.000000, 3279.000000,     large-vehicle,     429
69.000000, 4113.000000, 135.000000, 4109.000000, 134.000000, 4147.000000, 68.000000, 4151.000000,     small-vehicle,     430
2195.000000, 3224.000000, 2225.000000, 3223.000000, 2227.000000, 3301.000000, 2197.000000, 3302.000000,     small-vehicle,     431
1984.000000, 2390.000000, 2010.000000, 2390.000000, 2013.000000, 2460.000000, 1984.000000, 2460.000000,     small-vehicle,     432
2011.000000, 2383.000000, 2041.000000, 2381.000000, 2042.000000, 2447.000000, 2014.000000, 2447.000000,     small-vehicle,     433
3706.000000, 3889.000000, 3766.000000, 3884.000000, 3769.000000, 3917.000000, 3709.000000, 3921.000000,     small-vehicle,     434
2427.000000, 4434.000000, 2462.000000, 4431.000000, 2465.000000, 4523.000000, 2431.000000, 4527.000000,     small-vehicle,     435
3753.000000, 2490.000000, 3792.000000, 2491.000000, 3794.000000, 2520.000000, 3756.000000, 2521.000000,     small-vehicle,     436
1200.000000, 3383.000000, 1256.000000, 3379.000000, 1256.000000, 3412.000000, 1200.000000, 3415.000000,     small-vehicle,     438
3214.000000, 4359.000000, 3265.000000, 4354.000000, 3267.000000, 4385.000000, 3216.000000, 4389.000000,     small-vehicle,     440
2779.000000, 3732.000000, 2856.000000, 3727.000000, 2858.000000, 3762.000000, 2780.000000, 3767.000000,     small-vehicle,     442
2914.000000, 4287.000000, 2956.000000, 4283.000000, 2959.000000, 4331.000000, 2917.000000, 4335.000000,     small-vehicle,     443
1721.000000, 3900.000000, 1758.000000, 3898.000000, 1759.000000, 3924.000000, 1722.000000, 3926.000000,     small-vehicle,     444
3204.000000, 2517.000000, 3267.000000, 2515.000000, 3268.000000, 2545.000000, 3207.000000, 2546.000000,     small-vehicle,     445
1532.000000, 2613.000000, 1589.000000, 2611.000000, 1590.000000, 2641.000000, 1532.000000, 2643.000000,     small-vehicle,     446
1408.000000, 3688.000000, 1456.000000, 3684.000000, 1457.000000, 3779.000000, 1408.000000, 3782.000000,     large-vehicle,     447
2779.000000, 3733.000000, 2856.000000, 3728.000000, 2858.000000, 3764.000000, 2780.000000, 3769.000000,     large-vehicle,     448
3455.000000, 3728.000000, 3523.000000, 3723.000000, 3526.000000, 3762.000000, 3458.000000, 3766.000000,     large-vehicle,     449
2329.000000, 3233.000000, 2360.000000, 3231.000000, 2362.000000, 3304.000000, 2330.000000, 3305.000000,     large-vehicle,     450
3735.000000, 3673.000000, 3804.000000, 3669.000000, 3808.000000, 3707.000000, 3738.000000, 3711.000000,     large-vehicle,     451
3167.000000, 2418.000000, 3247.000000, 2418.000000, 3249.000000, 2436.000000, 3167.000000, 2436.000000,     large-vehicle,     452
3347.000000, 3737.000000, 3416.000000, 3733.000000, 3420.000000, 3772.000000, 3350.000000, 3778.000000,     large-vehicle,     453
2777.000000, 3784.000000, 2838.000000, 3779.000000, 2840.000000, 3814.000000, 2778.000000, 3818.000000,     large-vehicle,     454
1771.000000, 4079.000000, 1837.000000, 4074.000000, 1838.000000, 4112.000000, 1772.000000, 4117.000000,     large-vehicle,     455
3705.000000, 3886.000000, 3768.000000, 3882.000000, 3771.000000, 3919.000000, 3707.000000, 3923.000000,     large-vehicle,     456
2094.000000, 2373.000000, 2121.000000, 2372.000000, 2123.000000, 2436.000000, 2096.000000, 2437.000000,     small-vehicle,     457
2383.000000, 3977.000000, 2420.000000, 3974.000000, 2422.000000, 4053.000000, 2385.000000, 4057.000000,     large-vehicle,     458
3334.000000, 3893.000000, 3399.000000, 3889.000000, 3402.000000, 3922.000000, 3336.000000, 3928.000000,     large-vehicle,     459
3010.000000, 3765.000000, 3075.000000, 3760.000000, 3077.000000, 3798.000000, 3012.000000, 3803.000000,     large-vehicle,     460
3455.000000, 3732.000000, 3522.000000, 3726.000000, 3525.000000, 3758.000000, 3458.000000, 3763.000000,     small-vehicle,     461
3350.000000, 3740.000000, 3416.000000, 3736.000000, 3419.000000, 3770.000000, 3353.000000, 3776.000000,     small-vehicle,     462
1848.000000, 4068.000000, 1912.000000, 4064.000000, 1913.000000, 4109.000000, 1848.000000, 4114.000000,     small-vehicle,     463
2965.000000, 2595.000000, 3010.000000, 2594.000000, 3011.000000, 2621.000000, 2967.000000, 2621.000000,     small-vehicle,     464
3121.000000, 2576.000000, 3169.000000, 2576.000000, 3171.000000, 2602.000000, 3123.000000, 2603.000000,     small-vehicle,     465
203.000000, 4205.000000, 279.000000, 4200.000000, 277.000000, 4238.000000, 201.000000, 4244.000000,     small-vehicle,     466
1885.000000, 3814.000000, 1955.000000, 3809.000000, 1955.000000, 3862.000000, 1886.000000, 3867.000000,     small-vehicle,     467
68.000000, 4173.000000, 155.000000, 4167.000000, 152.000000, 4211.000000, 67.000000, 4217.000000,     small-vehicle,     468
1410.000000, 3687.000000, 1456.000000, 3684.000000, 1457.000000, 3778.000000, 1409.000000, 3780.000000,     small-vehicle,     469
2669.000000, 3787.000000, 2743.000000, 3783.000000, 2745.000000, 3823.000000, 2670.000000, 3827.000000,     small-vehicle,     470
2500.000000, 4775.000000, 2535.000000, 4771.000000, 2537.000000, 4839.000000, 2503.000000, 4843.000000,     small-vehicle,     471
