2013.000000, 2852.000000, 2041.000000, 2850.000000, 2042.000000, 2916.000000, 2014.000000, 2917.000000,     small-vehicle,     0
2342.000000, 2910.000000, 2371.000000, 2908.000000, 2373.000000, 2973.000000, 2345.000000, 2975.000000,     small-vehicle,     1
2021.000000, 2933.000000, 2047.000000, 2931.000000, 2047.000000, 2999.000000, 2022.000000, 3000.000000,     small-vehicle,     2
2217.000000, 3458.000000, 2245.000000, 3456.000000, 2247.000000, 3519.000000, 2218.000000, 3520.000000,     small-vehicle,     3
2024.000000, 2570.000000, 2049.000000, 2570.000000, 2050.000000, 2632.000000, 2026.000000, 2633.000000,     small-vehicle,     4
2365.000000, 3260.000000, 2393.000000, 3259.000000, 2396.000000, 3327.000000, 2368.000000, 3328.000000,     small-vehicle,     5
1382.000000, 3656.000000, 1412.000000, 3655.000000, 1411.000000, 3732.000000, 1382.000000, 3734.000000,     small-vehicle,     6
1702.000000, 3939.000000, 1756.000000, 3936.000000, 1756.000000, 3967.000000, 1703.000000, 3970.000000,     small-vehicle,     7
2335.000000, 3094.000000, 2363.000000, 3094.000000, 2365.000000, 3166.000000, 2338.000000, 3167.000000,     small-vehicle,     8
3361.000000, 3640.000000, 3415.000000, 3636.000000, 3417.000000, 3665.000000, 3364.000000, 3668.000000,     small-vehicle,     9
1193.000000, 3817.000000, 1247.000000, 3813.000000, 1247.000000, 3845.000000, 1193.000000, 3849.000000,     small-vehicle,     10
491.000000, 3874.000000, 556.000000, 3869.000000, 555.000000, 3903.000000, 489.000000, 3906.000000,     small-vehicle,     11
1406.000000, 2949.000000, 1436.000000, 2946.000000, 1436.000000, 3024.000000, 1406.000000, 3024.000000,     small-vehicle,     12
2853.000000, 3782.000000, 2905.000000, 3779.000000, 2907.000000, 3810.000000, 2855.000000, 3813.000000,     small-vehicle,     14
2255.000000, 4136.000000, 2286.000000, 4133.000000, 2289.000000, 4210.000000, 2257.000000, 4211.000000,     small-vehicle,     15
2334.000000, 2826.000000, 2364.000000, 2825.000000, 2367.000000, 2896.000000, 2336.000000, 2898.000000,     small-vehicle,     17
1818.000000, 3844.000000, 1872.000000, 3840.000000, 1874.000000, 3871.000000, 1818.000000, 3874.000000,     small-vehicle,     18
2311.000000, 3008.000000, 2366.000000, 3005.000000, 2369.000000, 3076.000000, 2314.000000, 3078.000000,     small-vehicle,     19
2161.000000, 3348.000000, 2196.000000, 3347.000000, 2198.000000, 3411.000000, 2162.000000, 3414.000000,     small-vehicle,     20
2040.000000, 2762.000000, 2067.000000, 2760.000000, 2069.000000, 2827.000000, 2042.000000, 2828.000000,     small-vehicle,     21
1822.000000, 4031.000000, 1888.000000, 4027.000000, 1888.000000, 4061.000000, 1823.000000, 4065.000000,     small-vehicle,     22
2674.000000, 4010.000000, 2728.000000, 4005.000000, 2730.000000, 4034.000000, 2677.000000, 4039.000000,     small-vehicle,     23
144.000000, 3901.000000, 215.000000, 3896.000000, 213.000000, 3928.000000, 143.000000, 3932.000000,     small-vehicle,     25
2377.000000, 3357.000000, 2405.000000, 3355.000000, 2407.000000, 3423.000000, 2379.000000, 3424.000000,     small-vehicle,     26
901.000000, 3836.000000, 970.000000, 3832.000000, 970.000000, 3867.000000, 900.000000, 3872.000000,     small-vehicle,     27
2448.000000, 4218.000000, 2488.000000, 4215.000000, 2492.000000, 4307.000000, 2452.000000, 4309.000000,     small-vehicle,     29
2352.000000, 3171.000000, 2387.000000, 3170.000000, 2390.000000, 3245.000000, 2354.000000, 3246.000000,     small-vehicle,     32
2096.000000, 3540.000000, 2158.000000, 3536.000000, 2161.000000, 3586.000000, 2096.000000, 3590.000000,     small-vehicle,     33
2926.000000, 3769.000000, 2986.000000, 3766.000000, 2988.000000, 3792.000000, 2928.000000, 3797.000000,     small-vehicle,     34
2384.000000, 3474.000000, 2413.000000, 3473.000000, 2417.000000, 3551.000000, 2387.000000, 3551.000000,     small-vehicle,     35
2096.000000, 2950.000000, 2122.000000, 2950.000000, 2123.000000, 3020.000000, 2099.000000, 3021.000000,     small-vehicle,     36
3164.000000, 3748.000000, 3222.000000, 3744.000000, 3224.000000, 3774.000000, 3167.000000, 3779.000000,     small-vehicle,     38
2340.000000, 3332.000000, 2370.000000, 3331.000000, 2372.000000, 3403.000000, 2343.000000, 3405.000000,     small-vehicle,     40
1424.000000, 2589.000000, 1454.000000, 2589.000000, 1455.000000, 2641.000000, 1424.000000, 2642.000000,     small-vehicle,     41
2814.000000, 3680.000000, 2864.000000, 3677.000000, 2867.000000, 3714.000000, 2816.000000, 3716.000000,     small-vehicle,     42
1406.000000, 2869.000000, 1430.000000, 2868.000000, 1430.000000, 2927.000000, 1404.000000, 2929.000000,     small-vehicle,     43
1858.000000, 3926.000000, 1927.000000, 3922.000000, 1928.000000, 3956.000000, 1858.000000, 3961.000000,     small-vehicle,     44
1549.000000, 3949.000000, 1605.000000, 3944.000000, 1605.000000, 3981.000000, 1549.000000, 3985.000000,     small-vehicle,     45
2298.000000, 2719.000000, 2325.000000, 2719.000000, 2328.000000, 2799.000000, 2301.000000, 2800.000000,     small-vehicle,     46
1047.000000, 3827.000000, 1108.000000, 3823.000000, 1108.000000, 3861.000000, 1047.000000, 3866.000000,     small-vehicle,     47
2362.000000, 3092.000000, 2388.000000, 3092.000000, 2390.000000, 3154.000000, 2365.000000, 3155.000000,     small-vehicle,     48
3165.000000, 3656.000000, 3212.000000, 3654.000000, 3214.000000, 3684.000000, 3168.000000, 3687.000000,     small-vehicle,     49
64.000000, 3907.000000, 139.000000, 3902.000000, 137.000000, 3942.000000, 62.000000, 3947.000000,     small-vehicle,     50
606.000000, 3859.000000, 674.000000, 3854.000000, 674.000000, 3892.000000, 605.000000, 3897.000000,     small-vehicle,     51
2269.000000, 4215.000000, 2303.000000, 4213.000000, 2307.000000, 4291.000000, 2272.000000, 4294.000000,     small-vehicle,     52
1549.000000, 4004.000000, 1608.000000, 3999.000000, 1609.000000, 4036.000000, 1549.000000, 4040.000000,     small-vehicle,     53
328.000000, 4201.000000, 394.000000, 4196.000000, 393.000000, 4232.000000, 326.000000, 4236.000000,     small-vehicle,     55
3105.000000, 3973.000000, 3161.000000, 3970.000000, 3163.000000, 4005.000000, 3107.000000, 4009.000000,     small-vehicle,     56
1252.000000, 3988.000000, 1316.000000, 3984.000000, 1316.000000, 4020.000000, 1252.000000, 4024.000000,     small-vehicle,     58
693.000000, 3853.000000, 753.000000, 3849.000000, 752.000000, 3881.000000, 693.000000, 3884.000000,     small-vehicle,     62
3500.000000, 3534.000000, 3535.000000, 3534.000000, 3540.000000, 3601.000000, 3506.000000, 3602.000000,     small-vehicle,     63
1256.000000, 4130.000000, 1312.000000, 4127.000000, 1313.000000, 4162.000000, 1256.000000, 4167.000000,     small-vehicle,     64
3273.000000, 3646.000000, 3337.000000, 3643.000000, 3339.000000, 3672.000000, 3276.000000, 3676.000000,     small-vehicle,     65
2285.000000, 2568.000000, 2314.000000, 2568.000000, 2315.000000, 2630.000000, 2288.000000, 2632.000000,     small-vehicle,     66
955.000000, 4016.000000, 1014.000000, 4012.000000, 1014.000000, 4049.000000, 955.000000, 4052.000000,     small-vehicle,     67
2772.000000, 2520.000000, 2828.000000, 2519.000000, 2828.000000, 2553.000000, 2775.000000, 2554.000000,     small-vehicle,     69
3437.000000, 3633.000000, 3492.000000, 3629.000000, 3494.000000, 3660.000000, 3439.000000, 3662.000000,     small-vehicle,     73
226.000000, 3891.000000, 286.000000, 3887.000000, 285.000000, 3921.000000, 225.000000, 3926.000000,     small-vehicle,     74
1398.000000, 3147.000000, 1430.000000, 3146.000000, 1430.000000, 3216.000000, 1398.000000, 3218.000000,     small-vehicle,     75
2140.000000, 3108.000000, 2168.000000, 3106.000000, 2171.000000, 3185.000000, 2142.000000, 3186.000000,     small-vehicle,     76
2067.000000, 3455.000000, 2094.000000, 3454.000000, 2095.000000, 3518.000000, 2069.000000, 3519.000000,     small-vehicle,     77
2926.000000, 3987.000000, 2992.000000, 3982.000000, 2995.000000, 4017.000000, 2929.000000, 4023.000000,     small-vehicle,     78
406.000000, 2820.000000, 466.000000, 2817.000000, 465.000000, 2853.000000, 405.000000, 2855.000000,     small-vehicle,     79
1714.000000, 3974.000000, 1783.000000, 3970.000000, 1783.000000, 4008.000000, 1714.000000, 4013.000000,     small-vehicle,     80
1342.000000, 4028.000000, 1400.000000, 4024.000000, 1400.000000, 4057.000000, 1342.000000, 4062.000000,     small-vehicle,     82
2801.000000, 3832.000000, 2871.000000, 3828.000000, 2873.000000, 3864.000000, 2803.000000, 3868.000000,     small-vehicle,     83
1357.000000, 3971.000000, 1426.000000, 3966.000000, 1426.000000, 3999.000000, 1357.000000, 4004.000000,     small-vehicle,     84
3028.000000, 2550.000000, 3069.000000, 2549.000000, 3071.000000, 2570.000000, 3029.000000, 2572.000000,     small-vehicle,     85
2294.000000, 2929.000000, 2321.000000, 2929.000000, 2324.000000, 3005.000000, 2296.000000, 3005.000000,     small-vehicle,     86
2561.000000, 2547.000000, 2615.000000, 2546.000000, 2616.000000, 2580.000000, 2563.000000, 2583.000000,     small-vehicle,     87
2598.000000, 3736.000000, 2657.000000, 3731.000000, 2658.000000, 3767.000000, 2600.000000, 3771.000000,     small-vehicle,     88
3564.000000, 3941.000000, 3619.000000, 3937.000000, 3621.000000, 3968.000000, 3566.000000, 3972.000000,     small-vehicle,     89
2207.000000, 3328.000000, 2237.000000, 3328.000000, 2240.000000, 3412.000000, 2211.000000, 3412.000000,     small-vehicle,     90
3656.000000, 3621.000000, 3719.000000, 3617.000000, 3722.000000, 3653.000000, 3660.000000, 3658.000000,     small-vehicle,     91
3282.000000, 3962.000000, 3334.000000, 3957.000000, 3336.000000, 3984.000000, 3284.000000, 3989.000000,     small-vehicle,     92
2064.000000, 3214.000000, 2093.000000, 3213.000000, 2096.000000, 3288.000000, 2067.000000, 3290.000000,     small-vehicle,     94
3092.000000, 3753.000000, 3148.000000, 3749.000000, 3150.000000, 3784.000000, 3093.000000, 3789.000000,     small-vehicle,     96
881.000000, 4018.000000, 944.000000, 4013.000000, 944.000000, 4054.000000, 879.000000, 4058.000000,     small-vehicle,     97
3838.000000, 3664.000000, 3896.000000, 3661.000000, 3900.000000, 3700.000000, 3842.000000, 3705.000000,     small-vehicle,     98
3029.000000, 3979.000000, 3076.000000, 3975.000000, 3078.000000, 4009.000000, 3032.000000, 4014.000000,     small-vehicle,     100
2112.000000, 3257.000000, 2141.000000, 3255.000000, 2143.000000, 3321.000000, 2113.000000, 3321.000000,     small-vehicle,     101
3702.000000, 3934.000000, 3772.000000, 3930.000000, 3774.000000, 3963.000000, 3705.000000, 3969.000000,     small-vehicle,     102
1848.000000, 3973.000000, 1917.000000, 3966.000000, 1916.000000, 4005.000000, 1849.000000, 4009.000000,     small-vehicle,     103
3118.000000, 3699.000000, 3173.000000, 3695.000000, 3175.000000, 3728.000000, 3118.000000, 3732.000000,     small-vehicle,     106
3279.000000, 3689.000000, 3343.000000, 3685.000000, 3346.000000, 3716.000000, 3281.000000, 3720.000000,     small-vehicle,     109
2085.000000, 3362.000000, 2114.000000, 3360.000000, 2115.000000, 3436.000000, 2086.000000, 3437.000000,     small-vehicle,     110
2685.000000, 3724.000000, 2753.000000, 3719.000000, 2755.000000, 3761.000000, 2687.000000, 3765.000000,     small-vehicle,     111
1158.000000, 4090.000000, 1223.000000, 4086.000000, 1223.000000, 4119.000000, 1158.000000, 4125.000000,     small-vehicle,     113
2423.000000, 4434.000000, 2464.000000, 4431.000000, 2467.000000, 4519.000000, 2427.000000, 4521.000000,     small-vehicle,     114
2587.000000, 3790.000000, 2646.000000, 3786.000000, 2649.000000, 3826.000000, 2588.000000, 3831.000000,     small-vehicle,     115
1624.000000, 3939.000000, 1688.000000, 3935.000000, 1688.000000, 3971.000000, 1624.000000, 3975.000000,     small-vehicle,     116
1139.000000, 3993.000000, 1202.000000, 3988.000000, 1202.000000, 4024.000000, 1138.000000, 4028.000000,     small-vehicle,     118
3547.000000, 3718.000000, 3610.000000, 3715.000000, 3612.000000, 3753.000000, 3550.000000, 3757.000000,     small-vehicle,     119
2015.000000, 2498.000000, 2045.000000, 2499.000000, 2046.000000, 2558.000000, 2017.000000, 2559.000000,     small-vehicle,     120
2909.000000, 2507.000000, 2961.000000, 2506.000000, 2963.000000, 2538.000000, 2911.000000, 2540.000000,     small-vehicle,     121
3198.000000, 3699.000000, 3256.000000, 3695.000000, 3259.000000, 3726.000000, 3201.000000, 3729.000000,     small-vehicle,     122
1954.000000, 3961.000000, 2016.000000, 3957.000000, 2017.000000, 3993.000000, 1955.000000, 3997.000000,     small-vehicle,     123
1248.000000, 4077.000000, 1312.000000, 4073.000000, 1312.000000, 4110.000000, 1248.000000, 4114.000000,     small-vehicle,     126
2095.000000, 2700.000000, 2126.000000, 2699.000000, 2128.000000, 2772.000000, 2097.000000, 2773.000000,     small-vehicle,     127
3043.000000, 2490.000000, 3098.000000, 2488.000000, 3100.000000, 2522.000000, 3045.000000, 2523.000000,     small-vehicle,     130
3104.000000, 3659.000000, 3156.000000, 3657.000000, 3158.000000, 3686.000000, 3107.000000, 3690.000000,     small-vehicle,     131
1397.000000, 3251.000000, 1421.000000, 3250.000000, 1422.000000, 3311.000000, 1398.000000, 3313.000000,     small-vehicle,     132
286.000000, 2816.000000, 352.000000, 2814.000000, 350.000000, 2847.000000, 284.000000, 2850.000000,     small-vehicle,     134
412.000000, 4191.000000, 480.000000, 4187.000000, 479.000000, 4218.000000, 411.000000, 4224.000000,     small-vehicle,     135
1562.000000, 4102.000000, 1614.000000, 4099.000000, 1615.000000, 4134.000000, 1562.000000, 4139.000000,     small-vehicle,     136
627.000000, 4185.000000, 696.000000, 4180.000000, 694.000000, 4214.000000, 626.000000, 4219.000000,     small-vehicle,     137
3563.000000, 3668.000000, 3623.000000, 3663.000000, 3626.000000, 3696.000000, 3566.000000, 3700.000000,     small-vehicle,     139
1390.000000, 3480.000000, 1420.000000, 3478.000000, 1421.000000, 3555.000000, 1390.000000, 3558.000000,     small-vehicle,     140
2064.000000, 3302.000000, 2086.000000, 3300.000000, 2087.000000, 3350.000000, 2065.000000, 3352.000000,     small-vehicle,     144
903.000000, 4106.000000, 966.000000, 4102.000000, 964.000000, 4139.000000, 903.000000, 4145.000000,     small-vehicle,     145
983.000000, 3824.000000, 1031.000000, 3819.000000, 1031.000000, 3848.000000, 983.000000, 3852.000000,     small-vehicle,     147
2357.000000, 3822.000000, 2387.000000, 3821.000000, 2390.000000, 3895.000000, 2360.000000, 3897.000000,     small-vehicle,     148
3457.000000, 3676.000000, 3513.000000, 3671.000000, 3516.000000, 3707.000000, 3459.000000, 3711.000000,     small-vehicle,     149
2730.000000, 3995.000000, 2799.000000, 3991.000000, 2802.000000, 4028.000000, 2733.000000, 4032.000000,     small-vehicle,     150
3829.000000, 3621.000000, 3888.000000, 3619.000000, 3892.000000, 3652.000000, 3832.000000, 3657.000000,     small-vehicle,     152
3101.000000, 2486.000000, 3158.000000, 2485.000000, 3161.000000, 2515.000000, 3103.000000, 2515.000000,     small-vehicle,     153
1736.000000, 4035.000000, 1790.000000, 4030.000000, 1790.000000, 4067.000000, 1737.000000, 4071.000000,     small-vehicle,     158
1627.000000, 3996.000000, 1693.000000, 3992.000000, 1693.000000, 4036.000000, 1628.000000, 4041.000000,     small-vehicle,     160
3577.000000, 3518.000000, 3614.000000, 3515.000000, 3621.000000, 3588.000000, 3583.000000, 3591.000000,     small-vehicle,     161
1450.000000, 3972.000000, 1516.000000, 3968.000000, 1516.000000, 4005.000000, 1450.000000, 4010.000000,     small-vehicle,     162
3639.000000, 3666.000000, 3705.000000, 3662.000000, 3708.000000, 3701.000000, 3641.000000, 3705.000000,     small-vehicle,     163
1765.000000, 2621.000000, 1829.000000, 2620.000000, 1828.000000, 2652.000000, 1766.000000, 2655.000000,     small-vehicle,     164
159.000000, 2817.000000, 226.000000, 2816.000000, 224.000000, 2853.000000, 158.000000, 2856.000000,     small-vehicle,     165
3490.000000, 3947.000000, 3546.000000, 3944.000000, 3549.000000, 3970.000000, 3491.000000, 3974.000000,     small-vehicle,     166
1053.000000, 3997.000000, 1118.000000, 3992.000000, 1118.000000, 4033.000000, 1051.000000, 4037.000000,     small-vehicle,     167
3380.000000, 3683.000000, 3438.000000, 3680.000000, 3441.000000, 3716.000000, 3383.000000, 3719.000000,     small-vehicle,     168
1084.000000, 4144.000000, 1148.000000, 4140.000000, 1148.000000, 4178.000000, 1083.000000, 4182.000000,     small-vehicle,     169
3279.000000, 3735.000000, 3340.000000, 3730.000000, 3342.000000, 3771.000000, 3281.000000, 3775.000000,     small-vehicle,     170
1060.000000, 4094.000000, 1134.000000, 4087.000000, 1134.000000, 4126.000000, 1060.000000, 4131.000000,     small-vehicle,     171
3640.000000, 3717.000000, 3701.000000, 3713.000000, 3705.000000, 3755.000000, 3644.000000, 3758.000000,     small-vehicle,     172
2627.000000, 2544.000000, 2689.000000, 2542.000000, 2690.000000, 2573.000000, 2629.000000, 2574.000000,     small-vehicle,     173
1517.000000, 4047.000000, 1578.000000, 4043.000000, 1580.000000, 4082.000000, 1517.000000, 4087.000000,     small-vehicle,     175
1764.000000, 3770.000000, 1827.000000, 3764.000000, 1828.000000, 3797.000000, 1763.000000, 3802.000000,     small-vehicle,     177
3011.000000, 3757.000000, 3074.000000, 3754.000000, 3077.000000, 3797.000000, 3014.000000, 3802.000000,     small-vehicle,     178
1406.000000, 4111.000000, 1472.000000, 4105.000000, 1472.000000, 4150.000000, 1406.000000, 4154.000000,     small-vehicle,     179
3044.000000, 3707.000000, 3102.000000, 3704.000000, 3103.000000, 3735.000000, 3046.000000, 3739.000000,     small-vehicle,     182
1499.000000, 4108.000000, 1558.000000, 4103.000000, 1559.000000, 4138.000000, 1499.000000, 4143.000000,     small-vehicle,     186
1602.000000, 2614.000000, 1664.000000, 2613.000000, 1666.000000, 2645.000000, 1603.000000, 2646.000000,     small-vehicle,     189
1444.000000, 4015.000000, 1505.000000, 4011.000000, 1504.000000, 4048.000000, 1444.000000, 4053.000000,     small-vehicle,     190
3749.000000, 3711.000000, 3819.000000, 3707.000000, 3823.000000, 3747.000000, 3752.000000, 3752.000000,     small-vehicle,     193
3516.000000, 3622.000000, 3565.000000, 3619.000000, 3571.000000, 3684.000000, 3522.000000, 3688.000000,     small-vehicle,     196
1665.000000, 4087.000000, 1728.000000, 4083.000000, 1729.000000, 4118.000000, 1666.000000, 4122.000000,     small-vehicle,     198
2920.000000, 2549.000000, 2987.000000, 2547.000000, 2989.000000, 2580.000000, 2923.000000, 2581.000000,     small-vehicle,     202
1420.000000, 4062.000000, 1476.000000, 4057.000000, 1476.000000, 4093.000000, 1420.000000, 4096.000000,     small-vehicle,     203
2491.000000, 2562.000000, 2555.000000, 2561.000000, 2557.000000, 2590.000000, 2492.000000, 2592.000000,     small-vehicle,     212
125.000000, 4127.000000, 194.000000, 4123.000000, 193.000000, 4163.000000, 124.000000, 4168.000000,     small-vehicle,     213
1173.000000, 4142.000000, 1225.000000, 4138.000000, 1225.000000, 4170.000000, 1173.000000, 4173.000000,     small-vehicle,     214
984.000000, 4096.000000, 1048.000000, 4092.000000, 1046.000000, 4129.000000, 984.000000, 4134.000000,     small-vehicle,     217
2038.000000, 3233.000000, 2060.000000, 3233.000000, 2061.000000, 3281.000000, 2038.000000, 3281.000000,     small-vehicle,     223
2310.000000, 3517.000000, 2347.000000, 3515.000000, 2350.000000, 3629.000000, 2313.000000, 3632.000000,     large-vehicle,     230
1911.000000, 4020.000000, 2008.000000, 4012.000000, 2010.000000, 4063.000000, 1911.000000, 4071.000000,     large-vehicle,     231
2053.000000, 3016.000000, 2095.000000, 3014.000000, 2096.000000, 3107.000000, 2055.000000, 3110.000000,     large-vehicle,     232
705.000000, 4174.000000, 792.000000, 4168.000000, 791.000000, 4216.000000, 704.000000, 4223.000000,     large-vehicle,     236
941.000000, 4154.000000, 1040.000000, 4147.000000, 1040.000000, 4197.000000, 941.000000, 4203.000000,     large-vehicle,     237
2405.000000, 3866.000000, 2446.000000, 3864.000000, 2449.000000, 3962.000000, 2411.000000, 3966.000000,     large-vehicle,     239
1650.000000, 4037.000000, 1718.000000, 4033.000000, 1719.000000, 4077.000000, 1650.000000, 4082.000000,     large-vehicle,     240
2955.000000, 3716.000000, 3025.000000, 3712.000000, 3028.000000, 3745.000000, 2957.000000, 3749.000000,     large-vehicle,     242
553.000000, 4160.000000, 619.000000, 4154.000000, 618.000000, 4189.000000, 551.000000, 4193.000000,     small-vehicle,     317
3249.000000, 2495.000000, 3309.000000, 2493.000000, 3312.000000, 2519.000000, 3251.000000, 2520.000000,     small-vehicle,     329
3178.000000, 2496.000000, 3234.000000, 2495.000000, 3237.000000, 2529.000000, 3181.000000, 2530.000000,     small-vehicle,     330
3807.000000, 3752.000000, 3879.000000, 3746.000000, 3883.000000, 3791.000000, 3810.000000, 3796.000000,     small-vehicle,     334
1113.000000, 3374.000000, 1177.000000, 3372.000000, 1177.000000, 3406.000000, 1113.000000, 3409.000000,     small-vehicle,     337
3409.000000, 2464.000000, 3480.000000, 2463.000000, 3485.000000, 2523.000000, 3413.000000, 2525.000000,     large-vehicle,     345
2105.000000, 3124.000000, 2134.000000, 3122.000000, 2137.000000, 3196.000000, 2108.000000, 3198.000000,     small-vehicle,     353
1272.000000, 3371.000000, 1339.000000, 3368.000000, 1339.000000, 3407.000000, 1272.000000, 3410.000000,     small-vehicle,     360
3308.000000, 2481.000000, 3361.000000, 2479.000000, 3364.000000, 2508.000000, 3309.000000, 2511.000000,     small-vehicle,     364
3488.000000, 2470.000000, 3553.000000, 2468.000000, 3555.000000, 2500.000000, 3490.000000, 2502.000000,     small-vehicle,     382
824.000000, 4080.000000, 888.000000, 4076.000000, 887.000000, 4114.000000, 822.000000, 4119.000000,     small-vehicle,     383
3559.000000, 2454.000000, 3630.000000, 2453.000000, 3632.000000, 2488.000000, 3562.000000, 2490.000000,     small-vehicle,     385
2817.000000, 2601.000000, 2875.000000, 2599.000000, 2877.000000, 2651.000000, 2821.000000, 2653.000000,     small-vehicle,     386
1182.000000, 4015.000000, 1252.000000, 4011.000000, 1252.000000, 4046.000000, 1182.000000, 4052.000000,     small-vehicle,     409
2176.000000, 2990.000000, 2205.000000, 2988.000000, 2209.000000, 3073.000000, 2178.000000, 3074.000000,     small-vehicle,     421
632.000000, 4041.000000, 692.000000, 4038.000000, 692.000000, 4078.000000, 630.000000, 4083.000000,     small-vehicle,     430
2196.000000, 3226.000000, 2224.000000, 3225.000000, 2227.000000, 3298.000000, 2198.000000, 3298.000000,     small-vehicle,     431
1986.000000, 2396.000000, 2012.000000, 2396.000000, 2014.000000, 2462.000000, 1987.000000, 2462.000000,     small-vehicle,     432
2013.000000, 2389.000000, 2045.000000, 2388.000000, 2047.000000, 2453.000000, 2015.000000, 2455.000000,     small-vehicle,     433
1200.000000, 3373.000000, 1261.000000, 3370.000000, 1261.000000, 3404.000000, 1200.000000, 3406.000000,     small-vehicle,     438
3068.000000, 2556.000000, 3129.000000, 2554.000000, 3132.000000, 2588.000000, 3071.000000, 2590.000000,     small-vehicle,     445
1540.000000, 2619.000000, 1594.000000, 2617.000000, 1595.000000, 2643.000000, 1541.000000, 2644.000000,     small-vehicle,     446
2137.000000, 2867.000000, 2163.000000, 2866.000000, 2163.000000, 2932.000000, 2140.000000, 2934.000000,     small-vehicle,     457
3349.000000, 3758.000000, 3415.000000, 3754.000000, 3418.000000, 3792.000000, 3352.000000, 3797.000000,     small-vehicle,     462
1856.000000, 4054.000000, 1915.000000, 4049.000000, 1917.000000, 4098.000000, 1857.000000, 4104.000000,     small-vehicle,     463
3119.000000, 2595.000000, 3181.000000, 2593.000000, 3183.000000, 2628.000000, 3120.000000, 2629.000000,     small-vehicle,     465
2274.000000, 2310.000000, 2299.000000, 2309.000000, 2302.000000, 2384.000000, 2276.000000, 2384.000000,     small-vehicle,     484
256.000000, 2897.000000, 335.000000, 2895.000000, 333.000000, 2915.000000, 256.000000, 2918.000000,     large-vehicle,     498
1981.000000, 2334.000000, 2005.000000, 2333.000000, 2007.000000, 2394.000000, 1982.000000, 2395.000000,     small-vehicle,     506
64.000000, 2809.000000, 132.000000, 2807.000000, 129.000000, 2844.000000, 61.000000, 2847.000000,     small-vehicle,     511
2084.000000, 2691.000000, 2112.000000, 2692.000000, 2114.000000, 2757.000000, 2086.000000, 2758.000000,     small-vehicle,     531
1559.000000, 4202.000000, 1608.000000, 4199.000000, 1608.000000, 4254.000000, 1560.000000, 4259.000000,     small-vehicle,     537
2872.000000, 3733.000000, 2941.000000, 3729.000000, 2944.000000, 3772.000000, 2874.000000, 3776.000000,     large-vehicle,     553
2252.000000, 2188.000000, 2276.000000, 2188.000000, 2278.000000, 2243.000000, 2255.000000, 2244.000000,     small-vehicle,     564
2287.000000, 2194.000000, 2315.000000, 2195.000000, 2317.000000, 2255.000000, 2289.000000, 2256.000000,     small-vehicle,     568
424.000000, 4068.000000, 494.000000, 4063.000000, 493.000000, 4101.000000, 423.000000, 4105.000000,     small-vehicle,     569
1648.000000, 2695.000000, 1702.000000, 2693.000000, 1702.000000, 2717.000000, 1648.000000, 2720.000000,     small-vehicle,     575
3508.000000, 2554.000000, 3573.000000, 2552.000000, 3575.000000, 2582.000000, 3510.000000, 2584.000000,     small-vehicle,     577
3630.000000, 2444.000000, 3693.000000, 2442.000000, 3696.000000, 2480.000000, 3632.000000, 2481.000000,     small-vehicle,     578
2583.000000, 3859.000000, 2644.000000, 3854.000000, 2645.000000, 3888.000000, 2585.000000, 3893.000000,     small-vehicle,     583
2279.000000, 2112.000000, 2307.000000, 2112.000000, 2310.000000, 2178.000000, 2280.000000, 2177.000000,     small-vehicle,     590
2035.000000, 3117.000000, 2074.000000, 3116.000000, 2076.000000, 3189.000000, 2036.000000, 3191.000000,     small-vehicle,     591
1989.000000, 2140.000000, 2019.000000, 2140.000000, 2020.000000, 2211.000000, 1991.000000, 2211.000000,     small-vehicle,     593
1873.000000, 3738.000000, 1926.000000, 3735.000000, 1927.000000, 3772.000000, 1875.000000, 3775.000000,     small-vehicle,     598
1335.000000, 4060.000000, 1405.000000, 4055.000000, 1405.000000, 4094.000000, 1335.000000, 4100.000000,     small-vehicle,     613
2689.000000, 2646.000000, 2740.000000, 2644.000000, 2743.000000, 2672.000000, 2690.000000, 2672.000000,     small-vehicle,     614
1007.000000, 4028.000000, 1068.000000, 4023.000000, 1068.000000, 4062.000000, 1006.000000, 4066.000000,     small-vehicle,     615
2263.000000, 2033.000000, 2289.000000, 2033.000000, 2291.000000, 2093.000000, 2266.000000, 2093.000000,     small-vehicle,     632
2039.000000, 2235.000000, 2068.000000, 2234.000000, 2070.000000, 2311.000000, 2040.000000, 2312.000000,     small-vehicle,     635
2947.000000, 2615.000000, 3006.000000, 2613.000000, 3007.000000, 2647.000000, 2949.000000, 2647.000000,     small-vehicle,     636
3728.000000, 3704.000000, 3800.000000, 3698.000000, 3804.000000, 3739.000000, 3730.000000, 3744.000000,     small-vehicle,     637
1991.000000, 2013.000000, 2018.000000, 2013.000000, 2019.000000, 2081.000000, 1993.000000, 2081.000000,     small-vehicle,     638
1780.000000, 3929.000000, 1837.000000, 3926.000000, 1838.000000, 3953.000000, 1780.000000, 3957.000000,     small-vehicle,     659
1955.000000, 1971.000000, 1982.000000, 1971.000000, 1983.000000, 2033.000000, 1957.000000, 2033.000000,     small-vehicle,     660
201.000000, 4073.000000, 263.000000, 4069.000000, 261.000000, 4105.000000, 199.000000, 4109.000000,     small-vehicle,     661
2372.000000, 3927.000000, 2414.000000, 3923.000000, 2418.000000, 4019.000000, 2375.000000, 4023.000000,     small-vehicle,     662
2075.000000, 2123.000000, 2102.000000, 2123.000000, 2105.000000, 2189.000000, 2077.000000, 2189.000000,     small-vehicle,     663
2290.000000, 3497.000000, 2323.000000, 3494.000000, 2325.000000, 3570.000000, 2293.000000, 3573.000000,     small-vehicle,     664
1771.000000, 4070.000000, 1840.000000, 4066.000000, 1841.000000, 4102.000000, 1772.000000, 4108.000000,     small-vehicle,     665
2263.000000, 1949.000000, 2289.000000, 1948.000000, 2292.000000, 2013.000000, 2266.000000, 2013.000000,     small-vehicle,     666
2146.000000, 2695.000000, 2177.000000, 2694.000000, 2180.000000, 2755.000000, 2147.000000, 2757.000000,     small-vehicle,     667
524.000000, 2013.000000, 588.000000, 2012.000000, 587.000000, 2046.000000, 524.000000, 2046.000000,     small-vehicle,     668
48.000000, 4198.000000, 92.000000, 4194.000000, 91.000000, 4222.000000, 47.000000, 4227.000000,     small-vehicle,     672
213.000000, 4173.000000, 286.000000, 4169.000000, 284.000000, 4206.000000, 211.000000, 4211.000000,     large-vehicle,     676
3436.000000, 3726.000000, 3507.000000, 3722.000000, 3510.000000, 3762.000000, 3438.000000, 3766.000000,     small-vehicle,     685
3731.000000, 3892.000000, 3782.000000, 3888.000000, 3785.000000, 3922.000000, 3734.000000, 3925.000000,     small-vehicle,     686
432.000000, 2901.000000, 500.000000, 2899.000000, 499.000000, 2932.000000, 431.000000, 2934.000000,     small-vehicle,     687
861.000000, 4374.000000, 894.000000, 4373.000000, 893.000000, 4431.000000, 860.000000, 4433.000000,     small-vehicle,     691
2775.000000, 3741.000000, 2852.000000, 3736.000000, 2854.000000, 3772.000000, 2778.000000, 3779.000000,     large-vehicle,     692
1811.000000, 3825.000000, 1876.000000, 3821.000000, 1876.000000, 3860.000000, 1812.000000, 3864.000000,     large-vehicle,     693
2300.000000, 2854.000000, 2332.000000, 2851.000000, 2335.000000, 2924.000000, 2302.000000, 2926.000000,     large-vehicle,     695
2663.000000, 3842.000000, 2781.000000, 3835.000000, 2784.000000, 3886.000000, 2666.000000, 3895.000000,     large-vehicle,     697
2370.000000, 3929.000000, 2412.000000, 3927.000000, 2416.000000, 4020.000000, 2373.000000, 4024.000000,     large-vehicle,     698
2303.000000, 2354.000000, 2333.000000, 2355.000000, 2336.000000, 2428.000000, 2307.000000, 2430.000000,     large-vehicle,     700
1948.000000, 1901.000000, 1976.000000, 1900.000000, 1977.000000, 1957.000000, 1949.000000, 1956.000000,     small-vehicle,     704
1978.000000, 3954.000000, 2045.000000, 3949.000000, 2046.000000, 3984.000000, 1979.000000, 3989.000000,     small-vehicle,     706
662.000000, 2859.000000, 731.000000, 2857.000000, 729.000000, 2920.000000, 660.000000, 2922.000000,     small-vehicle,     708
2775.000000, 3735.000000, 2829.000000, 3732.000000, 2830.000000, 3768.000000, 2778.000000, 3772.000000,     small-vehicle,     709
1028.000000, 3943.000000, 1075.000000, 3939.000000, 1075.000000, 3970.000000, 1028.000000, 3973.000000,     small-vehicle,     713
2259.000000, 1864.000000, 2284.000000, 1863.000000, 2286.000000, 1921.000000, 2261.000000, 1922.000000,     small-vehicle,     718
2328.000000, 3222.000000, 2359.000000, 3222.000000, 2362.000000, 3296.000000, 2330.000000, 3298.000000,     large-vehicle,     720
3016.000000, 2579.000000, 3085.000000, 2576.000000, 3086.000000, 2614.000000, 3017.000000, 2616.000000,     large-vehicle,     721
2669.000000, 3796.000000, 2745.000000, 3791.000000, 2748.000000, 3831.000000, 2670.000000, 3836.000000,     large-vehicle,     722
1338.000000, 4053.000000, 1409.000000, 4047.000000, 1409.000000, 4087.000000, 1338.000000, 4092.000000,     large-vehicle,     724
2695.000000, 2529.000000, 2755.000000, 2528.000000, 2756.000000, 2564.000000, 2696.000000, 2566.000000,     large-vehicle,     727
2301.000000, 2854.000000, 2334.000000, 2851.000000, 2337.000000, 2924.000000, 2303.000000, 2926.000000,     small-vehicle,     729
2555.000000, 3945.000000, 2620.000000, 3940.000000, 2621.000000, 3995.000000, 2557.000000, 4000.000000,     small-vehicle,     730
2769.000000, 3768.000000, 2835.000000, 3764.000000, 2838.000000, 3800.000000, 2770.000000, 3805.000000,     small-vehicle,     731
608.000000, 2006.000000, 704.000000, 2006.000000, 702.000000, 2041.000000, 607.000000, 2042.000000,     small-vehicle,     732
211.000000, 4142.000000, 286.000000, 4136.000000, 284.000000, 4175.000000, 209.000000, 4180.000000,     small-vehicle,     734
3872.000000, 3907.000000, 3915.000000, 3903.000000, 3918.000000, 3933.000000, 3875.000000, 3937.000000,     small-vehicle,     735
2565.000000, 2656.000000, 2617.000000, 2654.000000, 2618.000000, 2680.000000, 2566.000000, 2681.000000,     small-vehicle,     736
3021.000000, 2607.000000, 3086.000000, 2605.000000, 3088.000000, 2642.000000, 3024.000000, 2644.000000,     small-vehicle,     737
2374.000000, 3928.000000, 2415.000000, 3926.000000, 2419.000000, 4018.000000, 2377.000000, 4021.000000,     small-vehicle,     738
1393.000000, 3572.000000, 1410.000000, 3572.000000, 1410.000000, 3611.000000, 1392.000000, 3611.000000,     small-vehicle,     739
152.000000, 4175.000000, 203.000000, 4172.000000, 201.000000, 4207.000000, 150.000000, 4211.000000,     small-vehicle,     742
2024.000000, 1948.000000, 2061.000000, 1949.000000, 2063.000000, 2036.000000, 2026.000000, 2036.000000,     large-vehicle,     744
2698.000000, 2526.000000, 2755.000000, 2525.000000, 2755.000000, 2558.000000, 2699.000000, 2559.000000,     small-vehicle,     745
2563.000000, 3961.000000, 2629.000000, 3957.000000, 2632.000000, 4009.000000, 2566.000000, 4014.000000,     large-vehicle,     748
2036.000000, 2206.000000, 2063.000000, 2205.000000, 2066.000000, 2286.000000, 2038.000000, 2287.000000,     large-vehicle,     750
2290.000000, 3488.000000, 2329.000000, 3486.000000, 2334.000000, 3628.000000, 2295.000000, 3629.000000,     large-vehicle,     751
3435.000000, 3733.000000, 3507.000000, 3728.000000, 3511.000000, 3769.000000, 3439.000000, 3774.000000,     large-vehicle,     752
2300.000000, 2834.000000, 2334.000000, 2832.000000, 2337.000000, 2911.000000, 2303.000000, 2913.000000,     large-vehicle,     753
2696.000000, 2549.000000, 2755.000000, 2548.000000, 2758.000000, 2581.000000, 2698.000000, 2584.000000,     small-vehicle,     754
-30.000000, 4185.000000, 34.000000, 4181.000000, 32.000000, 4216.000000, -32.000000, 4222.000000,     small-vehicle,     755
2507.000000, 2664.000000, 2554.000000, 2661.000000, 2555.000000, 2689.000000, 2508.000000, 2691.000000,     small-vehicle,     756
2570.000000, 3970.000000, 2631.000000, 3966.000000, 2634.000000, 4015.000000, 2572.000000, 4019.000000,     small-vehicle,     757
2040.000000, 1823.000000, 2068.000000, 1824.000000, 2070.000000, 1902.000000, 2043.000000, 1901.000000,     small-vehicle,     758
21.000000, 4098.000000, 88.000000, 4094.000000, 87.000000, 4129.000000, 19.000000, 4133.000000,     small-vehicle,     759
3438.000000, 3750.000000, 3509.000000, 3746.000000, 3512.000000, 3785.000000, 3441.000000, 3789.000000,     small-vehicle,     760
2217.000000, 1773.000000, 2246.000000, 1774.000000, 2248.000000, 1838.000000, 2218.000000, 1837.000000,     small-vehicle,     761
1939.000000, 1818.000000, 1972.000000, 1818.000000, 1974.000000, 1881.000000, 1941.000000, 1881.000000,     small-vehicle,     762
2371.000000, 3929.000000, 2411.000000, 3927.000000, 2415.000000, 4020.000000, 2374.000000, 4024.000000,     small-vehicle,     763
2329.000000, 3234.000000, 2360.000000, 3232.000000, 2363.000000, 3308.000000, 2331.000000, 3309.000000,     small-vehicle,     764
1855.000000, 2693.000000, 1902.000000, 2692.000000, 1902.000000, 2715.000000, 1855.000000, 2716.000000,     small-vehicle,     765
2769.000000, 3786.000000, 2836.000000, 3780.000000, 2838.000000, 3817.000000, 2772.000000, 3821.000000,     small-vehicle,     766
3727.000000, 2522.000000, 3786.000000, 2521.000000, 3788.000000, 2557.000000, 3730.000000, 2558.000000,     small-vehicle,     767
211.000000, 4158.000000, 287.000000, 4153.000000, 285.000000, 4196.000000, 209.000000, 4201.000000,     small-vehicle,     768
525.000000, 2883.000000, 571.000000, 2881.000000, 570.000000, 2910.000000, 525.000000, 2911.000000,     small-vehicle,     769
2768.000000, 3791.000000, 2838.000000, 3787.000000, 2840.000000, 3824.000000, 2770.000000, 3829.000000,     large-vehicle,     770
3018.000000, 2596.000000, 3086.000000, 2594.000000, 3088.000000, 2630.000000, 3020.000000, 2632.000000,     large-vehicle,     771
607.000000, 2019.000000, 701.000000, 2017.000000, 699.000000, 2055.000000, 605.000000, 2056.000000,     large-vehicle,     772
2334.000000, 3510.000000, 2375.000000, 3508.000000, 2379.000000, 3604.000000, 2339.000000, 3606.000000,     large-vehicle,     773
2038.000000, 1818.000000, 2067.000000, 1819.000000, 2069.000000, 1889.000000, 2041.000000, 1889.000000,     large-vehicle,     774
