2013.000000, 2854.000000, 2040.000000, 2852.000000, 2042.000000, 2915.000000, 2014.000000, 2915.000000,     small-vehicle,     0
2341.000000, 2909.000000, 2372.000000, 2907.000000, 2374.000000, 2974.000000, 2344.000000, 2977.000000,     small-vehicle,     1
2021.000000, 2935.000000, 2046.000000, 2933.000000, 2047.000000, 2998.000000, 2023.000000, 2999.000000,     small-vehicle,     2
2219.000000, 3461.000000, 2243.000000, 3460.000000, 2244.000000, 3515.000000, 2220.000000, 3517.000000,     small-vehicle,     3
2023.000000, 2570.000000, 2050.000000, 2569.000000, 2051.000000, 2633.000000, 2025.000000, 2633.000000,     small-vehicle,     4
2364.000000, 3260.000000, 2394.000000, 3258.000000, 2397.000000, 3328.000000, 2367.000000, 3328.000000,     small-vehicle,     5
1381.000000, 3656.000000, 1413.000000, 3655.000000, 1412.000000, 3732.000000, 1381.000000, 3734.000000,     small-vehicle,     6
2335.000000, 3096.000000, 2363.000000, 3095.000000, 2365.000000, 3165.000000, 2338.000000, 3165.000000,     small-vehicle,     8
3368.000000, 3642.000000, 3408.000000, 3639.000000, 3410.000000, 3663.000000, 3369.000000, 3666.000000,     small-vehicle,     9
492.000000, 3872.000000, 555.000000, 3868.000000, 554.000000, 3903.000000, 490.000000, 3907.000000,     small-vehicle,     11
1406.000000, 2949.000000, 1436.000000, 2946.000000, 1436.000000, 3024.000000, 1406.000000, 3025.000000,     small-vehicle,     12
2851.000000, 3779.000000, 2907.000000, 3775.000000, 2908.000000, 3813.000000, 2853.000000, 3816.000000,     small-vehicle,     14
2334.000000, 2826.000000, 2364.000000, 2825.000000, 2367.000000, 2896.000000, 2336.000000, 2898.000000,     small-vehicle,     17
1817.000000, 3844.000000, 1873.000000, 3840.000000, 1874.000000, 3871.000000, 1818.000000, 3874.000000,     small-vehicle,     18
2311.000000, 3008.000000, 2366.000000, 3006.000000, 2369.000000, 3075.000000, 2314.000000, 3077.000000,     small-vehicle,     19
2040.000000, 2762.000000, 2067.000000, 2760.000000, 2069.000000, 2827.000000, 2041.000000, 2828.000000,     small-vehicle,     21
146.000000, 3896.000000, 213.000000, 3892.000000, 211.000000, 3932.000000, 145.000000, 3936.000000,     small-vehicle,     25
2376.000000, 3355.000000, 2405.000000, 3353.000000, 2409.000000, 3425.000000, 2379.000000, 3427.000000,     small-vehicle,     26
906.000000, 3837.000000, 966.000000, 3833.000000, 965.000000, 3867.000000, 904.000000, 3871.000000,     small-vehicle,     27
2450.000000, 4219.000000, 2486.000000, 4216.000000, 2490.000000, 4306.000000, 2453.000000, 4309.000000,     small-vehicle,     29
2352.000000, 3171.000000, 2387.000000, 3170.000000, 2390.000000, 3245.000000, 2354.000000, 3246.000000,     small-vehicle,     32
2098.000000, 3545.000000, 2157.000000, 3540.000000, 2158.000000, 3582.000000, 2098.000000, 3585.000000,     small-vehicle,     33
2928.000000, 3765.000000, 2985.000000, 3762.000000, 2987.000000, 3796.000000, 2929.000000, 3799.000000,     small-vehicle,     34
2383.000000, 3473.000000, 2414.000000, 3471.000000, 2418.000000, 3552.000000, 2386.000000, 3552.000000,     small-vehicle,     35
2096.000000, 2950.000000, 2121.000000, 2950.000000, 2123.000000, 3020.000000, 2099.000000, 3021.000000,     small-vehicle,     36
3161.000000, 3744.000000, 3225.000000, 3740.000000, 3228.000000, 3780.000000, 3163.000000, 3784.000000,     small-vehicle,     38
2341.000000, 3332.000000, 2370.000000, 3331.000000, 2372.000000, 3405.000000, 2344.000000, 3405.000000,     small-vehicle,     40
1411.000000, 2596.000000, 1467.000000, 2595.000000, 1466.000000, 2635.000000, 1412.000000, 2636.000000,     small-vehicle,     41
2813.000000, 3679.000000, 2865.000000, 3675.000000, 2868.000000, 3715.000000, 2815.000000, 3718.000000,     small-vehicle,     42
1406.000000, 2868.000000, 1430.000000, 2868.000000, 1430.000000, 2929.000000, 1404.000000, 2929.000000,     small-vehicle,     43
2298.000000, 2720.000000, 2325.000000, 2721.000000, 2328.000000, 2798.000000, 2301.000000, 2799.000000,     small-vehicle,     46
1046.000000, 3827.000000, 1109.000000, 3823.000000, 1109.000000, 3861.000000, 1046.000000, 3866.000000,     small-vehicle,     47
2362.000000, 3093.000000, 2388.000000, 3092.000000, 2390.000000, 3153.000000, 2364.000000, 3154.000000,     small-vehicle,     48
3163.000000, 3655.000000, 3214.000000, 3653.000000, 3216.000000, 3685.000000, 3166.000000, 3688.000000,     small-vehicle,     49
66.000000, 3907.000000, 137.000000, 3902.000000, 135.000000, 3942.000000, 64.000000, 3947.000000,     small-vehicle,     50
608.000000, 3861.000000, 673.000000, 3857.000000, 673.000000, 3888.000000, 606.000000, 3892.000000,     small-vehicle,     51
693.000000, 3853.000000, 753.000000, 3848.000000, 752.000000, 3881.000000, 693.000000, 3886.000000,     small-vehicle,     62
3502.000000, 3534.000000, 3532.000000, 3533.000000, 3537.000000, 3601.000000, 3507.000000, 3603.000000,     small-vehicle,     63
3279.000000, 3646.000000, 3332.000000, 3643.000000, 3334.000000, 3672.000000, 3281.000000, 3676.000000,     small-vehicle,     65
2276.000000, 2570.000000, 2322.000000, 2568.000000, 2325.000000, 2630.000000, 2278.000000, 2631.000000,     small-vehicle,     66
3436.000000, 3632.000000, 3494.000000, 3628.000000, 3496.000000, 3660.000000, 3438.000000, 3663.000000,     small-vehicle,     73
228.000000, 3891.000000, 284.000000, 3889.000000, 282.000000, 3921.000000, 227.000000, 3924.000000,     small-vehicle,     74
1399.000000, 3147.000000, 1429.000000, 3146.000000, 1429.000000, 3216.000000, 1399.000000, 3218.000000,     small-vehicle,     75
2140.000000, 3106.000000, 2169.000000, 3104.000000, 2171.000000, 3187.000000, 2141.000000, 3188.000000,     small-vehicle,     76
2067.000000, 3453.000000, 2094.000000, 3453.000000, 2095.000000, 3520.000000, 2069.000000, 3520.000000,     small-vehicle,     77
403.000000, 2824.000000, 469.000000, 2821.000000, 467.000000, 2850.000000, 403.000000, 2852.000000,     small-vehicle,     79
2803.000000, 3830.000000, 2869.000000, 3826.000000, 2872.000000, 3866.000000, 2804.000000, 3871.000000,     small-vehicle,     83
3027.000000, 2546.000000, 3070.000000, 2545.000000, 3072.000000, 2573.000000, 3028.000000, 2575.000000,     small-vehicle,     85
2293.000000, 2929.000000, 2322.000000, 2928.000000, 2325.000000, 3005.000000, 2295.000000, 3006.000000,     small-vehicle,     86
2598.000000, 3735.000000, 2657.000000, 3730.000000, 2659.000000, 3768.000000, 2599.000000, 3772.000000,     small-vehicle,     88
2207.000000, 3329.000000, 2236.000000, 3328.000000, 2239.000000, 3411.000000, 2211.000000, 3412.000000,     small-vehicle,     90
3655.000000, 3619.000000, 3719.000000, 3615.000000, 3723.000000, 3655.000000, 3659.000000, 3660.000000,     small-vehicle,     91
3092.000000, 3753.000000, 3147.000000, 3749.000000, 3149.000000, 3784.000000, 3093.000000, 3789.000000,     small-vehicle,     96
3838.000000, 3664.000000, 3896.000000, 3661.000000, 3900.000000, 3701.000000, 3842.000000, 3705.000000,     small-vehicle,     98
3020.000000, 3977.000000, 3085.000000, 3973.000000, 3088.000000, 4011.000000, 3022.000000, 4015.000000,     small-vehicle,     100
2111.000000, 3258.000000, 2142.000000, 3257.000000, 2144.000000, 3318.000000, 2112.000000, 3320.000000,     small-vehicle,     101
3118.000000, 3697.000000, 3173.000000, 3694.000000, 3175.000000, 3730.000000, 3118.000000, 3734.000000,     small-vehicle,     106
3277.000000, 3687.000000, 3344.000000, 3681.000000, 3346.000000, 3719.000000, 3280.000000, 3723.000000,     small-vehicle,     109
2084.000000, 3360.000000, 2114.000000, 3360.000000, 2117.000000, 3437.000000, 2086.000000, 3437.000000,     small-vehicle,     110
2687.000000, 3723.000000, 2752.000000, 3719.000000, 2754.000000, 3761.000000, 2688.000000, 3765.000000,     small-vehicle,     111
2426.000000, 4435.000000, 2461.000000, 4431.000000, 2464.000000, 4518.000000, 2430.000000, 4521.000000,     small-vehicle,     114
2583.000000, 3788.000000, 2649.000000, 3783.000000, 2652.000000, 3829.000000, 2585.000000, 3833.000000,     small-vehicle,     115
3551.000000, 3718.000000, 3606.000000, 3715.000000, 3608.000000, 3753.000000, 3553.000000, 3755.000000,     small-vehicle,     119
2015.000000, 2497.000000, 2045.000000, 2498.000000, 2046.000000, 2559.000000, 2017.000000, 2561.000000,     small-vehicle,     120
2909.000000, 2507.000000, 2961.000000, 2507.000000, 2962.000000, 2538.000000, 2911.000000, 2539.000000,     small-vehicle,     121
3198.000000, 3697.000000, 3257.000000, 3694.000000, 3260.000000, 3727.000000, 3200.000000, 3731.000000,     small-vehicle,     122
2095.000000, 2700.000000, 2126.000000, 2698.000000, 2128.000000, 2772.000000, 2098.000000, 2774.000000,     small-vehicle,     127
3046.000000, 2493.000000, 3096.000000, 2491.000000, 3098.000000, 2518.000000, 3048.000000, 2520.000000,     small-vehicle,     130
3104.000000, 3658.000000, 3156.000000, 3655.000000, 3158.000000, 3687.000000, 3107.000000, 3691.000000,     small-vehicle,     131
1397.000000, 3249.000000, 1422.000000, 3248.000000, 1423.000000, 3314.000000, 1398.000000, 3314.000000,     small-vehicle,     132
3561.000000, 3663.000000, 3624.000000, 3660.000000, 3627.000000, 3699.000000, 3564.000000, 3705.000000,     small-vehicle,     139
1390.000000, 3480.000000, 1419.000000, 3478.000000, 1420.000000, 3555.000000, 1390.000000, 3558.000000,     small-vehicle,     140
2063.000000, 3302.000000, 2087.000000, 3300.000000, 2088.000000, 3350.000000, 2064.000000, 3352.000000,     small-vehicle,     144
981.000000, 3822.000000, 1033.000000, 3818.000000, 1033.000000, 3849.000000, 981.000000, 3853.000000,     small-vehicle,     147
2357.000000, 3823.000000, 2387.000000, 3821.000000, 2390.000000, 3895.000000, 2360.000000, 3896.000000,     small-vehicle,     148
3457.000000, 3673.000000, 3513.000000, 3669.000000, 3516.000000, 3709.000000, 3460.000000, 3714.000000,     small-vehicle,     149
3831.000000, 3619.000000, 3886.000000, 3616.000000, 3890.000000, 3655.000000, 3834.000000, 3659.000000,     small-vehicle,     152
3580.000000, 3521.000000, 3612.000000, 3519.000000, 3618.000000, 3585.000000, 3585.000000, 3587.000000,     small-vehicle,     161
3640.000000, 3664.000000, 3703.000000, 3659.000000, 3707.000000, 3704.000000, 3643.000000, 3708.000000,     small-vehicle,     163
1767.000000, 2622.000000, 1827.000000, 2621.000000, 1826.000000, 2651.000000, 1768.000000, 2654.000000,     small-vehicle,     164
160.000000, 2822.000000, 225.000000, 2819.000000, 223.000000, 2850.000000, 158.000000, 2850.000000,     small-vehicle,     165
3483.000000, 3939.000000, 3551.000000, 3934.000000, 3555.000000, 3978.000000, 3487.000000, 3982.000000,     small-vehicle,     166
3380.000000, 3683.000000, 3438.000000, 3680.000000, 3441.000000, 3716.000000, 3383.000000, 3719.000000,     small-vehicle,     168
3280.000000, 3736.000000, 3338.000000, 3733.000000, 3340.000000, 3769.000000, 3282.000000, 3772.000000,     small-vehicle,     170
3642.000000, 3718.000000, 3700.000000, 3713.000000, 3703.000000, 3755.000000, 3646.000000, 3757.000000,     small-vehicle,     172
1764.000000, 3768.000000, 1827.000000, 3764.000000, 1828.000000, 3798.000000, 1763.000000, 3802.000000,     small-vehicle,     177
3039.000000, 3703.000000, 3105.000000, 3700.000000, 3108.000000, 3738.000000, 3042.000000, 3742.000000,     small-vehicle,     182
3516.000000, 3622.000000, 3565.000000, 3619.000000, 3571.000000, 3684.000000, 3522.000000, 3688.000000,     small-vehicle,     196
2920.000000, 2550.000000, 2987.000000, 2548.000000, 2989.000000, 2579.000000, 2923.000000, 2580.000000,     small-vehicle,     202
2037.000000, 3232.000000, 2061.000000, 3231.000000, 2063.000000, 3282.000000, 2037.000000, 3283.000000,     small-vehicle,     223
2309.000000, 3518.000000, 2348.000000, 3516.000000, 2351.000000, 3628.000000, 2312.000000, 3631.000000,     large-vehicle,     230
2054.000000, 3016.000000, 2094.000000, 3015.000000, 2095.000000, 3107.000000, 2056.000000, 3107.000000,     large-vehicle,     232
2409.000000, 3868.000000, 2443.000000, 3865.000000, 2446.000000, 3961.000000, 2414.000000, 3963.000000,     large-vehicle,     239
2959.000000, 3716.000000, 3020.000000, 3713.000000, 3023.000000, 3745.000000, 2962.000000, 3749.000000,     large-vehicle,     242
3177.000000, 2508.000000, 3232.000000, 2506.000000, 3234.000000, 2534.000000, 3179.000000, 2535.000000,     small-vehicle,     330
1116.000000, 3364.000000, 1180.000000, 3361.000000, 1180.000000, 3397.000000, 1116.000000, 3401.000000,     small-vehicle,     337
3411.000000, 2481.000000, 3479.000000, 2479.000000, 3484.000000, 2540.000000, 3416.000000, 2541.000000,     large-vehicle,     345
2112.000000, 3228.000000, 2142.000000, 3228.000000, 2144.000000, 3299.000000, 2113.000000, 3301.000000,     small-vehicle,     353
1277.000000, 3364.000000, 1342.000000, 3361.000000, 1342.000000, 3395.000000, 1277.000000, 3400.000000,     small-vehicle,     360
3560.000000, 2471.000000, 3627.000000, 2469.000000, 3630.000000, 2501.000000, 3563.000000, 2502.000000,     small-vehicle,     385
2823.000000, 2618.000000, 2880.000000, 2618.000000, 2883.000000, 2661.000000, 2826.000000, 2664.000000,     small-vehicle,     386
2186.000000, 3100.000000, 2216.000000, 3099.000000, 2218.000000, 3179.000000, 2189.000000, 3179.000000,     small-vehicle,     421
2198.000000, 3222.000000, 2226.000000, 3222.000000, 2228.000000, 3293.000000, 2199.000000, 3296.000000,     small-vehicle,     431
1989.000000, 2396.000000, 2015.000000, 2394.000000, 2017.000000, 2462.000000, 1990.000000, 2462.000000,     small-vehicle,     432
2016.000000, 2387.000000, 2046.000000, 2387.000000, 2048.000000, 2451.000000, 2018.000000, 2452.000000,     small-vehicle,     433
1205.000000, 3363.000000, 1260.000000, 3361.000000, 1260.000000, 3393.000000, 1204.000000, 3396.000000,     small-vehicle,     438
3065.000000, 2565.000000, 3124.000000, 2563.000000, 3126.000000, 2596.000000, 3068.000000, 2597.000000,     small-vehicle,     445
2154.000000, 3124.000000, 2179.000000, 3123.000000, 2182.000000, 3189.000000, 2156.000000, 3189.000000,     small-vehicle,     457
3345.000000, 3751.000000, 3411.000000, 3747.000000, 3414.000000, 3787.000000, 3348.000000, 3792.000000,     small-vehicle,     462
2274.000000, 2311.000000, 2302.000000, 2310.000000, 2305.000000, 2386.000000, 2276.000000, 2386.000000,     small-vehicle,     484
262.000000, 2891.000000, 339.000000, 2888.000000, 337.000000, 2912.000000, 261.000000, 2913.000000,     large-vehicle,     498
1987.000000, 2332.000000, 2012.000000, 2331.000000, 2013.000000, 2391.000000, 1988.000000, 2392.000000,     small-vehicle,     506
92.000000, 2803.000000, 135.000000, 2802.000000, 133.000000, 2824.000000, 90.000000, 2826.000000,     small-vehicle,     511
2110.000000, 2988.000000, 2139.000000, 2986.000000, 2141.000000, 3052.000000, 2111.000000, 3053.000000,     small-vehicle,     531
2872.000000, 3737.000000, 2937.000000, 3732.000000, 2940.000000, 3774.000000, 2874.000000, 3780.000000,     large-vehicle,     553
2253.000000, 2182.000000, 2278.000000, 2182.000000, 2280.000000, 2242.000000, 2256.000000, 2243.000000,     small-vehicle,     564
2289.000000, 2195.000000, 2317.000000, 2196.000000, 2319.000000, 2255.000000, 2291.000000, 2257.000000,     small-vehicle,     568
1649.000000, 2691.000000, 1708.000000, 2689.000000, 1708.000000, 2718.000000, 1649.000000, 2721.000000,     small-vehicle,     575
3514.000000, 2568.000000, 3570.000000, 2567.000000, 3572.000000, 2596.000000, 3516.000000, 2598.000000,     small-vehicle,     577
3630.000000, 2461.000000, 3691.000000, 2459.000000, 3693.000000, 2493.000000, 3634.000000, 2495.000000,     small-vehicle,     578
2281.000000, 2113.000000, 2308.000000, 2114.000000, 2311.000000, 2181.000000, 2283.000000, 2182.000000,     small-vehicle,     590
2037.000000, 3113.000000, 2077.000000, 3112.000000, 2078.000000, 3183.000000, 2038.000000, 3186.000000,     small-vehicle,     591
1992.000000, 2137.000000, 2021.000000, 2137.000000, 2022.000000, 2205.000000, 1995.000000, 2204.000000,     small-vehicle,     593
2691.000000, 2649.000000, 2746.000000, 2646.000000, 2748.000000, 2676.000000, 2693.000000, 2677.000000,     small-vehicle,     614
2265.000000, 2032.000000, 2291.000000, 2032.000000, 2293.000000, 2093.000000, 2268.000000, 2092.000000,     small-vehicle,     632
2069.000000, 2584.000000, 2097.000000, 2582.000000, 2098.000000, 2660.000000, 2072.000000, 2661.000000,     small-vehicle,     635
2947.000000, 2621.000000, 3007.000000, 2619.000000, 3008.000000, 2652.000000, 2950.000000, 2654.000000,     small-vehicle,     636
3727.000000, 3714.000000, 3795.000000, 3708.000000, 3801.000000, 3757.000000, 3732.000000, 3763.000000,     small-vehicle,     637
1957.000000, 1972.000000, 1985.000000, 1971.000000, 1986.000000, 2032.000000, 1959.000000, 2032.000000,     small-vehicle,     660
2100.000000, 2453.000000, 2130.000000, 2452.000000, 2130.000000, 2507.000000, 2103.000000, 2508.000000,     small-vehicle,     663
2257.000000, 3159.000000, 2286.000000, 3158.000000, 2288.000000, 3229.000000, 2260.000000, 3230.000000,     small-vehicle,     664
2265.000000, 1949.000000, 2291.000000, 1949.000000, 2294.000000, 2012.000000, 2268.000000, 2014.000000,     small-vehicle,     666
2172.000000, 2885.000000, 2201.000000, 2885.000000, 2202.000000, 2942.000000, 2174.000000, 2943.000000,     small-vehicle,     667
537.000000, 2023.000000, 591.000000, 2023.000000, 590.000000, 2052.000000, 535.000000, 2054.000000,     small-vehicle,     668
1952.000000, 1901.000000, 1978.000000, 1899.000000, 1979.000000, 1957.000000, 1954.000000, 1958.000000,     small-vehicle,     704
793.000000, 2845.000000, 850.000000, 2844.000000, 849.000000, 2879.000000, 791.000000, 2881.000000,     small-vehicle,     708
2262.000000, 1864.000000, 2286.000000, 1864.000000, 2288.000000, 1925.000000, 2264.000000, 1925.000000,     small-vehicle,     718
2696.000000, 2554.000000, 2757.000000, 2553.000000, 2759.000000, 2581.000000, 2698.000000, 2583.000000,     large-vehicle,     727
2565.000000, 2659.000000, 2618.000000, 2657.000000, 2618.000000, 2685.000000, 2566.000000, 2686.000000,     small-vehicle,     736
2046.000000, 2250.000000, 2081.000000, 2249.000000, 2083.000000, 2336.000000, 2049.000000, 2338.000000,     large-vehicle,     744
2500.000000, 2664.000000, 2558.000000, 2662.000000, 2559.000000, 2695.000000, 2502.000000, 2697.000000,     small-vehicle,     756
2219.000000, 1768.000000, 2248.000000, 1769.000000, 2251.000000, 1843.000000, 2220.000000, 1843.000000,     small-vehicle,     761
1945.000000, 1821.000000, 1975.000000, 1821.000000, 1977.000000, 1885.000000, 1947.000000, 1885.000000,     small-vehicle,     762
2303.000000, 3591.000000, 2347.000000, 3589.000000, 2350.000000, 3682.000000, 2306.000000, 3685.000000,     small-vehicle,     763
1854.000000, 2696.000000, 1906.000000, 2696.000000, 1906.000000, 2716.000000, 1854.000000, 2717.000000,     small-vehicle,     765
3725.000000, 2541.000000, 3779.000000, 2539.000000, 3781.000000, 2574.000000, 3728.000000, 2575.000000,     small-vehicle,     767
2058.000000, 2043.000000, 2085.000000, 2043.000000, 2087.000000, 2117.000000, 2060.000000, 2118.000000,     small-vehicle,     784
3211.000000, 2594.000000, 3268.000000, 2592.000000, 3271.000000, 2625.000000, 3213.000000, 2628.000000,     small-vehicle,     789
1781.000000, 3808.000000, 1848.000000, 3804.000000, 1849.000000, 3852.000000, 1782.000000, 3856.000000,     small-vehicle,     790
3647.000000, 2550.000000, 3709.000000, 2548.000000, 3713.000000, 2585.000000, 3650.000000, 2587.000000,     small-vehicle,     792
2776.000000, 3737.000000, 2850.000000, 3732.000000, 2852.000000, 3770.000000, 2779.000000, 3775.000000,     large-vehicle,     802
1934.000000, 1688.000000, 1961.000000, 1689.000000, 1962.000000, 1755.000000, 1934.000000, 1754.000000,     small-vehicle,     813
3319.000000, 1737.000000, 3340.000000, 1737.000000, 3346.000000, 1798.000000, 3324.000000, 1797.000000,     small-vehicle,     815
2044.000000, 1850.000000, 2075.000000, 1848.000000, 2075.000000, 1914.000000, 2046.000000, 1915.000000,     small-vehicle,     816
2434.000000, 1715.000000, 2482.000000, 1715.000000, 2483.000000, 1743.000000, 2436.000000, 1743.000000,     small-vehicle,     818
2636.000000, 2636.000000, 2686.000000, 2634.000000, 2688.000000, 2695.000000, 2639.000000, 2696.000000,     small-vehicle,     824
2565.000000, 2563.000000, 2615.000000, 2561.000000, 2617.000000, 2593.000000, 2567.000000, 2595.000000,     small-vehicle,     839
1942.000000, 1637.000000, 1963.000000, 1639.000000, 1964.000000, 1680.000000, 1942.000000, 1681.000000,     small-vehicle,     840
2416.000000, 1635.000000, 2469.000000, 1636.000000, 2470.000000, 1662.000000, 2418.000000, 1663.000000,     small-vehicle,     841
3022.000000, 2616.000000, 3086.000000, 2615.000000, 3089.000000, 2647.000000, 3024.000000, 2649.000000,     small-vehicle,     844
2477.000000, 1628.000000, 2530.000000, 1628.000000, 2532.000000, 1661.000000, 2479.000000, 1661.000000,     small-vehicle,     845
1284.000000, 2791.000000, 1341.000000, 2788.000000, 1341.000000, 2830.000000, 1284.000000, 2832.000000,     small-vehicle,     846
1753.000000, 2105.000000, 1808.000000, 2105.000000, 1808.000000, 2133.000000, 1754.000000, 2133.000000,     small-vehicle,     847
3243.000000, 2509.000000, 3297.000000, 2506.000000, 3298.000000, 2530.000000, 3245.000000, 2532.000000,     small-vehicle,     853
2117.000000, 2752.000000, 2156.000000, 2750.000000, 2159.000000, 2847.000000, 2120.000000, 2848.000000,     large-vehicle,     856
2329.000000, 3230.000000, 2361.000000, 3228.000000, 2364.000000, 3307.000000, 2331.000000, 3309.000000,     large-vehicle,     857
2042.000000, 1711.000000, 2069.000000, 1710.000000, 2070.000000, 1771.000000, 2043.000000, 1771.000000,     small-vehicle,     867
2731.000000, 1613.000000, 2786.000000, 1614.000000, 2787.000000, 1639.000000, 2733.000000, 1640.000000,     small-vehicle,     870
618.000000, 2032.000000, 711.000000, 2032.000000, 711.000000, 2064.000000, 616.000000, 2065.000000,     small-vehicle,     871
2850.000000, 1597.000000, 2911.000000, 1598.000000, 2913.000000, 1625.000000, 2852.000000, 1625.000000,     small-vehicle,     875
1580.000000, 2694.000000, 1639.000000, 2692.000000, 1639.000000, 2732.000000, 1580.000000, 2733.000000,     small-vehicle,     876
3100.000000, 2513.000000, 3157.000000, 2512.000000, 3159.000000, 2546.000000, 3102.000000, 2547.000000,     small-vehicle,     877
3309.000000, 1660.000000, 3334.000000, 1660.000000, 3337.000000, 1707.000000, 3313.000000, 1707.000000,     small-vehicle,     878
2664.000000, 1612.000000, 2709.000000, 1611.000000, 2710.000000, 1640.000000, 2666.000000, 1640.000000,     small-vehicle,     879
2605.000000, 1620.000000, 2659.000000, 1619.000000, 2661.000000, 1654.000000, 2606.000000, 1654.000000,     small-vehicle,     880
2067.000000, 3204.000000, 2096.000000, 3204.000000, 2099.000000, 3281.000000, 2070.000000, 3283.000000,     small-vehicle,     884
1919.000000, 1600.000000, 1941.000000, 1599.000000, 1942.000000, 1646.000000, 1920.000000, 1646.000000,     small-vehicle,     885
3368.000000, 1549.000000, 3418.000000, 1550.000000, 3419.000000, 1579.000000, 3371.000000, 1580.000000,     small-vehicle,     886
1994.000000, 2014.000000, 2020.000000, 2014.000000, 2022.000000, 2083.000000, 1996.000000, 2083.000000,     small-vehicle,     887
3026.000000, 1582.000000, 3084.000000, 1582.000000, 3087.000000, 1611.000000, 3028.000000, 1610.000000,     small-vehicle,     889
1366.000000, 1868.000000, 1389.000000, 1868.000000, 1389.000000, 1908.000000, 1366.000000, 1909.000000,     small-vehicle,     890
1126.000000, 3036.000000, 1162.000000, 3035.000000, 1162.000000, 3083.000000, 1125.000000, 3085.000000,     small-vehicle,     891
1921.000000, 1515.000000, 1944.000000, 1515.000000, 1945.000000, 1572.000000, 1922.000000, 1571.000000,     small-vehicle,     892
3145.000000, 1572.000000, 3199.000000, 1573.000000, 3202.000000, 1605.000000, 3147.000000, 1605.000000,     small-vehicle,     893
3314.000000, 1553.000000, 3365.000000, 1554.000000, 3367.000000, 1582.000000, 3316.000000, 1582.000000,     small-vehicle,     894
2942.000000, 1585.000000, 2999.000000, 1585.000000, 3001.000000, 1621.000000, 2944.000000, 1621.000000,     small-vehicle,     895
3467.000000, 1535.000000, 3516.000000, 1536.000000, 3519.000000, 1565.000000, 3470.000000, 1565.000000,     small-vehicle,     897
1871.000000, 3756.000000, 1923.000000, 3753.000000, 1924.000000, 3787.000000, 1872.000000, 3792.000000,     small-vehicle,     898
1782.000000, 3814.000000, 1850.000000, 3810.000000, 1851.000000, 3856.000000, 1783.000000, 3861.000000,     large-vehicle,     900
3316.000000, 1630.000000, 3361.000000, 1629.000000, 3363.000000, 1656.000000, 3319.000000, 1654.000000,     small-vehicle,     901
2796.000000, 1602.000000, 2844.000000, 1603.000000, 2846.000000, 1628.000000, 2797.000000, 1628.000000,     small-vehicle,     904
647.000000, 2481.000000, 713.000000, 2480.000000, 712.000000, 2519.000000, 647.000000, 2520.000000,     small-vehicle,     909
2490.000000, 1714.000000, 2525.000000, 1714.000000, 2526.000000, 1737.000000, 2491.000000, 1738.000000,     small-vehicle,     915
3133.000000, 1650.000000, 3187.000000, 1651.000000, 3188.000000, 1678.000000, 3135.000000, 1679.000000,     small-vehicle,     916
2220.000000, 1447.000000, 2249.000000, 1447.000000, 2251.000000, 1510.000000, 2223.000000, 1509.000000,     small-vehicle,     917
2303.000000, 2843.000000, 2334.000000, 2843.000000, 2338.000000, 2919.000000, 2304.000000, 2919.000000,     small-vehicle,     918
872.000000, 2874.000000, 936.000000, 2871.000000, 936.000000, 2910.000000, 872.000000, 2912.000000,     small-vehicle,     919
2705.000000, 2555.000000, 2757.000000, 2554.000000, 2759.000000, 2581.000000, 2707.000000, 2582.000000,     small-vehicle,     920
2199.000000, 1482.000000, 2231.000000, 1483.000000, 2233.000000, 1550.000000, 2201.000000, 1549.000000,     small-vehicle,     921
2328.000000, 3222.000000, 2361.000000, 3222.000000, 2364.000000, 3301.000000, 2330.000000, 3302.000000,     small-vehicle,     923
3602.000000, 1522.000000, 3645.000000, 1522.000000, 3648.000000, 1547.000000, 3605.000000, 1547.000000,     small-vehicle,     924
2778.000000, 3742.000000, 2829.000000, 3739.000000, 2831.000000, 3780.000000, 2781.000000, 3782.000000,     small-vehicle,     927
1993.000000, 1605.000000, 2021.000000, 1605.000000, 2022.000000, 1668.000000, 1995.000000, 1668.000000,     small-vehicle,     930
2303.000000, 2851.000000, 2333.000000, 2849.000000, 2336.000000, 2921.000000, 2305.000000, 2924.000000,     large-vehicle,     933
3020.000000, 2611.000000, 3085.000000, 2609.000000, 3088.000000, 2644.000000, 3022.000000, 2646.000000,     large-vehicle,     934
2775.000000, 2544.000000, 2832.000000, 2543.000000, 2834.000000, 2574.000000, 2777.000000, 2576.000000,     large-vehicle,     935
2053.000000, 2017.000000, 2084.000000, 2017.000000, 2087.000000, 2089.000000, 2056.000000, 2090.000000,     large-vehicle,     936
2308.000000, 2371.000000, 2335.000000, 2371.000000, 2337.000000, 2442.000000, 2310.000000, 2441.000000,     large-vehicle,     938
2301.000000, 3594.000000, 2346.000000, 3592.000000, 2349.000000, 3689.000000, 2305.000000, 3691.000000,     large-vehicle,     939
2383.000000, 3467.000000, 2415.000000, 3465.000000, 2418.000000, 3545.000000, 2385.000000, 3547.000000,     small-vehicle,     940
2303.000000, 2849.000000, 2336.000000, 2848.000000, 2339.000000, 2924.000000, 2305.000000, 2926.000000,     small-vehicle,     941
3309.000000, 2500.000000, 3359.000000, 2500.000000, 3361.000000, 2522.000000, 3311.000000, 2525.000000,     small-vehicle,     942
3579.000000, 2563.000000, 3643.000000, 2560.000000, 3645.000000, 2589.000000, 3582.000000, 2590.000000,     small-vehicle,     943
2217.000000, 1383.000000, 2240.000000, 1384.000000, 2242.000000, 1430.000000, 2218.000000, 1430.000000,     small-vehicle,     944
2304.000000, 3595.000000, 2345.000000, 3593.000000, 2348.000000, 3689.000000, 2308.000000, 3690.000000,     small-vehicle,     945
2331.000000, 3238.000000, 2361.000000, 3237.000000, 2364.000000, 3307.000000, 2333.000000, 3308.000000,     small-vehicle,     946
1393.000000, 3557.000000, 1409.000000, 3556.000000, 1409.000000, 3617.000000, 1392.000000, 3618.000000,     small-vehicle,     947
1782.000000, 3815.000000, 1849.000000, 3812.000000, 1849.000000, 3857.000000, 1783.000000, 3863.000000,     small-vehicle,     948
1912.000000, 1382.000000, 1937.000000, 1382.000000, 1939.000000, 1445.000000, 1913.000000, 1445.000000,     small-vehicle,     949
2632.000000, 2562.000000, 2690.000000, 2561.000000, 2692.000000, 2586.000000, 2634.000000, 2588.000000,     small-vehicle,     950
3271.000000, 2592.000000, 3335.000000, 2590.000000, 3337.000000, 2617.000000, 3273.000000, 2618.000000,     small-vehicle,     951
1783.000000, 2694.000000, 1836.000000, 2693.000000, 1836.000000, 2714.000000, 1783.000000, 2714.000000,     small-vehicle,     952
3484.000000, 2477.000000, 3553.000000, 2475.000000, 3555.000000, 2508.000000, 3487.000000, 2510.000000,     small-vehicle,     953
2306.000000, 2315.000000, 2331.000000, 2316.000000, 2334.000000, 2364.000000, 2308.000000, 2364.000000,     small-vehicle,     954
2493.000000, 2573.000000, 2553.000000, 2572.000000, 2555.000000, 2598.000000, 2494.000000, 2600.000000,     small-vehicle,     955
2210.000000, 2372.000000, 2226.000000, 2371.000000, 2227.000000, 2405.000000, 2211.000000, 2404.000000,     small-vehicle,     956
3020.000000, 2615.000000, 3085.000000, 2614.000000, 3088.000000, 2650.000000, 3023.000000, 2652.000000,     large-vehicle,     957
615.000000, 2032.000000, 711.000000, 2032.000000, 711.000000, 2064.000000, 613.000000, 2065.000000,     large-vehicle,     958
2058.000000, 2044.000000, 2086.000000, 2044.000000, 2088.000000, 2120.000000, 2060.000000, 2119.000000,     large-vehicle,     959
2381.000000, 3466.000000, 2415.000000, 3464.000000, 2418.000000, 3546.000000, 2384.000000, 3548.000000,     large-vehicle,     960
1995.000000, 2018.000000, 2021.000000, 2018.000000, 2021.000000, 2080.000000, 1996.000000, 2080.000000,     large-vehicle,     961
3076.000000, 1656.000000, 3125.000000, 1656.000000, 3128.000000, 1685.000000, 3078.000000, 1686.000000,     small-vehicle,     962
1976.000000, 1396.000000, 2003.000000, 1397.000000, 2006.000000, 1473.000000, 1979.000000, 1472.000000,     small-vehicle,     963
