2013.000000, 2852.000000, 2040.000000, 2851.000000, 2042.000000, 2916.000000, 2014.000000, 2916.000000,     small-vehicle,     0
2342.000000, 2910.000000, 2371.000000, 2908.000000, 2373.000000, 2974.000000, 2344.000000, 2977.000000,     small-vehicle,     1
2021.000000, 2936.000000, 2046.000000, 2935.000000, 2047.000000, 2997.000000, 2023.000000, 2998.000000,     small-vehicle,     2
2217.000000, 3458.000000, 2244.000000, 3456.000000, 2247.000000, 3520.000000, 2219.000000, 3520.000000,     small-vehicle,     3
2023.000000, 2570.000000, 2050.000000, 2569.000000, 2052.000000, 2633.000000, 2024.000000, 2633.000000,     small-vehicle,     4
2365.000000, 3261.000000, 2392.000000, 3259.000000, 2395.000000, 3327.000000, 2368.000000, 3327.000000,     small-vehicle,     5
1381.000000, 3656.000000, 1413.000000, 3655.000000, 1412.000000, 3732.000000, 1381.000000, 3734.000000,     small-vehicle,     6
1701.000000, 3938.000000, 1757.000000, 3935.000000, 1757.000000, 3968.000000, 1702.000000, 3971.000000,     small-vehicle,     7
2335.000000, 3094.000000, 2363.000000, 3094.000000, 2365.000000, 3166.000000, 2338.000000, 3167.000000,     small-vehicle,     8
3362.000000, 3640.000000, 3414.000000, 3635.000000, 3416.000000, 3665.000000, 3365.000000, 3669.000000,     small-vehicle,     9
492.000000, 3874.000000, 555.000000, 3869.000000, 554.000000, 3903.000000, 490.000000, 3906.000000,     small-vehicle,     11
1406.000000, 2950.000000, 1436.000000, 2948.000000, 1436.000000, 3022.000000, 1406.000000, 3023.000000,     small-vehicle,     12
2853.000000, 3781.000000, 2905.000000, 3777.000000, 2907.000000, 3811.000000, 2855.000000, 3815.000000,     small-vehicle,     14
2334.000000, 2827.000000, 2364.000000, 2826.000000, 2367.000000, 2895.000000, 2336.000000, 2897.000000,     small-vehicle,     17
1818.000000, 3843.000000, 1872.000000, 3840.000000, 1874.000000, 3872.000000, 1818.000000, 3874.000000,     small-vehicle,     18
2311.000000, 3008.000000, 2365.000000, 3005.000000, 2368.000000, 3076.000000, 2314.000000, 3078.000000,     small-vehicle,     19
2040.000000, 2759.000000, 2067.000000, 2758.000000, 2069.000000, 2829.000000, 2041.000000, 2830.000000,     small-vehicle,     21
1822.000000, 4029.000000, 1888.000000, 4024.000000, 1888.000000, 4063.000000, 1823.000000, 4067.000000,     small-vehicle,     22
2673.000000, 4009.000000, 2729.000000, 4005.000000, 2731.000000, 4035.000000, 2676.000000, 4039.000000,     small-vehicle,     23
146.000000, 3902.000000, 213.000000, 3896.000000, 212.000000, 3927.000000, 144.000000, 3932.000000,     small-vehicle,     25
2377.000000, 3356.000000, 2405.000000, 3354.000000, 2408.000000, 3424.000000, 2379.000000, 3426.000000,     small-vehicle,     26
902.000000, 3837.000000, 969.000000, 3833.000000, 968.000000, 3867.000000, 902.000000, 3871.000000,     small-vehicle,     27
2448.000000, 4219.000000, 2487.000000, 4217.000000, 2492.000000, 4305.000000, 2452.000000, 4308.000000,     small-vehicle,     29
2352.000000, 3171.000000, 2387.000000, 3170.000000, 2390.000000, 3245.000000, 2354.000000, 3246.000000,     small-vehicle,     32
2096.000000, 3541.000000, 2159.000000, 3537.000000, 2161.000000, 3585.000000, 2096.000000, 3589.000000,     small-vehicle,     33
2927.000000, 3768.000000, 2986.000000, 3763.000000, 2988.000000, 3795.000000, 2928.000000, 3798.000000,     small-vehicle,     34
2383.000000, 3473.000000, 2414.000000, 3471.000000, 2418.000000, 3552.000000, 2386.000000, 3554.000000,     small-vehicle,     35
2096.000000, 2949.000000, 2122.000000, 2949.000000, 2123.000000, 3021.000000, 2099.000000, 3022.000000,     small-vehicle,     36
3162.000000, 3744.000000, 3224.000000, 3740.000000, 3227.000000, 3778.000000, 3164.000000, 3784.000000,     small-vehicle,     38
2340.000000, 3332.000000, 2371.000000, 3331.000000, 2373.000000, 3402.000000, 2343.000000, 3405.000000,     small-vehicle,     40
1426.000000, 2591.000000, 1452.000000, 2590.000000, 1453.000000, 2640.000000, 1426.000000, 2640.000000,     small-vehicle,     41
2813.000000, 3682.000000, 2865.000000, 3679.000000, 2868.000000, 3712.000000, 2815.000000, 3715.000000,     small-vehicle,     42
1406.000000, 2869.000000, 1429.000000, 2869.000000, 1429.000000, 2927.000000, 1405.000000, 2927.000000,     small-vehicle,     43
1859.000000, 3926.000000, 1926.000000, 3922.000000, 1927.000000, 3956.000000, 1859.000000, 3961.000000,     small-vehicle,     44
1548.000000, 3948.000000, 1606.000000, 3943.000000, 1606.000000, 3983.000000, 1548.000000, 3986.000000,     small-vehicle,     45
2298.000000, 2719.000000, 2325.000000, 2719.000000, 2328.000000, 2799.000000, 2301.000000, 2800.000000,     small-vehicle,     46
1046.000000, 3828.000000, 1109.000000, 3825.000000, 1109.000000, 3861.000000, 1046.000000, 3864.000000,     small-vehicle,     47
2362.000000, 3093.000000, 2388.000000, 3092.000000, 2390.000000, 3153.000000, 2364.000000, 3154.000000,     small-vehicle,     48
3162.000000, 3656.000000, 3215.000000, 3654.000000, 3216.000000, 3684.000000, 3165.000000, 3687.000000,     small-vehicle,     49
68.000000, 3910.000000, 135.000000, 3906.000000, 134.000000, 3938.000000, 66.000000, 3942.000000,     small-vehicle,     50
606.000000, 3861.000000, 674.000000, 3857.000000, 673.000000, 3888.000000, 606.000000, 3892.000000,     small-vehicle,     51
1547.000000, 4005.000000, 1611.000000, 4001.000000, 1611.000000, 4035.000000, 1547.000000, 4039.000000,     small-vehicle,     53
328.000000, 4198.000000, 394.000000, 4194.000000, 393.000000, 4234.000000, 326.000000, 4238.000000,     small-vehicle,     55
3106.000000, 3972.000000, 3159.000000, 3969.000000, 3162.000000, 4006.000000, 3108.000000, 4010.000000,     small-vehicle,     56
1253.000000, 3988.000000, 1314.000000, 3984.000000, 1314.000000, 4020.000000, 1253.000000, 4024.000000,     small-vehicle,     58
694.000000, 3851.000000, 752.000000, 3848.000000, 751.000000, 3882.000000, 694.000000, 3886.000000,     small-vehicle,     62
3500.000000, 3534.000000, 3535.000000, 3533.000000, 3540.000000, 3601.000000, 3505.000000, 3603.000000,     small-vehicle,     63
1257.000000, 4132.000000, 1311.000000, 4127.000000, 1311.000000, 4163.000000, 1257.000000, 4166.000000,     small-vehicle,     64
3274.000000, 3645.000000, 3336.000000, 3641.000000, 3338.000000, 3673.000000, 3277.000000, 3677.000000,     small-vehicle,     65
2285.000000, 2569.000000, 2313.000000, 2569.000000, 2315.000000, 2629.000000, 2288.000000, 2630.000000,     small-vehicle,     66
958.000000, 4015.000000, 1013.000000, 4011.000000, 1013.000000, 4050.000000, 956.000000, 4053.000000,     small-vehicle,     67
2773.000000, 2521.000000, 2827.000000, 2520.000000, 2828.000000, 2551.000000, 2776.000000, 2553.000000,     small-vehicle,     69
3437.000000, 3632.000000, 3492.000000, 3628.000000, 3494.000000, 3661.000000, 3439.000000, 3663.000000,     small-vehicle,     73
226.000000, 3891.000000, 286.000000, 3887.000000, 284.000000, 3921.000000, 226.000000, 3926.000000,     small-vehicle,     74
1399.000000, 3147.000000, 1429.000000, 3146.000000, 1429.000000, 3216.000000, 1399.000000, 3218.000000,     small-vehicle,     75
2140.000000, 3106.000000, 2168.000000, 3104.000000, 2171.000000, 3187.000000, 2142.000000, 3188.000000,     small-vehicle,     76
2066.000000, 3454.000000, 2094.000000, 3453.000000, 2096.000000, 3519.000000, 2069.000000, 3520.000000,     small-vehicle,     77
2926.000000, 3987.000000, 2992.000000, 3982.000000, 2995.000000, 4017.000000, 2929.000000, 4023.000000,     small-vehicle,     78
406.000000, 2819.000000, 466.000000, 2817.000000, 465.000000, 2853.000000, 405.000000, 2856.000000,     small-vehicle,     79
1714.000000, 3975.000000, 1783.000000, 3971.000000, 1783.000000, 4007.000000, 1714.000000, 4012.000000,     small-vehicle,     80
1342.000000, 4028.000000, 1400.000000, 4024.000000, 1400.000000, 4058.000000, 1342.000000, 4062.000000,     small-vehicle,     82
2801.000000, 3830.000000, 2870.000000, 3826.000000, 2873.000000, 3866.000000, 2803.000000, 3871.000000,     small-vehicle,     83
1356.000000, 3970.000000, 1428.000000, 3966.000000, 1428.000000, 3999.000000, 1356.000000, 4004.000000,     small-vehicle,     84
3028.000000, 2548.000000, 3069.000000, 2547.000000, 3070.000000, 2572.000000, 3030.000000, 2573.000000,     small-vehicle,     85
2294.000000, 2930.000000, 2321.000000, 2930.000000, 2324.000000, 3004.000000, 2296.000000, 3004.000000,     small-vehicle,     86
2597.000000, 3734.000000, 2658.000000, 3730.000000, 2659.000000, 3768.000000, 2599.000000, 3772.000000,     small-vehicle,     88
3562.000000, 3942.000000, 3621.000000, 3938.000000, 3623.000000, 3967.000000, 3564.000000, 3971.000000,     small-vehicle,     89
2206.000000, 3327.000000, 2237.000000, 3326.000000, 2240.000000, 3413.000000, 2210.000000, 3413.000000,     small-vehicle,     90
3656.000000, 3621.000000, 3719.000000, 3617.000000, 3722.000000, 3654.000000, 3659.000000, 3658.000000,     small-vehicle,     91
3281.000000, 3957.000000, 3334.000000, 3954.000000, 3337.000000, 3988.000000, 3284.000000, 3992.000000,     small-vehicle,     92
3092.000000, 3751.000000, 3147.000000, 3748.000000, 3149.000000, 3786.000000, 3093.000000, 3790.000000,     small-vehicle,     96
882.000000, 4018.000000, 943.000000, 4013.000000, 943.000000, 4054.000000, 880.000000, 4058.000000,     small-vehicle,     97
3837.000000, 3661.000000, 3896.000000, 3657.000000, 3901.000000, 3705.000000, 3841.000000, 3708.000000,     small-vehicle,     98
3029.000000, 3979.000000, 3077.000000, 3976.000000, 3079.000000, 4009.000000, 3031.000000, 4013.000000,     small-vehicle,     100
2112.000000, 3255.000000, 2141.000000, 3253.000000, 2143.000000, 3322.000000, 2113.000000, 3323.000000,     small-vehicle,     101
3704.000000, 3936.000000, 3770.000000, 3931.000000, 3773.000000, 3961.000000, 3707.000000, 3965.000000,     small-vehicle,     102
1849.000000, 3974.000000, 1916.000000, 3968.000000, 1916.000000, 4003.000000, 1849.000000, 4008.000000,     small-vehicle,     103
3118.000000, 3697.000000, 3173.000000, 3694.000000, 3175.000000, 3730.000000, 3118.000000, 3734.000000,     small-vehicle,     106
3278.000000, 3688.000000, 3344.000000, 3684.000000, 3346.000000, 3717.000000, 3280.000000, 3721.000000,     small-vehicle,     109
2084.000000, 3360.000000, 2114.000000, 3360.000000, 2117.000000, 3437.000000, 2086.000000, 3437.000000,     small-vehicle,     110
2687.000000, 3724.000000, 2752.000000, 3719.000000, 2754.000000, 3761.000000, 2688.000000, 3765.000000,     small-vehicle,     111
1159.000000, 4088.000000, 1222.000000, 4084.000000, 1222.000000, 4122.000000, 1159.000000, 4127.000000,     small-vehicle,     113
2424.000000, 4435.000000, 2463.000000, 4432.000000, 2466.000000, 4517.000000, 2428.000000, 4520.000000,     small-vehicle,     114
2586.000000, 3791.000000, 2647.000000, 3788.000000, 2650.000000, 3825.000000, 2587.000000, 3829.000000,     small-vehicle,     115
1624.000000, 3938.000000, 1688.000000, 3934.000000, 1688.000000, 3972.000000, 1624.000000, 3976.000000,     small-vehicle,     116
1139.000000, 3992.000000, 1202.000000, 3988.000000, 1202.000000, 4024.000000, 1138.000000, 4028.000000,     small-vehicle,     118
3545.000000, 3716.000000, 3610.000000, 3712.000000, 3613.000000, 3755.000000, 3548.000000, 3759.000000,     small-vehicle,     119
2015.000000, 2497.000000, 2045.000000, 2498.000000, 2046.000000, 2559.000000, 2017.000000, 2561.000000,     small-vehicle,     120
2909.000000, 2505.000000, 2960.000000, 2505.000000, 2963.000000, 2540.000000, 2911.000000, 2541.000000,     small-vehicle,     121
3196.000000, 3696.000000, 3258.000000, 3693.000000, 3261.000000, 3728.000000, 3199.000000, 3732.000000,     small-vehicle,     122
1954.000000, 3960.000000, 2016.000000, 3956.000000, 2017.000000, 3994.000000, 1955.000000, 3999.000000,     small-vehicle,     123
1249.000000, 4078.000000, 1311.000000, 4073.000000, 1311.000000, 4110.000000, 1249.000000, 4114.000000,     small-vehicle,     126
2095.000000, 2701.000000, 2126.000000, 2699.000000, 2128.000000, 2771.000000, 2098.000000, 2773.000000,     small-vehicle,     127
3043.000000, 2489.000000, 3098.000000, 2487.000000, 3100.000000, 2523.000000, 3045.000000, 2524.000000,     small-vehicle,     130
3099.000000, 3655.000000, 3160.000000, 3650.000000, 3163.000000, 3692.000000, 3102.000000, 3695.000000,     small-vehicle,     131
1397.000000, 3250.000000, 1422.000000, 3249.000000, 1423.000000, 3312.000000, 1398.000000, 3314.000000,     small-vehicle,     132
412.000000, 4190.000000, 481.000000, 4184.000000, 479.000000, 4222.000000, 410.000000, 4226.000000,     small-vehicle,     135
1560.000000, 4102.000000, 1616.000000, 4097.000000, 1616.000000, 4135.000000, 1560.000000, 4139.000000,     small-vehicle,     136
627.000000, 4184.000000, 696.000000, 4178.000000, 694.000000, 4215.000000, 626.000000, 4220.000000,     small-vehicle,     137
3562.000000, 3665.000000, 3623.000000, 3661.000000, 3626.000000, 3698.000000, 3565.000000, 3703.000000,     small-vehicle,     139
1390.000000, 3483.000000, 1419.000000, 3481.000000, 1420.000000, 3553.000000, 1390.000000, 3553.000000,     small-vehicle,     140
2066.000000, 3303.000000, 2085.000000, 3302.000000, 2086.000000, 3349.000000, 2067.000000, 3351.000000,     small-vehicle,     144
903.000000, 4106.000000, 966.000000, 4102.000000, 964.000000, 4139.000000, 903.000000, 4145.000000,     small-vehicle,     145
981.000000, 3815.000000, 1033.000000, 3813.000000, 1033.000000, 3855.000000, 981.000000, 3860.000000,     small-vehicle,     147
2359.000000, 3824.000000, 2385.000000, 3822.000000, 2388.000000, 3893.000000, 2362.000000, 3894.000000,     small-vehicle,     148
3457.000000, 3675.000000, 3513.000000, 3670.000000, 3516.000000, 3708.000000, 3459.000000, 3712.000000,     small-vehicle,     149
2731.000000, 3995.000000, 2798.000000, 3990.000000, 2801.000000, 4029.000000, 2734.000000, 4033.000000,     small-vehicle,     150
3828.000000, 3620.000000, 3888.000000, 3618.000000, 3893.000000, 3653.000000, 3832.000000, 3658.000000,     small-vehicle,     152
1735.000000, 4034.000000, 1790.000000, 4029.000000, 1790.000000, 4068.000000, 1737.000000, 4072.000000,     small-vehicle,     158
1627.000000, 3997.000000, 1693.000000, 3992.000000, 1694.000000, 4036.000000, 1628.000000, 4040.000000,     small-vehicle,     160
3578.000000, 3519.000000, 3614.000000, 3516.000000, 3621.000000, 3587.000000, 3584.000000, 3590.000000,     small-vehicle,     161
1448.000000, 3970.000000, 1518.000000, 3965.000000, 1518.000000, 4007.000000, 1448.000000, 4012.000000,     small-vehicle,     162
3639.000000, 3666.000000, 3704.000000, 3661.000000, 3708.000000, 3702.000000, 3642.000000, 3706.000000,     small-vehicle,     163
1766.000000, 2622.000000, 1828.000000, 2621.000000, 1827.000000, 2652.000000, 1767.000000, 2654.000000,     small-vehicle,     164
159.000000, 2818.000000, 227.000000, 2817.000000, 224.000000, 2852.000000, 157.000000, 2855.000000,     small-vehicle,     165
3491.000000, 3943.000000, 3545.000000, 3941.000000, 3548.000000, 3973.000000, 3493.000000, 3978.000000,     small-vehicle,     166
1054.000000, 3997.000000, 1117.000000, 3992.000000, 1116.000000, 4033.000000, 1054.000000, 4037.000000,     small-vehicle,     167
3380.000000, 3683.000000, 3438.000000, 3680.000000, 3441.000000, 3716.000000, 3383.000000, 3719.000000,     small-vehicle,     168
1086.000000, 4146.000000, 1146.000000, 4141.000000, 1146.000000, 4177.000000, 1086.000000, 4181.000000,     small-vehicle,     169
3279.000000, 3736.000000, 3339.000000, 3732.000000, 3341.000000, 3769.000000, 3281.000000, 3773.000000,     small-vehicle,     170
1059.000000, 4094.000000, 1135.000000, 4088.000000, 1135.000000, 4126.000000, 1057.000000, 4132.000000,     small-vehicle,     171
3640.000000, 3718.000000, 3702.000000, 3714.000000, 3705.000000, 3755.000000, 3644.000000, 3757.000000,     small-vehicle,     172
2631.000000, 2545.000000, 2685.000000, 2543.000000, 2687.000000, 2571.000000, 2632.000000, 2573.000000,     small-vehicle,     173
1519.000000, 4047.000000, 1576.000000, 4044.000000, 1577.000000, 4083.000000, 1519.000000, 4086.000000,     small-vehicle,     175
1765.000000, 3771.000000, 1826.000000, 3766.000000, 1827.000000, 3796.000000, 1764.000000, 3801.000000,     small-vehicle,     177
1406.000000, 4111.000000, 1472.000000, 4105.000000, 1472.000000, 4150.000000, 1406.000000, 4154.000000,     small-vehicle,     179
3039.000000, 3702.000000, 3105.000000, 3699.000000, 3108.000000, 3739.000000, 3042.000000, 3743.000000,     small-vehicle,     182
1497.000000, 4107.000000, 1561.000000, 4103.000000, 1561.000000, 4139.000000, 1497.000000, 4143.000000,     small-vehicle,     186
1604.000000, 2616.000000, 1664.000000, 2614.000000, 1665.000000, 2644.000000, 1604.000000, 2645.000000,     small-vehicle,     189
1442.000000, 4015.000000, 1506.000000, 4010.000000, 1506.000000, 4049.000000, 1442.000000, 4053.000000,     small-vehicle,     190
3749.000000, 3711.000000, 3820.000000, 3707.000000, 3823.000000, 3747.000000, 3752.000000, 3752.000000,     small-vehicle,     193
3516.000000, 3622.000000, 3565.000000, 3619.000000, 3571.000000, 3685.000000, 3522.000000, 3688.000000,     small-vehicle,     196
1664.000000, 4086.000000, 1728.000000, 4081.000000, 1729.000000, 4119.000000, 1666.000000, 4123.000000,     small-vehicle,     198
2920.000000, 2549.000000, 2987.000000, 2547.000000, 2989.000000, 2580.000000, 2923.000000, 2581.000000,     small-vehicle,     202
1421.000000, 4062.000000, 1475.000000, 4058.000000, 1475.000000, 4092.000000, 1420.000000, 4096.000000,     small-vehicle,     203
2493.000000, 2563.000000, 2552.000000, 2562.000000, 2553.000000, 2590.000000, 2495.000000, 2591.000000,     small-vehicle,     212
124.000000, 4127.000000, 196.000000, 4122.000000, 194.000000, 4163.000000, 121.000000, 4168.000000,     small-vehicle,     213
1171.000000, 4141.000000, 1227.000000, 4137.000000, 1227.000000, 4170.000000, 1171.000000, 4175.000000,     small-vehicle,     214
984.000000, 4095.000000, 1048.000000, 4090.000000, 1046.000000, 4131.000000, 984.000000, 4135.000000,     small-vehicle,     217
2037.000000, 3231.000000, 2060.000000, 3230.000000, 2063.000000, 3283.000000, 2038.000000, 3284.000000,     small-vehicle,     223
2308.000000, 3519.000000, 2349.000000, 3517.000000, 2352.000000, 3627.000000, 2312.000000, 3630.000000,     large-vehicle,     230
1913.000000, 4018.000000, 2006.000000, 4011.000000, 2007.000000, 4064.000000, 1913.000000, 4072.000000,     large-vehicle,     231
2053.000000, 3018.000000, 2094.000000, 3015.000000, 2096.000000, 3105.000000, 2056.000000, 3107.000000,     large-vehicle,     232
705.000000, 4172.000000, 792.000000, 4167.000000, 791.000000, 4217.000000, 704.000000, 4223.000000,     large-vehicle,     236
937.000000, 4152.000000, 1045.000000, 4144.000000, 1044.000000, 4197.000000, 935.000000, 4206.000000,     large-vehicle,     237
2407.000000, 3868.000000, 2445.000000, 3865.000000, 2448.000000, 3961.000000, 2411.000000, 3963.000000,     large-vehicle,     239
1652.000000, 4037.000000, 1716.000000, 4033.000000, 1717.000000, 4077.000000, 1653.000000, 4081.000000,     large-vehicle,     240
2953.000000, 3714.000000, 3027.000000, 3709.000000, 3030.000000, 3747.000000, 2955.000000, 3752.000000,     large-vehicle,     242
556.000000, 4149.000000, 619.000000, 4145.000000, 619.000000, 4180.000000, 556.000000, 4185.000000,     small-vehicle,     317
3176.000000, 2502.000000, 3231.000000, 2502.000000, 3234.000000, 2535.000000, 3178.000000, 2535.000000,     small-vehicle,     330
3806.000000, 3760.000000, 3880.000000, 3755.000000, 3884.000000, 3803.000000, 3811.000000, 3807.000000,     small-vehicle,     334
1114.000000, 3371.000000, 1178.000000, 3368.000000, 1178.000000, 3402.000000, 1113.000000, 3405.000000,     small-vehicle,     337
3410.000000, 2474.000000, 3477.000000, 2473.000000, 3482.000000, 2533.000000, 3415.000000, 2535.000000,     large-vehicle,     345
2109.000000, 3200.000000, 2139.000000, 3197.000000, 2141.000000, 3271.000000, 2111.000000, 3274.000000,     small-vehicle,     353
1274.000000, 3367.000000, 1338.000000, 3365.000000, 1338.000000, 3403.000000, 1274.000000, 3406.000000,     small-vehicle,     360
826.000000, 4084.000000, 887.000000, 4081.000000, 886.000000, 4119.000000, 824.000000, 4124.000000,     small-vehicle,     383
3559.000000, 2458.000000, 3620.000000, 2457.000000, 3622.000000, 2491.000000, 3561.000000, 2493.000000,     small-vehicle,     385
2819.000000, 2609.000000, 2875.000000, 2607.000000, 2879.000000, 2660.000000, 2822.000000, 2661.000000,     small-vehicle,     386
1235.000000, 4008.000000, 1304.000000, 4004.000000, 1304.000000, 4040.000000, 1235.000000, 4045.000000,     small-vehicle,     409
2181.000000, 3058.000000, 2209.000000, 3057.000000, 2212.000000, 3136.000000, 2184.000000, 3137.000000,     small-vehicle,     421
2197.000000, 3225.000000, 2224.000000, 3224.000000, 2226.000000, 3298.000000, 2198.000000, 3298.000000,     small-vehicle,     431
1987.000000, 2399.000000, 2014.000000, 2400.000000, 2016.000000, 2463.000000, 1987.000000, 2463.000000,     small-vehicle,     432
2015.000000, 2391.000000, 2043.000000, 2391.000000, 2044.000000, 2453.000000, 2018.000000, 2455.000000,     small-vehicle,     433
1201.000000, 3368.000000, 1262.000000, 3365.000000, 1262.000000, 3399.000000, 1201.000000, 3402.000000,     small-vehicle,     438
3067.000000, 2559.000000, 3127.000000, 2559.000000, 3130.000000, 2594.000000, 3069.000000, 2596.000000,     small-vehicle,     445
2142.000000, 3003.000000, 2170.000000, 3002.000000, 2172.000000, 3066.000000, 2144.000000, 3068.000000,     small-vehicle,     457
3347.000000, 3763.000000, 3416.000000, 3759.000000, 3419.000000, 3799.000000, 3351.000000, 3803.000000,     small-vehicle,     462
1853.000000, 4048.000000, 1917.000000, 4044.000000, 1918.000000, 4097.000000, 1853.000000, 4103.000000,     small-vehicle,     463
3117.000000, 2601.000000, 3176.000000, 2601.000000, 3179.000000, 2633.000000, 3120.000000, 2635.000000,     small-vehicle,     465
2273.000000, 2314.000000, 2300.000000, 2312.000000, 2304.000000, 2389.000000, 2275.000000, 2390.000000,     small-vehicle,     484
260.000000, 2892.000000, 336.000000, 2890.000000, 335.000000, 2907.000000, 259.000000, 2909.000000,     large-vehicle,     498
1983.000000, 2335.000000, 2009.000000, 2334.000000, 2010.000000, 2396.000000, 1985.000000, 2396.000000,     small-vehicle,     506
84.000000, 2812.000000, 132.000000, 2809.000000, 131.000000, 2841.000000, 83.000000, 2842.000000,     small-vehicle,     511
2098.000000, 2842.000000, 2125.000000, 2841.000000, 2128.000000, 2905.000000, 2100.000000, 2907.000000,     small-vehicle,     531
2870.000000, 3736.000000, 2938.000000, 3731.000000, 2940.000000, 3775.000000, 2872.000000, 3780.000000,     large-vehicle,     553
2253.000000, 2182.000000, 2276.000000, 2182.000000, 2279.000000, 2243.000000, 2255.000000, 2244.000000,     small-vehicle,     564
2286.000000, 2195.000000, 2314.000000, 2196.000000, 2315.000000, 2256.000000, 2289.000000, 2257.000000,     small-vehicle,     568
493.000000, 4125.000000, 551.000000, 4120.000000, 549.000000, 4155.000000, 491.000000, 4159.000000,     small-vehicle,     569
1646.000000, 2695.000000, 1705.000000, 2693.000000, 1705.000000, 2718.000000, 1646.000000, 2721.000000,     small-vehicle,     575
3505.000000, 2561.000000, 3569.000000, 2560.000000, 3571.000000, 2590.000000, 3507.000000, 2592.000000,     small-vehicle,     577
3630.000000, 2454.000000, 3691.000000, 2452.000000, 3694.000000, 2489.000000, 3632.000000, 2490.000000,     small-vehicle,     578
2583.000000, 3860.000000, 2644.000000, 3855.000000, 2644.000000, 3890.000000, 2584.000000, 3894.000000,     small-vehicle,     583
2279.000000, 2115.000000, 2306.000000, 2115.000000, 2309.000000, 2180.000000, 2282.000000, 2181.000000,     small-vehicle,     590
2036.000000, 3116.000000, 2075.000000, 3115.000000, 2076.000000, 3186.000000, 2038.000000, 3188.000000,     small-vehicle,     591
1990.000000, 2142.000000, 2020.000000, 2141.000000, 2022.000000, 2213.000000, 1991.000000, 2213.000000,     small-vehicle,     593
2689.000000, 2648.000000, 2743.000000, 2646.000000, 2745.000000, 2676.000000, 2690.000000, 2677.000000,     small-vehicle,     614
1083.000000, 4018.000000, 1143.000000, 4014.000000, 1143.000000, 4050.000000, 1083.000000, 4055.000000,     small-vehicle,     615
2263.000000, 2035.000000, 2290.000000, 2035.000000, 2292.000000, 2097.000000, 2266.000000, 2098.000000,     small-vehicle,     632
2052.000000, 2393.000000, 2080.000000, 2391.000000, 2082.000000, 2474.000000, 2054.000000, 2473.000000,     small-vehicle,     635
2945.000000, 2619.000000, 3006.000000, 2617.000000, 3008.000000, 2650.000000, 2948.000000, 2652.000000,     small-vehicle,     636
3728.000000, 3710.000000, 3797.000000, 3706.000000, 3801.000000, 3746.000000, 3731.000000, 3751.000000,     small-vehicle,     637
1991.000000, 2016.000000, 2019.000000, 2015.000000, 2021.000000, 2084.000000, 1992.000000, 2085.000000,     small-vehicle,     638
1956.000000, 1974.000000, 1983.000000, 1975.000000, 1985.000000, 2034.000000, 1957.000000, 2035.000000,     small-vehicle,     660
347.000000, 4053.000000, 411.000000, 4049.000000, 409.000000, 4089.000000, 346.000000, 4094.000000,     small-vehicle,     661
2084.000000, 2268.000000, 2114.000000, 2268.000000, 2114.000000, 2330.000000, 2087.000000, 2331.000000,     small-vehicle,     663
2272.000000, 3366.000000, 2304.000000, 3364.000000, 2307.000000, 3440.000000, 2275.000000, 3443.000000,     small-vehicle,     664
1771.000000, 4066.000000, 1837.000000, 4062.000000, 1837.000000, 4102.000000, 1773.000000, 4108.000000,     small-vehicle,     665
2262.000000, 1951.000000, 2290.000000, 1951.000000, 2293.000000, 2018.000000, 2265.000000, 2018.000000,     small-vehicle,     666
2162.000000, 2812.000000, 2191.000000, 2812.000000, 2192.000000, 2872.000000, 2164.000000, 2872.000000,     small-vehicle,     667
526.000000, 2019.000000, 587.000000, 2019.000000, 585.000000, 2050.000000, 526.000000, 2051.000000,     small-vehicle,     668
75.000000, 4123.000000, 159.000000, 4117.000000, 157.000000, 4161.000000, 73.000000, 4167.000000,     small-vehicle,     672
211.000000, 4163.000000, 286.000000, 4157.000000, 284.000000, 4199.000000, 210.000000, 4205.000000,     large-vehicle,     676
3801.000000, 3904.000000, 3870.000000, 3898.000000, 3874.000000, 3934.000000, 3804.000000, 3940.000000,     small-vehicle,     686
1799.000000, 3822.000000, 1861.000000, 3816.000000, 1862.000000, 3861.000000, 1800.000000, 3864.000000,     large-vehicle,     693
2667.000000, 3847.000000, 2780.000000, 3840.000000, 2782.000000, 3888.000000, 2670.000000, 3896.000000,     large-vehicle,     697
1949.000000, 1902.000000, 1976.000000, 1901.000000, 1976.000000, 1958.000000, 1951.000000, 1958.000000,     small-vehicle,     704
2041.000000, 3947.000000, 2110.000000, 3942.000000, 2111.000000, 3981.000000, 2043.000000, 3986.000000,     small-vehicle,     706
702.000000, 2844.000000, 767.000000, 2842.000000, 766.000000, 2900.000000, 700.000000, 2903.000000,     small-vehicle,     708
2258.000000, 1866.000000, 2284.000000, 1865.000000, 2286.000000, 1925.000000, 2260.000000, 1925.000000,     small-vehicle,     718
2694.000000, 2549.000000, 2755.000000, 2548.000000, 2758.000000, 2584.000000, 2695.000000, 2587.000000,     large-vehicle,     727
2301.000000, 2855.000000, 2332.000000, 2854.000000, 2335.000000, 2921.000000, 2303.000000, 2924.000000,     small-vehicle,     729
2563.000000, 2659.000000, 2618.000000, 2657.000000, 2619.000000, 2686.000000, 2565.000000, 2688.000000,     small-vehicle,     736
2034.000000, 2086.000000, 2068.000000, 2085.000000, 2071.000000, 2169.000000, 2037.000000, 2170.000000,     large-vehicle,     744
-28.000000, 4171.000000, 33.000000, 4167.000000, 32.000000, 4199.000000, -29.000000, 4203.000000,     small-vehicle,     755
2500.000000, 2664.000000, 2556.000000, 2662.000000, 2558.000000, 2695.000000, 2501.000000, 2698.000000,     small-vehicle,     756
202.000000, 4091.000000, 273.000000, 4086.000000, 272.000000, 4120.000000, 201.000000, 4124.000000,     small-vehicle,     759
2216.000000, 1767.000000, 2245.000000, 1768.000000, 2248.000000, 1844.000000, 2218.000000, 1843.000000,     small-vehicle,     761
1944.000000, 1822.000000, 1971.000000, 1822.000000, 1974.000000, 1884.000000, 1945.000000, 1884.000000,     small-vehicle,     762
2333.000000, 3753.000000, 2377.000000, 3750.000000, 2380.000000, 3843.000000, 2336.000000, 3846.000000,     small-vehicle,     763
1850.000000, 2700.000000, 1906.000000, 2698.000000, 1907.000000, 2719.000000, 1850.000000, 2721.000000,     small-vehicle,     765
3722.000000, 2532.000000, 3782.000000, 2530.000000, 3784.000000, 2566.000000, 3726.000000, 2568.000000,     small-vehicle,     767
614.000000, 2013.000000, 707.000000, 2012.000000, 707.000000, 2048.000000, 614.000000, 2049.000000,     large-vehicle,     772
2045.000000, 1886.000000, 2074.000000, 1886.000000, 2074.000000, 1963.000000, 2048.000000, 1963.000000,     small-vehicle,     784
3002.000000, 3780.000000, 3064.000000, 3775.000000, 3067.000000, 3816.000000, 3005.000000, 3820.000000,     small-vehicle,     785
1336.000000, 4054.000000, 1407.000000, 4049.000000, 1407.000000, 4087.000000, 1336.000000, 4093.000000,     small-vehicle,     786
3214.000000, 2595.000000, 3268.000000, 2593.000000, 3271.000000, 2623.000000, 3215.000000, 2624.000000,     small-vehicle,     789
1784.000000, 3927.000000, 1830.000000, 3925.000000, 1831.000000, 3953.000000, 1784.000000, 3956.000000,     small-vehicle,     790
3647.000000, 2544.000000, 3710.000000, 2542.000000, 3712.000000, 2579.000000, 3650.000000, 2580.000000,     small-vehicle,     792
3016.000000, 2607.000000, 3086.000000, 2605.000000, 3087.000000, 2642.000000, 3019.000000, 2644.000000,     large-vehicle,     801
2776.000000, 3743.000000, 2851.000000, 3739.000000, 2854.000000, 3778.000000, 2779.000000, 3783.000000,     large-vehicle,     802
1785.000000, 3917.000000, 1843.000000, 3912.000000, 1845.000000, 3947.000000, 1785.000000, 3951.000000,     large-vehicle,     804
1930.000000, 1690.000000, 1958.000000, 1689.000000, 1960.000000, 1755.000000, 1931.000000, 1755.000000,     small-vehicle,     813
3318.000000, 1734.000000, 3339.000000, 1733.000000, 3343.000000, 1791.000000, 3323.000000, 1791.000000,     small-vehicle,     815
2034.000000, 1743.000000, 2062.000000, 1744.000000, 2063.000000, 1803.000000, 2035.000000, 1802.000000,     small-vehicle,     816
2434.000000, 1714.000000, 2480.000000, 1713.000000, 2481.000000, 1739.000000, 2435.000000, 1739.000000,     small-vehicle,     818
2666.000000, 3967.000000, 2726.000000, 3962.000000, 2728.000000, 4001.000000, 2666.000000, 4005.000000,     small-vehicle,     820
2329.000000, 3234.000000, 2360.000000, 3232.000000, 2363.000000, 3309.000000, 2332.000000, 3310.000000,     small-vehicle,     821
3584.000000, 2552.000000, 3643.000000, 2552.000000, 3645.000000, 2585.000000, 3587.000000, 2586.000000,     small-vehicle,     823
2633.000000, 2639.000000, 2682.000000, 2639.000000, 2685.000000, 2698.000000, 2635.000000, 2700.000000,     small-vehicle,     824
1544.000000, 2627.000000, 1594.000000, 2625.000000, 1595.000000, 2652.000000, 1544.000000, 2655.000000,     small-vehicle,     827
2657.000000, 3953.000000, 2720.000000, 3949.000000, 2722.000000, 3991.000000, 2659.000000, 3996.000000,     large-vehicle,     831
2046.000000, 1909.000000, 2072.000000, 1910.000000, 2074.000000, 1985.000000, 2047.000000, 1985.000000,     large-vehicle,     832
2332.000000, 3750.000000, 2379.000000, 3745.000000, 2382.000000, 3845.000000, 2336.000000, 3848.000000,     large-vehicle,     833
2664.000000, 3779.000000, 2743.000000, 3774.000000, 2746.000000, 3822.000000, 2665.000000, 3828.000000,     large-vehicle,     836
2300.000000, 2837.000000, 2332.000000, 2836.000000, 2334.000000, 2907.000000, 2303.000000, 2910.000000,     large-vehicle,     838
2563.000000, 2564.000000, 2615.000000, 2561.000000, 2616.000000, 2595.000000, 2564.000000, 2596.000000,     small-vehicle,     839
1939.000000, 1642.000000, 1961.000000, 1642.000000, 1961.000000, 1684.000000, 1940.000000, 1685.000000,     small-vehicle,     840
2412.000000, 1635.000000, 2467.000000, 1636.000000, 2468.000000, 1664.000000, 2414.000000, 1664.000000,     small-vehicle,     841
2066.000000, 3210.000000, 2095.000000, 3208.000000, 2097.000000, 3287.000000, 2068.000000, 3287.000000,     small-vehicle,     843
3020.000000, 2613.000000, 3085.000000, 2612.000000, 3088.000000, 2646.000000, 3023.000000, 2648.000000,     small-vehicle,     844
2474.000000, 1627.000000, 2529.000000, 1628.000000, 2530.000000, 1660.000000, 2476.000000, 1659.000000,     small-vehicle,     845
1283.000000, 2793.000000, 1336.000000, 2792.000000, 1336.000000, 2825.000000, 1283.000000, 2825.000000,     small-vehicle,     846
1750.000000, 2110.000000, 1804.000000, 2108.000000, 1804.000000, 2133.000000, 1752.000000, 2133.000000,     small-vehicle,     847
3437.000000, 3752.000000, 3505.000000, 3747.000000, 3508.000000, 3786.000000, 3441.000000, 3790.000000,     small-vehicle,     848
540.000000, 4045.000000, 608.000000, 4041.000000, 607.000000, 4079.000000, 540.000000, 4084.000000,     small-vehicle,     849
209.000000, 4157.000000, 288.000000, 4152.000000, 287.000000, 4194.000000, 208.000000, 4200.000000,     small-vehicle,     850
2770.000000, 3792.000000, 2837.000000, 3788.000000, 2840.000000, 3826.000000, 2771.000000, 3831.000000,     small-vehicle,     851
612.000000, 2025.000000, 705.000000, 2024.000000, 704.000000, 2058.000000, 611.000000, 2059.000000,     small-vehicle,     852
3271.000000, 2591.000000, 3329.000000, 2588.000000, 3332.000000, 2614.000000, 3272.000000, 2615.000000,     small-vehicle,     853
2319.000000, 1858.000000, 2334.000000, 1859.000000, 2335.000000, 1884.000000, 2319.000000, 1884.000000,     small-vehicle,     854
1392.000000, 3557.000000, 1410.000000, 3556.000000, 1410.000000, 3594.000000, 1392.000000, 3595.000000,     small-vehicle,     855
2100.000000, 2565.000000, 2141.000000, 2565.000000, 2145.000000, 2667.000000, 2102.000000, 2668.000000,     large-vehicle,     856
2326.000000, 3234.000000, 2360.000000, 3232.000000, 2363.000000, 3309.000000, 2329.000000, 3310.000000,     large-vehicle,     857
2768.000000, 3786.000000, 2838.000000, 3779.000000, 2840.000000, 3823.000000, 2770.000000, 3828.000000,     large-vehicle,     858
1335.000000, 4049.000000, 1410.000000, 4042.000000, 1410.000000, 4085.000000, 1335.000000, 4090.000000,     large-vehicle,     859
