2013.000000, 2852.000000, 2041.000000, 2851.000000, 2042.000000, 2916.000000, 2014.000000, 2916.000000,     small-vehicle,     0
2342.000000, 2911.000000, 2371.000000, 2910.000000, 2373.000000, 2973.000000, 2345.000000, 2975.000000,     small-vehicle,     1
2021.000000, 2938.000000, 2047.000000, 2937.000000, 2048.000000, 2995.000000, 2022.000000, 2996.000000,     small-vehicle,     2
2217.000000, 3457.000000, 2245.000000, 3455.000000, 2247.000000, 3520.000000, 2218.000000, 3523.000000,     small-vehicle,     3
2023.000000, 2569.000000, 2050.000000, 2567.000000, 2051.000000, 2634.000000, 2025.000000, 2634.000000,     small-vehicle,     4
2365.000000, 3261.000000, 2393.000000, 3259.000000, 2396.000000, 3327.000000, 2368.000000, 3327.000000,     small-vehicle,     5
1382.000000, 3658.000000, 1412.000000, 3656.000000, 1411.000000, 3731.000000, 1382.000000, 3732.000000,     small-vehicle,     6
1700.000000, 3938.000000, 1758.000000, 3935.000000, 1758.000000, 3968.000000, 1701.000000, 3971.000000,     small-vehicle,     7
2336.000000, 3096.000000, 2362.000000, 3095.000000, 2365.000000, 3165.000000, 2339.000000, 3165.000000,     small-vehicle,     8
3361.000000, 3639.000000, 3415.000000, 3635.000000, 3418.000000, 3666.000000, 3363.000000, 3669.000000,     small-vehicle,     9
1195.000000, 3816.000000, 1245.000000, 3813.000000, 1245.000000, 3846.000000, 1195.000000, 3849.000000,     small-vehicle,     10
491.000000, 3873.000000, 556.000000, 3868.000000, 555.000000, 3903.000000, 489.000000, 3906.000000,     small-vehicle,     11
1407.000000, 2950.000000, 1436.000000, 2948.000000, 1436.000000, 3022.000000, 1407.000000, 3024.000000,     small-vehicle,     12
2854.000000, 3783.000000, 2905.000000, 3780.000000, 2906.000000, 3809.000000, 2855.000000, 3811.000000,     small-vehicle,     14
2254.000000, 4136.000000, 2287.000000, 4132.000000, 2290.000000, 4210.000000, 2256.000000, 4213.000000,     small-vehicle,     15
1298.000000, 3802.000000, 1355.000000, 3800.000000, 1355.000000, 3834.000000, 1298.000000, 3837.000000,     small-vehicle,     16
2334.000000, 2826.000000, 2364.000000, 2825.000000, 2367.000000, 2896.000000, 2336.000000, 2898.000000,     small-vehicle,     17
1817.000000, 3843.000000, 1873.000000, 3840.000000, 1874.000000, 3872.000000, 1818.000000, 3874.000000,     small-vehicle,     18
2311.000000, 3008.000000, 2366.000000, 3005.000000, 2369.000000, 3076.000000, 2314.000000, 3078.000000,     small-vehicle,     19
2160.000000, 3344.000000, 2197.000000, 3343.000000, 2200.000000, 3416.000000, 2161.000000, 3417.000000,     small-vehicle,     20
2040.000000, 2759.000000, 2067.000000, 2758.000000, 2069.000000, 2829.000000, 2041.000000, 2830.000000,     small-vehicle,     21
1824.000000, 4034.000000, 1886.000000, 4028.000000, 1886.000000, 4059.000000, 1825.000000, 4064.000000,     small-vehicle,     22
2673.000000, 4009.000000, 2730.000000, 4004.000000, 2731.000000, 4036.000000, 2675.000000, 4040.000000,     small-vehicle,     23
2299.000000, 4391.000000, 2332.000000, 4387.000000, 2335.000000, 4467.000000, 2301.000000, 4469.000000,     small-vehicle,     24
147.000000, 3901.000000, 212.000000, 3895.000000, 211.000000, 3928.000000, 145.000000, 3933.000000,     small-vehicle,     25
2376.000000, 3358.000000, 2405.000000, 3357.000000, 2408.000000, 3423.000000, 2379.000000, 3423.000000,     small-vehicle,     26
907.000000, 3837.000000, 965.000000, 3833.000000, 964.000000, 3867.000000, 905.000000, 3871.000000,     small-vehicle,     27
2448.000000, 4218.000000, 2488.000000, 4215.000000, 2492.000000, 4307.000000, 2452.000000, 4309.000000,     small-vehicle,     29
2761.000000, 4402.000000, 2826.000000, 4396.000000, 2828.000000, 4435.000000, 2761.000000, 4441.000000,     small-vehicle,     30
2351.000000, 3173.000000, 2388.000000, 3170.000000, 2391.000000, 3244.000000, 2353.000000, 3245.000000,     small-vehicle,     32
2097.000000, 3539.000000, 2157.000000, 3536.000000, 2160.000000, 3586.000000, 2097.000000, 3591.000000,     small-vehicle,     33
2926.000000, 3768.000000, 2987.000000, 3763.000000, 2989.000000, 3795.000000, 2927.000000, 3798.000000,     small-vehicle,     34
2384.000000, 3473.000000, 2413.000000, 3471.000000, 2417.000000, 3552.000000, 2387.000000, 3553.000000,     small-vehicle,     35
2094.000000, 2950.000000, 2123.000000, 2949.000000, 2125.000000, 3020.000000, 2097.000000, 3021.000000,     small-vehicle,     36
3163.000000, 3748.000000, 3223.000000, 3744.000000, 3225.000000, 3774.000000, 3165.000000, 3778.000000,     small-vehicle,     38
2340.000000, 3332.000000, 2370.000000, 3331.000000, 2372.000000, 3405.000000, 2343.000000, 3405.000000,     small-vehicle,     40
1423.000000, 2587.000000, 1455.000000, 2586.000000, 1455.000000, 2645.000000, 1423.000000, 2644.000000,     small-vehicle,     41
2815.000000, 3684.000000, 2864.000000, 3680.000000, 2866.000000, 3711.000000, 2816.000000, 3713.000000,     small-vehicle,     42
1406.000000, 2869.000000, 1430.000000, 2869.000000, 1430.000000, 2927.000000, 1404.000000, 2927.000000,     small-vehicle,     43
1858.000000, 3926.000000, 1927.000000, 3922.000000, 1928.000000, 3956.000000, 1858.000000, 3961.000000,     small-vehicle,     44
1549.000000, 3948.000000, 1605.000000, 3944.000000, 1605.000000, 3981.000000, 1549.000000, 3986.000000,     small-vehicle,     45
2299.000000, 2731.000000, 2324.000000, 2730.000000, 2327.000000, 2787.000000, 2301.000000, 2787.000000,     small-vehicle,     46
1046.000000, 3828.000000, 1109.000000, 3823.000000, 1109.000000, 3861.000000, 1046.000000, 3864.000000,     small-vehicle,     47
2363.000000, 3092.000000, 2388.000000, 3092.000000, 2390.000000, 3154.000000, 2365.000000, 3155.000000,     small-vehicle,     48
3163.000000, 3659.000000, 3215.000000, 3654.000000, 3217.000000, 3683.000000, 3165.000000, 3686.000000,     small-vehicle,     49
67.000000, 3906.000000, 137.000000, 3902.000000, 134.000000, 3941.000000, 64.000000, 3947.000000,     small-vehicle,     50
602.000000, 3858.000000, 679.000000, 3853.000000, 677.000000, 3893.000000, 601.000000, 3898.000000,     small-vehicle,     51
2267.000000, 4211.000000, 2304.000000, 4208.000000, 2308.000000, 4295.000000, 2271.000000, 4298.000000,     small-vehicle,     52
1548.000000, 4005.000000, 1609.000000, 4000.000000, 1610.000000, 4035.000000, 1548.000000, 4039.000000,     small-vehicle,     53
2874.000000, 4390.000000, 2930.000000, 4385.000000, 2932.000000, 4416.000000, 2874.000000, 4422.000000,     small-vehicle,     54
329.000000, 4202.000000, 393.000000, 4196.000000, 392.000000, 4230.000000, 327.000000, 4236.000000,     small-vehicle,     55
3104.000000, 3972.000000, 3162.000000, 3968.000000, 3165.000000, 4006.000000, 3106.000000, 4010.000000,     small-vehicle,     56
3567.000000, 3448.000000, 3589.000000, 3447.000000, 3592.000000, 3490.000000, 3570.000000, 3491.000000,     small-vehicle,     57
1251.000000, 3988.000000, 1317.000000, 3983.000000, 1317.000000, 4019.000000, 1251.000000, 4025.000000,     small-vehicle,     58
2166.000000, 4425.000000, 2193.000000, 4422.000000, 2196.000000, 4492.000000, 2168.000000, 4496.000000,     small-vehicle,     61
691.000000, 3851.000000, 755.000000, 3848.000000, 754.000000, 3882.000000, 690.000000, 3886.000000,     small-vehicle,     62
3501.000000, 3532.000000, 3533.000000, 3532.000000, 3538.000000, 3603.000000, 3506.000000, 3604.000000,     small-vehicle,     63
1257.000000, 4132.000000, 1311.000000, 4127.000000, 1311.000000, 4163.000000, 1257.000000, 4166.000000,     small-vehicle,     64
3271.000000, 3646.000000, 3338.000000, 3642.000000, 3341.000000, 3673.000000, 3274.000000, 3677.000000,     small-vehicle,     65
2285.000000, 2568.000000, 2313.000000, 2568.000000, 2315.000000, 2630.000000, 2288.000000, 2632.000000,     small-vehicle,     66
954.000000, 4016.000000, 1017.000000, 4012.000000, 1015.000000, 4048.000000, 954.000000, 4052.000000,     small-vehicle,     67
2772.000000, 2520.000000, 2828.000000, 2519.000000, 2829.000000, 2553.000000, 2775.000000, 2554.000000,     small-vehicle,     69
3875.000000, 4215.000000, 3937.000000, 4209.000000, 3941.000000, 4245.000000, 3879.000000, 4250.000000,     small-vehicle,     70
2584.000000, 3851.000000, 2646.000000, 3847.000000, 2648.000000, 3880.000000, 2584.000000, 3884.000000,     small-vehicle,     72
3437.000000, 3633.000000, 3493.000000, 3629.000000, 3495.000000, 3659.000000, 3439.000000, 3662.000000,     small-vehicle,     73
225.000000, 3893.000000, 287.000000, 3889.000000, 285.000000, 3920.000000, 225.000000, 3924.000000,     small-vehicle,     74
1400.000000, 3148.000000, 1429.000000, 3146.000000, 1429.000000, 3216.000000, 1400.000000, 3216.000000,     small-vehicle,     75
2141.000000, 3107.000000, 2168.000000, 3105.000000, 2170.000000, 3186.000000, 2142.000000, 3187.000000,     small-vehicle,     76
2067.000000, 3453.000000, 2094.000000, 3453.000000, 2095.000000, 3520.000000, 2069.000000, 3520.000000,     small-vehicle,     77
2925.000000, 3988.000000, 2993.000000, 3984.000000, 2996.000000, 4016.000000, 2928.000000, 4022.000000,     small-vehicle,     78
407.000000, 2820.000000, 466.000000, 2817.000000, 464.000000, 2853.000000, 406.000000, 2855.000000,     small-vehicle,     79
1716.000000, 3976.000000, 1782.000000, 3972.000000, 1783.000000, 4006.000000, 1715.000000, 4011.000000,     small-vehicle,     80
1342.000000, 4030.000000, 1400.000000, 4026.000000, 1400.000000, 4056.000000, 1342.000000, 4059.000000,     small-vehicle,     82
2801.000000, 3833.000000, 2871.000000, 3829.000000, 2874.000000, 3862.000000, 2802.000000, 3867.000000,     small-vehicle,     83
1356.000000, 3971.000000, 1427.000000, 3967.000000, 1427.000000, 3998.000000, 1356.000000, 4003.000000,     small-vehicle,     84
3029.000000, 2549.000000, 3068.000000, 2549.000000, 3070.000000, 2570.000000, 3030.000000, 2572.000000,     small-vehicle,     85
2294.000000, 2930.000000, 2321.000000, 2930.000000, 2324.000000, 3004.000000, 2296.000000, 3004.000000,     small-vehicle,     86
2560.000000, 2547.000000, 2616.000000, 2546.000000, 2617.000000, 2580.000000, 2562.000000, 2583.000000,     small-vehicle,     87
2601.000000, 3736.000000, 2654.000000, 3732.000000, 2655.000000, 3766.000000, 2603.000000, 3768.000000,     small-vehicle,     88
3566.000000, 3940.000000, 3617.000000, 3935.000000, 3619.000000, 3970.000000, 3568.000000, 3973.000000,     small-vehicle,     89
2206.000000, 3328.000000, 2237.000000, 3328.000000, 2240.000000, 3412.000000, 2210.000000, 3412.000000,     small-vehicle,     90
3656.000000, 3621.000000, 3719.000000, 3617.000000, 3722.000000, 3654.000000, 3660.000000, 3658.000000,     small-vehicle,     91
3280.000000, 3959.000000, 3335.000000, 3955.000000, 3337.000000, 3986.000000, 3283.000000, 3991.000000,     small-vehicle,     92
3243.000000, 4267.000000, 3294.000000, 4263.000000, 3296.000000, 4294.000000, 3246.000000, 4299.000000,     small-vehicle,     93
2065.000000, 3215.000000, 2093.000000, 3213.000000, 2095.000000, 3288.000000, 2067.000000, 3288.000000,     small-vehicle,     94
2692.000000, 4406.000000, 2751.000000, 4401.000000, 2753.000000, 4445.000000, 2693.000000, 4450.000000,     small-vehicle,     95
3092.000000, 3753.000000, 3148.000000, 3751.000000, 3149.000000, 3784.000000, 3093.000000, 3787.000000,     small-vehicle,     96
880.000000, 4019.000000, 946.000000, 4015.000000, 945.000000, 4052.000000, 878.000000, 4057.000000,     small-vehicle,     97
3840.000000, 3665.000000, 3895.000000, 3662.000000, 3898.000000, 3699.000000, 3843.000000, 3704.000000,     small-vehicle,     98
3285.000000, 4345.000000, 3349.000000, 4340.000000, 3350.000000, 4372.000000, 3288.000000, 4377.000000,     small-vehicle,     99
3028.000000, 3979.000000, 3077.000000, 3976.000000, 3079.000000, 4009.000000, 3031.000000, 4013.000000,     small-vehicle,     100
2112.000000, 3256.000000, 2141.000000, 3253.000000, 2143.000000, 3322.000000, 2113.000000, 3322.000000,     small-vehicle,     101
3704.000000, 3934.000000, 3770.000000, 3930.000000, 3773.000000, 3962.000000, 3707.000000, 3967.000000,     small-vehicle,     102
1849.000000, 3974.000000, 1916.000000, 3968.000000, 1917.000000, 4003.000000, 1849.000000, 4008.000000,     small-vehicle,     103
3540.000000, 4432.000000, 3574.000000, 4428.000000, 3580.000000, 4505.000000, 3547.000000, 4507.000000,     small-vehicle,     104
2167.000000, 3507.000000, 2209.000000, 3505.000000, 2211.000000, 3598.000000, 2169.000000, 3601.000000,     small-vehicle,     105
3118.000000, 3697.000000, 3172.000000, 3695.000000, 3174.000000, 3729.000000, 3119.000000, 3732.000000,     small-vehicle,     106
3895.000000, 4328.000000, 3921.000000, 4327.000000, 3928.000000, 4399.000000, 3901.000000, 4401.000000,     small-vehicle,     107
3705.000000, 4223.000000, 3762.000000, 4219.000000, 3764.000000, 4252.000000, 3707.000000, 4258.000000,     small-vehicle,     108
3278.000000, 3689.000000, 3345.000000, 3685.000000, 3346.000000, 3716.000000, 3279.000000, 3720.000000,     small-vehicle,     109
2085.000000, 3362.000000, 2114.000000, 3360.000000, 2115.000000, 3436.000000, 2086.000000, 3437.000000,     small-vehicle,     110
2686.000000, 3725.000000, 2752.000000, 3720.000000, 2753.000000, 3760.000000, 2688.000000, 3764.000000,     small-vehicle,     111
1158.000000, 4088.000000, 1223.000000, 4084.000000, 1223.000000, 4122.000000, 1158.000000, 4127.000000,     small-vehicle,     113
2423.000000, 4435.000000, 2464.000000, 4432.000000, 2467.000000, 4517.000000, 2427.000000, 4520.000000,     small-vehicle,     114
2586.000000, 3791.000000, 2647.000000, 3788.000000, 2650.000000, 3825.000000, 2587.000000, 3829.000000,     small-vehicle,     115
1624.000000, 3938.000000, 1688.000000, 3934.000000, 1688.000000, 3972.000000, 1624.000000, 3976.000000,     small-vehicle,     116
3529.000000, 4245.000000, 3589.000000, 4240.000000, 3592.000000, 4276.000000, 3532.000000, 4282.000000,     small-vehicle,     117
1139.000000, 3993.000000, 1202.000000, 3989.000000, 1202.000000, 4023.000000, 1138.000000, 4027.000000,     small-vehicle,     118
3546.000000, 3718.000000, 3610.000000, 3715.000000, 3612.000000, 3752.000000, 3549.000000, 3757.000000,     small-vehicle,     119
2015.000000, 2498.000000, 2045.000000, 2499.000000, 2047.000000, 2558.000000, 2016.000000, 2560.000000,     small-vehicle,     120
2910.000000, 2505.000000, 2960.000000, 2505.000000, 2962.000000, 2540.000000, 2912.000000, 2541.000000,     small-vehicle,     121
3198.000000, 3700.000000, 3256.000000, 3696.000000, 3259.000000, 3725.000000, 3201.000000, 3728.000000,     small-vehicle,     122
1950.000000, 3962.000000, 2020.000000, 3956.000000, 2021.000000, 3994.000000, 1950.000000, 3998.000000,     small-vehicle,     123
2700.000000, 4316.000000, 2757.000000, 4312.000000, 2758.000000, 4343.000000, 2702.000000, 4347.000000,     small-vehicle,     125
1250.000000, 4080.000000, 1310.000000, 4074.000000, 1310.000000, 4109.000000, 1250.000000, 4113.000000,     small-vehicle,     126
2094.000000, 2700.000000, 2127.000000, 2698.000000, 2129.000000, 2772.000000, 2097.000000, 2774.000000,     small-vehicle,     127
415.000000, 3710.000000, 448.000000, 3708.000000, 445.000000, 3771.000000, 414.000000, 3772.000000,     small-vehicle,     128
1954.000000, 3918.000000, 2013.000000, 3913.000000, 2015.000000, 3952.000000, 1955.000000, 3956.000000,     small-vehicle,     129
3043.000000, 2490.000000, 3098.000000, 2488.000000, 3100.000000, 2521.000000, 3045.000000, 2523.000000,     small-vehicle,     130
3100.000000, 3660.000000, 3160.000000, 3656.000000, 3162.000000, 3685.000000, 3103.000000, 3690.000000,     small-vehicle,     131
1397.000000, 3254.000000, 1421.000000, 3252.000000, 1422.000000, 3308.000000, 1398.000000, 3311.000000,     small-vehicle,     132
3416.000000, 4253.000000, 3478.000000, 4247.000000, 3481.000000, 4279.000000, 3418.000000, 4284.000000,     small-vehicle,     133
281.000000, 2817.000000, 356.000000, 2815.000000, 356.000000, 2846.000000, 280.000000, 2848.000000,     small-vehicle,     134
411.000000, 4190.000000, 481.000000, 4186.000000, 480.000000, 4220.000000, 410.000000, 4225.000000,     small-vehicle,     135
1561.000000, 4103.000000, 1615.000000, 4099.000000, 1615.000000, 4134.000000, 1561.000000, 4138.000000,     small-vehicle,     136
626.000000, 4184.000000, 697.000000, 4178.000000, 695.000000, 4215.000000, 625.000000, 4220.000000,     small-vehicle,     137
2410.000000, 4255.000000, 2450.000000, 4254.000000, 2453.000000, 4335.000000, 2412.000000, 4339.000000,     small-vehicle,     138
3562.000000, 3667.000000, 3624.000000, 3663.000000, 3627.000000, 3697.000000, 3565.000000, 3700.000000,     small-vehicle,     139
1392.000000, 3483.000000, 1418.000000, 3482.000000, 1418.000000, 3551.000000, 1392.000000, 3553.000000,     small-vehicle,     140
2065.000000, 3303.000000, 2085.000000, 3302.000000, 2086.000000, 3349.000000, 2066.000000, 3351.000000,     small-vehicle,     144
902.000000, 4106.000000, 967.000000, 4102.000000, 965.000000, 4139.000000, 901.000000, 4145.000000,     small-vehicle,     145
2696.000000, 2532.000000, 2756.000000, 2530.000000, 2757.000000, 2566.000000, 2698.000000, 2567.000000,     small-vehicle,     146
982.000000, 3822.000000, 1032.000000, 3819.000000, 1032.000000, 3849.000000, 982.000000, 3852.000000,     small-vehicle,     147
2356.000000, 3820.000000, 2389.000000, 3817.000000, 2392.000000, 3897.000000, 2358.000000, 3899.000000,     small-vehicle,     148
3457.000000, 3675.000000, 3513.000000, 3671.000000, 3516.000000, 3707.000000, 3459.000000, 3711.000000,     small-vehicle,     149
2732.000000, 3996.000000, 2798.000000, 3991.000000, 2799.000000, 4028.000000, 2735.000000, 4032.000000,     small-vehicle,     150
3829.000000, 3623.000000, 3887.000000, 3620.000000, 3892.000000, 3652.000000, 3833.000000, 3656.000000,     small-vehicle,     152
3099.000000, 2485.000000, 3159.000000, 2483.000000, 3162.000000, 2517.000000, 3102.000000, 2518.000000,     small-vehicle,     153
3338.000000, 4257.000000, 3399.000000, 4252.000000, 3401.000000, 4284.000000, 3340.000000, 4290.000000,     small-vehicle,     154
2218.000000, 3745.000000, 2257.000000, 3742.000000, 2260.000000, 3835.000000, 2222.000000, 3838.000000,     small-vehicle,     155
3384.000000, 4331.000000, 3437.000000, 4325.000000, 3441.000000, 4366.000000, 3387.000000, 4371.000000,     small-vehicle,     156
1736.000000, 4035.000000, 1790.000000, 4031.000000, 1790.000000, 4066.000000, 1737.000000, 4071.000000,     small-vehicle,     158
2196.000000, 4494.000000, 2222.000000, 4491.000000, 2223.000000, 4534.000000, 2198.000000, 4536.000000,     small-vehicle,     159
1627.000000, 3997.000000, 1693.000000, 3993.000000, 1694.000000, 4035.000000, 1628.000000, 4040.000000,     small-vehicle,     160
3579.000000, 3519.000000, 3613.000000, 3516.000000, 3620.000000, 3587.000000, 3585.000000, 3590.000000,     small-vehicle,     161
1449.000000, 3971.000000, 1517.000000, 3967.000000, 1517.000000, 4005.000000, 1449.000000, 4011.000000,     small-vehicle,     162
3639.000000, 3668.000000, 3705.000000, 3663.000000, 3708.000000, 3700.000000, 3641.000000, 3704.000000,     small-vehicle,     163
1766.000000, 2621.000000, 1828.000000, 2620.000000, 1827.000000, 2652.000000, 1767.000000, 2655.000000,     small-vehicle,     164
159.000000, 2818.000000, 227.000000, 2817.000000, 224.000000, 2852.000000, 157.000000, 2855.000000,     small-vehicle,     165
3491.000000, 3947.000000, 3545.000000, 3944.000000, 3548.000000, 3970.000000, 3492.000000, 3974.000000,     small-vehicle,     166
1049.000000, 3996.000000, 1120.000000, 3991.000000, 1120.000000, 4035.000000, 1049.000000, 4039.000000,     small-vehicle,     167
3379.000000, 3684.000000, 3439.000000, 3681.000000, 3441.000000, 3716.000000, 3382.000000, 3718.000000,     small-vehicle,     168
1084.000000, 4146.000000, 1148.000000, 4141.000000, 1148.000000, 4177.000000, 1083.000000, 4181.000000,     small-vehicle,     169
3280.000000, 3735.000000, 3338.000000, 3731.000000, 3340.000000, 3770.000000, 3282.000000, 3774.000000,     small-vehicle,     170
1058.000000, 4093.000000, 1136.000000, 4087.000000, 1136.000000, 4126.000000, 1057.000000, 4133.000000,     small-vehicle,     171
3641.000000, 3719.000000, 3701.000000, 3715.000000, 3704.000000, 3751.000000, 3645.000000, 3756.000000,     small-vehicle,     172
2627.000000, 2540.000000, 2689.000000, 2539.000000, 2691.000000, 2576.000000, 2628.000000, 2578.000000,     small-vehicle,     173
1518.000000, 4047.000000, 1577.000000, 4044.000000, 1578.000000, 4082.000000, 1518.000000, 4086.000000,     small-vehicle,     175
1766.000000, 3769.000000, 1825.000000, 3766.000000, 1826.000000, 3797.000000, 1765.000000, 3801.000000,     small-vehicle,     177
3013.000000, 3761.000000, 3073.000000, 3757.000000, 3075.000000, 3793.000000, 3016.000000, 3798.000000,     small-vehicle,     178
1406.000000, 4113.000000, 1472.000000, 4109.000000, 1472.000000, 4147.000000, 1406.000000, 4152.000000,     small-vehicle,     179
3041.000000, 3705.000000, 3104.000000, 3701.000000, 3106.000000, 3736.000000, 3043.000000, 3741.000000,     small-vehicle,     182
1498.000000, 4108.000000, 1560.000000, 4104.000000, 1560.000000, 4138.000000, 1498.000000, 4142.000000,     small-vehicle,     186
2898.000000, 4437.000000, 2926.000000, 4435.000000, 2932.000000, 4524.000000, 2902.000000, 4526.000000,     small-vehicle,     187
1602.000000, 2614.000000, 1665.000000, 2613.000000, 1666.000000, 2645.000000, 1603.000000, 2646.000000,     small-vehicle,     189
1442.000000, 4016.000000, 1506.000000, 4012.000000, 1506.000000, 4047.000000, 1442.000000, 4052.000000,     small-vehicle,     190
3749.000000, 3714.000000, 3819.000000, 3709.000000, 3823.000000, 3746.000000, 3752.000000, 3750.000000,     small-vehicle,     193
2838.000000, 4307.000000, 2869.000000, 4305.000000, 2872.000000, 4332.000000, 2839.000000, 4335.000000,     small-vehicle,     194
3514.000000, 3620.000000, 3567.000000, 3617.000000, 3573.000000, 3687.000000, 3520.000000, 3691.000000,     small-vehicle,     196
1663.000000, 4085.000000, 1729.000000, 4078.000000, 1730.000000, 4120.000000, 1665.000000, 4126.000000,     small-vehicle,     198
3867.000000, 4415.000000, 3892.000000, 4414.000000, 3898.000000, 4464.000000, 3872.000000, 4467.000000,     small-vehicle,     201
2921.000000, 2549.000000, 2986.000000, 2547.000000, 2988.000000, 2580.000000, 2924.000000, 2581.000000,     small-vehicle,     202
1421.000000, 4063.000000, 1475.000000, 4058.000000, 1475.000000, 4092.000000, 1420.000000, 4095.000000,     small-vehicle,     203
3748.000000, 3661.000000, 3818.000000, 3657.000000, 3823.000000, 3700.000000, 3751.000000, 3704.000000,     small-vehicle,     209
2491.000000, 2560.000000, 2554.000000, 2559.000000, 2555.000000, 2593.000000, 2494.000000, 2594.000000,     small-vehicle,     212
121.000000, 4128.000000, 199.000000, 4123.000000, 196.000000, 4160.000000, 119.000000, 4167.000000,     small-vehicle,     213
1172.000000, 4142.000000, 1226.000000, 4138.000000, 1226.000000, 4170.000000, 1172.000000, 4173.000000,     small-vehicle,     214
39.000000, 4239.000000, 84.000000, 4235.000000, 83.000000, 4265.000000, 37.000000, 4269.000000,     small-vehicle,     216
985.000000, 4095.000000, 1047.000000, 4091.000000, 1045.000000, 4130.000000, 985.000000, 4135.000000,     small-vehicle,     217
2037.000000, 3232.000000, 2060.000000, 3232.000000, 2063.000000, 3282.000000, 2038.000000, 3282.000000,     small-vehicle,     223
2309.000000, 3518.000000, 2347.000000, 3516.000000, 2351.000000, 3628.000000, 2313.000000, 3631.000000,     large-vehicle,     230
1913.000000, 4020.000000, 2006.000000, 4013.000000, 2008.000000, 4062.000000, 1913.000000, 4068.000000,     large-vehicle,     231
2053.000000, 3015.000000, 2095.000000, 3014.000000, 2096.000000, 3108.000000, 2055.000000, 3110.000000,     large-vehicle,     232
2271.000000, 3995.000000, 2311.000000, 3991.000000, 2315.000000, 4083.000000, 2274.000000, 4085.000000,     large-vehicle,     233
3854.000000, 3927.000000, 3929.000000, 3922.000000, 3933.000000, 3966.000000, 3858.000000, 3972.000000,     large-vehicle,     235
707.000000, 4174.000000, 789.000000, 4168.000000, 789.000000, 4216.000000, 706.000000, 4222.000000,     large-vehicle,     236
939.000000, 4154.000000, 1043.000000, 4147.000000, 1042.000000, 4197.000000, 937.000000, 4204.000000,     large-vehicle,     237
2403.000000, 3864.000000, 2448.000000, 3861.000000, 2452.000000, 3966.000000, 2407.000000, 3968.000000,     large-vehicle,     239
1652.000000, 4038.000000, 1716.000000, 4034.000000, 1717.000000, 4076.000000, 1653.000000, 4081.000000,     large-vehicle,     240
2951.000000, 3715.000000, 3029.000000, 3710.000000, 3030.000000, 3745.000000, 2953.000000, 3751.000000,     large-vehicle,     242
2666.000000, 3834.000000, 2786.000000, 3825.000000, 2789.000000, 3874.000000, 2669.000000, 3883.000000,     large-vehicle,     243
2942.000000, 4431.000000, 2971.000000, 4427.000000, 2977.000000, 4516.000000, 2946.000000, 4519.000000,     large-vehicle,     244
2306.000000, 4523.000000, 2347.000000, 4518.000000, 2352.000000, 4624.000000, 2309.000000, 4628.000000,     large-vehicle,     253
3899.000000, 4445.000000, 3934.000000, 4441.000000, 3941.000000, 4519.000000, 3906.000000, 4523.000000,     small-vehicle,     291
555.000000, 4169.000000, 614.000000, 4166.000000, 614.000000, 4199.000000, 553.000000, 4203.000000,     small-vehicle,     317
3247.000000, 2477.000000, 3312.000000, 2476.000000, 3315.000000, 2514.000000, 3250.000000, 2515.000000,     small-vehicle,     329
3180.000000, 2483.000000, 3236.000000, 2482.000000, 3239.000000, 2515.000000, 3183.000000, 2517.000000,     small-vehicle,     330
3808.000000, 3735.000000, 3880.000000, 3730.000000, 3885.000000, 3772.000000, 3812.000000, 3778.000000,     small-vehicle,     334
1111.000000, 3378.000000, 1174.000000, 3375.000000, 1174.000000, 3412.000000, 1111.000000, 3414.000000,     small-vehicle,     337
3411.000000, 2447.000000, 3481.000000, 2445.000000, 3486.000000, 2508.000000, 3416.000000, 2509.000000,     large-vehicle,     345
1782.000000, 3926.000000, 1842.000000, 3923.000000, 1843.000000, 3957.000000, 1782.000000, 3961.000000,     large-vehicle,     351
2092.000000, 2926.000000, 2125.000000, 2925.000000, 2126.000000, 3000.000000, 2093.000000, 3000.000000,     small-vehicle,     353
1272.000000, 3375.000000, 1339.000000, 3371.000000, 1339.000000, 3408.000000, 1272.000000, 3411.000000,     small-vehicle,     360
3308.000000, 2474.000000, 3364.000000, 2471.000000, 3368.000000, 2508.000000, 3311.000000, 2510.000000,     small-vehicle,     364
3022.000000, 2585.000000, 3087.000000, 2583.000000, 3089.000000, 2620.000000, 3023.000000, 2622.000000,     large-vehicle,     373
3487.000000, 2448.000000, 3555.000000, 2446.000000, 3558.000000, 2485.000000, 3490.000000, 2486.000000,     small-vehicle,     382
824.000000, 4104.000000, 889.000000, 4100.000000, 888.000000, 4133.000000, 823.000000, 4138.000000,     small-vehicle,     383
1775.000000, 4072.000000, 1836.000000, 4068.000000, 1837.000000, 4109.000000, 1775.000000, 4113.000000,     small-vehicle,     384
3560.000000, 2435.000000, 3628.000000, 2434.000000, 3632.000000, 2473.000000, 3563.000000, 2475.000000,     small-vehicle,     385
2808.000000, 2577.000000, 2859.000000, 2576.000000, 2861.000000, 2632.000000, 2810.000000, 2634.000000,     small-vehicle,     386
1035.000000, 4033.000000, 1108.000000, 4028.000000, 1108.000000, 4066.000000, 1034.000000, 4072.000000,     small-vehicle,     409
3632.000000, 2424.000000, 3698.000000, 2423.000000, 3701.000000, 2463.000000, 3635.000000, 2464.000000,     small-vehicle,     413
2151.000000, 2787.000000, 2185.000000, 2785.000000, 2187.000000, 2866.000000, 2154.000000, 2867.000000,     small-vehicle,     421
387.000000, 4083.000000, 453.000000, 4078.000000, 452.000000, 4116.000000, 385.000000, 4120.000000,     small-vehicle,     430
2196.000000, 3224.000000, 2224.000000, 3223.000000, 2227.000000, 3298.000000, 2198.000000, 3298.000000,     small-vehicle,     431
1984.000000, 2394.000000, 2011.000000, 2393.000000, 2013.000000, 2460.000000, 1985.000000, 2460.000000,     small-vehicle,     432
2013.000000, 2384.000000, 2042.000000, 2382.000000, 2044.000000, 2449.000000, 2015.000000, 2450.000000,     small-vehicle,     433
1199.000000, 3377.000000, 1259.000000, 3374.000000, 1259.000000, 3405.000000, 1199.000000, 3408.000000,     small-vehicle,     438
3097.000000, 2540.000000, 3159.000000, 2538.000000, 3162.000000, 2574.000000, 3100.000000, 2575.000000,     small-vehicle,     445
1536.000000, 2619.000000, 1591.000000, 2618.000000, 1592.000000, 2645.000000, 1537.000000, 2646.000000,     small-vehicle,     446
2116.000000, 2623.000000, 2144.000000, 2621.000000, 2146.000000, 2687.000000, 2118.000000, 2688.000000,     small-vehicle,     457
3349.000000, 3747.000000, 3417.000000, 3741.000000, 3420.000000, 3782.000000, 3352.000000, 3786.000000,     small-vehicle,     462
1854.000000, 4055.000000, 1918.000000, 4050.000000, 1920.000000, 4102.000000, 1855.000000, 4107.000000,     small-vehicle,     463
3119.000000, 2582.000000, 3182.000000, 2580.000000, 3185.000000, 2618.000000, 3122.000000, 2621.000000,     small-vehicle,     465
2273.000000, 2304.000000, 2299.000000, 2304.000000, 2302.000000, 2379.000000, 2275.000000, 2380.000000,     small-vehicle,     484
2412.000000, 4215.000000, 2446.000000, 4212.000000, 2451.000000, 4301.000000, 2415.000000, 4303.000000,     small-vehicle,     485
3442.000000, 3741.000000, 3507.000000, 3736.000000, 3510.000000, 3773.000000, 3445.000000, 3777.000000,     small-vehicle,     487
252.000000, 2895.000000, 326.000000, 2892.000000, 324.000000, 2914.000000, 251.000000, 2916.000000,     large-vehicle,     498
1978.000000, 2328.000000, 2008.000000, 2328.000000, 2009.000000, 2391.000000, 1979.000000, 2392.000000,     small-vehicle,     506
48.000000, 2807.000000, 123.000000, 2805.000000, 121.000000, 2844.000000, 46.000000, 2846.000000,     small-vehicle,     511
3417.000000, 2400.000000, 3449.000000, 2399.000000, 3450.000000, 2421.000000, 3419.000000, 2420.000000,     small-vehicle,     512
2097.000000, 2419.000000, 2132.000000, 2418.000000, 2133.000000, 2473.000000, 2099.000000, 2474.000000,     small-vehicle,     527
3556.000000, 3888.000000, 3614.000000, 3884.000000, 3617.000000, 3916.000000, 3559.000000, 3921.000000,     small-vehicle,     528
2062.000000, 2394.000000, 2087.000000, 2394.000000, 2089.000000, 2459.000000, 2063.000000, 2459.000000,     small-vehicle,     531
1826.000000, 3825.000000, 1892.000000, 3821.000000, 1892.000000, 3861.000000, 1828.000000, 3866.000000,     large-vehicle,     536
1554.000000, 4178.000000, 1606.000000, 4175.000000, 1606.000000, 4234.000000, 1554.000000, 4239.000000,     small-vehicle,     537
2778.000000, 3736.000000, 2855.000000, 3731.000000, 2857.000000, 3766.000000, 2780.000000, 3770.000000,     large-vehicle,     542
2671.000000, 3786.000000, 2746.000000, 3781.000000, 2749.000000, 3829.000000, 2672.000000, 3833.000000,     large-vehicle,     543
2665.000000, 3764.000000, 2744.000000, 3757.000000, 2744.000000, 3802.000000, 2668.000000, 3806.000000,     small-vehicle,     545
2442.000000, 4560.000000, 2472.000000, 4557.000000, 2475.000000, 4638.000000, 2445.000000, 4641.000000,     large-vehicle,     548
2873.000000, 3726.000000, 2941.000000, 3722.000000, 2943.000000, 3763.000000, 2874.000000, 3768.000000,     large-vehicle,     553
2329.000000, 3226.000000, 2359.000000, 3225.000000, 2362.000000, 3301.000000, 2331.000000, 3301.000000,     large-vehicle,     555
2453.000000, 4032.000000, 2499.000000, 4029.000000, 2503.000000, 4116.000000, 2456.000000, 4119.000000,     large-vehicle,     559
1338.000000, 4065.000000, 1410.000000, 4060.000000, 1410.000000, 4098.000000, 1338.000000, 4103.000000,     large-vehicle,     560
2251.000000, 2184.000000, 2274.000000, 2184.000000, 2276.000000, 2232.000000, 2254.000000, 2233.000000,     small-vehicle,     564
3703.000000, 3890.000000, 3766.000000, 3885.000000, 3769.000000, 3918.000000, 3705.000000, 3922.000000,     small-vehicle,     565
2287.000000, 2188.000000, 2314.000000, 2188.000000, 2316.000000, 2249.000000, 2289.000000, 2248.000000,     small-vehicle,     568
172.000000, 4094.000000, 248.000000, 4088.000000, 247.000000, 4124.000000, 171.000000, 4129.000000,     small-vehicle,     569
71.000000, 4156.000000, 154.000000, 4149.000000, 154.000000, 4193.000000, 70.000000, 4199.000000,     small-vehicle,     570
561.000000, 3823.000000, 594.000000, 3820.000000, 593.000000, 3844.000000, 561.000000, 3847.000000,     small-vehicle,     573
2771.000000, 3784.000000, 2837.000000, 3779.000000, 2839.000000, 3816.000000, 2774.000000, 3820.000000,     small-vehicle,     574
1645.000000, 2691.000000, 1702.000000, 2690.000000, 1702.000000, 2715.000000, 1645.000000, 2718.000000,     small-vehicle,     575
3518.000000, 2533.000000, 3578.000000, 2531.000000, 3581.000000, 2570.000000, 3520.000000, 2572.000000,     small-vehicle,     577
3737.000000, 2504.000000, 3792.000000, 2503.000000, 3794.000000, 2536.000000, 3739.000000, 2538.000000,     small-vehicle,     578
208.000000, 4185.000000, 281.000000, 4181.000000, 280.000000, 4221.000000, 207.000000, 4226.000000,     large-vehicle,     581
3675.000000, 3854.000000, 3743.000000, 3849.000000, 3747.000000, 3884.000000, 3679.000000, 3888.000000,     large-vehicle,     582
2453.000000, 4036.000000, 2500.000000, 4034.000000, 2504.000000, 4117.000000, 2456.000000, 4120.000000,     small-vehicle,     583
2894.000000, 4446.000000, 2926.000000, 4442.000000, 2932.000000, 4530.000000, 2898.000000, 4533.000000,     large-vehicle,     584
73.000000, 4147.000000, 156.000000, 4142.000000, 155.000000, 4185.000000, 71.000000, 4191.000000,     large-vehicle,     585
2301.000000, 2851.000000, 2334.000000, 2849.000000, 2337.000000, 2919.000000, 2303.000000, 2921.000000,     small-vehicle,     588
1335.000000, 4048.000000, 1404.000000, 4041.000000, 1404.000000, 4080.000000, 1335.000000, 4085.000000,     small-vehicle,     589
2281.000000, 2107.000000, 2304.000000, 2106.000000, 2307.000000, 2170.000000, 2282.000000, 2169.000000,     small-vehicle,     590
2035.000000, 3115.000000, 2074.000000, 3114.000000, 2076.000000, 3188.000000, 2036.000000, 3190.000000,     small-vehicle,     591
2444.000000, 4569.000000, 2474.000000, 4566.000000, 2476.000000, 4649.000000, 2448.000000, 4652.000000,     small-vehicle,     592
1986.000000, 2132.000000, 2017.000000, 2131.000000, 2018.000000, 2200.000000, 1988.000000, 2199.000000,     small-vehicle,     593
1763.000000, 3866.000000, 1804.000000, 3863.000000, 1805.000000, 3892.000000, 1764.000000, 3895.000000,     small-vehicle,     594
2329.000000, 3230.000000, 2360.000000, 3227.000000, 2363.000000, 3305.000000, 2331.000000, 3306.000000,     small-vehicle,     595
1871.000000, 3764.000000, 1922.000000, 3761.000000, 1923.000000, 3792.000000, 1872.000000, 3796.000000,     small-vehicle,     598
1825.000000, 3818.000000, 1893.000000, 3814.000000, 1893.000000, 3853.000000, 1826.000000, 3857.000000,     small-vehicle,     599
3218.000000, 4364.000000, 3265.000000, 4360.000000, 3268.000000, 4392.000000, 3221.000000, 4395.000000,     small-vehicle,     600
2070.000000, 2165.000000, 2099.000000, 2165.000000, 2102.000000, 2220.000000, 2070.000000, 2219.000000,     small-vehicle,     603
3024.000000, 2596.000000, 3087.000000, 2594.000000, 3089.000000, 2629.000000, 3026.000000, 2631.000000,     small-vehicle,     604
2770.000000, 3787.000000, 2837.000000, 3781.000000, 2839.000000, 3819.000000, 2773.000000, 3823.000000,     large-vehicle,     605
2328.000000, 3236.000000, 2360.000000, 3234.000000, 2363.000000, 3303.000000, 2330.000000, 3303.000000,     large-vehicle,     606
1854.000000, 4055.000000, 1918.000000, 4050.000000, 1920.000000, 4103.000000, 1855.000000, 4108.000000,     large-vehicle,     607
2063.000000, 2138.000000, 2102.000000, 2136.000000, 2105.000000, 2233.000000, 2065.000000, 2233.000000,     large-vehicle,     608
2454.000000, 4035.000000, 2501.000000, 4033.000000, 2505.000000, 4118.000000, 2457.000000, 4122.000000,     large-vehicle,     609
3041.000000, 3714.000000, 3103.000000, 3711.000000, 3106.000000, 3745.000000, 3044.000000, 3749.000000,     large-vehicle,     610
2036.000000, 3116.000000, 2074.000000, 3115.000000, 2076.000000, 3189.000000, 2037.000000, 3191.000000,     large-vehicle,     611
3441.000000, 3740.000000, 3508.000000, 3734.000000, 3511.000000, 3774.000000, 3444.000000, 3779.000000,     large-vehicle,     612
1334.000000, 4068.000000, 1399.000000, 4064.000000, 1399.000000, 4099.000000, 1333.000000, 4106.000000,     small-vehicle,     613
2687.000000, 2635.000000, 2737.000000, 2634.000000, 2740.000000, 2668.000000, 2688.000000, 2669.000000,     small-vehicle,     614
825.000000, 4050.000000, 886.000000, 4046.000000, 885.000000, 4083.000000, 824.000000, 4088.000000,     small-vehicle,     615
2894.000000, 4446.000000, 2925.000000, 4442.000000, 2931.000000, 4536.000000, 2899.000000, 4539.000000,     small-vehicle,     616
1780.000000, 3928.000000, 1841.000000, 3924.000000, 1842.000000, 3958.000000, 1780.000000, 3962.000000,     small-vehicle,     617
208.000000, 4190.000000, 284.000000, 4185.000000, 283.000000, 4220.000000, 207.000000, 4226.000000,     small-vehicle,     618
2939.000000, 4437.000000, 2974.000000, 4434.000000, 2979.000000, 4518.000000, 2944.000000, 4522.000000,     small-vehicle,     619
2689.000000, 3788.000000, 2747.000000, 3784.000000, 2749.000000, 3822.000000, 2690.000000, 3826.000000,     small-vehicle,     620
1826.000000, 3827.000000, 1892.000000, 3822.000000, 1892.000000, 3862.000000, 1828.000000, 3867.000000,     small-vehicle,     621
2777.000000, 3738.000000, 2853.000000, 3733.000000, 2855.000000, 3767.000000, 2779.000000, 3771.000000,     small-vehicle,     622
2943.000000, 4436.000000, 2971.000000, 4433.000000, 2976.000000, 4525.000000, 2948.000000, 4528.000000,     large-vehicle,     623
3021.000000, 2596.000000, 3087.000000, 2594.000000, 3089.000000, 2629.000000, 3024.000000, 2631.000000,     large-vehicle,     624
