2064.000000, 3498.000000, 2094.000000, 3497.000000, 2095.000000, 3558.000000, 2066.000000, 3560.000000,     small-vehicle,     0
2396.000000, 3543.000000, 2424.000000, 3540.000000, 2425.000000, 3613.000000, 2399.000000, 3615.000000,     small-vehicle,     1
2071.000000, 3577.000000, 2096.000000, 3575.000000, 2097.000000, 3640.000000, 2073.000000, 3642.000000,     small-vehicle,     2
2078.000000, 3213.000000, 2105.000000, 3212.000000, 2107.000000, 3272.000000, 2079.000000, 3274.000000,     small-vehicle,     4
1448.000000, 3607.000000, 1482.000000, 3604.000000, 1482.000000, 3683.000000, 1449.000000, 3686.000000,     small-vehicle,     12
2391.000000, 3460.000000, 2420.000000, 3457.000000, 2423.000000, 3534.000000, 2392.000000, 3535.000000,     small-vehicle,     17
2089.000000, 3393.000000, 2120.000000, 3390.000000, 2122.000000, 3469.000000, 2091.000000, 3472.000000,     small-vehicle,     21
2326.000000, 3710.000000, 2356.000000, 3709.000000, 2359.000000, 3792.000000, 2329.000000, 3794.000000,     small-vehicle,     29
1385.000000, 3442.000000, 1444.000000, 3438.000000, 1444.000000, 3486.000000, 1386.000000, 3489.000000,     small-vehicle,     41
1451.000000, 3533.000000, 1478.000000, 3530.000000, 1479.000000, 3592.000000, 1451.000000, 3594.000000,     small-vehicle,     43
2356.000000, 3353.000000, 2381.000000, 3350.000000, 2384.000000, 3433.000000, 2357.000000, 3435.000000,     small-vehicle,     46
2285.000000, 2299.000000, 2342.000000, 2298.000000, 2343.000000, 2331.000000, 2285.000000, 2333.000000,     small-vehicle,     66
2345.000000, 3566.000000, 2377.000000, 3564.000000, 2380.000000, 3644.000000, 2347.000000, 3647.000000,     small-vehicle,     86
2306.000000, 3909.000000, 2338.000000, 3906.000000, 2340.000000, 3985.000000, 2307.000000, 3987.000000,     small-vehicle,     114
2071.000000, 3135.000000, 2098.000000, 3134.000000, 2100.000000, 3196.000000, 2072.000000, 3198.000000,     small-vehicle,     120
2224.000000, 2485.000000, 2252.000000, 2484.000000, 2254.000000, 2551.000000, 2225.000000, 2552.000000,     small-vehicle,     148
2931.000000, 3199.000000, 2971.000000, 3197.000000, 2972.000000, 3220.000000, 2932.000000, 3223.000000,     small-vehicle,     202
2182.000000, 2092.000000, 2216.000000, 2091.000000, 2219.000000, 2191.000000, 2184.000000, 2191.000000,     large-vehicle,     230
2892.000000, 3237.000000, 2949.000000, 3234.000000, 2951.000000, 3276.000000, 2894.000000, 3280.000000,     small-vehicle,     386
2038.000000, 3031.000000, 2065.000000, 3030.000000, 2066.000000, 3100.000000, 2039.000000, 3101.000000,     small-vehicle,     432
2068.000000, 3023.000000, 2098.000000, 3022.000000, 2098.000000, 3085.000000, 2069.000000, 3088.000000,     small-vehicle,     433
3126.000000, 3176.000000, 3188.000000, 3172.000000, 3190.000000, 3201.000000, 3128.000000, 3205.000000,     small-vehicle,     445
2314.000000, 2802.000000, 2339.000000, 2800.000000, 2340.000000, 2862.000000, 2315.000000, 2863.000000,     small-vehicle,     564
2349.000000, 2816.000000, 2378.000000, 2814.000000, 2380.000000, 2878.000000, 2351.000000, 2879.000000,     small-vehicle,     568
1691.000000, 3341.000000, 1747.000000, 3337.000000, 1747.000000, 3370.000000, 1692.000000, 3374.000000,     small-vehicle,     575
3603.000000, 3165.000000, 3658.000000, 3163.000000, 3660.000000, 3190.000000, 3605.000000, 3194.000000,     small-vehicle,     577
2342.000000, 2731.000000, 2370.000000, 2729.000000, 2371.000000, 2800.000000, 2344.000000, 2801.000000,     small-vehicle,     590
2044.000000, 2768.000000, 2075.000000, 2766.000000, 2077.000000, 2835.000000, 2046.000000, 2836.000000,     small-vehicle,     593
2752.000000, 3268.000000, 2812.000000, 3264.000000, 2814.000000, 3295.000000, 2753.000000, 3299.000000,     small-vehicle,     614
2325.000000, 2648.000000, 2353.000000, 2646.000000, 2355.000000, 2712.000000, 2327.000000, 2713.000000,     small-vehicle,     632
3022.000000, 3233.000000, 3078.000000, 3229.000000, 3079.000000, 3262.000000, 3023.000000, 3265.000000,     small-vehicle,     636
2010.000000, 2591.000000, 2039.000000, 2589.000000, 2041.000000, 2658.000000, 2010.000000, 2659.000000,     small-vehicle,     660
2290.000000, 3574.000000, 2321.000000, 3571.000000, 2323.000000, 3646.000000, 2291.000000, 3649.000000,     small-vehicle,     664
2327.000000, 2560.000000, 2355.000000, 2559.000000, 2356.000000, 2627.000000, 2329.000000, 2629.000000,     small-vehicle,     666
2229.000000, 3571.000000, 2252.000000, 3568.000000, 2253.000000, 3614.000000, 2229.000000, 3615.000000,     small-vehicle,     667
2004.000000, 2520.000000, 2031.000000, 2519.000000, 2031.000000, 2576.000000, 2005.000000, 2577.000000,     small-vehicle,     704
2320.000000, 2472.000000, 2351.000000, 2471.000000, 2354.000000, 2539.000000, 2322.000000, 2540.000000,     small-vehicle,     718
2563.000000, 3291.000000, 2617.000000, 3288.000000, 2619.000000, 3319.000000, 2564.000000, 3323.000000,     small-vehicle,     756
2280.000000, 2370.000000, 2312.000000, 2369.000000, 2314.000000, 2447.000000, 2282.000000, 2448.000000,     small-vehicle,     761
1998.000000, 2440.000000, 2029.000000, 2438.000000, 2031.000000, 2503.000000, 1999.000000, 2504.000000,     small-vehicle,     762
1911.000000, 3323.000000, 1942.000000, 3322.000000, 1942.000000, 3388.000000, 1913.000000, 3390.000000,     small-vehicle,     765
3291.000000, 3201.000000, 3347.000000, 3197.000000, 3349.000000, 3229.000000, 3293.000000, 3233.000000,     small-vehicle,     789
3737.000000, 3143.000000, 3800.000000, 3139.000000, 3803.000000, 3172.000000, 3739.000000, 3176.000000,     small-vehicle,     792
1986.000000, 2296.000000, 2015.000000, 2295.000000, 2016.000000, 2362.000000, 1987.000000, 2363.000000,     small-vehicle,     813
3423.000000, 2305.000000, 3443.000000, 2305.000000, 3446.000000, 2365.000000, 3425.000000, 2365.000000,     small-vehicle,     815
2114.000000, 2605.000000, 2139.000000, 2604.000000, 2141.000000, 2666.000000, 2115.000000, 2667.000000,     small-vehicle,     816
2505.000000, 2309.000000, 2555.000000, 2308.000000, 2556.000000, 2337.000000, 2506.000000, 2339.000000,     small-vehicle,     818
2701.000000, 3258.000000, 2750.000000, 3255.000000, 2753.000000, 3315.000000, 2703.000000, 3318.000000,     small-vehicle,     824
1995.000000, 2245.000000, 2018.000000, 2245.000000, 2019.000000, 2289.000000, 1996.000000, 2290.000000,     small-vehicle,     840
2488.000000, 2228.000000, 2541.000000, 2227.000000, 2542.000000, 2252.000000, 2488.000000, 2254.000000,     small-vehicle,     841
2550.000000, 2218.000000, 2606.000000, 2215.000000, 2607.000000, 2246.000000, 2551.000000, 2249.000000,     small-vehicle,     845
1793.000000, 2742.000000, 1855.000000, 2740.000000, 1855.000000, 2769.000000, 1793.000000, 2772.000000,     small-vehicle,     847
2108.000000, 2438.000000, 2135.000000, 2436.000000, 2136.000000, 2497.000000, 2109.000000, 2497.000000,     small-vehicle,     867
2815.000000, 2194.000000, 2869.000000, 2193.000000, 2870.000000, 2217.000000, 2816.000000, 2219.000000,     small-vehicle,     870
2935.000000, 2172.000000, 3000.000000, 2170.000000, 3001.000000, 2199.000000, 2937.000000, 2200.000000,     small-vehicle,     875
1620.000000, 3351.000000, 1680.000000, 3347.000000, 1680.000000, 3392.000000, 1620.000000, 3396.000000,     small-vehicle,     876
3413.000000, 2220.000000, 3439.000000, 2219.000000, 3442.000000, 2272.000000, 3415.000000, 2273.000000,     small-vehicle,     878
2685.000000, 2211.000000, 2738.000000, 2208.000000, 2737.000000, 2230.000000, 2686.000000, 2231.000000,     small-vehicle,     880
1972.000000, 2192.000000, 1991.000000, 2192.000000, 1992.000000, 2242.000000, 1973.000000, 2243.000000,     small-vehicle,     885
3480.000000, 2106.000000, 3526.000000, 2105.000000, 3528.000000, 2133.000000, 3482.000000, 2134.000000,     small-vehicle,     886
3118.000000, 2149.000000, 3184.000000, 2147.000000, 3186.000000, 2175.000000, 3120.000000, 2177.000000,     small-vehicle,     889
1975.000000, 2123.000000, 1996.000000, 2123.000000, 1997.000000, 2184.000000, 1976.000000, 2184.000000,     small-vehicle,     892
3246.000000, 2137.000000, 3301.000000, 2136.000000, 3302.000000, 2165.000000, 3248.000000, 2167.000000,     small-vehicle,     893
3421.000000, 2111.000000, 3476.000000, 2110.000000, 3477.000000, 2137.000000, 3422.000000, 2139.000000,     small-vehicle,     894
3033.000000, 2157.000000, 3094.000000, 2155.000000, 3096.000000, 2188.000000, 3034.000000, 2189.000000,     small-vehicle,     895
3583.000000, 2090.000000, 3635.000000, 2089.000000, 3637.000000, 2116.000000, 3584.000000, 2117.000000,     small-vehicle,     897
2882.000000, 2177.000000, 2932.000000, 2176.000000, 2933.000000, 2207.000000, 2883.000000, 2208.000000,     small-vehicle,     904
662.000000, 3174.000000, 730.000000, 3170.000000, 729.000000, 3209.000000, 662.000000, 3213.000000,     small-vehicle,     909
3231.000000, 2219.000000, 3286.000000, 2217.000000, 3288.000000, 2245.000000, 3232.000000, 2247.000000,     small-vehicle,     916
2284.000000, 2029.000000, 2315.000000, 2027.000000, 2317.000000, 2097.000000, 2285.000000, 2099.000000,     small-vehicle,     917
2263.000000, 2073.000000, 2296.000000, 2073.000000, 2298.000000, 2140.000000, 2265.000000, 2141.000000,     small-vehicle,     921
3723.000000, 2070.000000, 3758.000000, 2068.000000, 3760.000000, 2097.000000, 3725.000000, 2097.000000,     small-vehicle,     924
2065.000000, 2377.000000, 2092.000000, 2376.000000, 2093.000000, 2438.000000, 2066.000000, 2439.000000,     small-vehicle,     930
3670.000000, 3155.000000, 3727.000000, 3151.000000, 3729.000000, 3180.000000, 3672.000000, 3184.000000,     small-vehicle,     943
2278.000000, 1944.000000, 2309.000000, 1944.000000, 2311.000000, 2015.000000, 2280.000000, 2015.000000,     small-vehicle,     944
1965.000000, 1978.000000, 1992.000000, 1976.000000, 1993.000000, 2041.000000, 1966.000000, 2041.000000,     small-vehicle,     949
3582.000000, 3071.000000, 3629.000000, 3068.000000, 3630.000000, 3110.000000, 3585.000000, 3113.000000,     small-vehicle,     953
3169.000000, 2229.000000, 3223.000000, 2227.000000, 3225.000000, 2255.000000, 3171.000000, 2256.000000,     small-vehicle,     962
1087.000000, 1967.000000, 1137.000000, 1966.000000, 1137.000000, 1999.000000, 1087.000000, 2000.000000,     small-vehicle,     964
873.000000, 1982.000000, 940.000000, 1981.000000, 940.000000, 2014.000000, 872.000000, 2015.000000,     small-vehicle,     966
3581.000000, 2168.000000, 3624.000000, 2166.000000, 3626.000000, 2197.000000, 3582.000000, 2199.000000,     small-vehicle,     969
1263.000000, 1961.000000, 1290.000000, 1960.000000, 1289.000000, 2012.000000, 1263.000000, 2013.000000,     small-vehicle,     971
1660.000000, 2746.000000, 1722.000000, 2744.000000, 1722.000000, 2773.000000, 1660.000000, 2776.000000,     small-vehicle,     973
1258.000000, 2194.000000, 1298.000000, 2193.000000, 1298.000000, 2221.000000, 1258.000000, 2221.000000,     small-vehicle,     975
2014.000000, 2849.000000, 2038.000000, 2848.000000, 2039.000000, 2899.000000, 2015.000000, 2900.000000,     small-vehicle,     976
2081.000000, 2120.000000, 2110.000000, 2120.000000, 2112.000000, 2187.000000, 2081.000000, 2188.000000,     small-vehicle,     980
1958.000000, 1907.000000, 1985.000000, 1907.000000, 1986.000000, 1966.000000, 1959.000000, 1966.000000,     small-vehicle,     981
2243.000000, 1908.000000, 2272.000000, 1907.000000, 2274.000000, 1974.000000, 2244.000000, 1974.000000,     small-vehicle,     986
1011.000000, 1972.000000, 1070.000000, 1972.000000, 1069.000000, 2003.000000, 1011.000000, 2004.000000,     small-vehicle,     987
2171.000000, 3286.000000, 2198.000000, 3284.000000, 2200.000000, 3341.000000, 2172.000000, 3343.000000,     small-vehicle,     988
1163.000000, 1963.000000, 1224.000000, 1963.000000, 1224.000000, 1989.000000, 1163.000000, 1991.000000,     small-vehicle,     989
773.000000, 1899.000000, 844.000000, 1897.000000, 843.000000, 1930.000000, 772.000000, 1932.000000,     small-vehicle,     990
2658.000000, 2288.000000, 2708.000000, 2286.000000, 2708.000000, 2314.000000, 2659.000000, 2315.000000,     small-vehicle,     994
97.000000, 1982.000000, 156.000000, 1981.000000, 155.000000, 2008.000000, 96.000000, 2010.000000,     small-vehicle,     995
1982.000000, 1824.000000, 2011.000000, 1824.000000, 2013.000000, 1886.000000, 1983.000000, 1887.000000,     small-vehicle,     996
372.000000, 1944.000000, 435.000000, 1943.000000, 434.000000, 1978.000000, 371.000000, 1979.000000,     small-vehicle,     997
1957.000000, 1842.000000, 1981.000000, 1842.000000, 1982.000000, 1902.000000, 1958.000000, 1903.000000,     small-vehicle,     998
2275.000000, 1869.000000, 2303.000000, 1869.000000, 2305.000000, 1931.000000, 2276.000000, 1933.000000,     small-vehicle,     1001
445.000000, 1942.000000, 501.000000, 1940.000000, 501.000000, 1968.000000, 444.000000, 1970.000000,     small-vehicle,     1008
1149.000000, 1869.000000, 1222.000000, 1868.000000, 1222.000000, 1901.000000, 1149.000000, 1902.000000,     small-vehicle,     1009
2045.000000, 2180.000000, 2074.000000, 2180.000000, 2076.000000, 2256.000000, 2046.000000, 2257.000000,     small-vehicle,     1010
986.000000, 1883.000000, 1053.000000, 1882.000000, 1052.000000, 1913.000000, 985.000000, 1914.000000,     small-vehicle,     1012
683.000000, 1898.000000, 730.000000, 1897.000000, 729.000000, 1928.000000, 682.000000, 1929.000000,     small-vehicle,     1013
1066.000000, 1874.000000, 1123.000000, 1874.000000, 1123.000000, 1905.000000, 1066.000000, 1906.000000,     small-vehicle,     1014
2273.000000, 1801.000000, 2294.000000, 1800.000000, 2296.000000, 1851.000000, 2275.000000, 1852.000000,     small-vehicle,     1017
2036.000000, 1891.000000, 2065.000000, 1890.000000, 2065.000000, 1956.000000, 2037.000000, 1957.000000,     small-vehicle,     1032
2642.000000, 1788.000000, 2668.000000, 1788.000000, 2670.000000, 1847.000000, 2644.000000, 1848.000000,     small-vehicle,     1033
2616.000000, 2309.000000, 2656.000000, 2307.000000, 2658.000000, 2369.000000, 2617.000000, 2371.000000,     small-vehicle,     1038
1954.000000, 1756.000000, 1979.000000, 1755.000000, 1980.000000, 1818.000000, 1955.000000, 1818.000000,     small-vehicle,     1039
821.000000, 2781.000000, 892.000000, 2778.000000, 891.000000, 2809.000000, 821.000000, 2812.000000,     small-vehicle,     1042
2036.000000, 2958.000000, 2060.000000, 2956.000000, 2062.000000, 3019.000000, 2038.000000, 3021.000000,     small-vehicle,     1052
2232.000000, 1706.000000, 2258.000000, 1706.000000, 2259.000000, 1763.000000, 2234.000000, 1763.000000,     small-vehicle,     1056
1189.000000, 2752.000000, 1259.000000, 2748.000000, 1259.000000, 2781.000000, 1189.000000, 2784.000000,     large-vehicle,     1065
3330.000000, 2116.000000, 3358.000000, 2116.000000, 3359.000000, 2133.000000, 3330.000000, 2133.000000,     small-vehicle,     1067
3431.000000, 2392.000000, 3456.000000, 2391.000000, 3458.000000, 2442.000000, 3434.000000, 2443.000000,     small-vehicle,     1069
3198.000000, 3222.000000, 3261.000000, 3218.000000, 3262.000000, 3248.000000, 3199.000000, 3252.000000,     small-vehicle,     1070
3111.000000, 2225.000000, 3161.000000, 2224.000000, 3163.000000, 2265.000000, 3113.000000, 2267.000000,     small-vehicle,     1071
532.000000, 1713.000000, 568.000000, 1714.000000, 567.000000, 1776.000000, 530.000000, 1776.000000,     small-vehicle,     1076
2249.000000, 2489.000000, 2283.000000, 2489.000000, 2285.000000, 2576.000000, 2251.000000, 2577.000000,     large-vehicle,     1078
1947.000000, 1671.000000, 1971.000000, 1671.000000, 1972.000000, 1730.000000, 1947.000000, 1730.000000,     small-vehicle,     1079
2257.000000, 1631.000000, 2282.000000, 1631.000000, 2283.000000, 1685.000000, 2258.000000, 1685.000000,     small-vehicle,     1086
2755.000000, 1770.000000, 2783.000000, 1770.000000, 2785.000000, 1837.000000, 2758.000000, 1838.000000,     small-vehicle,     1088
2136.000000, 3479.000000, 2172.000000, 3476.000000, 2173.000000, 3564.000000, 2138.000000, 3565.000000,     large-vehicle,     1091
1262.000000, 1656.000000, 1291.000000, 1655.000000, 1291.000000, 1723.000000, 1262.000000, 1724.000000,     small-vehicle,     1092
1792.000000, 1990.000000, 1848.000000, 1988.000000, 1849.000000, 2016.000000, 1793.000000, 2017.000000,     small-vehicle,     1099
1264.000000, 1598.000000, 1286.000000, 1598.000000, 1286.000000, 1643.000000, 1264.000000, 1643.000000,     small-vehicle,     1104
2397.000000, 3398.000000, 2422.000000, 3396.000000, 2422.000000, 3449.000000, 2398.000000, 3451.000000,     small-vehicle,     1105
2252.000000, 1566.000000, 2275.000000, 1565.000000, 2276.000000, 1616.000000, 2254.000000, 1616.000000,     small-vehicle,     1113
1940.000000, 1581.000000, 1968.000000, 1581.000000, 1969.000000, 1643.000000, 1942.000000, 1643.000000,     small-vehicle,     1115
1221.000000, 1564.000000, 1269.000000, 1563.000000, 1269.000000, 1592.000000, 1221.000000, 1594.000000,     small-vehicle,     1116
2404.000000, 1811.000000, 2427.000000, 1810.000000, 2429.000000, 1860.000000, 2404.000000, 1861.000000,     small-vehicle,     1117
2636.000000, 3286.000000, 2681.000000, 3283.000000, 2682.000000, 3310.000000, 2637.000000, 3313.000000,     small-vehicle,     1118
2155.000000, 3271.000000, 2186.000000, 3268.000000, 2187.000000, 3349.000000, 2157.000000, 3352.000000,     small-vehicle,     1120
856.000000, 1565.000000, 911.000000, 1565.000000, 911.000000, 1602.000000, 856.000000, 1603.000000,     small-vehicle,     1121
3448.000000, 2553.000000, 3474.000000, 2552.000000, 3478.000000, 2612.000000, 3451.000000, 2613.000000,     small-vehicle,     1122
1134.000000, 1564.000000, 1187.000000, 1563.000000, 1187.000000, 1593.000000, 1134.000000, 1594.000000,     small-vehicle,     1135
783.000000, 1493.000000, 839.000000, 1493.000000, 839.000000, 1520.000000, 782.000000, 1521.000000,     small-vehicle,     1139
1931.000000, 1494.000000, 1961.000000, 1494.000000, 1962.000000, 1552.000000, 1932.000000, 1553.000000,     small-vehicle,     1140
1962.000000, 1466.000000, 2006.000000, 1466.000000, 2007.000000, 1592.000000, 1965.000000, 1593.000000,     large-vehicle,     1141
2218.000000, 1510.000000, 2244.000000, 1510.000000, 2244.000000, 1563.000000, 2220.000000, 1563.000000,     small-vehicle,     1142
3095.000000, 3229.000000, 3162.000000, 3225.000000, 3164.000000, 3260.000000, 3097.000000, 3264.000000,     large-vehicle,     1143
968.000000, 1558.000000, 1017.000000, 1558.000000, 1017.000000, 1589.000000, 967.000000, 1590.000000,     small-vehicle,     1144
2355.000000, 3484.000000, 2389.000000, 3482.000000, 2391.000000, 3562.000000, 2357.000000, 3564.000000,     small-vehicle,     1150
2824.000000, 2264.000000, 2880.000000, 2262.000000, 2882.000000, 2294.000000, 2826.000000, 2295.000000,     small-vehicle,     1151
766.000000, 1576.000000, 824.000000, 1575.000000, 823.000000, 1611.000000, 765.000000, 1611.000000,     small-vehicle,     1153
1179.000000, 1485.000000, 1251.000000, 1484.000000, 1251.000000, 1514.000000, 1178.000000, 1516.000000,     small-vehicle,     1155
625.000000, 1504.000000, 674.000000, 1504.000000, 673.000000, 1530.000000, 624.000000, 1530.000000,     small-vehicle,     1156
687.000000, 1499.000000, 739.000000, 1499.000000, 739.000000, 1527.000000, 687.000000, 1527.000000,     small-vehicle,     1157
1007.000000, 1485.000000, 1069.000000, 1485.000000, 1069.000000, 1515.000000, 1007.000000, 1515.000000,     small-vehicle,     1159
3034.000000, 2244.000000, 3086.000000, 2243.000000, 3087.000000, 2270.000000, 3035.000000, 2272.000000,     small-vehicle,     1164
1931.000000, 1419.000000, 1958.000000, 1418.000000, 1959.000000, 1480.000000, 1931.000000, 1480.000000,     small-vehicle,     1168
679.000000, 1579.000000, 729.000000, 1579.000000, 728.000000, 1604.000000, 678.000000, 1604.000000,     small-vehicle,     1170
239.000000, 2812.000000, 315.000000, 2808.000000, 314.000000, 2840.000000, 238.000000, 2844.000000,     small-vehicle,     1171
2212.000000, 1414.000000, 2240.000000, 1414.000000, 2242.000000, 1480.000000, 2214.000000, 1480.000000,     small-vehicle,     1175
1472.000000, 2767.000000, 1524.000000, 2764.000000, 1524.000000, 2790.000000, 1472.000000, 2792.000000,     small-vehicle,     1176
330.000000, 2811.000000, 383.000000, 2808.000000, 382.000000, 2840.000000, 329.000000, 2843.000000,     small-vehicle,     1177
1270.000000, 1433.000000, 1295.000000, 1433.000000, 1294.000000, 1482.000000, 1270.000000, 1482.000000,     small-vehicle,     1179
3426.000000, 2197.000000, 3473.000000, 2196.000000, 3474.000000, 2221.000000, 3427.000000, 2223.000000,     small-vehicle,     1182
1923.000000, 1324.000000, 1951.000000, 1324.000000, 1953.000000, 1416.000000, 1925.000000, 1416.000000,     small-vehicle,     1183
2332.000000, 2930.000000, 2362.000000, 2928.000000, 2363.000000, 3011.000000, 2335.000000, 3012.000000,     small-vehicle,     1190
2048.000000, 2660.000000, 2086.000000, 2658.000000, 2088.000000, 2730.000000, 2049.000000, 2732.000000,     small-vehicle,     1191
2962.000000, 2251.000000, 3018.000000, 2249.000000, 3019.000000, 2283.000000, 2964.000000, 2285.000000,     small-vehicle,     1192
3650.000000, 3135.000000, 3708.000000, 3132.000000, 3709.000000, 3161.000000, 3651.000000, 3165.000000,     small-vehicle,     1193
2762.000000, 2273.000000, 2811.000000, 2271.000000, 2812.000000, 2302.000000, 2763.000000, 2305.000000,     small-vehicle,     1195
2260.000000, 3187.000000, 2276.000000, 3187.000000, 2276.000000, 3218.000000, 2261.000000, 3219.000000,     small-vehicle,     1197
523.000000, 1309.000000, 555.000000, 1309.000000, 553.000000, 1383.000000, 522.000000, 1383.000000,     small-vehicle,     1202
2032.000000, 3104.000000, 2054.000000, 3103.000000, 2055.000000, 3155.000000, 2034.000000, 3156.000000,     small-vehicle,     1204
1949.000000, 1305.000000, 1980.000000, 1306.000000, 1981.000000, 1373.000000, 1950.000000, 1372.000000,     small-vehicle,     1205
2196.000000, 1978.000000, 2217.000000, 1978.000000, 2218.000000, 2008.000000, 2197.000000, 2009.000000,     small-vehicle,     1206
2046.000000, 2630.000000, 2084.000000, 2628.000000, 2084.000000, 2698.000000, 2048.000000, 2700.000000,     large-vehicle,     1210
1919.000000, 1240.000000, 1950.000000, 1241.000000, 1952.000000, 1308.000000, 1920.000000, 1308.000000,     small-vehicle,     1211
2615.000000, 1262.000000, 2661.000000, 1262.000000, 2662.000000, 1288.000000, 2616.000000, 1288.000000,     small-vehicle,     1212
2331.000000, 2919.000000, 2361.000000, 2918.000000, 2363.000000, 2998.000000, 2333.000000, 2999.000000,     large-vehicle,     1213
2419.000000, 1278.000000, 2479.000000, 1279.000000, 2480.000000, 1312.000000, 2420.000000, 1311.000000,     small-vehicle,     1214
3098.000000, 3234.000000, 3162.000000, 3230.000000, 3164.000000, 3266.000000, 3100.000000, 3270.000000,     small-vehicle,     1215
2362.000000, 1286.000000, 2413.000000, 1286.000000, 2414.000000, 1315.000000, 2362.000000, 1315.000000,     small-vehicle,     1216
2551.000000, 1266.000000, 2603.000000, 1267.000000, 2604.000000, 1293.000000, 2552.000000, 1294.000000,     small-vehicle,     1217
3457.000000, 2613.000000, 3484.000000, 2612.000000, 3487.000000, 2670.000000, 3459.000000, 2671.000000,     small-vehicle,     1218
1042.000000, 2770.000000, 1097.000000, 2767.000000, 1097.000000, 2792.000000, 1042.000000, 2794.000000,     small-vehicle,     1219
945.000000, 2788.000000, 1012.000000, 2785.000000, 1012.000000, 2811.000000, 944.000000, 2814.000000,     small-vehicle,     1220
2182.000000, 1580.000000, 2204.000000, 1580.000000, 2205.000000, 1607.000000, 2183.000000, 1608.000000,     small-vehicle,     1221
2353.000000, 3467.000000, 2387.000000, 3464.000000, 2388.000000, 3544.000000, 2356.000000, 3547.000000,     large-vehicle,     1222
2047.000000, 2643.000000, 2085.000000, 2641.000000, 2087.000000, 2712.000000, 2049.000000, 2714.000000,     large-vehicle,     1223
1189.000000, 2776.000000, 1259.000000, 2773.000000, 1259.000000, 2800.000000, 1189.000000, 2803.000000,     large-vehicle,     1224
1983.000000, 2274.000000, 2014.000000, 2272.000000, 2014.000000, 2345.000000, 1985.000000, 2345.000000,     large-vehicle,     1225
618.000000, 3299.000000, 685.000000, 3295.000000, 685.000000, 3317.000000, 617.000000, 3321.000000,     large-vehicle,     1226
2370.000000, 3010.000000, 2396.000000, 3009.000000, 2397.000000, 3075.000000, 2372.000000, 3077.000000,     large-vehicle,     1227
1114.000000, 2780.000000, 1168.000000, 2778.000000, 1168.000000, 2805.000000, 1114.000000, 2808.000000,     small-vehicle,     1228
522.000000, 1237.000000, 551.000000, 1237.000000, 550.000000, 1290.000000, 521.000000, 1290.000000,     small-vehicle,     1229
1901.000000, 3322.000000, 1953.000000, 3318.000000, 1952.000000, 3342.000000, 1902.000000, 3346.000000,     small-vehicle,     1230
1188.000000, 2761.000000, 1258.000000, 2758.000000, 1258.000000, 2794.000000, 1188.000000, 2797.000000,     small-vehicle,     1231
2202.000000, 1249.000000, 2227.000000, 1250.000000, 2229.000000, 1302.000000, 2203.000000, 1302.000000,     small-vehicle,     1232
