2220.000000, 2026.000000, 2252.000000, 2025.000000, 2252.000000, 2095.000000, 2219.000000, 2096.000000,     small-vehicle,     1290
1304.000000, 1936.000000, 1326.000000, 1935.000000, 1326.000000, 1972.000000, 1304.000000, 1973.000000,     small-vehicle,     1333
1967.000000, 1856.000000, 1992.000000, 1855.000000, 1991.000000, 1907.000000, 1967.000000, 1908.000000,     small-vehicle,     1337
2264.000000, 1792.000000, 2290.000000, 1791.000000, 2290.000000, 1859.000000, 2264.000000, 1860.000000,     small-vehicle,     1342
1299.000000, 1854.000000, 1323.000000, 1853.000000, 1323.000000, 1912.000000, 1299.000000, 1914.000000,     small-vehicle,     1348
1987.000000, 1726.000000, 2018.000000, 1724.000000, 2018.000000, 1779.000000, 1987.000000, 1780.000000,     small-vehicle,     1360
2255.000000, 1725.000000, 2287.000000, 1724.000000, 2287.000000, 1789.000000, 2255.000000, 1790.000000,     small-vehicle,     1361
565.000000, 1810.000000, 614.000000, 1808.000000, 614.000000, 1839.000000, 565.000000, 1842.000000,     small-vehicle,     1369
1387.000000, 1751.000000, 1450.000000, 1748.000000, 1450.000000, 1782.000000, 1387.000000, 1785.000000,     small-vehicle,     1379
1259.000000, 1689.000000, 1322.000000, 1686.000000, 1322.000000, 1728.000000, 1259.000000, 1731.000000,     small-vehicle,     1387
1292.000000, 1615.000000, 1320.000000, 1614.000000, 1320.000000, 1680.000000, 1292.000000, 1681.000000,     small-vehicle,     1399
2798.000000, 1670.000000, 2853.000000, 1667.000000, 2853.000000, 1692.000000, 2798.000000, 1694.000000,     small-vehicle,     1416
1467.000000, 1747.000000, 1513.000000, 1745.000000, 1513.000000, 1775.000000, 1466.000000, 1777.000000,     small-vehicle,     1423
1281.000000, 1359.000000, 1308.000000, 1357.000000, 1308.000000, 1412.000000, 1281.000000, 1413.000000,     small-vehicle,     1451
1965.000000, 1334.000000, 1991.000000, 1333.000000, 1990.000000, 1388.000000, 1965.000000, 1389.000000,     small-vehicle,     1452
2943.000000, 1278.000000, 2980.000000, 1276.000000, 2980.000000, 1346.000000, 2942.000000, 1347.000000,     small-vehicle,     1453
2256.000000, 1231.000000, 2288.000000, 1230.000000, 2288.000000, 1292.000000, 2255.000000, 1293.000000,     small-vehicle,     1458
2227.000000, 1233.000000, 2254.000000, 1231.000000, 2253.000000, 1291.000000, 2227.000000, 1292.000000,     small-vehicle,     1459
1648.000000, 1735.000000, 1705.000000, 1732.000000, 1705.000000, 1760.000000, 1648.000000, 1763.000000,     small-vehicle,     1460
1274.000000, 1266.000000, 1296.000000, 1265.000000, 1296.000000, 1318.000000, 1274.000000, 1319.000000,     small-vehicle,     1462
2226.000000, 1156.000000, 2254.000000, 1155.000000, 2254.000000, 1217.000000, 2226.000000, 1218.000000,     small-vehicle,     1467
1721.000000, 1728.000000, 1787.000000, 1725.000000, 1787.000000, 1752.000000, 1721.000000, 1755.000000,     small-vehicle,     1468
2259.000000, 1175.000000, 2289.000000, 1173.000000, 2288.000000, 1219.000000, 2259.000000, 1221.000000,     small-vehicle,     1478
1929.000000, 1123.000000, 1954.000000, 1122.000000, 1953.000000, 1179.000000, 1929.000000, 1180.000000,     small-vehicle,     1479
1953.000000, 1073.000000, 1978.000000, 1072.000000, 1977.000000, 1131.000000, 1953.000000, 1132.000000,     small-vehicle,     1499
1254.000000, 1033.000000, 1278.000000, 1032.000000, 1278.000000, 1078.000000, 1253.000000, 1079.000000,     small-vehicle,     1507
1574.000000, 1743.000000, 1635.000000, 1740.000000, 1635.000000, 1763.000000, 1574.000000, 1766.000000,     small-vehicle,     1508
2207.000000, 929.000000, 2239.000000, 927.000000, 2239.000000, 985.000000, 2207.000000, 986.000000,     small-vehicle,     1509
2594.000000, 977.000000, 2648.000000, 975.000000, 2648.000000, 999.000000, 2594.000000, 1002.000000,     small-vehicle,     1511
2928.000000, 920.000000, 2958.000000, 918.000000, 2958.000000, 989.000000, 2928.000000, 990.000000,     small-vehicle,     1515
1253.000000, 979.000000, 1279.000000, 978.000000, 1278.000000, 1030.000000, 1253.000000, 1031.000000,     small-vehicle,     1517
256.000000, 1788.000000, 310.000000, 1785.000000, 310.000000, 1828.000000, 256.000000, 1830.000000,     small-vehicle,     1518
1916.000000, 887.000000, 1942.000000, 886.000000, 1941.000000, 945.000000, 1916.000000, 946.000000,     small-vehicle,     1522
2233.000000, 868.000000, 2260.000000, 866.000000, 2260.000000, 926.000000, 2233.000000, 927.000000,     small-vehicle,     1529
2492.000000, 1676.000000, 2549.000000, 1674.000000, 2549.000000, 1707.000000, 2492.000000, 1709.000000,     small-vehicle,     1530
2617.000000, 1675.000000, 2669.000000, 1672.000000, 2669.000000, 1703.000000, 2617.000000, 1706.000000,     small-vehicle,     1531
2448.000000, 996.000000, 2506.000000, 993.000000, 2506.000000, 1021.000000, 2448.000000, 1023.000000,     small-vehicle,     1532
2517.000000, 987.000000, 2576.000000, 985.000000, 2576.000000, 1011.000000, 2516.000000, 1014.000000,     small-vehicle,     1533
2230.000000, 786.000000, 2257.000000, 784.000000, 2256.000000, 840.000000, 2230.000000, 841.000000,     small-vehicle,     1536
1912.000000, 814.000000, 1941.000000, 812.000000, 1941.000000, 877.000000, 1912.000000, 879.000000,     small-vehicle,     1537
1250.000000, 810.000000, 1275.000000, 809.000000, 1275.000000, 863.000000, 1250.000000, 864.000000,     small-vehicle,     1548
1919.000000, 745.000000, 1944.000000, 744.000000, 1944.000000, 805.000000, 1919.000000, 806.000000,     small-vehicle,     1549
2228.000000, 708.000000, 2257.000000, 706.000000, 2257.000000, 766.000000, 2228.000000, 767.000000,     small-vehicle,     1552
1244.000000, 728.000000, 1270.000000, 727.000000, 1270.000000, 787.000000, 1244.000000, 788.000000,     small-vehicle,     1554
1903.000000, 670.000000, 1930.000000, 668.000000, 1930.000000, 723.000000, 1902.000000, 724.000000,     small-vehicle,     1562
1930.000000, 617.000000, 1954.000000, 616.000000, 1954.000000, 671.000000, 1929.000000, 672.000000,     small-vehicle,     1566
2916.000000, 696.000000, 2941.000000, 695.000000, 2941.000000, 747.000000, 2915.000000, 749.000000,     small-vehicle,     1567
2193.000000, 603.000000, 2225.000000, 602.000000, 2224.000000, 665.000000, 2193.000000, 666.000000,     small-vehicle,     1571
687.000000, 636.000000, 739.000000, 634.000000, 739.000000, 658.000000, 687.000000, 661.000000,     small-vehicle,     1573
817.000000, 620.000000, 872.000000, 618.000000, 872.000000, 647.000000, 817.000000, 649.000000,     small-vehicle,     1574
397.000000, 640.000000, 454.000000, 638.000000, 454.000000, 670.000000, 397.000000, 672.000000,     small-vehicle,     1575
884.000000, 618.000000, 942.000000, 615.000000, 942.000000, 643.000000, 884.000000, 645.000000,     small-vehicle,     1576
471.000000, 644.000000, 520.000000, 642.000000, 520.000000, 668.000000, 471.000000, 670.000000,     small-vehicle,     1578
755.000000, 627.000000, 802.000000, 625.000000, 802.000000, 650.000000, 755.000000, 652.000000,     small-vehicle,     1585
1733.000000, 530.000000, 1786.000000, 527.000000, 1786.000000, 556.000000, 1733.000000, 558.000000,     small-vehicle,     1586
1619.000000, 535.000000, 1670.000000, 532.000000, 1670.000000, 560.000000, 1619.000000, 562.000000,     small-vehicle,     1588
1235.000000, 582.000000, 1285.000000, 579.000000, 1285.000000, 606.000000, 1234.000000, 608.000000,     small-vehicle,     1589
1469.000000, 556.000000, 1520.000000, 554.000000, 1520.000000, 584.000000, 1469.000000, 586.000000,     small-vehicle,     1590
350.000000, 580.000000, 374.000000, 579.000000, 374.000000, 623.000000, 350.000000, 624.000000,     small-vehicle,     1594
2395.000000, 450.000000, 2456.000000, 447.000000, 2456.000000, 479.000000, 2395.000000, 482.000000,     small-vehicle,     1600
656.000000, 1366.000000, 683.000000, 1365.000000, 683.000000, 1426.000000, 656.000000, 1427.000000,     small-vehicle,     1601
1916.000000, 450.000000, 1946.000000, 448.000000, 1946.000000, 502.000000, 1916.000000, 503.000000,     small-vehicle,     1602
3561.000000, 368.000000, 3618.000000, 365.000000, 3618.000000, 394.000000, 3561.000000, 396.000000,     small-vehicle,     1610
2590.000000, 434.000000, 2651.000000, 431.000000, 2651.000000, 454.000000, 2590.000000, 456.000000,     small-vehicle,     1612
2876.000000, 398.000000, 2940.000000, 395.000000, 2940.000000, 428.000000, 2876.000000, 431.000000,     small-vehicle,     1614
280.000000, 492.000000, 328.000000, 490.000000, 328.000000, 551.000000, 280.000000, 553.000000,     small-vehicle,     1615
2664.000000, 426.000000, 2711.000000, 424.000000, 2711.000000, 446.000000, 2664.000000, 448.000000,     small-vehicle,     1621
2190.000000, 411.000000, 2214.000000, 410.000000, 2213.000000, 466.000000, 2190.000000, 467.000000,     small-vehicle,     1623
3435.000000, 339.000000, 3503.000000, 336.000000, 3503.000000, 369.000000, 3435.000000, 372.000000,     small-vehicle,     1628
3363.000000, 345.000000, 3420.000000, 343.000000, 3419.000000, 374.000000, 3363.000000, 376.000000,     small-vehicle,     1631
46.000000, 562.000000, 100.000000, 560.000000, 100.000000, 601.000000, 46.000000, 603.000000,     small-vehicle,     1632
2179.000000, 338.000000, 2211.000000, 336.000000, 2211.000000, 403.000000, 2179.000000, 404.000000,     small-vehicle,     1633
3646.000000, 311.000000, 3701.000000, 309.000000, 3701.000000, 342.000000, 3645.000000, 345.000000,     small-vehicle,     1636
1886.000000, 273.000000, 1913.000000, 272.000000, 1913.000000, 331.000000, 1886.000000, 332.000000,     small-vehicle,     1637
3177.000000, 241.000000, 3211.000000, 240.000000, 3211.000000, 305.000000, 3177.000000, 306.000000,     small-vehicle,     1638
399.000000, 373.000000, 421.000000, 372.000000, 421.000000, 425.000000, 399.000000, 426.000000,     small-vehicle,     1643
463.000000, 338.000000, 516.000000, 336.000000, 516.000000, 382.000000, 463.000000, 384.000000,     small-vehicle,     1646
320.000000, 340.000000, 347.000000, 339.000000, 348.000000, 393.000000, 320.000000, 394.000000,     small-vehicle,     1650
2922.000000, 800.000000, 2954.000000, 798.000000, 2953.000000, 861.000000, 2922.000000, 862.000000,     small-vehicle,     1651
2204.000000, 200.000000, 2232.000000, 199.000000, 2232.000000, 261.000000, 2203.000000, 263.000000,     small-vehicle,     1656
3357.000000, 1028.000000, 3426.000000, 1025.000000, 3426.000000, 1053.000000, 3357.000000, 1056.000000,     small-vehicle,     1657
1881.000000, 202.000000, 1911.000000, 200.000000, 1911.000000, 262.000000, 1881.000000, 263.000000,     small-vehicle,     1658
1004.000000, 661.000000, 1048.000000, 659.000000, 1048.000000, 685.000000, 1004.000000, 687.000000,     small-vehicle,     1659
2991.000000, 1059.000000, 3056.000000, 1056.000000, 3056.000000, 1088.000000, 2991.000000, 1091.000000,     small-vehicle,     1664
3173.000000, 157.000000, 3209.000000, 155.000000, 3208.000000, 216.000000, 3173.000000, 218.000000,     small-vehicle,     1665
318.000000, 277.000000, 349.000000, 275.000000, 349.000000, 329.000000, 318.000000, 331.000000,     small-vehicle,     1666
2922.000000, 866.000000, 2954.000000, 864.000000, 2954.000000, 927.000000, 2921.000000, 929.000000,     small-vehicle,     1667
515.000000, 929.000000, 570.000000, 927.000000, 570.000000, 954.000000, 515.000000, 956.000000,     small-vehicle,     1669
2507.000000, 1058.000000, 2569.000000, 1055.000000, 2569.000000, 1085.000000, 2507.000000, 1088.000000,     small-vehicle,     1671
2166.000000, 134.000000, 2191.000000, 132.000000, 2191.000000, 189.000000, 2166.000000, 190.000000,     small-vehicle,     1680
1911.000000, 165.000000, 1934.000000, 164.000000, 1934.000000, 220.000000, 1911.000000, 221.000000,     small-vehicle,     1683
1885.000000, 137.000000, 1908.000000, 136.000000, 1908.000000, 190.000000, 1884.000000, 191.000000,     small-vehicle,     1687
3199.000000, 438.000000, 3265.000000, 435.000000, 3265.000000, 468.000000, 3199.000000, 471.000000,     small-vehicle,     1688
2909.000000, 578.000000, 2939.000000, 577.000000, 2939.000000, 625.000000, 2908.000000, 626.000000,     small-vehicle,     1689
321.000000, 214.000000, 349.000000, 213.000000, 349.000000, 265.000000, 321.000000, 266.000000,     small-vehicle,     1690
450.000000, 936.000000, 513.000000, 934.000000, 513.000000, 960.000000, 450.000000, 963.000000,     small-vehicle,     1691
2420.000000, 525.000000, 2471.000000, 523.000000, 2471.000000, 546.000000, 2420.000000, 548.000000,     small-vehicle,     1693
2199.000000, 111.000000, 2223.000000, 110.000000, 2223.000000, 164.000000, 2199.000000, 165.000000,     small-vehicle,     1697
1909.000000, 83.000000, 1939.000000, 81.000000, 1938.000000, 150.000000, 1908.000000, 151.000000,     small-vehicle,     1699
2807.000000, 1038.000000, 2868.000000, 1035.000000, 2868.000000, 1062.000000, 2807.000000, 1065.000000,     small-vehicle,     1702
2196.000000, 38.000000, 2227.000000, 37.000000, 2227.000000, 87.000000, 2196.000000, 88.000000,     small-vehicle,     1705
2134.000000, -67.000000, 2186.000000, -69.000000, 2186.000000, 5.000000, 2134.000000, 7.000000,     small-vehicle,     1706
1893.000000, -19.000000, 1922.000000, -20.000000, 1922.000000, 38.000000, 1893.000000, 39.000000,     small-vehicle,     1708
1875.000000, 50.000000, 1903.000000, 49.000000, 1903.000000, 109.000000, 1875.000000, 110.000000,     small-vehicle,     1709
195.000000, 696.000000, 237.000000, 694.000000, 237.000000, 757.000000, 195.000000, 758.000000,     small-vehicle,     1710
1911.000000, 976.000000, 1942.000000, 975.000000, 1942.000000, 1024.000000, 1911.000000, 1025.000000,     small-vehicle,     1712
3360.000000, 1677.000000, 3408.000000, 1675.000000, 3408.000000, 1702.000000, 3360.000000, 1705.000000,     small-vehicle,     1714
3176.000000, -83.000000, 3205.000000, -85.000000, 3205.000000, -21.000000, 3175.000000, -20.000000,     small-vehicle,     1715
351.000000, 1840.000000, 413.000000, 1837.000000, 413.000000, 1857.000000, 351.000000, 1860.000000,     small-vehicle,     1716
2239.000000, 640.000000, 2257.000000, 639.000000, 2257.000000, 688.000000, 2239.000000, 689.000000,     small-vehicle,     1719
2679.000000, -78.000000, 2708.000000, -79.000000, 2708.000000, -19.000000, 2679.000000, -18.000000,     small-vehicle,     1727
2598.000000, -83.000000, 2627.000000, -84.000000, 2627.000000, -18.000000, 2597.000000, -16.000000,     small-vehicle,     1728
2188.000000, -107.000000, 2214.000000, -108.000000, 2214.000000, -34.000000, 2188.000000, -33.000000,     small-vehicle,     1729
2491.000000, 516.000000, 2544.000000, 514.000000, 2544.000000, 542.000000, 2491.000000, 544.000000,     small-vehicle,     1730
2718.000000, -94.000000, 2748.000000, -96.000000, 2747.000000, -31.000000, 2718.000000, -30.000000,     small-vehicle,     1731
363.000000, 718.000000, 426.000000, 715.000000, 426.000000, 749.000000, 363.000000, 752.000000,     small-vehicle,     1732
2290.000000, 1782.000000, 2316.000000, 1781.000000, 2315.000000, 1844.000000, 2290.000000, 1845.000000,     large-vehicle,     1736
2565.000000, -76.000000, 2589.000000, -77.000000, 2588.000000, -22.000000, 2564.000000, -21.000000,     small-vehicle,     1737
3282.000000, 434.000000, 3334.000000, 432.000000, 3333.000000, 460.000000, 3282.000000, 462.000000,     small-vehicle,     1738
2763.000000, -98.000000, 2793.000000, -100.000000, 2793.000000, -41.000000, 2762.000000, -39.000000,     small-vehicle,     1739
1877.000000, -121.000000, 1908.000000, -122.000000, 1908.000000, -53.000000, 1876.000000, -51.000000,     small-vehicle,     1742
2155.000000, -142.000000, 2183.000000, -143.000000, 2183.000000, -74.000000, 2155.000000, -73.000000,     small-vehicle,     1744
309.000000, 535.000000, 358.000000, 533.000000, 358.000000, 598.000000, 309.000000, 600.000000,     small-vehicle,     1745
1421.000000, 613.000000, 1457.000000, 611.000000, 1457.000000, 630.000000, 1421.000000, 631.000000,     small-vehicle,     1747
1902.000000, -150.000000, 1947.000000, -152.000000, 1947.000000, -65.000000, 1901.000000, -63.000000,     large-vehicle,     1748
3423.000000, 1670.000000, 3494.000000, 1667.000000, 3493.000000, 1699.000000, 3422.000000, 1702.000000,     small-vehicle,     1751
505.000000, 706.000000, 554.000000, 704.000000, 554.000000, 736.000000, 505.000000, 738.000000,     small-vehicle,     1752
2971.000000, 1528.000000, 2996.000000, 1527.000000, 2995.000000, 1571.000000, 2971.000000, 1573.000000,     small-vehicle,     1757
1858.000000, -236.000000, 1888.000000, -237.000000, 1888.000000, -173.000000, 1858.000000, -172.000000,     small-vehicle,     1760
3118.000000, 451.000000, 3173.000000, 449.000000, 3173.000000, 475.000000, 3117.000000, 478.000000,     small-vehicle,     1761
1476.000000, 600.000000, 1529.000000, 597.000000, 1529.000000, 617.000000, 1476.000000, 619.000000,     small-vehicle,     1762
3158.000000, -231.000000, 3184.000000, -233.000000, 3183.000000, -174.000000, 3157.000000, -173.000000,     small-vehicle,     1763
26.000000, -139.000000, 83.000000, -142.000000, 83.000000, -117.000000, 26.000000, -115.000000,     small-vehicle,     1765
3150.000000, -317.000000, 3184.000000, -318.000000, 3184.000000, -244.000000, 3150.000000, -243.000000,     small-vehicle,     1767
2327.000000, -7.000000, 2377.000000, -9.000000, 2376.000000, 16.000000, 2327.000000, 18.000000,     small-vehicle,     1769
1009.000000, -250.000000, 1067.000000, -252.000000, 1067.000000, -224.000000, 1009.000000, -222.000000,     small-vehicle,     1772
7.000000, -224.000000, 69.000000, -226.000000, 69.000000, -196.000000, 7.000000, -194.000000,     small-vehicle,     1773
2566.000000, 509.000000, 2630.000000, 506.000000, 2630.000000, 534.000000, 2566.000000, 537.000000,     small-vehicle,     1774
3651.000000, 397.000000, 3711.000000, 394.000000, 3711.000000, 420.000000, 3651.000000, 422.000000,     small-vehicle,     1776
1856.000000, -297.000000, 1881.000000, -298.000000, 1881.000000, -252.000000, 1856.000000, -251.000000,     small-vehicle,     1777
304.000000, -217.000000, 359.000000, -220.000000, 359.000000, -192.000000, 304.000000, -189.000000,     small-vehicle,     1779
1930.000000, 1194.000000, 1955.000000, 1193.000000, 1955.000000, 1241.000000, 1929.000000, 1242.000000,     small-vehicle,     1780
2239.000000, 914.000000, 2265.000000, 913.000000, 2265.000000, 953.000000, 2239.000000, 954.000000,     small-vehicle,     1781
1938.000000, -254.000000, 1970.000000, -255.000000, 1969.000000, -179.000000, 1937.000000, -177.000000,     small-vehicle,     1783
3116.000000, 1686.000000, 3180.000000, 1683.000000, 3179.000000, 1714.000000, 3116.000000, 1717.000000,     small-vehicle,     1784
2133.000000, -319.000000, 2175.000000, -321.000000, 2175.000000, -257.000000, 2133.000000, -256.000000,     small-vehicle,     1785
309.000000, 403.000000, 348.000000, 401.000000, 348.000000, 468.000000, 309.000000, 469.000000,     large-vehicle,     1786
2183.000000, -307.000000, 2207.000000, -308.000000, 2207.000000, -255.000000, 2183.000000, -254.000000,     small-vehicle,     1787
2639.000000, -89.000000, 2673.000000, -90.000000, 2673.000000, -18.000000, 2639.000000, -17.000000,     large-vehicle,     1788
390.000000, 434.000000, 419.000000, 432.000000, 419.000000, 474.000000, 390.000000, 475.000000,     small-vehicle,     1789
523.000000, -283.000000, 574.000000, -285.000000, 574.000000, -255.000000, 523.000000, -252.000000,     small-vehicle,     1790
3493.000000, 413.000000, 3560.000000, 410.000000, 3560.000000, 437.000000, 3493.000000, 440.000000,     small-vehicle,     1791
2365.000000, 999.000000, 2427.000000, 997.000000, 2427.000000, 1022.000000, 2365.000000, 1025.000000,     small-vehicle,     1792
458.000000, -273.000000, 509.000000, -276.000000, 509.000000, -252.000000, 458.000000, -250.000000,     small-vehicle,     1793
3149.000000, -407.000000, 3180.000000, -408.000000, 3179.000000, -345.000000, 3149.000000, -344.000000,     small-vehicle,     1794
999.000000, -298.000000, 1056.000000, -300.000000, 1056.000000, -268.000000, 999.000000, -266.000000,     small-vehicle,     1795
2677.000000, 496.000000, 2734.000000, 494.000000, 2734.000000, 522.000000, 2677.000000, 524.000000,     small-vehicle,     1796
2086.000000, -279.000000, 2103.000000, -280.000000, 2103.000000, -247.000000, 2086.000000, -246.000000,     small-vehicle,     1797
1955.000000, 1797.000000, 1976.000000, 1796.000000, 1976.000000, 1845.000000, 1955.000000, 1846.000000,     small-vehicle,     1798
592.000000, -289.000000, 646.000000, -291.000000, 646.000000, -262.000000, 592.000000, -260.000000,     small-vehicle,     1799
2032.000000, -160.000000, 2064.000000, -161.000000, 2064.000000, -93.000000, 2032.000000, -91.000000,     small-vehicle,     1800
2362.000000, 1008.000000, 2427.000000, 1005.000000, 2427.000000, 1032.000000, 2362.000000, 1035.000000,     large-vehicle,     1801
2033.000000, -146.000000, 2063.000000, -147.000000, 2063.000000, -79.000000, 2033.000000, -77.000000,     large-vehicle,     1802
1981.000000, -267.000000, 1998.000000, -268.000000, 1997.000000, -229.000000, 1980.000000, -229.000000,     small-vehicle,     1803
662.000000, -295.000000, 719.000000, -298.000000, 719.000000, -273.000000, 662.000000, -270.000000,     small-vehicle,     1804
851.000000, -317.000000, 906.000000, -320.000000, 906.000000, -288.000000, 851.000000, -286.000000,     small-vehicle,     1805
1971.000000, 488.000000, 1989.000000, 487.000000, 1989.000000, 520.000000, 1971.000000, 521.000000,     small-vehicle,     1806
1702.000000, -355.000000, 1762.000000, -358.000000, 1762.000000, -330.000000, 1702.000000, -327.000000,     small-vehicle,     1807
910.000000, -325.000000, 969.000000, -328.000000, 969.000000, -301.000000, 910.000000, -298.000000,     small-vehicle,     1808
2360.000000, 995.000000, 2426.000000, 992.000000, 2426.000000, 1019.000000, 2360.000000, 1022.000000,     small-vehicle,     1809
728.000000, -304.000000, 777.000000, -307.000000, 777.000000, -280.000000, 728.000000, -277.000000,     small-vehicle,     1810
2049.000000, 673.000000, 2068.000000, 672.000000, 2067.000000, 733.000000, 2048.000000, 734.000000,     large-vehicle,     1811
2758.000000, 483.000000, 2817.000000, 481.000000, 2817.000000, 509.000000, 2758.000000, 512.000000,     small-vehicle,     1812
438.000000, 711.000000, 498.000000, 709.000000, 498.000000, 742.000000, 438.000000, 744.000000,     small-vehicle,     1813
312.000000, -311.000000, 338.000000, -312.000000, 338.000000, -260.000000, 312.000000, -258.000000,     small-vehicle,     1814
2618.000000, -210.000000, 2674.000000, -213.000000, 2674.000000, -176.000000, 2618.000000, -174.000000,     small-vehicle,     1815
691.000000, 683.000000, 748.000000, 680.000000, 748.000000, 707.000000, 691.000000, 710.000000,     small-vehicle,     1816
991.000000, -337.000000, 1043.000000, -340.000000, 1043.000000, -307.000000, 991.000000, -305.000000,     small-vehicle,     1817
789.000000, -311.000000, 840.000000, -314.000000, 840.000000, -284.000000, 789.000000, -282.000000,     small-vehicle,     1818
2145.000000, -382.000000, 2171.000000, -383.000000, 2171.000000, -329.000000, 2145.000000, -328.000000,     small-vehicle,     1819
2191.000000, -160.000000, 2218.000000, -162.000000, 2218.000000, -121.000000, 2191.000000, -120.000000,     small-vehicle,     1820
