2998.000000, 2833.000000, 3047.000000, 2830.000000, 3048.000000, 2860.000000, 3000.000000, 2864.000000,     small-vehicle,     66
2154.000000, 1417.000000, 2182.000000, 1416.000000, 2183.000000, 1478.000000, 2156.000000, 1479.000000,     small-vehicle,     148
2070.000000, 3248.000000, 2095.000000, 3246.000000, 2096.000000, 3297.000000, 2072.000000, 3298.000000,     small-vehicle,     660
2392.000000, 3203.000000, 2424.000000, 3201.000000, 2427.000000, 3262.000000, 2395.000000, 3264.000000,     small-vehicle,     666
2062.000000, 3165.000000, 2087.000000, 3163.000000, 2088.000000, 3221.000000, 2063.000000, 3223.000000,     small-vehicle,     704
2388.000000, 3095.000000, 2416.000000, 3093.000000, 2420.000000, 3168.000000, 2391.000000, 3171.000000,     small-vehicle,     718
2345.000000, 3002.000000, 2378.000000, 2999.000000, 2381.000000, 3083.000000, 2347.000000, 3085.000000,     small-vehicle,     761
2055.000000, 3076.000000, 2086.000000, 3073.000000, 2087.000000, 3149.000000, 2057.000000, 3151.000000,     small-vehicle,     762
2041.000000, 2929.000000, 2071.000000, 2926.000000, 2073.000000, 2998.000000, 2043.000000, 2999.000000,     small-vehicle,     813
3525.000000, 2919.000000, 3554.000000, 2917.000000, 3558.000000, 2980.000000, 3529.000000, 2981.000000,     small-vehicle,     815
2575.000000, 2931.000000, 2627.000000, 2927.000000, 2629.000000, 2961.000000, 2577.000000, 2965.000000,     small-vehicle,     818
2049.000000, 2875.000000, 2073.000000, 2873.000000, 2073.000000, 2919.000000, 2051.000000, 2921.000000,     small-vehicle,     840
2026.000000, 2817.000000, 2045.000000, 2816.000000, 2046.000000, 2860.000000, 2027.000000, 2860.000000,     small-vehicle,     885
2029.000000, 2742.000000, 2053.000000, 2740.000000, 2054.000000, 2802.000000, 2030.000000, 2804.000000,     small-vehicle,     892
3526.000000, 2715.000000, 3583.000000, 2712.000000, 3585.000000, 2741.000000, 3528.000000, 2745.000000,     small-vehicle,     894
2344.000000, 2635.000000, 2378.000000, 2633.000000, 2380.000000, 2713.000000, 2348.000000, 2714.000000,     small-vehicle,     917
2323.000000, 2684.000000, 2357.000000, 2682.000000, 2360.000000, 2754.000000, 2325.000000, 2756.000000,     small-vehicle,     921
2340.000000, 2549.000000, 2368.000000, 2547.000000, 2371.000000, 2623.000000, 2342.000000, 2625.000000,     small-vehicle,     944
2016.000000, 2592.000000, 2044.000000, 2591.000000, 2046.000000, 2655.000000, 2018.000000, 2658.000000,     small-vehicle,     949
1127.000000, 2675.000000, 1193.000000, 2671.000000, 1193.000000, 2712.000000, 1127.000000, 2716.000000,     small-vehicle,     964
913.000000, 2707.000000, 980.000000, 2703.000000, 980.000000, 2743.000000, 912.000000, 2748.000000,     small-vehicle,     966
3688.000000, 2781.000000, 3740.000000, 2777.000000, 3742.000000, 2808.000000, 3691.000000, 2811.000000,     small-vehicle,     969
1306.000000, 2655.000000, 1335.000000, 2653.000000, 1335.000000, 2712.000000, 1306.000000, 2714.000000,     small-vehicle,     971
2011.000000, 2520.000000, 2038.000000, 2517.000000, 2038.000000, 2580.000000, 2012.000000, 2581.000000,     small-vehicle,     981
2301.000000, 2514.000000, 2332.000000, 2513.000000, 2335.000000, 2583.000000, 2303.000000, 2584.000000,     small-vehicle,     986
1049.000000, 2690.000000, 1112.000000, 2686.000000, 1112.000000, 2724.000000, 1049.000000, 2728.000000,     small-vehicle,     987
1206.000000, 2666.000000, 1268.000000, 2662.000000, 1268.000000, 2699.000000, 1206.000000, 2703.000000,     small-vehicle,     989
807.000000, 2628.000000, 875.000000, 2624.000000, 874.000000, 2662.000000, 807.000000, 2667.000000,     small-vehicle,     990
2732.000000, 2910.000000, 2788.000000, 2906.000000, 2790.000000, 2939.000000, 2733.000000, 2943.000000,     small-vehicle,     994
2035.000000, 2435.000000, 2064.000000, 2432.000000, 2065.000000, 2496.000000, 2037.000000, 2498.000000,     small-vehicle,     996
407.000000, 2686.000000, 465.000000, 2682.000000, 465.000000, 2706.000000, 406.000000, 2710.000000,     small-vehicle,     997
2007.000000, 2449.000000, 2033.000000, 2446.000000, 2035.000000, 2508.000000, 2009.000000, 2510.000000,     small-vehicle,     998
2337.000000, 2472.000000, 2362.000000, 2469.000000, 2365.000000, 2540.000000, 2339.000000, 2542.000000,     small-vehicle,     1001
1187.000000, 2570.000000, 1262.000000, 2566.000000, 1262.000000, 2605.000000, 1187.000000, 2609.000000,     small-vehicle,     1009
1023.000000, 2598.000000, 1095.000000, 2594.000000, 1095.000000, 2631.000000, 1023.000000, 2635.000000,     small-vehicle,     1012
718.000000, 2636.000000, 767.000000, 2633.000000, 766.000000, 2666.000000, 717.000000, 2669.000000,     small-vehicle,     1013
1106.000000, 2584.000000, 1171.000000, 2580.000000, 1171.000000, 2619.000000, 1106.000000, 2623.000000,     small-vehicle,     1014
2333.000000, 2413.000000, 2354.000000, 2413.000000, 2356.000000, 2455.000000, 2334.000000, 2456.000000,     small-vehicle,     1017
2710.000000, 2388.000000, 2739.000000, 2385.000000, 2741.000000, 2446.000000, 2713.000000, 2448.000000,     small-vehicle,     1033
2003.000000, 2365.000000, 2030.000000, 2364.000000, 2032.000000, 2427.000000, 2005.000000, 2430.000000,     small-vehicle,     1039
2288.000000, 2312.000000, 2314.000000, 2311.000000, 2316.000000, 2372.000000, 2291.000000, 2373.000000,     small-vehicle,     1056
3538.000000, 3002.000000, 3564.000000, 3001.000000, 3569.000000, 3063.000000, 3542.000000, 3064.000000,     small-vehicle,     1069
3204.000000, 2834.000000, 3253.000000, 2831.000000, 3257.000000, 2875.000000, 3207.000000, 2878.000000,     small-vehicle,     1071
567.000000, 2421.000000, 599.000000, 2420.000000, 598.000000, 2483.000000, 565.000000, 2485.000000,     small-vehicle,     1076
2246.000000, 2282.000000, 2280.000000, 2280.000000, 2282.000000, 2361.000000, 2249.000000, 2363.000000,     large-vehicle,     1078
1998.000000, 2282.000000, 2023.000000, 2281.000000, 2024.000000, 2343.000000, 1999.000000, 2344.000000,     small-vehicle,     1079
2313.000000, 2229.000000, 2338.000000, 2228.000000, 2341.000000, 2287.000000, 2314.000000, 2288.000000,     small-vehicle,     1086
2827.000000, 2369.000000, 2856.000000, 2367.000000, 2860.000000, 2434.000000, 2830.000000, 2435.000000,     small-vehicle,     1088
1305.000000, 2266.000000, 1326.000000, 2265.000000, 1327.000000, 2313.000000, 1305.000000, 2314.000000,     small-vehicle,     1104
2306.000000, 2160.000000, 2331.000000, 2159.000000, 2332.000000, 2214.000000, 2308.000000, 2215.000000,     small-vehicle,     1113
1988.000000, 2191.000000, 2016.000000, 2190.000000, 2018.000000, 2251.000000, 1990.000000, 2252.000000,     small-vehicle,     1115
1261.000000, 2236.000000, 1310.000000, 2234.000000, 1310.000000, 2265.000000, 1261.000000, 2267.000000,     small-vehicle,     1116
885.000000, 2262.000000, 946.000000, 2258.000000, 945.000000, 2292.000000, 885.000000, 2295.000000,     small-vehicle,     1121
1175.000000, 2240.000000, 1228.000000, 2238.000000, 1227.000000, 2268.000000, 1175.000000, 2271.000000,     small-vehicle,     1135
817.000000, 2188.000000, 877.000000, 2185.000000, 877.000000, 2212.000000, 817.000000, 2215.000000,     small-vehicle,     1139
1980.000000, 2101.000000, 2009.000000, 2100.000000, 2011.000000, 2161.000000, 1981.000000, 2163.000000,     small-vehicle,     1140
2010.000000, 2070.000000, 2056.000000, 2068.000000, 2060.000000, 2200.000000, 2012.000000, 2203.000000,     large-vehicle,     1141
2270.000000, 2106.000000, 2300.000000, 2104.000000, 2302.000000, 2165.000000, 2272.000000, 2166.000000,     small-vehicle,     1142
999.000000, 2248.000000, 1057.000000, 2246.000000, 1057.000000, 2281.000000, 999.000000, 2283.000000,     small-vehicle,     1144
2906.000000, 2881.000000, 2965.000000, 2877.000000, 2967.000000, 2912.000000, 2908.000000, 2915.000000,     small-vehicle,     1151
1221.000000, 2158.000000, 1288.000000, 2155.000000, 1288.000000, 2183.000000, 1221.000000, 2186.000000,     small-vehicle,     1155
659.000000, 2202.000000, 708.000000, 2199.000000, 707.000000, 2227.000000, 659.000000, 2230.000000,     small-vehicle,     1156
720.000000, 2198.000000, 775.000000, 2196.000000, 775.000000, 2223.000000, 720.000000, 2226.000000,     small-vehicle,     1157
1045.000000, 2169.000000, 1107.000000, 2166.000000, 1107.000000, 2193.000000, 1045.000000, 2196.000000,     small-vehicle,     1159
3122.000000, 2856.000000, 3173.000000, 2852.000000, 3174.000000, 2883.000000, 3124.000000, 2886.000000,     small-vehicle,     1164
1978.000000, 2022.000000, 2006.000000, 2020.000000, 2008.000000, 2085.000000, 1980.000000, 2086.000000,     small-vehicle,     1168
2266.000000, 2006.000000, 2295.000000, 2006.000000, 2297.000000, 2075.000000, 2269.000000, 2076.000000,     small-vehicle,     1175
1309.000000, 2088.000000, 1335.000000, 2087.000000, 1335.000000, 2144.000000, 1310.000000, 2145.000000,     small-vehicle,     1179
3529.000000, 2798.000000, 3582.000000, 2794.000000, 3584.000000, 2823.000000, 3531.000000, 2827.000000,     small-vehicle,     1182
3045.000000, 2862.000000, 3105.000000, 2859.000000, 3106.000000, 2895.000000, 3048.000000, 2900.000000,     small-vehicle,     1192
557.000000, 2009.000000, 589.000000, 2008.000000, 587.000000, 2079.000000, 556.000000, 2080.000000,     small-vehicle,     1202
1995.000000, 1906.000000, 2027.000000, 1905.000000, 2029.000000, 1974.000000, 1997.000000, 1975.000000,     small-vehicle,     1205
1967.000000, 1842.000000, 1997.000000, 1840.000000, 1998.000000, 1907.000000, 1968.000000, 1907.000000,     small-vehicle,     1211
2675.000000, 1844.000000, 2723.000000, 1842.000000, 2724.000000, 1863.000000, 2676.000000, 1865.000000,     small-vehicle,     1212
2475.000000, 1864.000000, 2537.000000, 1861.000000, 2539.000000, 1892.000000, 2475.000000, 1895.000000,     small-vehicle,     1214
2417.000000, 1875.000000, 2468.000000, 1873.000000, 2468.000000, 1900.000000, 2418.000000, 1903.000000,     small-vehicle,     1216
2610.000000, 1850.000000, 2664.000000, 1848.000000, 2664.000000, 1872.000000, 2612.000000, 1875.000000,     small-vehicle,     1217
2249.000000, 1830.000000, 2279.000000, 1829.000000, 2280.000000, 1889.000000, 2251.000000, 1890.000000,     small-vehicle,     1232
1967.000000, 1765.000000, 1997.000000, 1764.000000, 1999.000000, 1824.000000, 1969.000000, 1824.000000,     small-vehicle,     1236
2108.000000, 2756.000000, 2137.000000, 2755.000000, 2140.000000, 2827.000000, 2109.000000, 2828.000000,     small-vehicle,     1241
1948.000000, 1776.000000, 1975.000000, 1775.000000, 1976.000000, 1834.000000, 1950.000000, 1835.000000,     small-vehicle,     1245
3380.000000, 1752.000000, 3430.000000, 1749.000000, 3432.000000, 1777.000000, 3381.000000, 1779.000000,     small-vehicle,     1248
3448.000000, 1745.000000, 3509.000000, 1742.000000, 3511.000000, 1769.000000, 3450.000000, 1771.000000,     small-vehicle,     1249
1297.000000, 1790.000000, 1326.000000, 1789.000000, 1325.000000, 1855.000000, 1297.000000, 1856.000000,     small-vehicle,     1250
3575.000000, 1730.000000, 3636.000000, 1727.000000, 3638.000000, 1751.000000, 3577.000000, 1753.000000,     small-vehicle,     1251
1953.000000, 1688.000000, 1982.000000, 1687.000000, 1983.000000, 1751.000000, 1954.000000, 1753.000000,     small-vehicle,     1254
2242.000000, 1648.000000, 2278.000000, 1647.000000, 2280.000000, 1715.000000, 2245.000000, 1715.000000,     small-vehicle,     1257
2265.000000, 1725.000000, 2301.000000, 1723.000000, 2304.000000, 1797.000000, 2267.000000, 1798.000000,     small-vehicle,     1258
3660.000000, 1720.000000, 3709.000000, 1717.000000, 3711.000000, 1747.000000, 3662.000000, 1748.000000,     small-vehicle,     1260
320.000000, 2784.000000, 389.000000, 2779.000000, 388.000000, 2813.000000, 318.000000, 2818.000000,     small-vehicle,     1271
1292.000000, 1673.000000, 1323.000000, 1672.000000, 1323.000000, 1742.000000, 1293.000000, 1744.000000,     small-vehicle,     1273
2223.000000, 1554.000000, 2246.000000, 1553.000000, 2249.000000, 1614.000000, 2225.000000, 1615.000000,     small-vehicle,     1277
1946.000000, 1601.000000, 1975.000000, 1600.000000, 1976.000000, 1668.000000, 1948.000000, 1668.000000,     small-vehicle,     1282
1103.000000, 2249.000000, 1162.000000, 2246.000000, 1162.000000, 2278.000000, 1103.000000, 2281.000000,     small-vehicle,     1284
2294.000000, 2897.000000, 2326.000000, 2895.000000, 2329.000000, 2976.000000, 2296.000000, 2978.000000,     small-vehicle,     1290
1938.000000, 1518.000000, 1969.000000, 1518.000000, 1971.000000, 1582.000000, 1940.000000, 1583.000000,     small-vehicle,     1292
1287.000000, 1596.000000, 1309.000000, 1595.000000, 1309.000000, 1637.000000, 1287.000000, 1638.000000,     small-vehicle,     1293
683.000000, 2739.000000, 751.000000, 2735.000000, 750.000000, 2768.000000, 683.000000, 2772.000000,     small-vehicle,     1294
830.000000, 2716.000000, 899.000000, 2712.000000, 899.000000, 2748.000000, 829.000000, 2752.000000,     small-vehicle,     1295
2251.000000, 1507.000000, 2277.000000, 1507.000000, 2279.000000, 1568.000000, 2253.000000, 1568.000000,     small-vehicle,     1298
2066.000000, 2079.000000, 2094.000000, 2078.000000, 2095.000000, 2156.000000, 2069.000000, 2159.000000,     small-vehicle,     1302
2441.000000, 1948.000000, 2503.000000, 1946.000000, 2505.000000, 1979.000000, 2442.000000, 1982.000000,     small-vehicle,     1303
2470.000000, 2423.000000, 2490.000000, 2421.000000, 2491.000000, 2471.000000, 2472.000000, 2472.000000,     small-vehicle,     1306
806.000000, 2269.000000, 822.000000, 2267.000000, 822.000000, 2301.000000, 806.000000, 2302.000000,     small-vehicle,     1307
1934.000000, 1442.000000, 1960.000000, 1441.000000, 1962.000000, 1502.000000, 1935.000000, 1504.000000,     small-vehicle,     1309
1283.000000, 1461.000000, 1305.000000, 1461.000000, 1305.000000, 1513.000000, 1283.000000, 1514.000000,     small-vehicle,     1312
2319.000000, 2311.000000, 2349.000000, 2310.000000, 2351.000000, 2357.000000, 2320.000000, 2358.000000,     small-vehicle,     1314
3431.000000, 1831.000000, 3492.000000, 1828.000000, 3495.000000, 1861.000000, 3433.000000, 1863.000000,     large-vehicle,     1317
755.000000, 2732.000000, 819.000000, 2729.000000, 819.000000, 2760.000000, 755.000000, 2764.000000,     small-vehicle,     1318
1277.000000, 1375.000000, 1305.000000, 1374.000000, 1304.000000, 1432.000000, 1277.000000, 1433.000000,     small-vehicle,     1330
701.000000, 2277.000000, 767.000000, 2274.000000, 767.000000, 2307.000000, 701.000000, 2311.000000,     small-vehicle,     1331
1273.000000, 1306.000000, 1302.000000, 1305.000000, 1302.000000, 1367.000000, 1273.000000, 1368.000000,     small-vehicle,     1333
1923.000000, 1278.000000, 1950.000000, 1278.000000, 1952.000000, 1335.000000, 1924.000000, 1336.000000,     small-vehicle,     1337
2205.000000, 1217.000000, 2228.000000, 1216.000000, 2230.000000, 1282.000000, 2208.000000, 1282.000000,     small-vehicle,     1342
2719.000000, 1919.000000, 2780.000000, 1916.000000, 2782.000000, 1950.000000, 2721.000000, 1952.000000,     small-vehicle,     1347
1270.000000, 1242.000000, 1294.000000, 1242.000000, 1294.000000, 1292.000000, 1270.000000, 1292.000000,     small-vehicle,     1348
3327.000000, 2829.000000, 3384.000000, 2825.000000, 3386.000000, 2857.000000, 3329.000000, 2861.000000,     small-vehicle,     1356
1939.000000, 1150.000000, 1968.000000, 1148.000000, 1969.000000, 1203.000000, 1940.000000, 1204.000000,     small-vehicle,     1360
2194.000000, 1149.000000, 2225.000000, 1149.000000, 2227.000000, 1210.000000, 2196.000000, 1212.000000,     small-vehicle,     1361
1358.000000, 1081.000000, 1410.000000, 1080.000000, 1410.000000, 1109.000000, 1359.000000, 1110.000000,     small-vehicle,     1364
537.000000, 1172.000000, 585.000000, 1171.000000, 584.000000, 1202.000000, 536.000000, 1203.000000,     small-vehicle,     1369
169.000000, 1105.000000, 226.000000, 1104.000000, 225.000000, 1138.000000, 169.000000, 1139.000000,     small-vehicle,     1373
413.000000, 1104.000000, 467.000000, 1104.000000, 466.000000, 1130.000000, 412.000000, 1132.000000,     small-vehicle,     1375
331.000000, 1102.000000, 394.000000, 1102.000000, 393.000000, 1135.000000, 329.000000, 1137.000000,     small-vehicle,     1377
1097.000000, 1089.000000, 1147.000000, 1088.000000, 1147.000000, 1113.000000, 1097.000000, 1113.000000,     small-vehicle,     1378
1361.000000, 1142.000000, 1421.000000, 1141.000000, 1421.000000, 1170.000000, 1361.000000, 1171.000000,     small-vehicle,     1379
3579.000000, 1827.000000, 3634.000000, 1825.000000, 3635.000000, 1850.000000, 3581.000000, 1853.000000,     small-vehicle,     1381
1181.000000, 1087.000000, 1228.000000, 1086.000000, 1228.000000, 1110.000000, 1180.000000, 1110.000000,     small-vehicle,     1384
953.000000, 1091.000000, 1004.000000, 1090.000000, 1004.000000, 1116.000000, 953.000000, 1117.000000,     small-vehicle,     1385
1030.000000, 1088.000000, 1073.000000, 1087.000000, 1071.000000, 1114.000000, 1030.000000, 1115.000000,     small-vehicle,     1386
1229.000000, 1075.000000, 1295.000000, 1073.000000, 1295.000000, 1116.000000, 1229.000000, 1117.000000,     small-vehicle,     1387
1483.000000, 1084.000000, 1540.000000, 1082.000000, 1540.000000, 1109.000000, 1484.000000, 1109.000000,     small-vehicle,     1388
477.000000, 1099.000000, 528.000000, 1098.000000, 528.000000, 1124.000000, 477.000000, 1126.000000,     small-vehicle,     1389
1559.000000, 1085.000000, 1598.000000, 1083.000000, 1598.000000, 1104.000000, 1559.000000, 1105.000000,     small-vehicle,     1390
104.000000, 1092.000000, 164.000000, 1090.000000, 163.000000, 1130.000000, 103.000000, 1131.000000,     small-vehicle,     1395
2712.000000, 1003.000000, 2778.000000, 1001.000000, 2780.000000, 1037.000000, 2714.000000, 1039.000000,     small-vehicle,     1397
3085.000000, 1880.000000, 3136.000000, 1877.000000, 3137.000000, 1907.000000, 3087.000000, 1909.000000,     small-vehicle,     1398
1264.000000, 1010.000000, 1290.000000, 1009.000000, 1290.000000, 1066.000000, 1263.000000, 1067.000000,     small-vehicle,     1399
1637.000000, 1109.000000, 1696.000000, 1107.000000, 1695.000000, 1137.000000, 1637.000000, 1138.000000,     small-vehicle,     1400
2457.000000, 1033.000000, 2504.000000, 1032.000000, 2505.000000, 1059.000000, 2458.000000, 1060.000000,     small-vehicle,     1401
3507.000000, 1829.000000, 3577.000000, 1826.000000, 3580.000000, 1859.000000, 3509.000000, 1862.000000,     small-vehicle,     1402
2388.000000, 1036.000000, 2445.000000, 1035.000000, 2446.000000, 1064.000000, 2389.000000, 1064.000000,     small-vehicle,     1403
2589.000000, 1025.000000, 2644.000000, 1023.000000, 2646.000000, 1049.000000, 2591.000000, 1050.000000,     small-vehicle,     1405
2522.000000, 1030.000000, 2579.000000, 1028.000000, 2580.000000, 1057.000000, 2524.000000, 1058.000000,     small-vehicle,     1407
3053.000000, 989.000000, 3118.000000, 987.000000, 3119.000000, 1014.000000, 3054.000000, 1014.000000,     small-vehicle,     1409
3231.000000, 973.000000, 3278.000000, 972.000000, 3280.000000, 1003.000000, 3233.000000, 1004.000000,     small-vehicle,     1410
2367.000000, 2738.000000, 2387.000000, 2737.000000, 2390.000000, 2793.000000, 2368.000000, 2794.000000,     small-vehicle,     1411
2886.000000, 994.000000, 2945.000000, 994.000000, 2946.000000, 1021.000000, 2888.000000, 1023.000000,     small-vehicle,     1412
1902.000000, 1530.000000, 1927.000000, 1528.000000, 1929.000000, 1624.000000, 1903.000000, 1624.000000,     large-vehicle,     1415
2696.000000, 1084.000000, 2747.000000, 1084.000000, 2749.000000, 1111.000000, 2698.000000, 1112.000000,     small-vehicle,     1416
3515.000000, 2839.000000, 3544.000000, 2838.000000, 3548.000000, 2898.000000, 3520.000000, 2900.000000,     small-vehicle,     1417
2960.000000, 987.000000, 3023.000000, 985.000000, 3025.000000, 1018.000000, 2962.000000, 1020.000000,     small-vehicle,     1418
3356.000000, 964.000000, 3416.000000, 962.000000, 3418.000000, 994.000000, 3357.000000, 995.000000,     small-vehicle,     1420
3289.000000, 965.000000, 3346.000000, 964.000000, 3348.000000, 998.000000, 3291.000000, 999.000000,     small-vehicle,     1422
1430.000000, 1143.000000, 1472.000000, 1142.000000, 1473.000000, 1165.000000, 1430.000000, 1166.000000,     small-vehicle,     1423
1924.000000, 940.000000, 1950.000000, 940.000000, 1952.000000, 997.000000, 1925.000000, 998.000000,     small-vehicle,     1424
1969.000000, 1925.000000, 1998.000000, 1924.000000, 2000.000000, 1998.000000, 1970.000000, 2000.000000,     small-vehicle,     1425
1815.000000, 2659.000000, 1884.000000, 2655.000000, 1885.000000, 2691.000000, 1815.000000, 2695.000000,     large-vehicle,     1426
2839.000000, 934.000000, 2864.000000, 933.000000, 2866.000000, 988.000000, 2842.000000, 989.000000,     small-vehicle,     1429
1304.000000, 2335.000000, 1332.000000, 2334.000000, 1333.000000, 2409.000000, 1304.000000, 2410.000000,     small-vehicle,     1430
49.000000, 1074.000000, 97.000000, 1073.000000, 95.000000, 1116.000000, 47.000000, 1117.000000,     small-vehicle,     1431
720.000000, 1093.000000, 770.000000, 1092.000000, 769.000000, 1120.000000, 720.000000, 1121.000000,     small-vehicle,     1433
535.000000, 898.000000, 565.000000, 897.000000, 562.000000, 987.000000, 533.000000, 987.000000,     large-vehicle,     1434
1955.000000, 892.000000, 1989.000000, 891.000000, 1991.000000, 963.000000, 1957.000000, 964.000000,     large-vehicle,     1435
1958.000000, 902.000000, 1989.000000, 902.000000, 1991.000000, 970.000000, 1959.000000, 971.000000,     small-vehicle,     1436
2317.000000, 2305.000000, 2353.000000, 2302.000000, 2358.000000, 2455.000000, 2322.000000, 2456.000000,     large-vehicle,     1437
1996.000000, 893.000000, 2023.000000, 893.000000, 2025.000000, 957.000000, 1998.000000, 957.000000,     small-vehicle,     1438
2690.000000, 2929.000000, 2727.000000, 2926.000000, 2730.000000, 2991.000000, 2693.000000, 2994.000000,     small-vehicle,     1439
3260.000000, 2842.000000, 3313.000000, 2838.000000, 3315.000000, 2861.000000, 3262.000000, 2865.000000,     small-vehicle,     1440
