2180.000000, 1214.000000, 2234.000000, 1214.000000, 2234.000000, 1285.000000, 2180.000000, 1285.000000,   small-vehicle,   1290
1322.000000, 1894.000000, 1351.000000, 1894.000000, 1351.000000, 1951.000000, 1322.000000, 1951.000000,   small-vehicle,   1451
2011.000000, 1894.000000, 2038.000000, 1894.000000, 2038.000000, 1951.000000, 2011.000000, 1951.000000,   small-vehicle,   1452
3005.000000, 1916.000000, 3038.000000, 1916.000000, 3038.000000, 1982.000000, 3005.000000, 1982.000000,   small-vehicle,   1453
2305.000000, 1814.000000, 2337.000000, 1814.000000, 2337.000000, 1875.000000, 2305.000000, 1875.000000,   small-vehicle,   1458
2276.000000, 1810.000000, 2301.000000, 1810.000000, 2301.000000, 1870.000000, 2276.000000, 1870.000000,   small-vehicle,   1459
1316.000000, 1801.000000, 1338.000000, 1801.000000, 1338.000000, 1856.000000, 1316.000000, 1856.000000,   small-vehicle,   1462
2309.000000, 1766.000000, 2338.000000, 1766.000000, 2338.000000, 1810.000000, 2309.000000, 1810.000000,   small-vehicle,   1478
1975.000000, 1699.000000, 1999.000000, 1699.000000, 1999.000000, 1748.000000, 1975.000000, 1748.000000,   small-vehicle,   1479
2001.000000, 1648.000000, 2023.000000, 1648.000000, 2023.000000, 1707.000000, 2001.000000, 1707.000000,   small-vehicle,   1499
1295.000000, 1583.000000, 1318.000000, 1583.000000, 1318.000000, 1624.000000, 1295.000000, 1624.000000,   small-vehicle,   1507
2256.000000, 1525.000000, 2287.000000, 1525.000000, 2287.000000, 1582.000000, 2256.000000, 1582.000000,   small-vehicle,   1509
2984.000000, 1575.000000, 3011.000000, 1575.000000, 3011.000000, 1633.000000, 2984.000000, 1633.000000,   small-vehicle,   1515
1293.000000, 1527.000000, 1320.000000, 1527.000000, 1320.000000, 1581.000000, 1293.000000, 1581.000000,   small-vehicle,   1517
1960.000000, 1473.000000, 1986.000000, 1473.000000, 1986.000000, 1528.000000, 1960.000000, 1528.000000,   small-vehicle,   1522
2278.000000, 1464.000000, 2310.000000, 1464.000000, 2310.000000, 1524.000000, 2278.000000, 1524.000000,   small-vehicle,   1529
2275.000000, 1392.000000, 2303.000000, 1392.000000, 2303.000000, 1447.000000, 2275.000000, 1447.000000,   small-vehicle,   1536
1956.000000, 1402.000000, 1985.000000, 1402.000000, 1985.000000, 1462.000000, 1956.000000, 1462.000000,   small-vehicle,   1537
1290.000000, 1367.000000, 1316.000000, 1367.000000, 1316.000000, 1421.000000, 1290.000000, 1421.000000,   small-vehicle,   1548
1959.000000, 1334.000000, 1988.000000, 1334.000000, 1988.000000, 1393.000000, 1959.000000, 1393.000000,   small-vehicle,   1549
2274.000000, 1315.000000, 2303.000000, 1315.000000, 2303.000000, 1376.000000, 2274.000000, 1376.000000,   small-vehicle,   1552
1284.000000, 1291.000000, 1310.000000, 1291.000000, 1310.000000, 1347.000000, 1284.000000, 1347.000000,   small-vehicle,   1554
1946.000000, 1268.000000, 1973.000000, 1268.000000, 1973.000000, 1318.000000, 1946.000000, 1318.000000,   small-vehicle,   1562
1973.000000, 1221.000000, 1999.000000, 1221.000000, 1999.000000, 1272.000000, 1973.000000, 1272.000000,   small-vehicle,   1566
2237.000000, 1223.000000, 2271.000000, 1223.000000, 2271.000000, 1285.000000, 2237.000000, 1285.000000,   small-vehicle,   1571
729.000000, 1183.000000, 784.000000, 1183.000000, 784.000000, 1206.000000, 729.000000, 1206.000000,   small-vehicle,   1573
855.000000, 1179.000000, 909.000000, 1179.000000, 909.000000, 1204.000000, 855.000000, 1204.000000,   small-vehicle,   1574
440.000000, 1174.000000, 496.000000, 1174.000000, 496.000000, 1203.000000, 440.000000, 1203.000000,   small-vehicle,   1575
923.000000, 1176.000000, 977.000000, 1176.000000, 977.000000, 1199.000000, 923.000000, 1199.000000,   small-vehicle,   1576
512.000000, 1183.000000, 561.000000, 1183.000000, 561.000000, 1208.000000, 512.000000, 1208.000000,   small-vehicle,   1578
797.000000, 1179.000000, 843.000000, 1179.000000, 843.000000, 1202.000000, 797.000000, 1202.000000,   small-vehicle,   1585
1773.000000, 1130.000000, 1829.000000, 1130.000000, 1829.000000, 1155.000000, 1773.000000, 1155.000000,   small-vehicle,   1586
1661.000000, 1133.000000, 1716.000000, 1133.000000, 1716.000000, 1154.000000, 1661.000000, 1154.000000,   small-vehicle,   1588
1276.000000, 1159.000000, 1323.000000, 1159.000000, 1323.000000, 1179.000000, 1276.000000, 1179.000000,   small-vehicle,   1589
1510.000000, 1142.000000, 1562.000000, 1142.000000, 1562.000000, 1169.000000, 1510.000000, 1169.000000,   small-vehicle,   1590
386.000000, 1115.000000, 415.000000, 1115.000000, 415.000000, 1168.000000, 386.000000, 1168.000000,   small-vehicle,   1594
694.000000, 1873.000000, 724.000000, 1873.000000, 724.000000, 1930.000000, 694.000000, 1930.000000,   small-vehicle,   1601
1960.000000, 1065.000000, 1989.000000, 1065.000000, 1989.000000, 1117.000000, 1960.000000, 1117.000000,   small-vehicle,   1602
2928.000000, 1061.000000, 2993.000000, 1061.000000, 2993.000000, 1094.000000, 2928.000000, 1094.000000,   small-vehicle,   1614
322.000000, 1036.000000, 366.000000, 1036.000000, 366.000000, 1091.000000, 322.000000, 1091.000000,   small-vehicle,   1615
2232.000000, 1041.000000, 2256.000000, 1041.000000, 2256.000000, 1093.000000, 2232.000000, 1093.000000,   small-vehicle,   1623
3491.000000, 1038.000000, 3557.000000, 1038.000000, 3557.000000, 1067.000000, 3491.000000, 1067.000000,   small-vehicle,   1628
3416.000000, 1041.000000, 3474.000000, 1041.000000, 3474.000000, 1067.000000, 3416.000000, 1067.000000,   small-vehicle,   1631
86.000000, 1091.000000, 139.000000, 1091.000000, 139.000000, 1130.000000, 86.000000, 1130.000000,   small-vehicle,   1632
2225.000000, 970.000000, 2256.000000, 970.000000, 2256.000000, 1034.000000, 2225.000000, 1034.000000,   small-vehicle,   1633
3707.000000, 1026.000000, 3756.000000, 1026.000000, 3756.000000, 1050.000000, 3707.000000, 1050.000000,   small-vehicle,   1636
1929.000000, 900.000000, 1954.000000, 900.000000, 1954.000000, 956.000000, 1929.000000, 956.000000,   small-vehicle,   1637
3228.000000, 932.000000, 3261.000000, 932.000000, 3261.000000, 992.000000, 3228.000000, 992.000000,   small-vehicle,   1638
437.000000, 923.000000, 461.000000, 923.000000, 461.000000, 974.000000, 437.000000, 974.000000,   small-vehicle,   1643
503.000000, 899.000000, 556.000000, 899.000000, 556.000000, 942.000000, 503.000000, 942.000000,   small-vehicle,   1646
358.000000, 895.000000, 386.000000, 895.000000, 386.000000, 946.000000, 358.000000, 946.000000,   small-vehicle,   1650
2974.000000, 1441.000000, 3007.000000, 1441.000000, 3007.000000, 1498.000000, 2974.000000, 1498.000000,   small-vehicle,   1651
2247.000000, 846.000000, 2277.000000, 846.000000, 2277.000000, 906.000000, 2247.000000, 906.000000,   small-vehicle,   1656
1924.000000, 829.000000, 1953.000000, 829.000000, 1953.000000, 888.000000, 1924.000000, 888.000000,   small-vehicle,   1658
1040.000000, 1224.000000, 1090.000000, 1224.000000, 1090.000000, 1250.000000, 1040.000000, 1250.000000,   small-vehicle,   1659
3048.000000, 1692.000000, 3112.000000, 1692.000000, 3112.000000, 1719.000000, 3048.000000, 1719.000000,   small-vehicle,   1664
3222.000000, 853.000000, 3260.000000, 853.000000, 3260.000000, 910.000000, 3222.000000, 910.000000,   small-vehicle,   1665
358.000000, 836.000000, 387.000000, 836.000000, 387.000000, 887.000000, 358.000000, 887.000000,   small-vehicle,   1666
2972.000000, 1501.000000, 3011.000000, 1501.000000, 3011.000000, 1564.000000, 2972.000000, 1564.000000,   small-vehicle,   1667
2555.000000, 1664.000000, 2620.000000, 1664.000000, 2620.000000, 1693.000000, 2555.000000, 1693.000000,   small-vehicle,   1671
2208.000000, 779.000000, 2235.000000, 779.000000, 2235.000000, 835.000000, 2208.000000, 835.000000,   small-vehicle,   1680
1951.000000, 800.000000, 1978.000000, 800.000000, 1978.000000, 851.000000, 1951.000000, 851.000000,   small-vehicle,   1683
1926.000000, 772.000000, 1951.000000, 772.000000, 1951.000000, 822.000000, 1926.000000, 822.000000,   small-vehicle,   1687
3255.000000, 1119.000000, 3316.000000, 1119.000000, 3316.000000, 1147.000000, 3255.000000, 1147.000000,   small-vehicle,   1688
2963.000000, 1233.000000, 2990.000000, 1233.000000, 2990.000000, 1278.000000, 2963.000000, 1278.000000,   small-vehicle,   1689
363.000000, 779.000000, 386.000000, 779.000000, 386.000000, 821.000000, 363.000000, 821.000000,   small-vehicle,   1690
2468.000000, 1160.000000, 2518.000000, 1160.000000, 2518.000000, 1181.000000, 2468.000000, 1181.000000,   small-vehicle,   1693
2243.000000, 762.000000, 2269.000000, 762.000000, 2269.000000, 816.000000, 2243.000000, 816.000000,   small-vehicle,   1697
1951.000000, 724.000000, 1982.000000, 724.000000, 1982.000000, 788.000000, 1951.000000, 788.000000,   small-vehicle,   1699
2864.000000, 1658.000000, 2917.000000, 1658.000000, 2917.000000, 1683.000000, 2864.000000, 1683.000000,   small-vehicle,   1702
2243.000000, 693.000000, 2269.000000, 693.000000, 2269.000000, 736.000000, 2243.000000, 736.000000,   small-vehicle,   1705
2153.000000, 483.000000, 2183.000000, 483.000000, 2183.000000, 548.000000, 2153.000000, 548.000000,   small-vehicle,   1706
1935.000000, 628.000000, 1963.000000, 628.000000, 1963.000000, 679.000000, 1935.000000, 679.000000,   small-vehicle,   1708
1915.000000, 689.000000, 1946.000000, 689.000000, 1946.000000, 748.000000, 1915.000000, 748.000000,   small-vehicle,   1709
234.000000, 1223.000000, 276.000000, 1223.000000, 276.000000, 1285.000000, 234.000000, 1285.000000,   small-vehicle,   1710
1955.000000, 1559.000000, 1990.000000, 1559.000000, 1990.000000, 1610.000000, 1955.000000, 1610.000000,   small-vehicle,   1712
3222.000000, 626.000000, 3253.000000, 626.000000, 3253.000000, 686.000000, 3222.000000, 686.000000,   small-vehicle,   1715
2284.000000, 1258.000000, 2305.000000, 1258.000000, 2305.000000, 1303.000000, 2284.000000, 1303.000000,   small-vehicle,   1719
2723.000000, 610.000000, 2752.000000, 610.000000, 2752.000000, 663.000000, 2723.000000, 663.000000,   small-vehicle,   1727
2642.000000, 600.000000, 2673.000000, 600.000000, 2673.000000, 662.000000, 2642.000000, 662.000000,   small-vehicle,   1728
2231.000000, 560.000000, 2256.000000, 560.000000, 2256.000000, 625.000000, 2231.000000, 625.000000,   small-vehicle,   1729
2536.000000, 1153.000000, 2593.000000, 1153.000000, 2593.000000, 1182.000000, 2536.000000, 1182.000000,   small-vehicle,   1730
2764.000000, 595.000000, 2793.000000, 595.000000, 2793.000000, 655.000000, 2764.000000, 655.000000,   small-vehicle,   1731
401.000000, 1251.000000, 464.000000, 1251.000000, 464.000000, 1282.000000, 401.000000, 1282.000000,   small-vehicle,   1732
2610.000000, 603.000000, 2634.000000, 603.000000, 2634.000000, 656.000000, 2610.000000, 656.000000,   small-vehicle,   1737
2807.000000, 593.000000, 2839.000000, 593.000000, 2839.000000, 650.000000, 2807.000000, 650.000000,   small-vehicle,   1739
1917.000000, 533.000000, 1948.000000, 533.000000, 1948.000000, 593.000000, 1917.000000, 593.000000,   small-vehicle,   1742
2198.000000, 523.000000, 2226.000000, 523.000000, 2226.000000, 589.000000, 2198.000000, 589.000000,   small-vehicle,   1744
1462.000000, 1208.000000, 1500.000000, 1208.000000, 1500.000000, 1223.000000, 1462.000000, 1223.000000,   small-vehicle,   1747
542.000000, 1246.000000, 594.000000, 1246.000000, 594.000000, 1275.000000, 542.000000, 1275.000000,   small-vehicle,   1752
1899.000000, 423.000000, 1929.000000, 423.000000, 1929.000000, 482.000000, 1899.000000, 482.000000,   small-vehicle,   1760
3169.000000, 1122.000000, 3230.000000, 1122.000000, 3230.000000, 1147.000000, 3169.000000, 1147.000000,   small-vehicle,   1761
1518.000000, 1200.000000, 1577.000000, 1200.000000, 1577.000000, 1223.000000, 1518.000000, 1223.000000,   small-vehicle,   1762
3203.000000, 486.000000, 3231.000000, 486.000000, 3231.000000, 546.000000, 3203.000000, 546.000000,   small-vehicle,   1763
65.000000, 432.000000, 123.000000, 432.000000, 123.000000, 457.000000, 65.000000, 457.000000,   small-vehicle,   1765
3197.000000, 408.000000, 3229.000000, 408.000000, 3229.000000, 476.000000, 3197.000000, 476.000000,   small-vehicle,   1767
2373.000000, 658.000000, 2421.000000, 658.000000, 2421.000000, 681.000000, 2373.000000, 681.000000,   small-vehicle,   1769
1047.000000, 371.000000, 1104.000000, 371.000000, 1104.000000, 397.000000, 1047.000000, 397.000000,   small-vehicle,   1772
44.000000, 353.000000, 113.000000, 353.000000, 113.000000, 384.000000, 44.000000, 384.000000,   small-vehicle,   1773
2612.000000, 1151.000000, 2678.000000, 1151.000000, 2678.000000, 1179.000000, 2612.000000, 1179.000000,   small-vehicle,   1774
3703.000000, 1098.000000, 3776.000000, 1098.000000, 3776.000000, 1129.000000, 3703.000000, 1129.000000,   small-vehicle,   1776
1897.000000, 366.000000, 1921.000000, 366.000000, 1921.000000, 409.000000, 1897.000000, 409.000000,   small-vehicle,   1777
1978.000000, 1764.000000, 2002.000000, 1764.000000, 2002.000000, 1806.000000, 1978.000000, 1806.000000,   small-vehicle,   1780
2005.000000, 725.000000, 2033.000000, 725.000000, 2033.000000, 794.000000, 2005.000000, 794.000000,   small-vehicle,   1783
2151.000000, 306.000000, 2178.000000, 306.000000, 2178.000000, 360.000000, 2151.000000, 360.000000,   small-vehicle,   1785
2222.000000, 368.000000, 2249.000000, 368.000000, 2249.000000, 419.000000, 2222.000000, 419.000000,   small-vehicle,   1787
2684.000000, 593.000000, 2718.000000, 593.000000, 2718.000000, 661.000000, 2684.000000, 661.000000,   large-vehicle,   1788
562.000000, 321.000000, 612.000000, 321.000000, 612.000000, 345.000000, 562.000000, 345.000000,   small-vehicle,   1790
3550.000000, 1109.000000, 3615.000000, 1109.000000, 3615.000000, 1134.000000, 3550.000000, 1134.000000,   small-vehicle,   1791
498.000000, 326.000000, 550.000000, 326.000000, 550.000000, 350.000000, 498.000000, 350.000000,   small-vehicle,   1793
3192.000000, 324.000000, 3227.000000, 324.000000, 3227.000000, 384.000000, 3192.000000, 384.000000,   small-vehicle,   1794
696.000000, 349.000000, 756.000000, 349.000000, 756.000000, 375.000000, 696.000000, 375.000000,   small-vehicle,   1795
631.000000, 318.000000, 687.000000, 318.000000, 687.000000, 343.000000, 631.000000, 343.000000,   small-vehicle,   1799
702.000000, 312.000000, 757.000000, 312.000000, 757.000000, 336.000000, 702.000000, 336.000000,   small-vehicle,   1804
890.000000, 302.000000, 943.000000, 302.000000, 943.000000, 329.000000, 890.000000, 329.000000,   small-vehicle,   1805
1742.000000, 305.000000, 1800.000000, 305.000000, 1800.000000, 338.000000, 1742.000000, 338.000000,   small-vehicle,   1807
949.000000, 296.000000, 1008.000000, 296.000000, 1008.000000, 323.000000, 949.000000, 323.000000,   small-vehicle,   1808
767.000000, 308.000000, 817.000000, 308.000000, 817.000000, 332.000000, 767.000000, 332.000000,   small-vehicle,   1810
481.000000, 1249.000000, 536.000000, 1249.000000, 536.000000, 1276.000000, 481.000000, 1276.000000,   small-vehicle,   1813
349.000000, 281.000000, 380.000000, 281.000000, 380.000000, 336.000000, 349.000000, 336.000000,   small-vehicle,   1814
2664.000000, 495.000000, 2717.000000, 495.000000, 2717.000000, 526.000000, 2664.000000, 526.000000,   small-vehicle,   1815
1031.000000, 290.000000, 1080.000000, 290.000000, 1080.000000, 316.000000, 1031.000000, 316.000000,   small-vehicle,   1817
828.000000, 306.000000, 879.000000, 306.000000, 879.000000, 329.000000, 828.000000, 329.000000,   small-vehicle,   1818
2186.000000, 301.000000, 2212.000000, 301.000000, 2212.000000, 353.000000, 2186.000000, 353.000000,   small-vehicle,   1819
730.000000, 1232.000000, 791.000000, 1232.000000, 791.000000, 1263.000000, 730.000000, 1263.000000,   small-vehicle,   1821
1674.000000, 238.000000, 1732.000000, 238.000000, 1732.000000, 267.000000, 1674.000000, 267.000000,   small-vehicle,   1822
1164.000000, 281.000000, 1218.000000, 281.000000, 1218.000000, 311.000000, 1164.000000, 311.000000,   small-vehicle,   1825
1572.000000, 248.000000, 1627.000000, 248.000000, 1627.000000, 277.000000, 1572.000000, 277.000000,   small-vehicle,   1826
1399.000000, 266.000000, 1446.000000, 266.000000, 1446.000000, 287.000000, 1399.000000, 287.000000,   small-vehicle,   1827
2442.000000, 1089.000000, 2504.000000, 1089.000000, 2504.000000, 1117.000000, 2442.000000, 1117.000000,   small-vehicle,   1828
1234.000000, 277.000000, 1285.000000, 277.000000, 1285.000000, 302.000000, 1234.000000, 302.000000,   small-vehicle,   1831
1739.000000, 232.000000, 1788.000000, 232.000000, 1788.000000, 259.000000, 1739.000000, 259.000000,   small-vehicle,   1833
3191.000000, 268.000000, 3217.000000, 268.000000, 3217.000000, 323.000000, 3191.000000, 323.000000,   small-vehicle,   1835
1336.000000, 268.000000, 1386.000000, 268.000000, 1386.000000, 294.000000, 1336.000000, 294.000000,   small-vehicle,   1836
2961.000000, 1281.000000, 2994.000000, 1281.000000, 2994.000000, 1336.000000, 2961.000000, 1336.000000,   small-vehicle,   1837
1799.000000, 225.000000, 1851.000000, 225.000000, 1851.000000, 254.000000, 1799.000000, 254.000000,   small-vehicle,   1838
431.000000, 993.000000, 459.000000, 993.000000, 459.000000, 1034.000000, 431.000000, 1034.000000,   small-vehicle,   1839
350.000000, 218.000000, 378.000000, 218.000000, 378.000000, 271.000000, 350.000000, 271.000000,   small-vehicle,   1845
3145.000000, 532.000000, 3165.000000, 532.000000, 3165.000000, 582.000000, 3145.000000, 582.000000,   small-vehicle,   1850
2680.000000, 163.000000, 2735.000000, 163.000000, 2735.000000, 191.000000, 2680.000000, 191.000000,   small-vehicle,   1854
2530.000000, 174.000000, 2587.000000, 174.000000, 2587.000000, 203.000000, 2530.000000, 203.000000,   small-vehicle,   1856
2476.000000, 179.000000, 2529.000000, 179.000000, 2529.000000, 208.000000, 2476.000000, 208.000000,   small-vehicle,   1858
2394.000000, 185.000000, 2463.000000, 185.000000, 2463.000000, 215.000000, 2394.000000, 215.000000,   small-vehicle,   1859
1770.000000, 173.000000, 1829.000000, 173.000000, 1829.000000, 200.000000, 1770.000000, 200.000000,   small-vehicle,   1860
409.000000, 1030.000000, 455.000000, 1030.000000, 455.000000, 1087.000000, 409.000000, 1087.000000,   small-vehicle,   1864
1968.000000, 286.000000, 1998.000000, 286.000000, 1998.000000, 356.000000, 1968.000000, 356.000000,   small-vehicle,   1866
352.000000, 132.000000, 378.000000, 132.000000, 378.000000, 179.000000, 352.000000, 179.000000,   small-vehicle,   1868
2961.000000, 140.000000, 3016.000000, 140.000000, 3016.000000, 169.000000, 2961.000000, 169.000000,   small-vehicle,   1869
3039.000000, 137.000000, 3103.000000, 137.000000, 3103.000000, 175.000000, 3039.000000, 175.000000,   small-vehicle,   1872
2821.000000, 154.000000, 2891.000000, 154.000000, 2891.000000, 185.000000, 2821.000000, 185.000000,   small-vehicle,   1874
2209.000000, 78.000000, 2235.000000, 78.000000, 2235.000000, 135.000000, 2209.000000, 135.000000,   small-vehicle,   1875
227.000000, 420.000000, 282.000000, 420.000000, 282.000000, 448.000000, 227.000000, 448.000000,   small-vehicle,   1876
349.000000, 68.000000, 374.000000, 68.000000, 374.000000, 120.000000, 349.000000, 120.000000,   small-vehicle,   1878
349.000000, 953.000000, 389.000000, 953.000000, 389.000000, 1016.000000, 349.000000, 1016.000000,   large-vehicle,   1879
2813.000000, 188.000000, 2872.000000, 188.000000, 2872.000000, 218.000000, 2813.000000, 218.000000,   small-vehicle,   1882
3666.000000, 75.000000, 3714.000000, 75.000000, 3714.000000, 100.000000, 3666.000000, 100.000000,   small-vehicle,   1887
300.000000, 1250.000000, 347.000000, 1250.000000, 347.000000, 1308.000000, 300.000000, 1308.000000,   small-vehicle,   1888
2235.000000, 513.000000, 2260.000000, 513.000000, 2260.000000, 550.000000, 2235.000000, 550.000000,   small-vehicle,   1889
1949.000000, 83.000000, 1979.000000, 83.000000, 1979.000000, 139.000000, 1949.000000, 139.000000,   small-vehicle,   1893
982.000000, 375.000000, 1030.000000, 375.000000, 1030.000000, 396.000000, 982.000000, 396.000000,   small-vehicle,   1895
2004.000000, 337.000000, 2036.000000, 337.000000, 2036.000000, 403.000000, 2004.000000, 403.000000,   small-vehicle,   1897
3110.000000, 18.000000, 3147.000000, 18.000000, 3147.000000, 82.000000, 3110.000000, 82.000000,   small-vehicle,   1898
1902.000000, -40.000000, 1929.000000, -40.000000, 1929.000000, 11.000000, 1902.000000, 11.000000,   small-vehicle,   1900
1876.000000, -13.000000, 1905.000000, -13.000000, 1905.000000, 43.000000, 1876.000000, 43.000000,   small-vehicle,   1902
1342.000000, 347.000000, 1402.000000, 347.000000, 1402.000000, 379.000000, 1342.000000, 379.000000,   large-vehicle,   1906
388.000000, 404.000000, 417.000000, 404.000000, 417.000000, 451.000000, 388.000000, 451.000000,   small-vehicle,   1909
1926.000000, 434.000000, 1969.000000, 434.000000, 1969.000000, 526.000000, 1926.000000, 526.000000,   large-vehicle,   1917
2352.000000, 228.000000, 2401.000000, 228.000000, 2401.000000, 255.000000, 2352.000000, 255.000000,   small-vehicle,   1918
2194.000000, -88.000000, 2223.000000, -88.000000, 2223.000000, -31.000000, 2194.000000, -31.000000,   small-vehicle,   1921
-1.000000, 431.000000, 53.000000, 431.000000, 53.000000, 451.000000, -1.000000, 451.000000,   small-vehicle,   1922
626.000000, 1678.000000, 656.000000, 1678.000000, 656.000000, 1735.000000, 626.000000, 1735.000000,   small-vehicle,   1925
185.000000, 1334.000000, 229.000000, 1334.000000, 229.000000, 1391.000000, 185.000000, 1391.000000,   small-vehicle,   1927
3424.000000, 1690.000000, 3488.000000, 1690.000000, 3488.000000, 1714.000000, 3424.000000, 1714.000000,   small-vehicle,   1930
556.000000, 1452.000000, 612.000000, 1452.000000, 612.000000, 1477.000000, 556.000000, 1477.000000,   small-vehicle,   1934
2089.000000, -165.000000, 2107.000000, -165.000000, 2107.000000, -137.000000, 2089.000000, -137.000000,   small-vehicle,   1935
1941.000000, -21.000000, 1970.000000, -21.000000, 1970.000000, 36.000000, 1941.000000, 36.000000,   small-vehicle,   1936
2202.000000, 1599.000000, 2237.000000, 1599.000000, 2237.000000, 1668.000000, 2202.000000, 1668.000000,   small-vehicle,   1937
3364.000000, 140.000000, 3440.000000, 140.000000, 3440.000000, 175.000000, 3364.000000, 175.000000,   small-vehicle,   1939
1869.000000, -126.000000, 1893.000000, -126.000000, 1893.000000, -83.000000, 1869.000000, -83.000000,   small-vehicle,   1941
2075.000000, 516.000000, 2105.000000, 516.000000, 2105.000000, 575.000000, 2075.000000, 575.000000,   large-vehicle,   1942
2191.000000, -169.000000, 2217.000000, -169.000000, 2217.000000, -111.000000, 2191.000000, -111.000000,   small-vehicle,   1945
1343.000000, 350.000000, 1404.000000, 350.000000, 1404.000000, 385.000000, 1343.000000, 385.000000,   small-vehicle,   1946
489.000000, 1461.000000, 552.000000, 1461.000000, 552.000000, 1485.000000, 489.000000, 1485.000000,   large-vehicle,   1947
2073.000000, 502.000000, 2105.000000, 502.000000, 2105.000000, 562.000000, 2073.000000, 562.000000,   small-vehicle,   1949
911.000000, 375.000000, 963.000000, 375.000000, 963.000000, 397.000000, 911.000000, 397.000000,   small-vehicle,   1950
3447.000000, 180.000000, 3509.000000, 180.000000, 3509.000000, 197.000000, 3447.000000, 197.000000,   small-vehicle,   1951
1896.000000, -176.000000, 1920.000000, -176.000000, 1920.000000, -114.000000, 1896.000000, -114.000000,   small-vehicle,   1952
488.000000, 1445.000000, 551.000000, 1445.000000, 551.000000, 1476.000000, 488.000000, 1476.000000,   small-vehicle,   1953
2818.000000, 227.000000, 2896.000000, 227.000000, 2896.000000, 253.000000, 2818.000000, 253.000000,   small-vehicle,   1954
1903.000000, 572.000000, 1924.000000, 572.000000, 1924.000000, 614.000000, 1903.000000, 614.000000,   small-vehicle,   1955
2274.000000, 1742.000000, 2304.000000, 1742.000000, 2304.000000, 1804.000000, 2274.000000, 1804.000000,   small-vehicle,   1956
