2179.000000, 1214.000000, 2236.000000, 1214.000000, 2236.000000, 1284.000000, 2179.000000, 1284.000000,   small-vehicle,   1290
1323.000000, 1900.000000, 1349.000000, 1900.000000, 1349.000000, 1946.000000, 1323.000000, 1946.000000,   small-vehicle,   1451
2011.000000, 1902.000000, 2037.000000, 1902.000000, 2037.000000, 1944.000000, 2011.000000, 1944.000000,   small-vehicle,   1452
2305.000000, 1814.000000, 2337.000000, 1814.000000, 2337.000000, 1874.000000, 2305.000000, 1874.000000,   small-vehicle,   1458
2276.000000, 1813.000000, 2302.000000, 1813.000000, 2302.000000, 1868.000000, 2276.000000, 1868.000000,   small-vehicle,   1459
1315.000000, 1800.000000, 1339.000000, 1800.000000, 1339.000000, 1856.000000, 1315.000000, 1856.000000,   small-vehicle,   1462
2310.000000, 1766.000000, 2338.000000, 1766.000000, 2338.000000, 1810.000000, 2310.000000, 1810.000000,   small-vehicle,   1478
1974.000000, 1698.000000, 2000.000000, 1698.000000, 2000.000000, 1748.000000, 1974.000000, 1748.000000,   small-vehicle,   1479
2000.000000, 1652.000000, 2023.000000, 1652.000000, 2023.000000, 1703.000000, 2000.000000, 1703.000000,   small-vehicle,   1499
1295.000000, 1581.000000, 1319.000000, 1581.000000, 1319.000000, 1625.000000, 1295.000000, 1625.000000,   small-vehicle,   1507
2255.000000, 1523.000000, 2288.000000, 1523.000000, 2288.000000, 1584.000000, 2255.000000, 1584.000000,   small-vehicle,   1509
2983.000000, 1573.000000, 3012.000000, 1573.000000, 3012.000000, 1636.000000, 2983.000000, 1636.000000,   small-vehicle,   1515
1292.000000, 1527.000000, 1320.000000, 1527.000000, 1320.000000, 1580.000000, 1292.000000, 1580.000000,   small-vehicle,   1517
1959.000000, 1474.000000, 1987.000000, 1474.000000, 1987.000000, 1528.000000, 1959.000000, 1528.000000,   small-vehicle,   1522
2278.000000, 1464.000000, 2309.000000, 1464.000000, 2309.000000, 1525.000000, 2278.000000, 1525.000000,   small-vehicle,   1529
2275.000000, 1392.000000, 2303.000000, 1392.000000, 2303.000000, 1446.000000, 2275.000000, 1446.000000,   small-vehicle,   1536
1956.000000, 1402.000000, 1985.000000, 1402.000000, 1985.000000, 1461.000000, 1956.000000, 1461.000000,   small-vehicle,   1537
1291.000000, 1366.000000, 1316.000000, 1366.000000, 1316.000000, 1421.000000, 1291.000000, 1421.000000,   small-vehicle,   1548
1958.000000, 1333.000000, 1989.000000, 1333.000000, 1989.000000, 1394.000000, 1958.000000, 1394.000000,   small-vehicle,   1549
2276.000000, 1316.000000, 2302.000000, 1316.000000, 2302.000000, 1374.000000, 2276.000000, 1374.000000,   small-vehicle,   1552
1283.000000, 1290.000000, 1311.000000, 1290.000000, 1311.000000, 1348.000000, 1283.000000, 1348.000000,   small-vehicle,   1554
1946.000000, 1268.000000, 1974.000000, 1268.000000, 1974.000000, 1319.000000, 1946.000000, 1319.000000,   small-vehicle,   1562
1973.000000, 1221.000000, 1999.000000, 1221.000000, 1999.000000, 1272.000000, 1973.000000, 1272.000000,   small-vehicle,   1566
2236.000000, 1222.000000, 2272.000000, 1222.000000, 2272.000000, 1286.000000, 2236.000000, 1286.000000,   small-vehicle,   1571
729.000000, 1182.000000, 784.000000, 1182.000000, 784.000000, 1207.000000, 729.000000, 1207.000000,   small-vehicle,   1573
854.000000, 1179.000000, 910.000000, 1179.000000, 910.000000, 1203.000000, 854.000000, 1203.000000,   small-vehicle,   1574
439.000000, 1174.000000, 496.000000, 1174.000000, 496.000000, 1204.000000, 439.000000, 1204.000000,   small-vehicle,   1575
922.000000, 1174.000000, 977.000000, 1174.000000, 977.000000, 1200.000000, 922.000000, 1200.000000,   small-vehicle,   1576
511.000000, 1183.000000, 561.000000, 1183.000000, 561.000000, 1209.000000, 511.000000, 1209.000000,   small-vehicle,   1578
797.000000, 1180.000000, 844.000000, 1180.000000, 844.000000, 1202.000000, 797.000000, 1202.000000,   small-vehicle,   1585
1774.000000, 1130.000000, 1828.000000, 1130.000000, 1828.000000, 1155.000000, 1774.000000, 1155.000000,   small-vehicle,   1586
1662.000000, 1131.000000, 1714.000000, 1131.000000, 1714.000000, 1155.000000, 1662.000000, 1155.000000,   small-vehicle,   1588
1278.000000, 1159.000000, 1322.000000, 1159.000000, 1322.000000, 1178.000000, 1278.000000, 1178.000000,   small-vehicle,   1589
1511.000000, 1143.000000, 1562.000000, 1143.000000, 1562.000000, 1168.000000, 1511.000000, 1168.000000,   small-vehicle,   1590
384.000000, 1114.000000, 416.000000, 1114.000000, 416.000000, 1170.000000, 384.000000, 1170.000000,   small-vehicle,   1594
694.000000, 1875.000000, 723.000000, 1875.000000, 723.000000, 1928.000000, 694.000000, 1928.000000,   small-vehicle,   1601
1960.000000, 1066.000000, 1990.000000, 1066.000000, 1990.000000, 1115.000000, 1960.000000, 1115.000000,   small-vehicle,   1602
2926.000000, 1061.000000, 2994.000000, 1061.000000, 2994.000000, 1094.000000, 2926.000000, 1094.000000,   small-vehicle,   1614
321.000000, 1035.000000, 368.000000, 1035.000000, 368.000000, 1092.000000, 321.000000, 1092.000000,   small-vehicle,   1615
2232.000000, 1041.000000, 2256.000000, 1041.000000, 2256.000000, 1093.000000, 2232.000000, 1093.000000,   small-vehicle,   1623
3492.000000, 1039.000000, 3557.000000, 1039.000000, 3557.000000, 1066.000000, 3492.000000, 1066.000000,   small-vehicle,   1628
3416.000000, 1040.000000, 3475.000000, 1040.000000, 3475.000000, 1068.000000, 3416.000000, 1068.000000,   small-vehicle,   1631
85.000000, 1090.000000, 139.000000, 1090.000000, 139.000000, 1130.000000, 85.000000, 1130.000000,   small-vehicle,   1632
2225.000000, 971.000000, 2255.000000, 971.000000, 2255.000000, 1034.000000, 2225.000000, 1034.000000,   small-vehicle,   1633
1928.000000, 901.000000, 1955.000000, 901.000000, 1955.000000, 955.000000, 1928.000000, 955.000000,   small-vehicle,   1637
3227.000000, 931.000000, 3262.000000, 931.000000, 3262.000000, 992.000000, 3227.000000, 992.000000,   small-vehicle,   1638
434.000000, 918.000000, 464.000000, 918.000000, 464.000000, 979.000000, 434.000000, 979.000000,   small-vehicle,   1643
502.000000, 898.000000, 556.000000, 898.000000, 556.000000, 943.000000, 502.000000, 943.000000,   small-vehicle,   1646
358.000000, 896.000000, 385.000000, 896.000000, 385.000000, 945.000000, 358.000000, 945.000000,   small-vehicle,   1650
2974.000000, 1440.000000, 3008.000000, 1440.000000, 3008.000000, 1498.000000, 2974.000000, 1498.000000,   small-vehicle,   1651
2248.000000, 847.000000, 2276.000000, 847.000000, 2276.000000, 905.000000, 2248.000000, 905.000000,   small-vehicle,   1656
1924.000000, 830.000000, 1953.000000, 830.000000, 1953.000000, 887.000000, 1924.000000, 887.000000,   small-vehicle,   1658
1039.000000, 1223.000000, 1090.000000, 1223.000000, 1090.000000, 1250.000000, 1039.000000, 1250.000000,   small-vehicle,   1659
3052.000000, 1691.000000, 3107.000000, 1691.000000, 3107.000000, 1719.000000, 3052.000000, 1719.000000,   small-vehicle,   1664
3223.000000, 854.000000, 3260.000000, 854.000000, 3260.000000, 910.000000, 3223.000000, 910.000000,   small-vehicle,   1665
358.000000, 835.000000, 388.000000, 835.000000, 388.000000, 887.000000, 358.000000, 887.000000,   small-vehicle,   1666
2974.000000, 1503.000000, 3009.000000, 1503.000000, 3009.000000, 1563.000000, 2974.000000, 1563.000000,   small-vehicle,   1667
2557.000000, 1664.000000, 2618.000000, 1664.000000, 2618.000000, 1692.000000, 2557.000000, 1692.000000,   small-vehicle,   1671
2208.000000, 780.000000, 2236.000000, 780.000000, 2236.000000, 833.000000, 2208.000000, 833.000000,   small-vehicle,   1680
1951.000000, 800.000000, 1978.000000, 800.000000, 1978.000000, 852.000000, 1951.000000, 852.000000,   small-vehicle,   1683
1926.000000, 772.000000, 1951.000000, 772.000000, 1951.000000, 823.000000, 1926.000000, 823.000000,   small-vehicle,   1687
3251.000000, 1117.000000, 3320.000000, 1117.000000, 3320.000000, 1149.000000, 3251.000000, 1149.000000,   small-vehicle,   1688
2962.000000, 1232.000000, 2990.000000, 1232.000000, 2990.000000, 1278.000000, 2962.000000, 1278.000000,   small-vehicle,   1689
364.000000, 781.000000, 386.000000, 781.000000, 386.000000, 819.000000, 364.000000, 819.000000,   small-vehicle,   1690
2467.000000, 1161.000000, 2518.000000, 1161.000000, 2518.000000, 1180.000000, 2467.000000, 1180.000000,   small-vehicle,   1693
2242.000000, 762.000000, 2271.000000, 762.000000, 2271.000000, 816.000000, 2242.000000, 816.000000,   small-vehicle,   1697
1952.000000, 725.000000, 1981.000000, 725.000000, 1981.000000, 787.000000, 1952.000000, 787.000000,   small-vehicle,   1699
2862.000000, 1657.000000, 2919.000000, 1657.000000, 2919.000000, 1685.000000, 2862.000000, 1685.000000,   small-vehicle,   1702
2242.000000, 691.000000, 2269.000000, 691.000000, 2269.000000, 738.000000, 2242.000000, 738.000000,   small-vehicle,   1705
2154.000000, 489.000000, 2182.000000, 489.000000, 2182.000000, 543.000000, 2154.000000, 543.000000,   small-vehicle,   1706
1935.000000, 627.000000, 1963.000000, 627.000000, 1963.000000, 680.000000, 1935.000000, 680.000000,   small-vehicle,   1708
1916.000000, 690.000000, 1945.000000, 690.000000, 1945.000000, 747.000000, 1916.000000, 747.000000,   small-vehicle,   1709
233.000000, 1223.000000, 276.000000, 1223.000000, 276.000000, 1286.000000, 233.000000, 1286.000000,   small-vehicle,   1710
1956.000000, 1559.000000, 1989.000000, 1559.000000, 1989.000000, 1610.000000, 1956.000000, 1610.000000,   small-vehicle,   1712
3223.000000, 628.000000, 3252.000000, 628.000000, 3252.000000, 685.000000, 3223.000000, 685.000000,   small-vehicle,   1715
2284.000000, 1258.000000, 2306.000000, 1258.000000, 2306.000000, 1304.000000, 2284.000000, 1304.000000,   small-vehicle,   1719
2724.000000, 607.000000, 2752.000000, 607.000000, 2752.000000, 665.000000, 2724.000000, 665.000000,   small-vehicle,   1727
2643.000000, 600.000000, 2673.000000, 600.000000, 2673.000000, 661.000000, 2643.000000, 661.000000,   small-vehicle,   1728
2231.000000, 562.000000, 2256.000000, 562.000000, 2256.000000, 624.000000, 2231.000000, 624.000000,   small-vehicle,   1729
2536.000000, 1154.000000, 2592.000000, 1154.000000, 2592.000000, 1182.000000, 2536.000000, 1182.000000,   small-vehicle,   1730
2762.000000, 596.000000, 2794.000000, 596.000000, 2794.000000, 655.000000, 2762.000000, 655.000000,   small-vehicle,   1731
401.000000, 1251.000000, 464.000000, 1251.000000, 464.000000, 1283.000000, 401.000000, 1283.000000,   small-vehicle,   1732
2609.000000, 604.000000, 2634.000000, 604.000000, 2634.000000, 656.000000, 2609.000000, 656.000000,   small-vehicle,   1737
2808.000000, 592.000000, 2839.000000, 592.000000, 2839.000000, 651.000000, 2808.000000, 651.000000,   small-vehicle,   1739
1917.000000, 533.000000, 1948.000000, 533.000000, 1948.000000, 594.000000, 1917.000000, 594.000000,   small-vehicle,   1742
2198.000000, 523.000000, 2226.000000, 523.000000, 2226.000000, 588.000000, 2198.000000, 588.000000,   small-vehicle,   1744
1462.000000, 1206.000000, 1501.000000, 1206.000000, 1501.000000, 1225.000000, 1462.000000, 1225.000000,   small-vehicle,   1747
542.000000, 1246.000000, 595.000000, 1246.000000, 595.000000, 1275.000000, 542.000000, 1275.000000,   small-vehicle,   1752
1899.000000, 423.000000, 1929.000000, 423.000000, 1929.000000, 481.000000, 1899.000000, 481.000000,   small-vehicle,   1760
3169.000000, 1121.000000, 3231.000000, 1121.000000, 3231.000000, 1149.000000, 3169.000000, 1149.000000,   small-vehicle,   1761
1517.000000, 1201.000000, 1578.000000, 1201.000000, 1578.000000, 1222.000000, 1517.000000, 1222.000000,   small-vehicle,   1762
3204.000000, 483.000000, 3230.000000, 483.000000, 3230.000000, 548.000000, 3204.000000, 548.000000,   small-vehicle,   1763
66.000000, 433.000000, 121.000000, 433.000000, 121.000000, 456.000000, 66.000000, 456.000000,   small-vehicle,   1765
3196.000000, 409.000000, 3230.000000, 409.000000, 3230.000000, 475.000000, 3196.000000, 475.000000,   small-vehicle,   1767
2372.000000, 657.000000, 2421.000000, 657.000000, 2421.000000, 682.000000, 2372.000000, 682.000000,   small-vehicle,   1769
1049.000000, 372.000000, 1103.000000, 372.000000, 1103.000000, 397.000000, 1049.000000, 397.000000,   small-vehicle,   1772
49.000000, 354.000000, 108.000000, 354.000000, 108.000000, 383.000000, 49.000000, 383.000000,   small-vehicle,   1773
2612.000000, 1151.000000, 2678.000000, 1151.000000, 2678.000000, 1179.000000, 2612.000000, 1179.000000,   small-vehicle,   1774
3712.000000, 1101.000000, 3767.000000, 1101.000000, 3767.000000, 1127.000000, 3712.000000, 1127.000000,   small-vehicle,   1776
1896.000000, 367.000000, 1921.000000, 367.000000, 1921.000000, 409.000000, 1896.000000, 409.000000,   small-vehicle,   1777
1976.000000, 1762.000000, 2004.000000, 1762.000000, 2004.000000, 1808.000000, 1976.000000, 1808.000000,   small-vehicle,   1780
2005.000000, 726.000000, 2033.000000, 726.000000, 2033.000000, 793.000000, 2005.000000, 793.000000,   small-vehicle,   1783
2151.000000, 307.000000, 2178.000000, 307.000000, 2178.000000, 360.000000, 2151.000000, 360.000000,   small-vehicle,   1785
2220.000000, 367.000000, 2250.000000, 367.000000, 2250.000000, 419.000000, 2220.000000, 419.000000,   small-vehicle,   1787
2684.000000, 593.000000, 2718.000000, 593.000000, 2718.000000, 661.000000, 2684.000000, 661.000000,   large-vehicle,   1788
562.000000, 321.000000, 613.000000, 321.000000, 613.000000, 345.000000, 562.000000, 345.000000,   small-vehicle,   1790
3549.000000, 1109.000000, 3615.000000, 1109.000000, 3615.000000, 1135.000000, 3549.000000, 1135.000000,   small-vehicle,   1791
500.000000, 327.000000, 549.000000, 327.000000, 549.000000, 350.000000, 500.000000, 350.000000,   small-vehicle,   1793
3193.000000, 324.000000, 3226.000000, 324.000000, 3226.000000, 384.000000, 3193.000000, 384.000000,   small-vehicle,   1794
696.000000, 348.000000, 757.000000, 348.000000, 757.000000, 375.000000, 696.000000, 375.000000,   small-vehicle,   1795
631.000000, 319.000000, 686.000000, 319.000000, 686.000000, 343.000000, 631.000000, 343.000000,   small-vehicle,   1799
701.000000, 313.000000, 757.000000, 313.000000, 757.000000, 335.000000, 701.000000, 335.000000,   small-vehicle,   1804
888.000000, 302.000000, 945.000000, 302.000000, 945.000000, 329.000000, 888.000000, 329.000000,   small-vehicle,   1805
1742.000000, 305.000000, 1801.000000, 305.000000, 1801.000000, 338.000000, 1742.000000, 338.000000,   small-vehicle,   1807
949.000000, 297.000000, 1007.000000, 297.000000, 1007.000000, 322.000000, 949.000000, 322.000000,   small-vehicle,   1808
766.000000, 308.000000, 817.000000, 308.000000, 817.000000, 333.000000, 766.000000, 333.000000,   small-vehicle,   1810
479.000000, 1247.000000, 538.000000, 1247.000000, 538.000000, 1278.000000, 479.000000, 1278.000000,   small-vehicle,   1813
350.000000, 283.000000, 380.000000, 283.000000, 380.000000, 335.000000, 350.000000, 335.000000,   small-vehicle,   1814
2663.000000, 495.000000, 2719.000000, 495.000000, 2719.000000, 526.000000, 2663.000000, 526.000000,   small-vehicle,   1815
1031.000000, 290.000000, 1080.000000, 290.000000, 1080.000000, 316.000000, 1031.000000, 316.000000,   small-vehicle,   1817
828.000000, 305.000000, 880.000000, 305.000000, 880.000000, 330.000000, 828.000000, 330.000000,   small-vehicle,   1818
2187.000000, 301.000000, 2212.000000, 301.000000, 2212.000000, 352.000000, 2187.000000, 352.000000,   small-vehicle,   1819
727.000000, 1230.000000, 794.000000, 1230.000000, 794.000000, 1264.000000, 727.000000, 1264.000000,   small-vehicle,   1821
1674.000000, 238.000000, 1731.000000, 238.000000, 1731.000000, 268.000000, 1674.000000, 268.000000,   small-vehicle,   1822
1165.000000, 280.000000, 1217.000000, 280.000000, 1217.000000, 311.000000, 1165.000000, 311.000000,   small-vehicle,   1825
1573.000000, 249.000000, 1626.000000, 249.000000, 1626.000000, 276.000000, 1573.000000, 276.000000,   small-vehicle,   1826
1398.000000, 265.000000, 1447.000000, 265.000000, 1447.000000, 287.000000, 1398.000000, 287.000000,   small-vehicle,   1827
2442.000000, 1091.000000, 2504.000000, 1091.000000, 2504.000000, 1116.000000, 2442.000000, 1116.000000,   small-vehicle,   1828
1234.000000, 276.000000, 1284.000000, 276.000000, 1284.000000, 303.000000, 1234.000000, 303.000000,   small-vehicle,   1831
1739.000000, 231.000000, 1788.000000, 231.000000, 1788.000000, 259.000000, 1739.000000, 259.000000,   small-vehicle,   1833
3192.000000, 265.000000, 3217.000000, 265.000000, 3217.000000, 327.000000, 3192.000000, 327.000000,   small-vehicle,   1835
1338.000000, 269.000000, 1384.000000, 269.000000, 1384.000000, 293.000000, 1338.000000, 293.000000,   small-vehicle,   1836
2960.000000, 1282.000000, 2994.000000, 1282.000000, 2994.000000, 1335.000000, 2960.000000, 1335.000000,   small-vehicle,   1837
1798.000000, 226.000000, 1852.000000, 226.000000, 1852.000000, 253.000000, 1798.000000, 253.000000,   small-vehicle,   1838
431.000000, 993.000000, 458.000000, 993.000000, 458.000000, 1035.000000, 431.000000, 1035.000000,   small-vehicle,   1839
351.000000, 220.000000, 377.000000, 220.000000, 377.000000, 270.000000, 351.000000, 270.000000,   small-vehicle,   1845
3145.000000, 531.000000, 3165.000000, 531.000000, 3165.000000, 582.000000, 3145.000000, 582.000000,   small-vehicle,   1850
2679.000000, 163.000000, 2735.000000, 163.000000, 2735.000000, 192.000000, 2679.000000, 192.000000,   small-vehicle,   1854
2531.000000, 175.000000, 2587.000000, 175.000000, 2587.000000, 203.000000, 2531.000000, 203.000000,   small-vehicle,   1856
2476.000000, 179.000000, 2528.000000, 179.000000, 2528.000000, 208.000000, 2476.000000, 208.000000,   small-vehicle,   1858
2394.000000, 185.000000, 2463.000000, 185.000000, 2463.000000, 215.000000, 2394.000000, 215.000000,   small-vehicle,   1859
1771.000000, 173.000000, 1829.000000, 173.000000, 1829.000000, 201.000000, 1771.000000, 201.000000,   small-vehicle,   1860
409.000000, 1030.000000, 455.000000, 1030.000000, 455.000000, 1087.000000, 409.000000, 1087.000000,   small-vehicle,   1864
1969.000000, 286.000000, 1997.000000, 286.000000, 1997.000000, 356.000000, 1969.000000, 356.000000,   small-vehicle,   1866
351.000000, 132.000000, 379.000000, 132.000000, 379.000000, 179.000000, 351.000000, 179.000000,   small-vehicle,   1868
2961.000000, 141.000000, 3016.000000, 141.000000, 3016.000000, 169.000000, 2961.000000, 169.000000,   small-vehicle,   1869
3038.000000, 138.000000, 3103.000000, 138.000000, 3103.000000, 174.000000, 3038.000000, 174.000000,   small-vehicle,   1872
2820.000000, 154.000000, 2891.000000, 154.000000, 2891.000000, 185.000000, 2820.000000, 185.000000,   small-vehicle,   1874
2208.000000, 77.000000, 2235.000000, 77.000000, 2235.000000, 136.000000, 2208.000000, 136.000000,   small-vehicle,   1875
228.000000, 420.000000, 280.000000, 420.000000, 280.000000, 447.000000, 228.000000, 447.000000,   small-vehicle,   1876
349.000000, 69.000000, 374.000000, 69.000000, 374.000000, 119.000000, 349.000000, 119.000000,   small-vehicle,   1878
351.000000, 954.000000, 387.000000, 954.000000, 387.000000, 1015.000000, 351.000000, 1015.000000,   large-vehicle,   1879
2813.000000, 187.000000, 2872.000000, 187.000000, 2872.000000, 219.000000, 2813.000000, 219.000000,   small-vehicle,   1882
3664.000000, 74.000000, 3715.000000, 74.000000, 3715.000000, 101.000000, 3664.000000, 101.000000,   small-vehicle,   1887
300.000000, 1252.000000, 346.000000, 1252.000000, 346.000000, 1307.000000, 300.000000, 1307.000000,   small-vehicle,   1888
2234.000000, 513.000000, 2261.000000, 513.000000, 2261.000000, 550.000000, 2234.000000, 550.000000,   small-vehicle,   1889
1947.000000, 83.000000, 1981.000000, 83.000000, 1981.000000, 139.000000, 1947.000000, 139.000000,   small-vehicle,   1893
980.000000, 375.000000, 1031.000000, 375.000000, 1031.000000, 396.000000, 980.000000, 396.000000,   small-vehicle,   1895
2006.000000, 367.000000, 2038.000000, 367.000000, 2038.000000, 431.000000, 2006.000000, 431.000000,   small-vehicle,   1897
3110.000000, 19.000000, 3147.000000, 19.000000, 3147.000000, 85.000000, 3110.000000, 85.000000,   small-vehicle,   1898
1902.000000, -41.000000, 1929.000000, -41.000000, 1929.000000, 11.000000, 1902.000000, 11.000000,   small-vehicle,   1900
1876.000000, -10.000000, 1904.000000, -10.000000, 1904.000000, 42.000000, 1876.000000, 42.000000,   small-vehicle,   1902
1341.000000, 335.000000, 1401.000000, 335.000000, 1401.000000, 371.000000, 1341.000000, 371.000000,   large-vehicle,   1906
386.000000, 402.000000, 419.000000, 402.000000, 419.000000, 450.000000, 386.000000, 450.000000,   small-vehicle,   1909
1926.000000, 433.000000, 1967.000000, 433.000000, 1967.000000, 521.000000, 1926.000000, 521.000000,   large-vehicle,   1917
2351.000000, 227.000000, 2400.000000, 227.000000, 2400.000000, 253.000000, 2351.000000, 253.000000,   small-vehicle,   1918
2193.000000, -86.000000, 2223.000000, -86.000000, 2223.000000, -32.000000, 2193.000000, -32.000000,   small-vehicle,   1921
-7.000000, 429.000000, 52.000000, 429.000000, 52.000000, 447.000000, -7.000000, 447.000000,   small-vehicle,   1922
626.000000, 1676.000000, 656.000000, 1676.000000, 656.000000, 1737.000000, 626.000000, 1737.000000,   small-vehicle,   1925
182.000000, 1333.000000, 230.000000, 1333.000000, 230.000000, 1393.000000, 182.000000, 1393.000000,   small-vehicle,   1927
3420.000000, 1688.000000, 3485.000000, 1688.000000, 3485.000000, 1719.000000, 3420.000000, 1719.000000,   small-vehicle,   1930
489.000000, 1450.000000, 550.000000, 1450.000000, 550.000000, 1479.000000, 489.000000, 1479.000000,   small-vehicle,   1934
2086.000000, -230.000000, 2103.000000, -230.000000, 2103.000000, -203.000000, 2086.000000, -203.000000,   small-vehicle,   1935
1944.000000, 31.000000, 1973.000000, 31.000000, 1973.000000, 84.000000, 1944.000000, 84.000000,   small-vehicle,   1936
2194.000000, 1503.000000, 2230.000000, 1503.000000, 2230.000000, 1574.000000, 2194.000000, 1574.000000,   small-vehicle,   1937
3335.000000, 117.000000, 3412.000000, 117.000000, 3412.000000, 151.000000, 3335.000000, 151.000000,   small-vehicle,   1939
1869.000000, -125.000000, 1892.000000, -125.000000, 1892.000000, -83.000000, 1869.000000, -83.000000,   small-vehicle,   1941
2073.000000, 498.000000, 2104.000000, 498.000000, 2104.000000, 556.000000, 2073.000000, 556.000000,   large-vehicle,   1942
2190.000000, -170.000000, 2218.000000, -170.000000, 2218.000000, -111.000000, 2190.000000, -111.000000,   small-vehicle,   1945
912.000000, 374.000000, 960.000000, 374.000000, 960.000000, 394.000000, 912.000000, 394.000000,   small-vehicle,   1950
3447.000000, 182.000000, 3508.000000, 182.000000, 3508.000000, 201.000000, 3447.000000, 201.000000,   small-vehicle,   1951
1895.000000, -175.000000, 1920.000000, -175.000000, 1920.000000, -113.000000, 1895.000000, -113.000000,   small-vehicle,   1952
2814.000000, 224.000000, 2880.000000, 224.000000, 2880.000000, 253.000000, 2814.000000, 253.000000,   small-vehicle,   1954
1904.000000, 583.000000, 1924.000000, 583.000000, 1924.000000, 624.000000, 1904.000000, 624.000000,   small-vehicle,   1955
2273.000000, 1742.000000, 2304.000000, 1742.000000, 2304.000000, 1804.000000, 2273.000000, 1804.000000,   small-vehicle,   1956
3311.000000, 146.000000, 3385.000000, 146.000000, 3385.000000, 181.000000, 3311.000000, 181.000000,   large-vehicle,   1960
487.000000, 1460.000000, 551.000000, 1460.000000, 551.000000, 1487.000000, 487.000000, 1487.000000,   large-vehicle,   1961
1342.000000, 331.000000, 1401.000000, 331.000000, 1401.000000, 366.000000, 1342.000000, 366.000000,   small-vehicle,   1962
923.000000, 1846.000000, 979.000000, 1846.000000, 979.000000, 1880.000000, 923.000000, 1880.000000,   small-vehicle,   1963
933.000000, 1880.000000, 981.000000, 1880.000000, 981.000000, 1914.000000, 933.000000, 1914.000000,   small-vehicle,   1964
288.000000, 406.000000, 334.000000, 406.000000, 334.000000, 430.000000, 288.000000, 430.000000,   small-vehicle,   1966
1862.000000, -216.000000, 1891.000000, -216.000000, 1891.000000, -157.000000, 1862.000000, -157.000000,   small-vehicle,   1967
3092.000000, -213.000000, 3122.000000, -213.000000, 3122.000000, -157.000000, 3092.000000, -157.000000,   small-vehicle,   1968
2074.000000, 514.000000, 2105.000000, 514.000000, 2105.000000, 575.000000, 2074.000000, 575.000000,   small-vehicle,   1969
2667.000000, 239.000000, 2712.000000, 239.000000, 2712.000000, 260.000000, 2667.000000, 260.000000,   small-vehicle,   1970
1930.000000, -227.000000, 1961.000000, -227.000000, 1961.000000, -167.000000, 1930.000000, -167.000000,   small-vehicle,   1971
2185.000000, -245.000000, 2214.000000, -245.000000, 2214.000000, -186.000000, 2185.000000, -186.000000,   small-vehicle,   1972
2073.000000, 506.000000, 2105.000000, 506.000000, 2105.000000, 566.000000, 2073.000000, 566.000000,   large-vehicle,   1973
1341.000000, 348.000000, 1402.000000, 348.000000, 1402.000000, 383.000000, 1341.000000, 383.000000,   small-vehicle,   1974
3314.000000, 141.000000, 3389.000000, 141.000000, 3389.000000, 176.000000, 3314.000000, 176.000000,   small-vehicle,   1975
2007.000000, 410.000000, 2041.000000, 410.000000, 2041.000000, 475.000000, 2007.000000, 475.000000,   large-vehicle,   1976
2158.000000, -231.000000, 2187.000000, -231.000000, 2187.000000, -171.000000, 2158.000000, -171.000000,   small-vehicle,   1977
3650.000000, 165.000000, 3712.000000, 165.000000, 3712.000000, 183.000000, 3650.000000, 183.000000,   small-vehicle,   1978
349.000000, 941.000000, 385.000000, 941.000000, 385.000000, 1001.000000, 349.000000, 1001.000000,   small-vehicle,   1979
2967.000000, 1364.000000, 2997.000000, 1364.000000, 2997.000000, 1418.000000, 2967.000000, 1418.000000,   small-vehicle,   1980
322.000000, 892.000000, 344.000000, 892.000000, 344.000000, 948.000000, 322.000000, 948.000000,   small-vehicle,   1981
1887.000000, 101.000000, 1908.000000, 101.000000, 1908.000000, 133.000000, 1887.000000, 133.000000,   small-vehicle,   1982
156.000000, 1395.000000, 195.000000, 1395.000000, 195.000000, 1454.000000, 156.000000, 1454.000000,   small-vehicle,   1983
2007.000000, 399.000000, 2039.000000, 399.000000, 2039.000000, 465.000000, 2007.000000, 465.000000,   small-vehicle,   1984
1927.000000, 432.000000, 1967.000000, 432.000000, 1967.000000, 511.000000, 1927.000000, 511.000000,   small-vehicle,   1985
