2220.000000, 2026.000000, 2252.000000, 2025.000000, 2252.000000, 2095.000000, 2219.000000, 2096.000000,     small-vehicle,     1290
2264.000000, 1805.000000, 2290.000000, 1803.000000, 2290.000000, 1846.000000, 2264.000000, 1847.000000,     small-vehicle,     1342
1987.000000, 1725.000000, 2018.000000, 1723.000000, 2018.000000, 1779.000000, 1987.000000, 1780.000000,     small-vehicle,     1360
2255.000000, 1724.000000, 2288.000000, 1723.000000, 2288.000000, 1789.000000, 2254.000000, 1790.000000,     small-vehicle,     1361
564.000000, 1811.000000, 615.000000, 1809.000000, 615.000000, 1838.000000, 564.000000, 1841.000000,     small-vehicle,     1369
1387.000000, 1751.000000, 1450.000000, 1748.000000, 1450.000000, 1781.000000, 1387.000000, 1784.000000,     small-vehicle,     1379
1258.000000, 1689.000000, 1322.000000, 1686.000000, 1322.000000, 1728.000000, 1258.000000, 1731.000000,     small-vehicle,     1387
1291.000000, 1615.000000, 1321.000000, 1614.000000, 1321.000000, 1680.000000, 1291.000000, 1681.000000,     small-vehicle,     1399
2798.000000, 1672.000000, 2853.000000, 1669.000000, 2853.000000, 1688.000000, 2798.000000, 1691.000000,     small-vehicle,     1416
1469.000000, 1748.000000, 1511.000000, 1746.000000, 1511.000000, 1774.000000, 1468.000000, 1776.000000,     small-vehicle,     1423
1281.000000, 1356.000000, 1308.000000, 1355.000000, 1307.000000, 1414.000000, 1281.000000, 1415.000000,     small-vehicle,     1451
1965.000000, 1333.000000, 1991.000000, 1332.000000, 1990.000000, 1388.000000, 1965.000000, 1389.000000,     small-vehicle,     1452
2942.000000, 1279.000000, 2980.000000, 1278.000000, 2980.000000, 1344.000000, 2941.000000, 1345.000000,     small-vehicle,     1453
2257.000000, 1231.000000, 2287.000000, 1230.000000, 2287.000000, 1291.000000, 2256.000000, 1292.000000,     small-vehicle,     1458
2228.000000, 1233.000000, 2253.000000, 1232.000000, 2252.000000, 1291.000000, 2228.000000, 1292.000000,     small-vehicle,     1459
1648.000000, 1735.000000, 1704.000000, 1732.000000, 1704.000000, 1760.000000, 1648.000000, 1763.000000,     small-vehicle,     1460
1275.000000, 1265.000000, 1295.000000, 1264.000000, 1295.000000, 1318.000000, 1275.000000, 1319.000000,     small-vehicle,     1462
2226.000000, 1153.000000, 2255.000000, 1151.000000, 2255.000000, 1219.000000, 2226.000000, 1220.000000,     small-vehicle,     1467
1722.000000, 1728.000000, 1787.000000, 1725.000000, 1787.000000, 1752.000000, 1722.000000, 1755.000000,     small-vehicle,     1468
2260.000000, 1176.000000, 2289.000000, 1174.000000, 2288.000000, 1219.000000, 2260.000000, 1221.000000,     small-vehicle,     1478
1929.000000, 1123.000000, 1953.000000, 1122.000000, 1952.000000, 1179.000000, 1929.000000, 1180.000000,     small-vehicle,     1479
1954.000000, 1070.000000, 1978.000000, 1069.000000, 1977.000000, 1135.000000, 1954.000000, 1136.000000,     small-vehicle,     1499
1254.000000, 1032.000000, 1278.000000, 1031.000000, 1278.000000, 1080.000000, 1253.000000, 1081.000000,     small-vehicle,     1507
1578.000000, 1743.000000, 1632.000000, 1741.000000, 1632.000000, 1762.000000, 1578.000000, 1765.000000,     small-vehicle,     1508
2208.000000, 931.000000, 2237.000000, 929.000000, 2237.000000, 984.000000, 2208.000000, 985.000000,     small-vehicle,     1509
2595.000000, 977.000000, 2648.000000, 975.000000, 2647.000000, 998.000000, 2595.000000, 1001.000000,     small-vehicle,     1511
2927.000000, 920.000000, 2959.000000, 918.000000, 2959.000000, 989.000000, 2927.000000, 990.000000,     small-vehicle,     1515
1252.000000, 978.000000, 1280.000000, 976.000000, 1279.000000, 1030.000000, 1252.000000, 1031.000000,     small-vehicle,     1517
256.000000, 1789.000000, 310.000000, 1786.000000, 310.000000, 1827.000000, 256.000000, 1829.000000,     small-vehicle,     1518
1916.000000, 887.000000, 1942.000000, 886.000000, 1941.000000, 945.000000, 1916.000000, 946.000000,     small-vehicle,     1522
2232.000000, 867.000000, 2262.000000, 865.000000, 2262.000000, 927.000000, 2231.000000, 929.000000,     small-vehicle,     1529
2493.000000, 1677.000000, 2548.000000, 1675.000000, 2548.000000, 1706.000000, 2493.000000, 1708.000000,     small-vehicle,     1530
2616.000000, 1676.000000, 2671.000000, 1673.000000, 2671.000000, 1702.000000, 2616.000000, 1705.000000,     small-vehicle,     1531
2446.000000, 997.000000, 2507.000000, 994.000000, 2507.000000, 1020.000000, 2446.000000, 1022.000000,     small-vehicle,     1532
2516.000000, 989.000000, 2576.000000, 987.000000, 2576.000000, 1010.000000, 2515.000000, 1013.000000,     small-vehicle,     1533
2230.000000, 784.000000, 2258.000000, 783.000000, 2257.000000, 840.000000, 2230.000000, 841.000000,     small-vehicle,     1536
1913.000000, 816.000000, 1941.000000, 814.000000, 1941.000000, 875.000000, 1913.000000, 877.000000,     small-vehicle,     1537
1250.000000, 809.000000, 1275.000000, 808.000000, 1275.000000, 863.000000, 1250.000000, 864.000000,     small-vehicle,     1548
1918.000000, 744.000000, 1946.000000, 743.000000, 1946.000000, 806.000000, 1918.000000, 807.000000,     small-vehicle,     1549
2229.000000, 709.000000, 2256.000000, 707.000000, 2256.000000, 765.000000, 2229.000000, 766.000000,     small-vehicle,     1552
1244.000000, 728.000000, 1270.000000, 727.000000, 1270.000000, 788.000000, 1244.000000, 789.000000,     small-vehicle,     1554
1903.000000, 669.000000, 1929.000000, 667.000000, 1929.000000, 723.000000, 1902.000000, 724.000000,     small-vehicle,     1562
1929.000000, 617.000000, 1954.000000, 616.000000, 1954.000000, 671.000000, 1928.000000, 672.000000,     small-vehicle,     1566
2916.000000, 697.000000, 2941.000000, 696.000000, 2941.000000, 745.000000, 2915.000000, 746.000000,     small-vehicle,     1567
2192.000000, 603.000000, 2225.000000, 602.000000, 2224.000000, 665.000000, 2192.000000, 666.000000,     small-vehicle,     1571
687.000000, 635.000000, 739.000000, 632.000000, 739.000000, 658.000000, 687.000000, 661.000000,     small-vehicle,     1573
815.000000, 621.000000, 873.000000, 618.000000, 873.000000, 647.000000, 815.000000, 649.000000,     small-vehicle,     1574
397.000000, 639.000000, 455.000000, 636.000000, 455.000000, 670.000000, 397.000000, 672.000000,     small-vehicle,     1575
886.000000, 617.000000, 940.000000, 615.000000, 940.000000, 643.000000, 886.000000, 645.000000,     small-vehicle,     1576
471.000000, 643.000000, 519.000000, 641.000000, 519.000000, 668.000000, 471.000000, 670.000000,     small-vehicle,     1578
754.000000, 628.000000, 803.000000, 625.000000, 803.000000, 650.000000, 754.000000, 652.000000,     small-vehicle,     1585
1732.000000, 530.000000, 1787.000000, 527.000000, 1787.000000, 556.000000, 1732.000000, 559.000000,     small-vehicle,     1586
1619.000000, 535.000000, 1671.000000, 532.000000, 1671.000000, 560.000000, 1619.000000, 562.000000,     small-vehicle,     1588
1235.000000, 583.000000, 1285.000000, 580.000000, 1285.000000, 605.000000, 1234.000000, 607.000000,     small-vehicle,     1589
1469.000000, 557.000000, 1520.000000, 555.000000, 1520.000000, 584.000000, 1469.000000, 586.000000,     small-vehicle,     1590
352.000000, 579.000000, 373.000000, 578.000000, 373.000000, 622.000000, 352.000000, 623.000000,     small-vehicle,     1594
656.000000, 1364.000000, 686.000000, 1363.000000, 686.000000, 1425.000000, 656.000000, 1426.000000,     small-vehicle,     1601
1917.000000, 449.000000, 1947.000000, 447.000000, 1947.000000, 503.000000, 1917.000000, 504.000000,     small-vehicle,     1602
3658.000000, 360.000000, 3715.000000, 358.000000, 3714.000000, 387.000000, 3658.000000, 390.000000,     small-vehicle,     1610
2590.000000, 435.000000, 2652.000000, 432.000000, 2652.000000, 456.000000, 2590.000000, 459.000000,     small-vehicle,     1612
2876.000000, 399.000000, 2944.000000, 396.000000, 2944.000000, 429.000000, 2876.000000, 432.000000,     small-vehicle,     1614
281.000000, 490.000000, 330.000000, 488.000000, 330.000000, 550.000000, 281.000000, 552.000000,     small-vehicle,     1615
2664.000000, 430.000000, 2714.000000, 427.000000, 2714.000000, 447.000000, 2664.000000, 449.000000,     small-vehicle,     1621
2190.000000, 412.000000, 2214.000000, 411.000000, 2213.000000, 466.000000, 2190.000000, 467.000000,     small-vehicle,     1623
3436.000000, 343.000000, 3505.000000, 340.000000, 3505.000000, 372.000000, 3436.000000, 375.000000,     small-vehicle,     1628
3362.000000, 350.000000, 3422.000000, 347.000000, 3422.000000, 377.000000, 3362.000000, 380.000000,     small-vehicle,     1631
48.000000, 563.000000, 100.000000, 561.000000, 100.000000, 599.000000, 48.000000, 601.000000,     small-vehicle,     1632
2182.000000, 337.000000, 2210.000000, 336.000000, 2210.000000, 404.000000, 2182.000000, 405.000000,     small-vehicle,     1633
3650.000000, 318.000000, 3700.000000, 315.000000, 3700.000000, 345.000000, 3649.000000, 348.000000,     small-vehicle,     1636
1886.000000, 273.000000, 1914.000000, 272.000000, 1914.000000, 332.000000, 1886.000000, 333.000000,     small-vehicle,     1637
3177.000000, 246.000000, 3211.000000, 245.000000, 3211.000000, 308.000000, 3177.000000, 310.000000,     small-vehicle,     1638
399.000000, 371.000000, 422.000000, 370.000000, 422.000000, 424.000000, 399.000000, 425.000000,     small-vehicle,     1643
465.000000, 337.000000, 518.000000, 335.000000, 518.000000, 382.000000, 465.000000, 384.000000,     small-vehicle,     1646
323.000000, 341.000000, 348.000000, 340.000000, 349.000000, 391.000000, 323.000000, 393.000000,     small-vehicle,     1650
2923.000000, 798.000000, 2954.000000, 797.000000, 2953.000000, 860.000000, 2923.000000, 861.000000,     small-vehicle,     1651
2204.000000, 199.000000, 2233.000000, 198.000000, 2233.000000, 261.000000, 2203.000000, 263.000000,     small-vehicle,     1656
1881.000000, 202.000000, 1911.000000, 200.000000, 1911.000000, 262.000000, 1881.000000, 263.000000,     small-vehicle,     1658
1001.000000, 659.000000, 1049.000000, 657.000000, 1049.000000, 685.000000, 1001.000000, 687.000000,     small-vehicle,     1659
2992.000000, 1059.000000, 3059.000000, 1056.000000, 3059.000000, 1090.000000, 2992.000000, 1093.000000,     small-vehicle,     1664
3173.000000, 161.000000, 3210.000000, 159.000000, 3209.000000, 219.000000, 3173.000000, 221.000000,     small-vehicle,     1665
321.000000, 276.000000, 350.000000, 274.000000, 350.000000, 331.000000, 321.000000, 333.000000,     small-vehicle,     1666
2923.000000, 867.000000, 2956.000000, 865.000000, 2956.000000, 929.000000, 2922.000000, 931.000000,     small-vehicle,     1667
517.000000, 929.000000, 577.000000, 927.000000, 577.000000, 953.000000, 517.000000, 956.000000,     small-vehicle,     1669
2518.000000, 1059.000000, 2569.000000, 1056.000000, 2569.000000, 1085.000000, 2518.000000, 1087.000000,     small-vehicle,     1671
2166.000000, 132.000000, 2194.000000, 131.000000, 2194.000000, 190.000000, 2166.000000, 191.000000,     small-vehicle,     1680
1911.000000, 165.000000, 1935.000000, 164.000000, 1935.000000, 221.000000, 1911.000000, 222.000000,     small-vehicle,     1683
1884.000000, 137.000000, 1909.000000, 136.000000, 1909.000000, 191.000000, 1883.000000, 192.000000,     small-vehicle,     1687
3200.000000, 441.000000, 3265.000000, 438.000000, 3265.000000, 468.000000, 3200.000000, 471.000000,     small-vehicle,     1688
2910.000000, 578.000000, 2940.000000, 577.000000, 2940.000000, 624.000000, 2909.000000, 625.000000,     small-vehicle,     1689
324.000000, 213.000000, 350.000000, 212.000000, 350.000000, 265.000000, 324.000000, 266.000000,     small-vehicle,     1690
454.000000, 935.000000, 512.000000, 933.000000, 512.000000, 958.000000, 454.000000, 961.000000,     small-vehicle,     1691
2422.000000, 526.000000, 2471.000000, 524.000000, 2471.000000, 545.000000, 2422.000000, 547.000000,     small-vehicle,     1693
2200.000000, 112.000000, 2226.000000, 111.000000, 2226.000000, 165.000000, 2200.000000, 166.000000,     small-vehicle,     1697
1910.000000, 83.000000, 1939.000000, 81.000000, 1938.000000, 150.000000, 1909.000000, 151.000000,     small-vehicle,     1699
2812.000000, 1035.000000, 2866.000000, 1032.000000, 2866.000000, 1063.000000, 2811.000000, 1066.000000,     small-vehicle,     1702
2198.000000, 37.000000, 2229.000000, 35.000000, 2229.000000, 89.000000, 2198.000000, 90.000000,     small-vehicle,     1705
2124.000000, -86.000000, 2176.000000, -88.000000, 2176.000000, -14.000000, 2124.000000, -12.000000,     small-vehicle,     1706
1895.000000, -20.000000, 1922.000000, -21.000000, 1922.000000, 37.000000, 1895.000000, 38.000000,     small-vehicle,     1708
1874.000000, 50.000000, 1905.000000, 48.000000, 1905.000000, 109.000000, 1874.000000, 110.000000,     small-vehicle,     1709
196.000000, 695.000000, 239.000000, 693.000000, 239.000000, 759.000000, 196.000000, 760.000000,     small-vehicle,     1710
1912.000000, 977.000000, 1942.000000, 976.000000, 1942.000000, 1023.000000, 1912.000000, 1024.000000,     small-vehicle,     1712
3357.000000, 1678.000000, 3411.000000, 1676.000000, 3410.000000, 1708.000000, 3357.000000, 1710.000000,     small-vehicle,     1714
3176.000000, -80.000000, 3205.000000, -81.000000, 3205.000000, -20.000000, 3175.000000, -19.000000,     small-vehicle,     1715
353.000000, 1848.000000, 414.000000, 1845.000000, 414.000000, 1865.000000, 353.000000, 1867.000000,     small-vehicle,     1716
2240.000000, 641.000000, 2258.000000, 640.000000, 2258.000000, 687.000000, 2240.000000, 688.000000,     small-vehicle,     1719
2679.000000, -76.000000, 2708.000000, -77.000000, 2708.000000, -20.000000, 2679.000000, -19.000000,     small-vehicle,     1727
2598.000000, -82.000000, 2627.000000, -83.000000, 2627.000000, -19.000000, 2597.000000, -17.000000,     small-vehicle,     1728
2188.000000, -105.000000, 2214.000000, -106.000000, 2214.000000, -34.000000, 2188.000000, -33.000000,     small-vehicle,     1729
2488.000000, 510.000000, 2546.000000, 508.000000, 2546.000000, 537.000000, 2488.000000, 540.000000,     small-vehicle,     1730
2720.000000, -92.000000, 2748.000000, -94.000000, 2747.000000, -28.000000, 2720.000000, -27.000000,     small-vehicle,     1731
363.000000, 717.000000, 426.000000, 714.000000, 426.000000, 747.000000, 363.000000, 750.000000,     small-vehicle,     1732
2567.000000, -75.000000, 2590.000000, -76.000000, 2589.000000, -21.000000, 2566.000000, -20.000000,     small-vehicle,     1737
3279.000000, 432.000000, 3333.000000, 430.000000, 3333.000000, 458.000000, 3279.000000, 460.000000,     small-vehicle,     1738
2764.000000, -97.000000, 2793.000000, -99.000000, 2793.000000, -38.000000, 2763.000000, -36.000000,     small-vehicle,     1739
1879.000000, -122.000000, 1908.000000, -123.000000, 1908.000000, -53.000000, 1878.000000, -51.000000,     small-vehicle,     1742
2156.000000, -143.000000, 2183.000000, -144.000000, 2183.000000, -73.000000, 2156.000000, -72.000000,     small-vehicle,     1744
334.000000, 483.000000, 372.000000, 482.000000, 372.000000, 542.000000, 334.000000, 543.000000,     small-vehicle,     1745
1423.000000, 621.000000, 1459.000000, 620.000000, 1459.000000, 638.000000, 1422.000000, 640.000000,     small-vehicle,     1747
1900.000000, -162.000000, 1945.000000, -164.000000, 1945.000000, -75.000000, 1899.000000, -73.000000,     large-vehicle,     1748
3424.000000, 1674.000000, 3499.000000, 1671.000000, 3498.000000, 1700.000000, 3423.000000, 1704.000000,     small-vehicle,     1751
509.000000, 705.000000, 555.000000, 703.000000, 555.000000, 732.000000, 509.000000, 734.000000,     small-vehicle,     1752
1858.000000, -233.000000, 1889.000000, -234.000000, 1889.000000, -170.000000, 1858.000000, -169.000000,     small-vehicle,     1760
3118.000000, 451.000000, 3175.000000, 449.000000, 3175.000000, 476.000000, 3117.000000, 479.000000,     small-vehicle,     1761
1478.000000, 614.000000, 1532.000000, 611.000000, 1532.000000, 633.000000, 1478.000000, 635.000000,     small-vehicle,     1762
3157.000000, -230.000000, 3185.000000, -232.000000, 3184.000000, -169.000000, 3156.000000, -168.000000,     small-vehicle,     1763
26.000000, -143.000000, 83.000000, -145.000000, 83.000000, -119.000000, 26.000000, -117.000000,     small-vehicle,     1765
3150.000000, -314.000000, 3184.000000, -315.000000, 3184.000000, -242.000000, 3150.000000, -241.000000,     small-vehicle,     1767
2328.000000, -7.000000, 2378.000000, -9.000000, 2377.000000, 16.000000, 2328.000000, 18.000000,     small-vehicle,     1769
1008.000000, -251.000000, 1066.000000, -253.000000, 1066.000000, -224.000000, 1008.000000, -222.000000,     small-vehicle,     1772
6.000000, -227.000000, 71.000000, -230.000000, 71.000000, -194.000000, 6.000000, -191.000000,     small-vehicle,     1773
2567.000000, 509.000000, 2628.000000, 506.000000, 2628.000000, 535.000000, 2567.000000, 538.000000,     small-vehicle,     1774
3653.000000, 400.000000, 3713.000000, 397.000000, 3713.000000, 428.000000, 3653.000000, 431.000000,     small-vehicle,     1776
1856.000000, -296.000000, 1882.000000, -297.000000, 1882.000000, -252.000000, 1856.000000, -251.000000,     small-vehicle,     1777
218.000000, -210.000000, 274.000000, -213.000000, 274.000000, -186.000000, 218.000000, -183.000000,     small-vehicle,     1779
1932.000000, 1193.000000, 1955.000000, 1192.000000, 1955.000000, 1236.000000, 1931.000000, 1237.000000,     small-vehicle,     1780
1945.000000, -176.000000, 1978.000000, -177.000000, 1978.000000, -101.000000, 1945.000000, -99.000000,     small-vehicle,     1783
3106.000000, 1674.000000, 3179.000000, 1670.000000, 3178.000000, 1697.000000, 3106.000000, 1700.000000,     small-vehicle,     1784
2123.000000, -327.000000, 2172.000000, -329.000000, 2172.000000, -265.000000, 2123.000000, -263.000000,     small-vehicle,     1785
309.000000, 379.000000, 342.000000, 378.000000, 342.000000, 442.000000, 309.000000, 444.000000,     large-vehicle,     1786
2181.000000, -310.000000, 2208.000000, -312.000000, 2208.000000, -257.000000, 2181.000000, -256.000000,     small-vehicle,     1787
2640.000000, -87.000000, 2673.000000, -88.000000, 2673.000000, -14.000000, 2640.000000, -13.000000,     large-vehicle,     1788
523.000000, -284.000000, 574.000000, -286.000000, 574.000000, -257.000000, 523.000000, -255.000000,     small-vehicle,     1790
3495.000000, 416.000000, 3557.000000, 414.000000, 3556.000000, 445.000000, 3495.000000, 447.000000,     small-vehicle,     1791
459.000000, -276.000000, 512.000000, -278.000000, 512.000000, -251.000000, 459.000000, -249.000000,     small-vehicle,     1793
3148.000000, -404.000000, 3180.000000, -405.000000, 3179.000000, -342.000000, 3148.000000, -340.000000,     small-vehicle,     1794
901.000000, -287.000000, 961.000000, -290.000000, 961.000000, -259.000000, 901.000000, -256.000000,     small-vehicle,     1795
2677.000000, 499.000000, 2730.000000, 496.000000, 2730.000000, 523.000000, 2677.000000, 525.000000,     small-vehicle,     1796
593.000000, -290.000000, 647.000000, -292.000000, 647.000000, -264.000000, 593.000000, -262.000000,     small-vehicle,     1799
2034.000000, -150.000000, 2064.000000, -152.000000, 2064.000000, -84.000000, 2034.000000, -83.000000,     small-vehicle,     1800
2362.000000, 1008.000000, 2427.000000, 1005.000000, 2427.000000, 1032.000000, 2362.000000, 1035.000000,     large-vehicle,     1801
2033.000000, -144.000000, 2065.000000, -145.000000, 2065.000000, -81.000000, 2033.000000, -80.000000,     large-vehicle,     1802
663.000000, -297.000000, 719.000000, -300.000000, 719.000000, -275.000000, 663.000000, -273.000000,     small-vehicle,     1804
855.000000, -319.000000, 906.000000, -321.000000, 906.000000, -293.000000, 855.000000, -291.000000,     small-vehicle,     1805
1977.000000, 640.000000, 1993.000000, 639.000000, 1993.000000, 671.000000, 1977.000000, 672.000000,     small-vehicle,     1806
1705.000000, -354.000000, 1762.000000, -357.000000, 1762.000000, -327.000000, 1705.000000, -324.000000,     small-vehicle,     1807
911.000000, -326.000000, 970.000000, -329.000000, 970.000000, -302.000000, 911.000000, -299.000000,     small-vehicle,     1808
727.000000, -304.000000, 778.000000, -307.000000, 778.000000, -280.000000, 727.000000, -277.000000,     small-vehicle,     1810
443.000000, 711.000000, 497.000000, 709.000000, 497.000000, 742.000000, 443.000000, 744.000000,     small-vehicle,     1813
313.000000, -314.000000, 341.000000, -316.000000, 341.000000, -261.000000, 313.000000, -260.000000,     small-vehicle,     1814
2620.000000, -198.000000, 2674.000000, -201.000000, 2674.000000, -165.000000, 2620.000000, -163.000000,     small-vehicle,     1815
992.000000, -338.000000, 1041.000000, -341.000000, 1041.000000, -307.000000, 992.000000, -305.000000,     small-vehicle,     1817
790.000000, -310.000000, 839.000000, -312.000000, 839.000000, -288.000000, 790.000000, -286.000000,     small-vehicle,     1818
2145.000000, -381.000000, 2172.000000, -382.000000, 2172.000000, -325.000000, 2145.000000, -324.000000,     small-vehicle,     1819
2192.000000, -154.000000, 2219.000000, -155.000000, 2219.000000, -114.000000, 2192.000000, -113.000000,     small-vehicle,     1820
694.000000, 684.000000, 751.000000, 681.000000, 751.000000, 711.000000, 694.000000, 714.000000,     small-vehicle,     1821
1635.000000, -426.000000, 1691.000000, -429.000000, 1691.000000, -392.000000, 1635.000000, -390.000000,     small-vehicle,     1822
626.000000, 1797.000000, 662.000000, 1796.000000, 662.000000, 1853.000000, 626.000000, 1855.000000,     small-vehicle,     1823
2764.000000, 483.000000, 2816.000000, 481.000000, 2816.000000, 506.000000, 2764.000000, 509.000000,     small-vehicle,     1824
1124.000000, -354.000000, 1177.000000, -356.000000, 1177.000000, -323.000000, 1124.000000, -320.000000,     small-vehicle,     1825
1534.000000, -408.000000, 1587.000000, -410.000000, 1587.000000, -377.000000, 1534.000000, -375.000000,     small-vehicle,     1826
1359.000000, -382.000000, 1408.000000, -384.000000, 1408.000000, -359.000000, 1359.000000, -356.000000,     small-vehicle,     1827
2397.000000, 452.000000, 2459.000000, 449.000000, 2459.000000, 479.000000, 2397.000000, 482.000000,     small-vehicle,     1828
1196.000000, -362.000000, 1246.000000, -364.000000, 1246.000000, -337.000000, 1196.000000, -334.000000,     small-vehicle,     1831
2360.000000, 984.000000, 2428.000000, 981.000000, 2428.000000, 1009.000000, 2360.000000, 1012.000000,     small-vehicle,     1832
1698.000000, -438.000000, 1751.000000, -440.000000, 1751.000000, -406.000000, 1698.000000, -403.000000,     small-vehicle,     1833
3145.000000, -470.000000, 3173.000000, -471.000000, 3173.000000, -406.000000, 3145.000000, -405.000000,     small-vehicle,     1835
1298.000000, -375.000000, 1347.000000, -377.000000, 1347.000000, -348.000000, 1298.000000, -346.000000,     small-vehicle,     1836
