2174.000000, 1219.000000, 2241.000000, 1219.000000, 2241.000000, 1280.000000, 2174.000000, 1280.000000,   small-vehicle,   1290
1958.000000, 1355.000000, 1988.000000, 1355.000000, 1988.000000, 1373.000000, 1958.000000, 1373.000000,   small-vehicle,   1549
2273.000000, 1321.000000, 2304.000000, 1321.000000, 2304.000000, 1369.000000, 2273.000000, 1369.000000,   small-vehicle,   1552
1284.000000, 1294.000000, 1311.000000, 1294.000000, 1311.000000, 1345.000000, 1284.000000, 1345.000000,   small-vehicle,   1554
1946.000000, 1268.000000, 1973.000000, 1268.000000, 1973.000000, 1318.000000, 1946.000000, 1318.000000,   small-vehicle,   1562
1972.000000, 1222.000000, 1999.000000, 1222.000000, 1999.000000, 1272.000000, 1972.000000, 1272.000000,   small-vehicle,   1566
2236.000000, 1219.000000, 2272.000000, 1219.000000, 2272.000000, 1288.000000, 2236.000000, 1288.000000,   small-vehicle,   1571
437.000000, 1173.000000, 498.000000, 1173.000000, 498.000000, 1205.000000, 437.000000, 1205.000000,   small-vehicle,   1575
511.000000, 1182.000000, 561.000000, 1182.000000, 561.000000, 1210.000000, 511.000000, 1210.000000,   small-vehicle,   1578
376.000000, 1116.000000, 425.000000, 1116.000000, 425.000000, 1168.000000, 376.000000, 1168.000000,   small-vehicle,   1594
1961.000000, 1066.000000, 1988.000000, 1066.000000, 1988.000000, 1115.000000, 1961.000000, 1115.000000,   small-vehicle,   1602
2926.000000, 1060.000000, 2994.000000, 1060.000000, 2994.000000, 1095.000000, 2926.000000, 1095.000000,   small-vehicle,   1614
319.000000, 1033.000000, 369.000000, 1033.000000, 369.000000, 1094.000000, 319.000000, 1094.000000,   small-vehicle,   1615
2232.000000, 1039.000000, 2257.000000, 1039.000000, 2257.000000, 1095.000000, 2232.000000, 1095.000000,   small-vehicle,   1623
3421.000000, 1044.000000, 3469.000000, 1044.000000, 3469.000000, 1065.000000, 3421.000000, 1065.000000,   small-vehicle,   1631
85.000000, 1089.000000, 139.000000, 1089.000000, 139.000000, 1132.000000, 85.000000, 1132.000000,   small-vehicle,   1632
2224.000000, 970.000000, 2257.000000, 970.000000, 2257.000000, 1035.000000, 2224.000000, 1035.000000,   small-vehicle,   1633
1928.000000, 901.000000, 1955.000000, 901.000000, 1955.000000, 955.000000, 1928.000000, 955.000000,   small-vehicle,   1637
3226.000000, 932.000000, 3262.000000, 932.000000, 3262.000000, 992.000000, 3226.000000, 992.000000,   small-vehicle,   1638
433.000000, 916.000000, 464.000000, 916.000000, 464.000000, 981.000000, 433.000000, 981.000000,   small-vehicle,   1643
358.000000, 893.000000, 386.000000, 893.000000, 386.000000, 948.000000, 358.000000, 948.000000,   small-vehicle,   1650
2246.000000, 846.000000, 2278.000000, 846.000000, 2278.000000, 906.000000, 2246.000000, 906.000000,   small-vehicle,   1656
1924.000000, 830.000000, 1953.000000, 830.000000, 1953.000000, 887.000000, 1924.000000, 887.000000,   small-vehicle,   1658
1040.000000, 1222.000000, 1090.000000, 1222.000000, 1090.000000, 1252.000000, 1040.000000, 1252.000000,   small-vehicle,   1659
3224.000000, 854.000000, 3259.000000, 854.000000, 3259.000000, 910.000000, 3224.000000, 910.000000,   small-vehicle,   1665
359.000000, 836.000000, 386.000000, 836.000000, 386.000000, 887.000000, 359.000000, 887.000000,   small-vehicle,   1666
2208.000000, 779.000000, 2236.000000, 779.000000, 2236.000000, 835.000000, 2208.000000, 835.000000,   small-vehicle,   1680
1952.000000, 801.000000, 1978.000000, 801.000000, 1978.000000, 851.000000, 1952.000000, 851.000000,   small-vehicle,   1683
1925.000000, 774.000000, 1951.000000, 774.000000, 1951.000000, 821.000000, 1925.000000, 821.000000,   small-vehicle,   1687
3252.000000, 1117.000000, 3319.000000, 1117.000000, 3319.000000, 1150.000000, 3252.000000, 1150.000000,   small-vehicle,   1688
2963.000000, 1233.000000, 2990.000000, 1233.000000, 2990.000000, 1278.000000, 2963.000000, 1278.000000,   small-vehicle,   1689
2467.000000, 1160.000000, 2519.000000, 1160.000000, 2519.000000, 1181.000000, 2467.000000, 1181.000000,   small-vehicle,   1693
2242.000000, 762.000000, 2270.000000, 762.000000, 2270.000000, 815.000000, 2242.000000, 815.000000,   small-vehicle,   1697
1951.000000, 723.000000, 1982.000000, 723.000000, 1982.000000, 788.000000, 1951.000000, 788.000000,   small-vehicle,   1699
2242.000000, 688.000000, 2270.000000, 688.000000, 2270.000000, 740.000000, 2242.000000, 740.000000,   small-vehicle,   1705
2155.000000, 491.000000, 2181.000000, 491.000000, 2181.000000, 540.000000, 2155.000000, 540.000000,   small-vehicle,   1706
1934.000000, 628.000000, 1964.000000, 628.000000, 1964.000000, 680.000000, 1934.000000, 680.000000,   small-vehicle,   1708
1916.000000, 690.000000, 1946.000000, 690.000000, 1946.000000, 747.000000, 1916.000000, 747.000000,   small-vehicle,   1709
235.000000, 1229.000000, 275.000000, 1229.000000, 275.000000, 1279.000000, 235.000000, 1279.000000,   small-vehicle,   1710
3220.000000, 626.000000, 3254.000000, 626.000000, 3254.000000, 686.000000, 3220.000000, 686.000000,   small-vehicle,   1715
2283.000000, 1256.000000, 2306.000000, 1256.000000, 2306.000000, 1305.000000, 2283.000000, 1305.000000,   small-vehicle,   1719
2724.000000, 607.000000, 2751.000000, 607.000000, 2751.000000, 665.000000, 2724.000000, 665.000000,   small-vehicle,   1727
2641.000000, 598.000000, 2675.000000, 598.000000, 2675.000000, 664.000000, 2641.000000, 664.000000,   small-vehicle,   1728
2229.000000, 560.000000, 2257.000000, 560.000000, 2257.000000, 626.000000, 2229.000000, 626.000000,   small-vehicle,   1729
2535.000000, 1152.000000, 2594.000000, 1152.000000, 2594.000000, 1184.000000, 2535.000000, 1184.000000,   small-vehicle,   1730
2762.000000, 594.000000, 2794.000000, 594.000000, 2794.000000, 656.000000, 2762.000000, 656.000000,   small-vehicle,   1731
2808.000000, 590.000000, 2839.000000, 590.000000, 2839.000000, 654.000000, 2808.000000, 654.000000,   small-vehicle,   1739
1918.000000, 533.000000, 1948.000000, 533.000000, 1948.000000, 594.000000, 1918.000000, 594.000000,   small-vehicle,   1742
2198.000000, 524.000000, 2226.000000, 524.000000, 2226.000000, 588.000000, 2198.000000, 588.000000,   small-vehicle,   1744
1459.000000, 1206.000000, 1504.000000, 1206.000000, 1504.000000, 1224.000000, 1459.000000, 1224.000000,   small-vehicle,   1747
1899.000000, 424.000000, 1929.000000, 424.000000, 1929.000000, 481.000000, 1899.000000, 481.000000,   small-vehicle,   1760
3169.000000, 1121.000000, 3230.000000, 1121.000000, 3230.000000, 1149.000000, 3169.000000, 1149.000000,   small-vehicle,   1761
1521.000000, 1199.000000, 1574.000000, 1199.000000, 1574.000000, 1223.000000, 1521.000000, 1223.000000,   small-vehicle,   1762
3205.000000, 486.000000, 3230.000000, 486.000000, 3230.000000, 546.000000, 3205.000000, 546.000000,   small-vehicle,   1763
64.000000, 430.000000, 123.000000, 430.000000, 123.000000, 459.000000, 64.000000, 459.000000,   small-vehicle,   1765
3198.000000, 409.000000, 3229.000000, 409.000000, 3229.000000, 476.000000, 3198.000000, 476.000000,   small-vehicle,   1767
2371.000000, 657.000000, 2422.000000, 657.000000, 2422.000000, 681.000000, 2371.000000, 681.000000,   small-vehicle,   1769
1046.000000, 370.000000, 1105.000000, 370.000000, 1105.000000, 398.000000, 1046.000000, 398.000000,   small-vehicle,   1772
48.000000, 354.000000, 109.000000, 354.000000, 109.000000, 382.000000, 48.000000, 382.000000,   small-vehicle,   1773
1895.000000, 365.000000, 1922.000000, 365.000000, 1922.000000, 411.000000, 1895.000000, 411.000000,   small-vehicle,   1777
2151.000000, 306.000000, 2179.000000, 306.000000, 2179.000000, 361.000000, 2151.000000, 361.000000,   small-vehicle,   1785
2221.000000, 367.000000, 2250.000000, 367.000000, 2250.000000, 420.000000, 2221.000000, 420.000000,   small-vehicle,   1787
562.000000, 321.000000, 613.000000, 321.000000, 613.000000, 346.000000, 562.000000, 346.000000,   small-vehicle,   1790
498.000000, 326.000000, 551.000000, 326.000000, 551.000000, 351.000000, 498.000000, 351.000000,   small-vehicle,   1793
3194.000000, 325.000000, 3225.000000, 325.000000, 3225.000000, 383.000000, 3194.000000, 383.000000,   small-vehicle,   1794
696.000000, 348.000000, 757.000000, 348.000000, 757.000000, 376.000000, 696.000000, 376.000000,   small-vehicle,   1795
632.000000, 319.000000, 686.000000, 319.000000, 686.000000, 343.000000, 632.000000, 343.000000,   small-vehicle,   1799
701.000000, 312.000000, 758.000000, 312.000000, 758.000000, 337.000000, 701.000000, 337.000000,   small-vehicle,   1804
890.000000, 303.000000, 943.000000, 303.000000, 943.000000, 328.000000, 890.000000, 328.000000,   small-vehicle,   1805
1744.000000, 305.000000, 1798.000000, 305.000000, 1798.000000, 339.000000, 1744.000000, 339.000000,   small-vehicle,   1807
948.000000, 296.000000, 1008.000000, 296.000000, 1008.000000, 323.000000, 948.000000, 323.000000,   small-vehicle,   1808
767.000000, 307.000000, 816.000000, 307.000000, 816.000000, 334.000000, 767.000000, 334.000000,   small-vehicle,   1810
480.000000, 1247.000000, 538.000000, 1247.000000, 538.000000, 1279.000000, 480.000000, 1279.000000,   small-vehicle,   1813
350.000000, 281.000000, 380.000000, 281.000000, 380.000000, 336.000000, 350.000000, 336.000000,   small-vehicle,   1814
1030.000000, 291.000000, 1081.000000, 291.000000, 1081.000000, 316.000000, 1030.000000, 316.000000,   small-vehicle,   1817
829.000000, 305.000000, 879.000000, 305.000000, 879.000000, 330.000000, 829.000000, 330.000000,   small-vehicle,   1818
2185.000000, 299.000000, 2213.000000, 299.000000, 2213.000000, 355.000000, 2185.000000, 355.000000,   small-vehicle,   1819
1675.000000, 239.000000, 1731.000000, 239.000000, 1731.000000, 267.000000, 1675.000000, 267.000000,   small-vehicle,   1822
1163.000000, 281.000000, 1218.000000, 281.000000, 1218.000000, 310.000000, 1163.000000, 310.000000,   small-vehicle,   1825
1572.000000, 249.000000, 1626.000000, 249.000000, 1626.000000, 276.000000, 1572.000000, 276.000000,   small-vehicle,   1826
1396.000000, 264.000000, 1448.000000, 264.000000, 1448.000000, 288.000000, 1396.000000, 288.000000,   small-vehicle,   1827
1235.000000, 278.000000, 1283.000000, 278.000000, 1283.000000, 301.000000, 1235.000000, 301.000000,   small-vehicle,   1831
1738.000000, 232.000000, 1789.000000, 232.000000, 1789.000000, 259.000000, 1738.000000, 259.000000,   small-vehicle,   1833
3192.000000, 267.000000, 3216.000000, 267.000000, 3216.000000, 324.000000, 3192.000000, 324.000000,   small-vehicle,   1835
1339.000000, 269.000000, 1384.000000, 269.000000, 1384.000000, 292.000000, 1339.000000, 292.000000,   small-vehicle,   1836
1799.000000, 227.000000, 1850.000000, 227.000000, 1850.000000, 253.000000, 1799.000000, 253.000000,   small-vehicle,   1838
432.000000, 992.000000, 458.000000, 992.000000, 458.000000, 1035.000000, 432.000000, 1035.000000,   small-vehicle,   1839
349.000000, 218.000000, 379.000000, 218.000000, 379.000000, 272.000000, 349.000000, 272.000000,   small-vehicle,   1845
3145.000000, 533.000000, 3165.000000, 533.000000, 3165.000000, 580.000000, 3145.000000, 580.000000,   small-vehicle,   1850
2532.000000, 176.000000, 2585.000000, 176.000000, 2585.000000, 201.000000, 2532.000000, 201.000000,   small-vehicle,   1856
2477.000000, 181.000000, 2527.000000, 181.000000, 2527.000000, 206.000000, 2477.000000, 206.000000,   small-vehicle,   1858
2395.000000, 188.000000, 2462.000000, 188.000000, 2462.000000, 212.000000, 2395.000000, 212.000000,   small-vehicle,   1859
1773.000000, 174.000000, 1827.000000, 174.000000, 1827.000000, 199.000000, 1773.000000, 199.000000,   small-vehicle,   1860
408.000000, 1030.000000, 455.000000, 1030.000000, 455.000000, 1086.000000, 408.000000, 1086.000000,   small-vehicle,   1864
1969.000000, 293.000000, 1996.000000, 293.000000, 1996.000000, 350.000000, 1969.000000, 350.000000,   small-vehicle,   1866
352.000000, 130.000000, 377.000000, 130.000000, 377.000000, 180.000000, 352.000000, 180.000000,   small-vehicle,   1868
2962.000000, 142.000000, 3015.000000, 142.000000, 3015.000000, 167.000000, 2962.000000, 167.000000,   small-vehicle,   1869
3041.000000, 142.000000, 3100.000000, 142.000000, 3100.000000, 169.000000, 3041.000000, 169.000000,   small-vehicle,   1872
2826.000000, 158.000000, 2885.000000, 158.000000, 2885.000000, 181.000000, 2826.000000, 181.000000,   small-vehicle,   1874
2208.000000, 79.000000, 2236.000000, 79.000000, 2236.000000, 135.000000, 2208.000000, 135.000000,   small-vehicle,   1875
223.000000, 421.000000, 286.000000, 421.000000, 286.000000, 447.000000, 223.000000, 447.000000,   small-vehicle,   1876
349.000000, 70.000000, 374.000000, 70.000000, 374.000000, 118.000000, 349.000000, 118.000000,   small-vehicle,   1878
299.000000, 1250.000000, 347.000000, 1250.000000, 347.000000, 1309.000000, 299.000000, 1309.000000,   small-vehicle,   1888
2233.000000, 511.000000, 2263.000000, 511.000000, 2263.000000, 553.000000, 2233.000000, 553.000000,   small-vehicle,   1889
1950.000000, 84.000000, 1978.000000, 84.000000, 1978.000000, 138.000000, 1950.000000, 138.000000,   small-vehicle,   1893
982.000000, 374.000000, 1030.000000, 374.000000, 1030.000000, 397.000000, 982.000000, 397.000000,   small-vehicle,   1895
1902.000000, -42.000000, 1931.000000, -42.000000, 1931.000000, 11.000000, 1902.000000, 11.000000,   small-vehicle,   1900
1877.000000, -12.000000, 1906.000000, -12.000000, 1906.000000, 40.000000, 1877.000000, 40.000000,   small-vehicle,   1902
249.000000, 348.000000, 298.000000, 348.000000, 298.000000, 373.000000, 249.000000, 373.000000,   small-vehicle,   1909
2351.000000, 232.000000, 2401.000000, 232.000000, 2401.000000, 258.000000, 2351.000000, 258.000000,   small-vehicle,   1918
2195.000000, -85.000000, 2223.000000, -85.000000, 2223.000000, -31.000000, 2195.000000, -31.000000,   small-vehicle,   1921
-10.000000, 413.000000, 52.000000, 413.000000, 52.000000, 440.000000, -10.000000, 440.000000,   small-vehicle,   1922
1991.000000, 714.000000, 2021.000000, 714.000000, 2021.000000, 769.000000, 1991.000000, 769.000000,   small-vehicle,   1936
1869.000000, -124.000000, 1894.000000, -124.000000, 1894.000000, -85.000000, 1869.000000, -85.000000,   small-vehicle,   1941
2192.000000, -170.000000, 2218.000000, -170.000000, 2218.000000, -113.000000, 2192.000000, -113.000000,   small-vehicle,   1945
910.000000, 360.000000, 960.000000, 360.000000, 960.000000, 383.000000, 910.000000, 383.000000,   small-vehicle,   1950
1896.000000, -178.000000, 1920.000000, -178.000000, 1920.000000, -115.000000, 1896.000000, -115.000000,   small-vehicle,   1952
2816.000000, 236.000000, 2882.000000, 236.000000, 2882.000000, 264.000000, 2816.000000, 264.000000,   small-vehicle,   1954
1905.000000, 590.000000, 1927.000000, 590.000000, 1927.000000, 638.000000, 1905.000000, 638.000000,   small-vehicle,   1955
279.000000, 392.000000, 331.000000, 392.000000, 331.000000, 419.000000, 279.000000, 419.000000,   small-vehicle,   1966
1864.000000, -216.000000, 1889.000000, -216.000000, 1889.000000, -163.000000, 1864.000000, -163.000000,   small-vehicle,   1967
3094.000000, -199.000000, 3123.000000, -199.000000, 3123.000000, -142.000000, 3094.000000, -142.000000,   small-vehicle,   1968
2659.000000, 247.000000, 2714.000000, 247.000000, 2714.000000, 274.000000, 2659.000000, 274.000000,   small-vehicle,   1970
1959.000000, 311.000000, 1991.000000, 311.000000, 1991.000000, 361.000000, 1959.000000, 361.000000,   small-vehicle,   1971
2184.000000, -244.000000, 2214.000000, -244.000000, 2214.000000, -189.000000, 2184.000000, -189.000000,   small-vehicle,   1972
1341.000000, 342.000000, 1402.000000, 342.000000, 1402.000000, 375.000000, 1341.000000, 375.000000,   small-vehicle,   1974
2159.000000, -228.000000, 2188.000000, -228.000000, 2188.000000, -169.000000, 2159.000000, -169.000000,   small-vehicle,   1977
2150.000000, -302.000000, 2178.000000, -302.000000, 2178.000000, -244.000000, 2150.000000, -244.000000,   small-vehicle,   1988
3231.000000, 207.000000, 3281.000000, 207.000000, 3281.000000, 234.000000, 3231.000000, 234.000000,   small-vehicle,   1992
1944.000000, 106.000000, 1973.000000, 106.000000, 1973.000000, 164.000000, 1944.000000, 164.000000,   small-vehicle,   1997
2063.000000, 1281.000000, 2094.000000, 1281.000000, 2094.000000, 1339.000000, 2063.000000, 1339.000000,   small-vehicle,   1998
3088.000000, -279.000000, 3117.000000, -279.000000, 3117.000000, -222.000000, 3088.000000, -222.000000,   small-vehicle,   2005
2179.000000, -323.000000, 2209.000000, -323.000000, 2209.000000, -262.000000, 2179.000000, -262.000000,   small-vehicle,   2006
1386.000000, 1206.000000, 1441.000000, 1206.000000, 1441.000000, 1231.000000, 1386.000000, 1231.000000,   small-vehicle,   2007
252.000000, -340.000000, 302.000000, -340.000000, 302.000000, -292.000000, 252.000000, -292.000000,   small-vehicle,   2008
2618.000000, -389.000000, 2677.000000, -389.000000, 2677.000000, -361.000000, 2618.000000, -361.000000,   small-vehicle,   2013
397.000000, 1252.000000, 460.000000, 1252.000000, 460.000000, 1279.000000, 397.000000, 1279.000000,   small-vehicle,   2014
3316.000000, 210.000000, 3380.000000, 210.000000, 3380.000000, 238.000000, 3316.000000, 238.000000,   small-vehicle,   2016
3449.000000, 204.000000, 3513.000000, 204.000000, 3513.000000, 227.000000, 3449.000000, 227.000000,   small-vehicle,   2017
3673.000000, 195.000000, 3713.000000, 195.000000, 3713.000000, 214.000000, 3673.000000, 214.000000,   small-vehicle,   2021
1853.000000, -385.000000, 1885.000000, -385.000000, 1885.000000, -326.000000, 1853.000000, -326.000000,   small-vehicle,   2023
188.000000, -482.000000, 245.000000, -482.000000, 245.000000, -427.000000, 188.000000, -427.000000,   small-vehicle,   2028
2949.000000, 227.000000, 3014.000000, 227.000000, 3014.000000, 258.000000, 2949.000000, 258.000000,   small-vehicle,   2030
242.000000, -438.000000, 290.000000, -438.000000, 290.000000, -395.000000, 242.000000, -395.000000,   small-vehicle,   2031
1876.000000, -450.000000, 1902.000000, -450.000000, 1902.000000, -392.000000, 1876.000000, -392.000000,   small-vehicle,   2033
2163.000000, -422.000000, 2187.000000, -422.000000, 2187.000000, -373.000000, 2163.000000, -373.000000,   small-vehicle,   2035
37.000000, -517.000000, 98.000000, -517.000000, 98.000000, -464.000000, 37.000000, -464.000000,   small-vehicle,   2038
2158.000000, -487.000000, 2183.000000, -487.000000, 2183.000000, -438.000000, 2158.000000, -438.000000,   small-vehicle,   2039
1928.000000, -204.000000, 1957.000000, -204.000000, 1957.000000, -139.000000, 1928.000000, -139.000000,   small-vehicle,   2041
1986.000000, 35.000000, 2016.000000, 35.000000, 2016.000000, 92.000000, 1986.000000, 92.000000,   small-vehicle,   2042
81.000000, -440.000000, 129.000000, -440.000000, 129.000000, -379.000000, 81.000000, -379.000000,   small-vehicle,   2043
346.000000, 944.000000, 386.000000, 944.000000, 386.000000, 1009.000000, 346.000000, 1009.000000,   large-vehicle,   2047
1870.000000, -521.000000, 1903.000000, -521.000000, 1903.000000, -456.000000, 1870.000000, -456.000000,   small-vehicle,   2050
3084.000000, -350.000000, 3111.000000, -350.000000, 3111.000000, -298.000000, 3084.000000, -298.000000,   small-vehicle,   2054
-14.000000, -555.000000, 45.000000, -555.000000, 45.000000, -506.000000, -14.000000, -506.000000,   small-vehicle,   2060
2477.000000, 255.000000, 2530.000000, 255.000000, 2530.000000, 280.000000, 2477.000000, 280.000000,   small-vehicle,   2064
2164.000000, -548.000000, 2190.000000, -548.000000, 2190.000000, -504.000000, 2164.000000, -504.000000,   small-vehicle,   2065
48.000000, -594.000000, 112.000000, -594.000000, 112.000000, -536.000000, 48.000000, -536.000000,   small-vehicle,   2066
2618.000000, -351.000000, 2664.000000, -351.000000, 2664.000000, -327.000000, 2618.000000, -327.000000,   small-vehicle,   2068
1887.000000, 105.000000, 1907.000000, 105.000000, 1907.000000, 135.000000, 1887.000000, 135.000000,   small-vehicle,   2069
1395.000000, -539.000000, 1448.000000, -539.000000, 1448.000000, -510.000000, 1395.000000, -510.000000,   small-vehicle,   2072
3665.000000, 116.000000, 3714.000000, 116.000000, 3714.000000, 141.000000, 3665.000000, 141.000000,   small-vehicle,   2075
1519.000000, 336.000000, 1563.000000, 336.000000, 1563.000000, 363.000000, 1519.000000, 363.000000,   small-vehicle,   2077
356.000000, 433.000000, 379.000000, 433.000000, 379.000000, 481.000000, 356.000000, 481.000000,   small-vehicle,   2080
719.000000, 1192.000000, 778.000000, 1192.000000, 778.000000, 1208.000000, 719.000000, 1208.000000,   large-vehicle,   2081
-6.000000, -631.000000, 45.000000, -631.000000, 45.000000, -584.000000, -6.000000, -584.000000,   small-vehicle,   2084
293.000000, -307.000000, 348.000000, -307.000000, 348.000000, -258.000000, 293.000000, -258.000000,   small-vehicle,   2085
2148.000000, 498.000000, 2177.000000, 498.000000, 2177.000000, 560.000000, 2148.000000, 560.000000,   small-vehicle,   2088
3056.000000, -675.000000, 3091.000000, -675.000000, 3091.000000, -615.000000, 3056.000000, -615.000000,   small-vehicle,   2090
723.000000, 1230.000000, 788.000000, 1230.000000, 788.000000, 1266.000000, 723.000000, 1266.000000,   small-vehicle,   2091
2682.000000, 179.000000, 2738.000000, 179.000000, 2738.000000, 201.000000, 2682.000000, 201.000000,   small-vehicle,   2093
298.000000, 297.000000, 341.000000, 297.000000, 341.000000, 318.000000, 298.000000, 318.000000,   small-vehicle,   2096
544.000000, 1242.000000, 593.000000, 1242.000000, 593.000000, 1267.000000, 544.000000, 1267.000000,   small-vehicle,   2104
2685.000000, 587.000000, 2721.000000, 587.000000, 2721.000000, 656.000000, 2685.000000, 656.000000,   small-vehicle,   2107
3112.000000, 198.000000, 3167.000000, 198.000000, 3167.000000, 255.000000, 3112.000000, 255.000000,   small-vehicle,   2108
2686.000000, 616.000000, 2720.000000, 616.000000, 2720.000000, 682.000000, 2686.000000, 682.000000,   large-vehicle,   2109
2579.000000, -718.000000, 2641.000000, -718.000000, 2641.000000, -685.000000, 2579.000000, -685.000000,   small-vehicle,   2110
2804.000000, 204.000000, 2876.000000, 204.000000, 2876.000000, 236.000000, 2804.000000, 236.000000,   small-vehicle,   2111
3054.000000, -751.000000, 3115.000000, -751.000000, 3115.000000, -709.000000, 3054.000000, -709.000000,   small-vehicle,   2112
296.000000, -401.000000, 344.000000, -401.000000, 344.000000, -367.000000, 296.000000, -367.000000,   small-vehicle,   2113
302.000000, -334.000000, 343.000000, -334.000000, 343.000000, -296.000000, 302.000000, -296.000000,   small-vehicle,   2114
3110.000000, 15.000000, 3149.000000, 15.000000, 3149.000000, 85.000000, 3110.000000, 85.000000,   small-vehicle,   2116
2075.000000, 517.000000, 2106.000000, 517.000000, 2106.000000, 578.000000, 2075.000000, 578.000000,   small-vehicle,   2117
2081.000000, -808.000000, 2111.000000, -808.000000, 2111.000000, -749.000000, 2081.000000, -749.000000,   small-vehicle,   2118
2735.000000, -821.000000, 2801.000000, -821.000000, 2801.000000, -786.000000, 2735.000000, -786.000000,   small-vehicle,   2119
3025.000000, 229.000000, 3072.000000, 229.000000, 3072.000000, 250.000000, 3025.000000, 250.000000,   small-vehicle,   2120
1850.000000, -333.000000, 1872.000000, -333.000000, 1872.000000, -292.000000, 1850.000000, -292.000000,   small-vehicle,   2121
2426.000000, 231.000000, 2483.000000, 231.000000, 2483.000000, 258.000000, 2426.000000, 258.000000,   small-vehicle,   2122
1928.000000, 433.000000, 1966.000000, 433.000000, 1966.000000, 509.000000, 1928.000000, 509.000000,   small-vehicle,   2123
-37.000000, -388.000000, 17.000000, -388.000000, 17.000000, -361.000000, -37.000000, -361.000000,   small-vehicle,   2126
3109.000000, 33.000000, 3147.000000, 33.000000, 3147.000000, 103.000000, 3109.000000, 103.000000,   large-vehicle,   2128
2190.000000, 1271.000000, 2221.000000, 1271.000000, 2221.000000, 1338.000000, 2190.000000, 1338.000000,   small-vehicle,   2131
394.000000, 417.000000, 422.000000, 417.000000, 422.000000, 467.000000, 394.000000, 467.000000,   small-vehicle,   2132
2199.000000, 528.000000, 2226.000000, 528.000000, 2226.000000, 591.000000, 2199.000000, 591.000000,   small-vehicle,   2133
3110.000000, 27.000000, 3148.000000, 27.000000, 3148.000000, 93.000000, 3110.000000, 93.000000,   small-vehicle,   2134
1829.000000, -790.000000, 1853.000000, -790.000000, 1853.000000, -748.000000, 1829.000000, -748.000000,   small-vehicle,   2135
2414.000000, -793.000000, 2469.000000, -793.000000, 2469.000000, -762.000000, 2414.000000, -762.000000,   small-vehicle,   2136
1857.000000, -661.000000, 1877.000000, -661.000000, 1877.000000, -636.000000, 1857.000000, -636.000000,   small-vehicle,   2137
3714.000000, 1131.000000, 3788.000000, 1131.000000, 3788.000000, 1158.000000, 3714.000000, 1158.000000,   small-vehicle,   2138
1957.000000, -477.000000, 1971.000000, -477.000000, 1971.000000, -445.000000, 1957.000000, -445.000000,   small-vehicle,   2139
2685.000000, 600.000000, 2722.000000, 600.000000, 2722.000000, 671.000000, 2685.000000, 671.000000,   small-vehicle,   2140
1928.000000, 451.000000, 1966.000000, 451.000000, 1966.000000, 527.000000, 1928.000000, 527.000000,   small-vehicle,   2141
-36.000000, -582.000000, -2.000000, -582.000000, -2.000000, -551.000000, -36.000000, -551.000000,   small-vehicle,   2142
1930.000000, 447.000000, 1964.000000, 447.000000, 1964.000000, 523.000000, 1930.000000, 523.000000,   large-vehicle,   2143
3233.000000, 212.000000, 3311.000000, 212.000000, 3311.000000, 235.000000, 3233.000000, 235.000000,   large-vehicle,   2144
2408.000000, 657.000000, 2478.000000, 657.000000, 2478.000000, 687.000000, 2408.000000, 687.000000,   large-vehicle,   2145
2075.000000, 514.000000, 2106.000000, 514.000000, 2106.000000, 574.000000, 2075.000000, 574.000000,   large-vehicle,   2146
2197.000000, 515.000000, 2226.000000, 515.000000, 2226.000000, 584.000000, 2197.000000, 584.000000,   large-vehicle,   2147
2144.000000, 486.000000, 2176.000000, 486.000000, 2176.000000, 552.000000, 2144.000000, 552.000000,   large-vehicle,   2148
-25.000000, -470.000000, 0.000000, -470.000000, 0.000000, -405.000000, -25.000000, -405.000000,   large-vehicle,   2149
2342.000000, -784.000000, 2400.000000, -784.000000, 2400.000000, -756.000000, 2342.000000, -756.000000,   small-vehicle,   2150
