319.000000, 1033.000000, 370.000000, 1033.000000, 370.000000, 1095.000000, 319.000000, 1095.000000,   small-vehicle,   1615
2232.000000, 1046.000000, 2257.000000, 1046.000000, 2257.000000, 1088.000000, 2232.000000, 1088.000000,   small-vehicle,   1623
2223.000000, 969.000000, 2257.000000, 969.000000, 2257.000000, 1036.000000, 2223.000000, 1036.000000,   small-vehicle,   1633
1929.000000, 900.000000, 1955.000000, 900.000000, 1955.000000, 956.000000, 1929.000000, 956.000000,   small-vehicle,   1637
3227.000000, 930.000000, 3262.000000, 930.000000, 3262.000000, 993.000000, 3227.000000, 993.000000,   small-vehicle,   1638
433.000000, 912.000000, 465.000000, 912.000000, 465.000000, 984.000000, 433.000000, 984.000000,   small-vehicle,   1643
357.000000, 889.000000, 387.000000, 889.000000, 387.000000, 951.000000, 357.000000, 951.000000,   small-vehicle,   1650
2246.000000, 846.000000, 2279.000000, 846.000000, 2279.000000, 906.000000, 2246.000000, 906.000000,   small-vehicle,   1656
1924.000000, 832.000000, 1953.000000, 832.000000, 1953.000000, 886.000000, 1924.000000, 886.000000,   small-vehicle,   1658
3223.000000, 853.000000, 3259.000000, 853.000000, 3259.000000, 911.000000, 3223.000000, 911.000000,   small-vehicle,   1665
2208.000000, 778.000000, 2236.000000, 778.000000, 2236.000000, 835.000000, 2208.000000, 835.000000,   small-vehicle,   1680
1950.000000, 800.000000, 1979.000000, 800.000000, 1979.000000, 852.000000, 1950.000000, 852.000000,   small-vehicle,   1683
1926.000000, 774.000000, 1951.000000, 774.000000, 1951.000000, 821.000000, 1926.000000, 821.000000,   small-vehicle,   1687
2242.000000, 760.000000, 2271.000000, 760.000000, 2271.000000, 818.000000, 2242.000000, 818.000000,   small-vehicle,   1697
1952.000000, 724.000000, 1981.000000, 724.000000, 1981.000000, 788.000000, 1952.000000, 788.000000,   small-vehicle,   1699
2242.000000, 687.000000, 2270.000000, 687.000000, 2270.000000, 741.000000, 2242.000000, 741.000000,   small-vehicle,   1705
2154.000000, 482.000000, 2182.000000, 482.000000, 2182.000000, 550.000000, 2154.000000, 550.000000,   small-vehicle,   1706
1935.000000, 628.000000, 1964.000000, 628.000000, 1964.000000, 680.000000, 1935.000000, 680.000000,   small-vehicle,   1708
1916.000000, 691.000000, 1945.000000, 691.000000, 1945.000000, 746.000000, 1916.000000, 746.000000,   small-vehicle,   1709
3221.000000, 627.000000, 3254.000000, 627.000000, 3254.000000, 686.000000, 3221.000000, 686.000000,   small-vehicle,   1715
2723.000000, 606.000000, 2752.000000, 606.000000, 2752.000000, 666.000000, 2723.000000, 666.000000,   small-vehicle,   1727
2643.000000, 598.000000, 2673.000000, 598.000000, 2673.000000, 664.000000, 2643.000000, 664.000000,   small-vehicle,   1728
2229.000000, 561.000000, 2258.000000, 561.000000, 2258.000000, 625.000000, 2229.000000, 625.000000,   small-vehicle,   1729
2761.000000, 594.000000, 2795.000000, 594.000000, 2795.000000, 656.000000, 2761.000000, 656.000000,   small-vehicle,   1731
2809.000000, 590.000000, 2837.000000, 590.000000, 2837.000000, 654.000000, 2809.000000, 654.000000,   small-vehicle,   1739
1918.000000, 533.000000, 1947.000000, 533.000000, 1947.000000, 593.000000, 1918.000000, 593.000000,   small-vehicle,   1742
1898.000000, 421.000000, 1930.000000, 421.000000, 1930.000000, 484.000000, 1898.000000, 484.000000,   small-vehicle,   1760
3203.000000, 485.000000, 3231.000000, 485.000000, 3231.000000, 547.000000, 3203.000000, 547.000000,   small-vehicle,   1763
64.000000, 430.000000, 123.000000, 430.000000, 123.000000, 458.000000, 64.000000, 458.000000,   small-vehicle,   1765
3198.000000, 408.000000, 3229.000000, 408.000000, 3229.000000, 476.000000, 3198.000000, 476.000000,   small-vehicle,   1767
1047.000000, 371.000000, 1104.000000, 371.000000, 1104.000000, 398.000000, 1047.000000, 398.000000,   small-vehicle,   1772
51.000000, 354.000000, 106.000000, 354.000000, 106.000000, 383.000000, 51.000000, 383.000000,   small-vehicle,   1773
1895.000000, 366.000000, 1922.000000, 366.000000, 1922.000000, 409.000000, 1895.000000, 409.000000,   small-vehicle,   1777
2152.000000, 306.000000, 2178.000000, 306.000000, 2178.000000, 360.000000, 2152.000000, 360.000000,   small-vehicle,   1785
2221.000000, 367.000000, 2249.000000, 367.000000, 2249.000000, 420.000000, 2221.000000, 420.000000,   small-vehicle,   1787
562.000000, 321.000000, 613.000000, 321.000000, 613.000000, 345.000000, 562.000000, 345.000000,   small-vehicle,   1790
497.000000, 326.000000, 551.000000, 326.000000, 551.000000, 350.000000, 497.000000, 350.000000,   small-vehicle,   1793
3194.000000, 326.000000, 3225.000000, 326.000000, 3225.000000, 383.000000, 3194.000000, 383.000000,   small-vehicle,   1794
631.000000, 318.000000, 686.000000, 318.000000, 686.000000, 343.000000, 631.000000, 343.000000,   small-vehicle,   1799
700.000000, 312.000000, 758.000000, 312.000000, 758.000000, 337.000000, 700.000000, 337.000000,   small-vehicle,   1804
889.000000, 302.000000, 945.000000, 302.000000, 945.000000, 329.000000, 889.000000, 329.000000,   small-vehicle,   1805
1744.000000, 304.000000, 1799.000000, 304.000000, 1799.000000, 339.000000, 1744.000000, 339.000000,   small-vehicle,   1807
952.000000, 297.000000, 1005.000000, 297.000000, 1005.000000, 322.000000, 952.000000, 322.000000,   small-vehicle,   1808
767.000000, 308.000000, 817.000000, 308.000000, 817.000000, 332.000000, 767.000000, 332.000000,   small-vehicle,   1810
349.000000, 280.000000, 381.000000, 280.000000, 381.000000, 337.000000, 349.000000, 337.000000,   small-vehicle,   1814
1030.000000, 291.000000, 1081.000000, 291.000000, 1081.000000, 316.000000, 1030.000000, 316.000000,   small-vehicle,   1817
828.000000, 306.000000, 879.000000, 306.000000, 879.000000, 329.000000, 828.000000, 329.000000,   small-vehicle,   1818
2185.000000, 298.000000, 2213.000000, 298.000000, 2213.000000, 355.000000, 2185.000000, 355.000000,   small-vehicle,   1819
1674.000000, 239.000000, 1731.000000, 239.000000, 1731.000000, 267.000000, 1674.000000, 267.000000,   small-vehicle,   1822
1162.000000, 281.000000, 1219.000000, 281.000000, 1219.000000, 311.000000, 1162.000000, 311.000000,   small-vehicle,   1825
1570.000000, 248.000000, 1628.000000, 248.000000, 1628.000000, 278.000000, 1570.000000, 278.000000,   small-vehicle,   1826
1396.000000, 264.000000, 1448.000000, 264.000000, 1448.000000, 289.000000, 1396.000000, 289.000000,   small-vehicle,   1827
1234.000000, 277.000000, 1285.000000, 277.000000, 1285.000000, 302.000000, 1234.000000, 302.000000,   small-vehicle,   1831
1739.000000, 232.000000, 1788.000000, 232.000000, 1788.000000, 259.000000, 1739.000000, 259.000000,   small-vehicle,   1833
3193.000000, 270.000000, 3215.000000, 270.000000, 3215.000000, 321.000000, 3193.000000, 321.000000,   small-vehicle,   1835
1336.000000, 270.000000, 1386.000000, 270.000000, 1386.000000, 292.000000, 1336.000000, 292.000000,   small-vehicle,   1836
1799.000000, 227.000000, 1851.000000, 227.000000, 1851.000000, 253.000000, 1799.000000, 253.000000,   small-vehicle,   1838
432.000000, 993.000000, 458.000000, 993.000000, 458.000000, 1035.000000, 432.000000, 1035.000000,   small-vehicle,   1839
351.000000, 220.000000, 378.000000, 220.000000, 378.000000, 269.000000, 351.000000, 269.000000,   small-vehicle,   1845
3145.000000, 536.000000, 3165.000000, 536.000000, 3165.000000, 578.000000, 3145.000000, 578.000000,   small-vehicle,   1850
2529.000000, 176.000000, 2589.000000, 176.000000, 2589.000000, 202.000000, 2529.000000, 202.000000,   small-vehicle,   1856
1775.000000, 174.000000, 1824.000000, 174.000000, 1824.000000, 199.000000, 1775.000000, 199.000000,   small-vehicle,   1860
409.000000, 1030.000000, 455.000000, 1030.000000, 455.000000, 1087.000000, 409.000000, 1087.000000,   small-vehicle,   1864
352.000000, 130.000000, 378.000000, 130.000000, 378.000000, 180.000000, 352.000000, 180.000000,   small-vehicle,   1868
2962.000000, 142.000000, 3014.000000, 142.000000, 3014.000000, 168.000000, 2962.000000, 168.000000,   small-vehicle,   1869
2207.000000, 79.000000, 2236.000000, 79.000000, 2236.000000, 135.000000, 2207.000000, 135.000000,   small-vehicle,   1875
223.000000, 420.000000, 285.000000, 420.000000, 285.000000, 447.000000, 223.000000, 447.000000,   small-vehicle,   1876
349.000000, 68.000000, 374.000000, 68.000000, 374.000000, 119.000000, 349.000000, 119.000000,   small-vehicle,   1878
2236.000000, 514.000000, 2260.000000, 514.000000, 2260.000000, 549.000000, 2236.000000, 549.000000,   small-vehicle,   1889
983.000000, 374.000000, 1029.000000, 374.000000, 1029.000000, 397.000000, 983.000000, 397.000000,   small-vehicle,   1895
1902.000000, -39.000000, 1930.000000, -39.000000, 1930.000000, 12.000000, 1902.000000, 12.000000,   small-vehicle,   1900
1877.000000, -8.000000, 1906.000000, -8.000000, 1906.000000, 43.000000, 1877.000000, 43.000000,   small-vehicle,   1902
82.000000, 358.000000, 137.000000, 358.000000, 137.000000, 387.000000, 82.000000, 387.000000,   small-vehicle,   1909
2352.000000, 237.000000, 2402.000000, 237.000000, 2402.000000, 260.000000, 2352.000000, 260.000000,   small-vehicle,   1918
2193.000000, -81.000000, 2226.000000, -81.000000, 2226.000000, -29.000000, 2193.000000, -29.000000,   small-vehicle,   1921
-11.000000, 410.000000, 48.000000, 410.000000, 48.000000, 437.000000, -11.000000, 437.000000,   small-vehicle,   1922
2021.000000, 1036.000000, 2052.000000, 1036.000000, 2052.000000, 1089.000000, 2021.000000, 1089.000000,   small-vehicle,   1936
1870.000000, -122.000000, 1893.000000, -122.000000, 1893.000000, -82.000000, 1870.000000, -82.000000,   small-vehicle,   1941
2190.000000, -169.000000, 2218.000000, -169.000000, 2218.000000, -110.000000, 2190.000000, -110.000000,   small-vehicle,   1945
906.000000, 358.000000, 959.000000, 358.000000, 959.000000, 381.000000, 906.000000, 381.000000,   small-vehicle,   1950
1893.000000, -175.000000, 1921.000000, -175.000000, 1921.000000, -113.000000, 1893.000000, -113.000000,   small-vehicle,   1952
2817.000000, 247.000000, 2871.000000, 247.000000, 2871.000000, 272.000000, 2817.000000, 272.000000,   small-vehicle,   1954
1907.000000, 593.000000, 1927.000000, 593.000000, 1927.000000, 633.000000, 1907.000000, 633.000000,   small-vehicle,   1955
275.000000, 389.000000, 328.000000, 389.000000, 328.000000, 415.000000, 275.000000, 415.000000,   small-vehicle,   1966
1862.000000, -217.000000, 1892.000000, -217.000000, 1892.000000, -162.000000, 1862.000000, -162.000000,   small-vehicle,   1967
3093.000000, -189.000000, 3124.000000, -189.000000, 3124.000000, -131.000000, 3093.000000, -131.000000,   small-vehicle,   1968
2658.000000, 254.000000, 2716.000000, 254.000000, 2716.000000, 279.000000, 2658.000000, 279.000000,   small-vehicle,   1970
1981.000000, 610.000000, 2009.000000, 610.000000, 2009.000000, 661.000000, 1981.000000, 661.000000,   small-vehicle,   1971
2185.000000, -241.000000, 2215.000000, -241.000000, 2215.000000, -184.000000, 2185.000000, -184.000000,   small-vehicle,   1972
1338.000000, 342.000000, 1400.000000, 342.000000, 1400.000000, 374.000000, 1338.000000, 374.000000,   small-vehicle,   1974
2159.000000, -225.000000, 2190.000000, -225.000000, 2190.000000, -164.000000, 2159.000000, -164.000000,   small-vehicle,   1977
2150.000000, -299.000000, 2179.000000, -299.000000, 2179.000000, -237.000000, 2150.000000, -237.000000,   small-vehicle,   1988
1961.000000, 383.000000, 1991.000000, 383.000000, 1991.000000, 439.000000, 1961.000000, 439.000000,   small-vehicle,   1997
3087.000000, -268.000000, 3116.000000, -268.000000, 3116.000000, -216.000000, 3087.000000, -216.000000,   small-vehicle,   2005
2180.000000, -321.000000, 2209.000000, -321.000000, 2209.000000, -259.000000, 2180.000000, -259.000000,   small-vehicle,   2006
248.000000, -348.000000, 302.000000, -348.000000, 302.000000, -297.000000, 248.000000, -297.000000,   small-vehicle,   2008
2617.000000, -383.000000, 2679.000000, -383.000000, 2679.000000, -354.000000, 2617.000000, -354.000000,   small-vehicle,   2013
3317.000000, 213.000000, 3381.000000, 213.000000, 3381.000000, 239.000000, 3317.000000, 239.000000,   small-vehicle,   2017
3637.000000, 206.000000, 3715.000000, 206.000000, 3715.000000, 230.000000, 3637.000000, 230.000000,   small-vehicle,   2021
1854.000000, -381.000000, 1884.000000, -381.000000, 1884.000000, -324.000000, 1854.000000, -324.000000,   small-vehicle,   2023
186.000000, -488.000000, 241.000000, -488.000000, 241.000000, -436.000000, 186.000000, -436.000000,   small-vehicle,   2028
2949.000000, 235.000000, 3013.000000, 235.000000, 3013.000000, 266.000000, 2949.000000, 266.000000,   small-vehicle,   2030
240.000000, -445.000000, 287.000000, -445.000000, 287.000000, -401.000000, 240.000000, -401.000000,   small-vehicle,   2031
1875.000000, -447.000000, 1903.000000, -447.000000, 1903.000000, -389.000000, 1875.000000, -389.000000,   small-vehicle,   2033
2159.000000, -402.000000, 2186.000000, -402.000000, 2186.000000, -351.000000, 2159.000000, -351.000000,   small-vehicle,   2035
38.000000, -523.000000, 96.000000, -523.000000, 96.000000, -472.000000, 38.000000, -472.000000,   small-vehicle,   2038
2158.000000, -483.000000, 2184.000000, -483.000000, 2184.000000, -434.000000, 2158.000000, -434.000000,   small-vehicle,   2039
1940.000000, 56.000000, 1969.000000, 56.000000, 1969.000000, 123.000000, 1940.000000, 123.000000,   small-vehicle,   2041
2004.000000, 357.000000, 2034.000000, 357.000000, 2034.000000, 416.000000, 2004.000000, 416.000000,   small-vehicle,   2042
80.000000, -448.000000, 127.000000, -448.000000, 127.000000, -386.000000, 80.000000, -386.000000,   small-vehicle,   2043
1870.000000, -517.000000, 1904.000000, -517.000000, 1904.000000, -454.000000, 1870.000000, -454.000000,   small-vehicle,   2050
3080.000000, -348.000000, 3111.000000, -348.000000, 3111.000000, -288.000000, 3080.000000, -288.000000,   small-vehicle,   2054
-15.000000, -561.000000, 40.000000, -561.000000, 40.000000, -515.000000, -15.000000, -515.000000,   small-vehicle,   2060
2477.000000, 264.000000, 2531.000000, 264.000000, 2531.000000, 285.000000, 2477.000000, 285.000000,   small-vehicle,   2064
2164.000000, -545.000000, 2190.000000, -545.000000, 2190.000000, -502.000000, 2164.000000, -502.000000,   small-vehicle,   2065
45.000000, -603.000000, 108.000000, -603.000000, 108.000000, -544.000000, 45.000000, -544.000000,   small-vehicle,   2066
2618.000000, -345.000000, 2662.000000, -345.000000, 2662.000000, -319.000000, 2618.000000, -319.000000,   small-vehicle,   2068
1888.000000, 99.000000, 1907.000000, 99.000000, 1907.000000, 127.000000, 1888.000000, 127.000000,   small-vehicle,   2069
1395.000000, -537.000000, 1447.000000, -537.000000, 1447.000000, -513.000000, 1395.000000, -513.000000,   small-vehicle,   2072
3671.000000, 135.000000, 3709.000000, 135.000000, 3709.000000, 154.000000, 3671.000000, 154.000000,   small-vehicle,   2075
1523.000000, 338.000000, 1563.000000, 338.000000, 1563.000000, 362.000000, 1523.000000, 362.000000,   small-vehicle,   2077
351.000000, 435.000000, 376.000000, 435.000000, 376.000000, 491.000000, 351.000000, 491.000000,   small-vehicle,   2080
-7.000000, -638.000000, 42.000000, -638.000000, 42.000000, -591.000000, -7.000000, -591.000000,   small-vehicle,   2084
291.000000, -313.000000, 344.000000, -313.000000, 344.000000, -265.000000, 291.000000, -265.000000,   small-vehicle,   2085
3054.000000, -664.000000, 3088.000000, -664.000000, 3088.000000, -604.000000, 3054.000000, -604.000000,   small-vehicle,   2090
2684.000000, 186.000000, 2736.000000, 186.000000, 2736.000000, 209.000000, 2684.000000, 209.000000,   small-vehicle,   2093
3027.000000, 199.000000, 3092.000000, 199.000000, 3092.000000, 230.000000, 3027.000000, 230.000000,   small-vehicle,   2108
2577.000000, -714.000000, 2639.000000, -714.000000, 2639.000000, -686.000000, 2577.000000, -686.000000,   small-vehicle,   2110
2630.000000, 220.000000, 2699.000000, 220.000000, 2699.000000, 250.000000, 2630.000000, 250.000000,   small-vehicle,   2111
3054.000000, -739.000000, 3113.000000, -739.000000, 3113.000000, -699.000000, 3054.000000, -699.000000,   small-vehicle,   2112
291.000000, -409.000000, 351.000000, -409.000000, 351.000000, -369.000000, 291.000000, -369.000000,   small-vehicle,   2113
293.000000, -347.000000, 338.000000, -347.000000, 338.000000, -304.000000, 293.000000, -304.000000,   small-vehicle,   2114
2069.000000, -993.000000, 2097.000000, -993.000000, 2097.000000, -934.000000, 2069.000000, -934.000000,   small-vehicle,   2118
2733.000000, -813.000000, 2800.000000, -813.000000, 2800.000000, -777.000000, 2733.000000, -777.000000,   small-vehicle,   2119
1851.000000, -322.000000, 1873.000000, -322.000000, 1873.000000, -279.000000, 1851.000000, -279.000000,   small-vehicle,   2121
2427.000000, 234.000000, 2484.000000, 234.000000, 2484.000000, 264.000000, 2427.000000, 264.000000,   small-vehicle,   2122
-42.000000, -395.000000, 15.000000, -395.000000, 15.000000, -367.000000, -42.000000, -367.000000,   small-vehicle,   2126
2167.000000, 878.000000, 2199.000000, 878.000000, 2199.000000, 948.000000, 2167.000000, 948.000000,   small-vehicle,   2131
346.000000, 355.000000, 400.000000, 355.000000, 400.000000, 415.000000, 346.000000, 415.000000,   small-vehicle,   2132
2197.000000, 531.000000, 2227.000000, 531.000000, 2227.000000, 594.000000, 2197.000000, 594.000000,   small-vehicle,   2133
1829.000000, -787.000000, 1852.000000, -787.000000, 1852.000000, -746.000000, 1829.000000, -746.000000,   small-vehicle,   2135
2413.000000, -786.000000, 2467.000000, -786.000000, 2467.000000, -755.000000, 2413.000000, -755.000000,   small-vehicle,   2136
1981.000000, -103.000000, 1996.000000, -103.000000, 1996.000000, -75.000000, 1981.000000, -75.000000,   small-vehicle,   2139
-43.000000, -592.000000, -2.000000, -592.000000, -2.000000, -556.000000, -43.000000, -556.000000,   small-vehicle,   2142
3316.000000, 215.000000, 3380.000000, 215.000000, 3380.000000, 245.000000, 3316.000000, 245.000000,   large-vehicle,   2144
2342.000000, -776.000000, 2398.000000, -776.000000, 2398.000000, -753.000000, 2342.000000, -753.000000,   small-vehicle,   2150
2828.000000, 180.000000, 2897.000000, 180.000000, 2897.000000, 208.000000, 2828.000000, 208.000000,   small-vehicle,   2151
3178.000000, -846.000000, 3250.000000, -846.000000, 3250.000000, -812.000000, 3178.000000, -812.000000,   small-vehicle,   2152
310.000000, -862.000000, 335.000000, -862.000000, 335.000000, -807.000000, 310.000000, -807.000000,   small-vehicle,   2155
2217.000000, -873.000000, 2246.000000, -873.000000, 2246.000000, -822.000000, 2217.000000, -822.000000,   small-vehicle,   2156
1857.000000, -654.000000, 1877.000000, -654.000000, 1877.000000, -629.000000, 1857.000000, -629.000000,   small-vehicle,   2158
3099.000000, -841.000000, 3164.000000, -841.000000, 3164.000000, -811.000000, 3099.000000, -811.000000,   small-vehicle,   2159
1827.000000, -859.000000, 1854.000000, -859.000000, 1854.000000, -802.000000, 1827.000000, -802.000000,   small-vehicle,   2161
1907.000000, -586.000000, 1950.000000, -586.000000, 1950.000000, -490.000000, 1907.000000, -490.000000,   large-vehicle,   2162
2871.000000, -825.000000, 2928.000000, -825.000000, 2928.000000, -795.000000, 2871.000000, -795.000000,   small-vehicle,   2164
1954.000000, -589.000000, 1984.000000, -589.000000, 1984.000000, -531.000000, 1954.000000, -531.000000,   small-vehicle,   2165
1291.000000, 377.000000, 1319.000000, 377.000000, 1319.000000, 424.000000, 1291.000000, 424.000000,   small-vehicle,   2168
3664.000000, -789.000000, 3720.000000, -789.000000, 3720.000000, -731.000000, 3664.000000, -731.000000,   small-vehicle,   2172
1823.000000, -930.000000, 1853.000000, -930.000000, 1853.000000, -872.000000, 1823.000000, -872.000000,   small-vehicle,   2173
3030.000000, -899.000000, 3064.000000, -899.000000, 3064.000000, -840.000000, 3030.000000, -840.000000,   small-vehicle,   2174
3393.000000, -870.000000, 3477.000000, -870.000000, 3477.000000, -829.000000, 3393.000000, -829.000000,   large-vehicle,   2175
3489.000000, -868.000000, 3546.000000, -868.000000, 3546.000000, -838.000000, 3489.000000, -838.000000,   small-vehicle,   2177
2076.000000, 516.000000, 2107.000000, 516.000000, 2107.000000, 580.000000, 2076.000000, 580.000000,   small-vehicle,   2178
38.000000, -952.000000, 101.000000, -952.000000, 101.000000, -923.000000, 38.000000, -923.000000,   small-vehicle,   2181
-5.000000, -948.000000, 40.000000, -948.000000, 40.000000, -919.000000, -5.000000, -919.000000,   small-vehicle,   2182
2824.000000, -722.000000, 2877.000000, -722.000000, 2877.000000, -665.000000, 2824.000000, -665.000000,   small-vehicle,   2183
2127.000000, 81.000000, 2160.000000, 81.000000, 2160.000000, 145.000000, 2127.000000, 145.000000,   small-vehicle,   2184
2032.000000, -1028.000000, 2050.000000, -1028.000000, 2050.000000, -999.000000, 2032.000000, -999.000000,   small-vehicle,   2185
3642.000000, 167.000000, 3715.000000, 167.000000, 3715.000000, 195.000000, 3642.000000, 195.000000,   small-vehicle,   2186
2065.000000, -446.000000, 2084.000000, -446.000000, 2084.000000, -420.000000, 2065.000000, -420.000000,   small-vehicle,   2187
2871.000000, -717.000000, 2916.000000, -717.000000, 2916.000000, -672.000000, 2871.000000, -672.000000,   small-vehicle,   2189
2591.000000, -886.000000, 2624.000000, -886.000000, 2624.000000, -830.000000, 2591.000000, -830.000000,   small-vehicle,   2190
3027.000000, -956.000000, 3055.000000, -956.000000, 3055.000000, -903.000000, 3027.000000, -903.000000,   small-vehicle,   2192
1815.000000, -986.000000, 1844.000000, -986.000000, 1844.000000, -933.000000, 1815.000000, -933.000000,   small-vehicle,   2194
2138.000000, -1015.000000, 2168.000000, -1015.000000, 2168.000000, -954.000000, 2138.000000, -954.000000,   small-vehicle,   2195
576.000000, -1000.000000, 630.000000, -1000.000000, 630.000000, -972.000000, 576.000000, -972.000000,   small-vehicle,   2196
807.000000, -1022.000000, 861.000000, -1022.000000, 861.000000, -992.000000, 807.000000, -992.000000,   small-vehicle,   2197
2104.000000, 892.000000, 2121.000000, 892.000000, 2121.000000, 934.000000, 2104.000000, 934.000000,   small-vehicle,   2198
651.000000, -1007.000000, 703.000000, -1007.000000, 703.000000, -979.000000, 651.000000, -979.000000,   small-vehicle,   2199
1962.000000, -994.000000, 1991.000000, -994.000000, 1991.000000, -941.000000, 1962.000000, -941.000000,   small-vehicle,   2200
1928.000000, 436.000000, 1964.000000, 436.000000, 1964.000000, 510.000000, 1928.000000, 510.000000,   small-vehicle,   2201
2429.000000, -667.000000, 2481.000000, -667.000000, 2481.000000, -644.000000, 2429.000000, -644.000000,   small-vehicle,   2202
342.000000, 935.000000, 383.000000, 935.000000, 383.000000, 1003.000000, 342.000000, 1003.000000,   small-vehicle,   2203
517.000000, -990.000000, 564.000000, -990.000000, 564.000000, -968.000000, 517.000000, -968.000000,   small-vehicle,   2204
3112.000000, 45.000000, 3147.000000, 45.000000, 3147.000000, 112.000000, 3112.000000, 112.000000,   large-vehicle,   2206
-28.000000, -463.000000, -5.000000, -463.000000, -5.000000, -397.000000, -28.000000, -397.000000,   large-vehicle,   2207
2501.000000, 232.000000, 2561.000000, 232.000000, 2561.000000, 255.000000, 2501.000000, 255.000000,   large-vehicle,   2208
2111.000000, -1001.000000, 2138.000000, -1001.000000, 2138.000000, -951.000000, 2111.000000, -951.000000,   small-vehicle,   2209
454.000000, -986.000000, 510.000000, -986.000000, 510.000000, -957.000000, 454.000000, -957.000000,   small-vehicle,   2214
1930.000000, 456.000000, 1967.000000, 456.000000, 1967.000000, 530.000000, 1930.000000, 530.000000,   large-vehicle,   2215
1839.000000, -1044.000000, 1866.000000, -1044.000000, 1866.000000, -987.000000, 1839.000000, -987.000000,   small-vehicle,   2216
343.000000, 945.000000, 380.000000, 945.000000, 380.000000, 1013.000000, 343.000000, 1013.000000,   large-vehicle,   2217
3109.000000, 31.000000, 3149.000000, 31.000000, 3149.000000, 99.000000, 3109.000000, 99.000000,   small-vehicle,   2218
2688.000000, 623.000000, 2722.000000, 623.000000, 2722.000000, 690.000000, 2688.000000, 690.000000,   large-vehicle,   2219
2075.000000, 519.000000, 2107.000000, 519.000000, 2107.000000, 585.000000, 2075.000000, 585.000000,   large-vehicle,   2220
3450.000000, 218.000000, 3513.000000, 218.000000, 3513.000000, 238.000000, 3450.000000, 238.000000,   small-vehicle,   2222
2687.000000, 612.000000, 2722.000000, 612.000000, 2722.000000, 680.000000, 2687.000000, 680.000000,   small-vehicle,   2223
1405.000000, -1040.000000, 1449.000000, -1040.000000, 1449.000000, -1016.000000, 1405.000000, -1016.000000,   small-vehicle,   2224
862.000000, -1026.000000, 915.000000, -1026.000000, 915.000000, -1004.000000, 862.000000, -1004.000000,   small-vehicle,   2225
3025.000000, 233.000000, 3074.000000, 233.000000, 3074.000000, 258.000000, 3025.000000, 258.000000,   small-vehicle,   2226
743.000000, -1018.000000, 791.000000, -1018.000000, 791.000000, -992.000000, 743.000000, -992.000000,   small-vehicle,   2227
1812.000000, -1044.000000, 1839.000000, -1044.000000, 1839.000000, -987.000000, 1812.000000, -987.000000,   small-vehicle,   2228
