2220.000000, 2026.000000, 2252.000000, 2025.000000, 2252.000000, 2096.000000, 2219.000000, 2098.000000,     small-vehicle,     1290
2263.000000, 1798.000000, 2290.000000, 1797.000000, 2290.000000, 1852.000000, 2263.000000, 1853.000000,     small-vehicle,     1342
1298.000000, 1858.000000, 1323.000000, 1857.000000, 1323.000000, 1908.000000, 1298.000000, 1909.000000,     small-vehicle,     1348
1986.000000, 1726.000000, 2018.000000, 1724.000000, 2018.000000, 1779.000000, 1986.000000, 1780.000000,     small-vehicle,     1360
2255.000000, 1724.000000, 2287.000000, 1723.000000, 2287.000000, 1789.000000, 2255.000000, 1790.000000,     small-vehicle,     1361
565.000000, 1811.000000, 615.000000, 1809.000000, 615.000000, 1839.000000, 565.000000, 1842.000000,     small-vehicle,     1369
1386.000000, 1751.000000, 1450.000000, 1748.000000, 1450.000000, 1782.000000, 1386.000000, 1785.000000,     small-vehicle,     1379
1257.000000, 1688.000000, 1324.000000, 1685.000000, 1324.000000, 1728.000000, 1257.000000, 1731.000000,     small-vehicle,     1387
1292.000000, 1615.000000, 1320.000000, 1614.000000, 1320.000000, 1678.000000, 1292.000000, 1680.000000,     small-vehicle,     1399
2798.000000, 1670.000000, 2852.000000, 1667.000000, 2852.000000, 1691.000000, 2798.000000, 1693.000000,     small-vehicle,     1416
1470.000000, 1748.000000, 1511.000000, 1746.000000, 1511.000000, 1775.000000, 1469.000000, 1777.000000,     small-vehicle,     1423
1282.000000, 1358.000000, 1308.000000, 1357.000000, 1308.000000, 1412.000000, 1282.000000, 1413.000000,     small-vehicle,     1451
1964.000000, 1334.000000, 1991.000000, 1333.000000, 1990.000000, 1387.000000, 1964.000000, 1388.000000,     small-vehicle,     1452
2944.000000, 1279.000000, 2979.000000, 1278.000000, 2979.000000, 1344.000000, 2943.000000, 1345.000000,     small-vehicle,     1453
2257.000000, 1230.000000, 2287.000000, 1229.000000, 2287.000000, 1292.000000, 2256.000000, 1293.000000,     small-vehicle,     1458
2227.000000, 1232.000000, 2253.000000, 1230.000000, 2252.000000, 1292.000000, 2227.000000, 1293.000000,     small-vehicle,     1459
1648.000000, 1735.000000, 1704.000000, 1732.000000, 1704.000000, 1760.000000, 1648.000000, 1763.000000,     small-vehicle,     1460
1274.000000, 1266.000000, 1297.000000, 1265.000000, 1297.000000, 1317.000000, 1274.000000, 1318.000000,     small-vehicle,     1462
2226.000000, 1155.000000, 2255.000000, 1154.000000, 2255.000000, 1218.000000, 2226.000000, 1219.000000,     small-vehicle,     1467
1722.000000, 1727.000000, 1787.000000, 1724.000000, 1787.000000, 1754.000000, 1722.000000, 1757.000000,     small-vehicle,     1468
2259.000000, 1175.000000, 2289.000000, 1173.000000, 2288.000000, 1220.000000, 2259.000000, 1222.000000,     small-vehicle,     1478
1929.000000, 1123.000000, 1954.000000, 1122.000000, 1953.000000, 1180.000000, 1929.000000, 1181.000000,     small-vehicle,     1479
1954.000000, 1071.000000, 1977.000000, 1070.000000, 1976.000000, 1134.000000, 1954.000000, 1135.000000,     small-vehicle,     1499
1254.000000, 1033.000000, 1278.000000, 1032.000000, 1278.000000, 1078.000000, 1253.000000, 1079.000000,     small-vehicle,     1507
1578.000000, 1742.000000, 1632.000000, 1740.000000, 1632.000000, 1762.000000, 1578.000000, 1765.000000,     small-vehicle,     1508
2207.000000, 930.000000, 2238.000000, 928.000000, 2238.000000, 984.000000, 2207.000000, 985.000000,     small-vehicle,     1509
2595.000000, 978.000000, 2647.000000, 976.000000, 2646.000000, 999.000000, 2595.000000, 1001.000000,     small-vehicle,     1511
2929.000000, 922.000000, 2957.000000, 921.000000, 2957.000000, 988.000000, 2929.000000, 989.000000,     small-vehicle,     1515
1252.000000, 978.000000, 1280.000000, 976.000000, 1279.000000, 1030.000000, 1252.000000, 1031.000000,     small-vehicle,     1517
256.000000, 1788.000000, 309.000000, 1785.000000, 309.000000, 1827.000000, 256.000000, 1829.000000,     small-vehicle,     1518
1916.000000, 887.000000, 1942.000000, 886.000000, 1941.000000, 945.000000, 1916.000000, 946.000000,     small-vehicle,     1522
2232.000000, 868.000000, 2261.000000, 866.000000, 2261.000000, 927.000000, 2232.000000, 928.000000,     small-vehicle,     1529
2492.000000, 1677.000000, 2548.000000, 1675.000000, 2548.000000, 1706.000000, 2492.000000, 1708.000000,     small-vehicle,     1530
2616.000000, 1675.000000, 2670.000000, 1672.000000, 2670.000000, 1703.000000, 2616.000000, 1706.000000,     small-vehicle,     1531
2449.000000, 996.000000, 2505.000000, 993.000000, 2505.000000, 1021.000000, 2449.000000, 1023.000000,     small-vehicle,     1532
2517.000000, 988.000000, 2576.000000, 986.000000, 2576.000000, 1010.000000, 2516.000000, 1013.000000,     small-vehicle,     1533
2230.000000, 784.000000, 2258.000000, 783.000000, 2257.000000, 840.000000, 2230.000000, 841.000000,     small-vehicle,     1536
1913.000000, 816.000000, 1941.000000, 814.000000, 1941.000000, 876.000000, 1913.000000, 878.000000,     small-vehicle,     1537
1250.000000, 810.000000, 1275.000000, 809.000000, 1275.000000, 863.000000, 1250.000000, 864.000000,     small-vehicle,     1548
1919.000000, 744.000000, 1945.000000, 743.000000, 1945.000000, 805.000000, 1919.000000, 806.000000,     small-vehicle,     1549
2229.000000, 709.000000, 2256.000000, 707.000000, 2256.000000, 764.000000, 2229.000000, 765.000000,     small-vehicle,     1552
1243.000000, 727.000000, 1270.000000, 726.000000, 1270.000000, 789.000000, 1243.000000, 790.000000,     small-vehicle,     1554
1903.000000, 669.000000, 1929.000000, 667.000000, 1929.000000, 724.000000, 1902.000000, 725.000000,     small-vehicle,     1562
1930.000000, 618.000000, 1954.000000, 617.000000, 1954.000000, 670.000000, 1929.000000, 671.000000,     small-vehicle,     1566
2917.000000, 698.000000, 2940.000000, 697.000000, 2940.000000, 744.000000, 2916.000000, 745.000000,     small-vehicle,     1567
2193.000000, 604.000000, 2225.000000, 603.000000, 2224.000000, 665.000000, 2193.000000, 666.000000,     small-vehicle,     1571
686.000000, 635.000000, 741.000000, 632.000000, 741.000000, 659.000000, 686.000000, 662.000000,     small-vehicle,     1573
816.000000, 621.000000, 872.000000, 618.000000, 872.000000, 647.000000, 816.000000, 649.000000,     small-vehicle,     1574
397.000000, 640.000000, 454.000000, 638.000000, 454.000000, 669.000000, 398.000000, 671.000000,     small-vehicle,     1575
884.000000, 618.000000, 942.000000, 615.000000, 942.000000, 643.000000, 884.000000, 645.000000,     small-vehicle,     1576
471.000000, 643.000000, 520.000000, 641.000000, 520.000000, 668.000000, 471.000000, 670.000000,     small-vehicle,     1578
754.000000, 628.000000, 803.000000, 625.000000, 803.000000, 651.000000, 754.000000, 653.000000,     small-vehicle,     1585
1732.000000, 529.000000, 1788.000000, 526.000000, 1788.000000, 556.000000, 1732.000000, 559.000000,     small-vehicle,     1586
1620.000000, 535.000000, 1670.000000, 532.000000, 1670.000000, 560.000000, 1620.000000, 562.000000,     small-vehicle,     1588
1235.000000, 584.000000, 1283.000000, 582.000000, 1283.000000, 604.000000, 1235.000000, 606.000000,     small-vehicle,     1589
1469.000000, 556.000000, 1520.000000, 554.000000, 1520.000000, 585.000000, 1469.000000, 587.000000,     small-vehicle,     1590
351.000000, 578.000000, 372.000000, 577.000000, 372.000000, 622.000000, 351.000000, 623.000000,     small-vehicle,     1594
2394.000000, 429.000000, 2459.000000, 426.000000, 2459.000000, 456.000000, 2394.000000, 459.000000,     small-vehicle,     1600
655.000000, 1365.000000, 685.000000, 1364.000000, 685.000000, 1428.000000, 655.000000, 1429.000000,     small-vehicle,     1601
1915.000000, 449.000000, 1946.000000, 447.000000, 1946.000000, 502.000000, 1915.000000, 503.000000,     small-vehicle,     1602
3637.000000, 362.000000, 3697.000000, 359.000000, 3697.000000, 390.000000, 3637.000000, 393.000000,     small-vehicle,     1610
2589.000000, 435.000000, 2649.000000, 432.000000, 2649.000000, 457.000000, 2589.000000, 460.000000,     small-vehicle,     1612
2875.000000, 398.000000, 2946.000000, 395.000000, 2946.000000, 431.000000, 2875.000000, 434.000000,     small-vehicle,     1614
280.000000, 492.000000, 328.000000, 490.000000, 328.000000, 551.000000, 280.000000, 553.000000,     small-vehicle,     1615
2663.000000, 430.000000, 2712.000000, 427.000000, 2712.000000, 447.000000, 2663.000000, 449.000000,     small-vehicle,     1621
2188.000000, 413.000000, 2212.000000, 412.000000, 2211.000000, 466.000000, 2188.000000, 467.000000,     small-vehicle,     1623
3434.000000, 343.000000, 3503.000000, 340.000000, 3503.000000, 372.000000, 3434.000000, 375.000000,     small-vehicle,     1628
3361.000000, 350.000000, 3419.000000, 347.000000, 3418.000000, 377.000000, 3361.000000, 380.000000,     small-vehicle,     1631
47.000000, 562.000000, 101.000000, 560.000000, 101.000000, 599.000000, 47.000000, 601.000000,     small-vehicle,     1632
2180.000000, 338.000000, 2210.000000, 336.000000, 2210.000000, 404.000000, 2180.000000, 405.000000,     small-vehicle,     1633
3647.000000, 318.000000, 3696.000000, 316.000000, 3696.000000, 344.000000, 3646.000000, 347.000000,     small-vehicle,     1636
1886.000000, 275.000000, 1913.000000, 274.000000, 1913.000000, 333.000000, 1886.000000, 334.000000,     small-vehicle,     1637
3179.000000, 246.000000, 3208.000000, 245.000000, 3208.000000, 307.000000, 3179.000000, 308.000000,     small-vehicle,     1638
398.000000, 372.000000, 420.000000, 371.000000, 420.000000, 424.000000, 398.000000, 425.000000,     small-vehicle,     1643
462.000000, 337.000000, 516.000000, 335.000000, 516.000000, 382.000000, 462.000000, 384.000000,     small-vehicle,     1646
321.000000, 342.000000, 345.000000, 341.000000, 346.000000, 395.000000, 321.000000, 396.000000,     small-vehicle,     1650
2922.000000, 801.000000, 2954.000000, 799.000000, 2953.000000, 861.000000, 2922.000000, 862.000000,     small-vehicle,     1651
2202.000000, 201.000000, 2232.000000, 199.000000, 2232.000000, 263.000000, 2201.000000, 265.000000,     small-vehicle,     1656
1882.000000, 202.000000, 1910.000000, 200.000000, 1910.000000, 262.000000, 1882.000000, 263.000000,     small-vehicle,     1658
1003.000000, 659.000000, 1048.000000, 657.000000, 1048.000000, 685.000000, 1003.000000, 687.000000,     small-vehicle,     1659
2993.000000, 1060.000000, 3055.000000, 1057.000000, 3055.000000, 1089.000000, 2993.000000, 1092.000000,     small-vehicle,     1664
3172.000000, 161.000000, 3209.000000, 160.000000, 3208.000000, 222.000000, 3172.000000, 223.000000,     small-vehicle,     1665
319.000000, 276.000000, 349.000000, 274.000000, 349.000000, 331.000000, 319.000000, 333.000000,     small-vehicle,     1666
2922.000000, 868.000000, 2954.000000, 866.000000, 2954.000000, 929.000000, 2921.000000, 931.000000,     small-vehicle,     1667
515.000000, 929.000000, 573.000000, 927.000000, 573.000000, 953.000000, 515.000000, 956.000000,     small-vehicle,     1669
2520.000000, 1060.000000, 2569.000000, 1057.000000, 2569.000000, 1086.000000, 2520.000000, 1088.000000,     small-vehicle,     1671
2165.000000, 131.000000, 2192.000000, 130.000000, 2192.000000, 190.000000, 2165.000000, 191.000000,     small-vehicle,     1680
1911.000000, 166.000000, 1933.000000, 165.000000, 1933.000000, 221.000000, 1911.000000, 222.000000,     small-vehicle,     1683
1885.000000, 137.000000, 1908.000000, 136.000000, 1908.000000, 192.000000, 1884.000000, 193.000000,     small-vehicle,     1687
3199.000000, 441.000000, 3265.000000, 438.000000, 3265.000000, 469.000000, 3199.000000, 472.000000,     small-vehicle,     1688
2909.000000, 580.000000, 2938.000000, 579.000000, 2938.000000, 624.000000, 2909.000000, 625.000000,     small-vehicle,     1689
322.000000, 214.000000, 348.000000, 213.000000, 348.000000, 265.000000, 322.000000, 266.000000,     small-vehicle,     1690
451.000000, 935.000000, 513.000000, 933.000000, 513.000000, 957.000000, 451.000000, 960.000000,     small-vehicle,     1691
2421.000000, 525.000000, 2469.000000, 523.000000, 2469.000000, 543.000000, 2421.000000, 545.000000,     small-vehicle,     1693
2199.000000, 113.000000, 2226.000000, 112.000000, 2226.000000, 165.000000, 2199.000000, 166.000000,     small-vehicle,     1697
1910.000000, 84.000000, 1938.000000, 82.000000, 1937.000000, 151.000000, 1909.000000, 152.000000,     small-vehicle,     1699
2808.000000, 1038.000000, 2867.000000, 1036.000000, 2867.000000, 1063.000000, 2807.000000, 1066.000000,     small-vehicle,     1702
2196.000000, 38.000000, 2226.000000, 37.000000, 2226.000000, 89.000000, 2196.000000, 90.000000,     small-vehicle,     1705
2125.000000, -84.000000, 2178.000000, -86.000000, 2178.000000, -11.000000, 2125.000000, -8.000000,     small-vehicle,     1706
1894.000000, -19.000000, 1921.000000, -20.000000, 1921.000000, 37.000000, 1894.000000, 38.000000,     small-vehicle,     1708
1874.000000, 50.000000, 1904.000000, 48.000000, 1904.000000, 111.000000, 1874.000000, 112.000000,     small-vehicle,     1709
195.000000, 696.000000, 237.000000, 694.000000, 237.000000, 760.000000, 195.000000, 762.000000,     small-vehicle,     1710
1911.000000, 977.000000, 1944.000000, 976.000000, 1944.000000, 1026.000000, 1911.000000, 1027.000000,     small-vehicle,     1712
3346.000000, 1679.000000, 3406.000000, 1676.000000, 3406.000000, 1703.000000, 3346.000000, 1705.000000,     small-vehicle,     1714
3176.000000, -78.000000, 3205.000000, -79.000000, 3205.000000, -19.000000, 3175.000000, -18.000000,     small-vehicle,     1715
352.000000, 1837.000000, 413.000000, 1834.000000, 413.000000, 1854.000000, 352.000000, 1857.000000,     small-vehicle,     1716
2239.000000, 642.000000, 2258.000000, 641.000000, 2258.000000, 687.000000, 2239.000000, 688.000000,     small-vehicle,     1719
2679.000000, -76.000000, 2706.000000, -77.000000, 2706.000000, -17.000000, 2679.000000, -15.000000,     small-vehicle,     1727
2597.000000, -82.000000, 2627.000000, -83.000000, 2627.000000, -15.000000, 2596.000000, -14.000000,     small-vehicle,     1728
2188.000000, -106.000000, 2213.000000, -107.000000, 2213.000000, -33.000000, 2188.000000, -32.000000,     small-vehicle,     1729
2488.000000, 516.000000, 2547.000000, 514.000000, 2547.000000, 542.000000, 2488.000000, 544.000000,     small-vehicle,     1730
2719.000000, -91.000000, 2747.000000, -92.000000, 2746.000000, -30.000000, 2719.000000, -29.000000,     small-vehicle,     1731
361.000000, 716.000000, 426.000000, 713.000000, 426.000000, 747.000000, 361.000000, 750.000000,     small-vehicle,     1732
2565.000000, -75.000000, 2588.000000, -76.000000, 2587.000000, -20.000000, 2564.000000, -19.000000,     small-vehicle,     1737
3277.000000, 416.000000, 3332.000000, 414.000000, 3332.000000, 445.000000, 3277.000000, 447.000000,     small-vehicle,     1738
2763.000000, -95.000000, 2793.000000, -97.000000, 2793.000000, -38.000000, 2762.000000, -36.000000,     small-vehicle,     1739
1878.000000, -121.000000, 1907.000000, -122.000000, 1907.000000, -53.000000, 1877.000000, -51.000000,     small-vehicle,     1742
2155.000000, -142.000000, 2183.000000, -143.000000, 2183.000000, -73.000000, 2155.000000, -72.000000,     small-vehicle,     1744
329.000000, 495.000000, 369.000000, 493.000000, 369.000000, 551.000000, 329.000000, 553.000000,     small-vehicle,     1745
1421.000000, 620.000000, 1458.000000, 619.000000, 1458.000000, 638.000000, 1420.000000, 640.000000,     small-vehicle,     1747
1899.000000, -158.000000, 1945.000000, -161.000000, 1945.000000, -70.000000, 1898.000000, -68.000000,     large-vehicle,     1748
3422.000000, 1673.000000, 3494.000000, 1670.000000, 3493.000000, 1701.000000, 3421.000000, 1704.000000,     small-vehicle,     1751
506.000000, 707.000000, 553.000000, 705.000000, 553.000000, 734.000000, 506.000000, 736.000000,     small-vehicle,     1752
1857.000000, -233.000000, 1888.000000, -234.000000, 1888.000000, -170.000000, 1857.000000, -168.000000,     small-vehicle,     1760
3117.000000, 450.000000, 3176.000000, 448.000000, 3176.000000, 478.000000, 3116.000000, 480.000000,     small-vehicle,     1761
1477.000000, 612.000000, 1533.000000, 609.000000, 1533.000000, 633.000000, 1477.000000, 635.000000,     small-vehicle,     1762
3157.000000, -231.000000, 3183.000000, -233.000000, 3182.000000, -170.000000, 3156.000000, -169.000000,     small-vehicle,     1763
27.000000, -139.000000, 82.000000, -142.000000, 82.000000, -118.000000, 27.000000, -116.000000,     small-vehicle,     1765
3150.000000, -315.000000, 3185.000000, -316.000000, 3185.000000, -241.000000, 3150.000000, -240.000000,     small-vehicle,     1767
2326.000000, -5.000000, 2378.000000, -8.000000, 2377.000000, 17.000000, 2326.000000, 19.000000,     small-vehicle,     1769
1007.000000, -250.000000, 1065.000000, -252.000000, 1065.000000, -224.000000, 1006.000000, -222.000000,     small-vehicle,     1772
9.000000, -223.000000, 69.000000, -225.000000, 69.000000, -198.000000, 9.000000, -196.000000,     small-vehicle,     1773
2568.000000, 509.000000, 2625.000000, 506.000000, 2625.000000, 536.000000, 2568.000000, 539.000000,     small-vehicle,     1774
3652.000000, 398.000000, 3715.000000, 395.000000, 3715.000000, 426.000000, 3652.000000, 429.000000,     small-vehicle,     1776
1855.000000, -295.000000, 1881.000000, -296.000000, 1881.000000, -252.000000, 1855.000000, -251.000000,     small-vehicle,     1777
230.000000, -210.000000, 289.000000, -212.000000, 289.000000, -184.000000, 230.000000, -182.000000,     small-vehicle,     1779
1931.000000, 1194.000000, 1954.000000, 1193.000000, 1954.000000, 1238.000000, 1930.000000, 1239.000000,     small-vehicle,     1780
1943.000000, -188.000000, 1977.000000, -190.000000, 1977.000000, -116.000000, 1943.000000, -114.000000,     small-vehicle,     1783
3106.000000, 1689.000000, 3179.000000, 1685.000000, 3178.000000, 1712.000000, 3106.000000, 1715.000000,     small-vehicle,     1784
2124.000000, -326.000000, 2172.000000, -328.000000, 2172.000000, -263.000000, 2124.000000, -261.000000,     small-vehicle,     1785
309.000000, 394.000000, 342.000000, 393.000000, 342.000000, 457.000000, 309.000000, 459.000000,     large-vehicle,     1786
2182.000000, -307.000000, 2207.000000, -308.000000, 2207.000000, -255.000000, 2182.000000, -253.000000,     small-vehicle,     1787
2639.000000, -87.000000, 2672.000000, -88.000000, 2672.000000, -14.000000, 2639.000000, -13.000000,     large-vehicle,     1788
523.000000, -283.000000, 574.000000, -285.000000, 574.000000, -256.000000, 523.000000, -254.000000,     small-vehicle,     1790
3494.000000, 411.000000, 3559.000000, 408.000000, 3558.000000, 439.000000, 3494.000000, 442.000000,     small-vehicle,     1791
458.000000, -273.000000, 509.000000, -276.000000, 509.000000, -250.000000, 458.000000, -248.000000,     small-vehicle,     1793
3147.000000, -404.000000, 3180.000000, -405.000000, 3179.000000, -341.000000, 3147.000000, -339.000000,     small-vehicle,     1794
917.000000, -290.000000, 976.000000, -293.000000, 976.000000, -260.000000, 917.000000, -258.000000,     small-vehicle,     1795
2675.000000, 498.000000, 2732.000000, 495.000000, 2732.000000, 523.000000, 2675.000000, 525.000000,     small-vehicle,     1796
592.000000, -288.000000, 646.000000, -290.000000, 646.000000, -263.000000, 592.000000, -261.000000,     small-vehicle,     1799
2031.000000, -159.000000, 2063.000000, -160.000000, 2063.000000, -94.000000, 2031.000000, -92.000000,     small-vehicle,     1800
2362.000000, 1010.000000, 2424.000000, 1007.000000, 2424.000000, 1032.000000, 2362.000000, 1035.000000,     large-vehicle,     1801
2032.000000, -146.000000, 2064.000000, -147.000000, 2064.000000, -79.000000, 2032.000000, -77.000000,     large-vehicle,     1802
663.000000, -296.000000, 719.000000, -299.000000, 719.000000, -273.000000, 663.000000, -270.000000,     small-vehicle,     1804
850.000000, -317.000000, 905.000000, -320.000000, 905.000000, -291.000000, 850.000000, -288.000000,     small-vehicle,     1805
1976.000000, 615.000000, 1991.000000, 614.000000, 1991.000000, 647.000000, 1976.000000, 647.000000,     small-vehicle,     1806
1703.000000, -354.000000, 1761.000000, -357.000000, 1761.000000, -325.000000, 1703.000000, -323.000000,     small-vehicle,     1807
911.000000, -325.000000, 970.000000, -328.000000, 970.000000, -302.000000, 911.000000, -299.000000,     small-vehicle,     1808
728.000000, -305.000000, 778.000000, -308.000000, 778.000000, -281.000000, 728.000000, -279.000000,     small-vehicle,     1810
439.000000, 711.000000, 497.000000, 709.000000, 497.000000, 742.000000, 439.000000, 744.000000,     small-vehicle,     1813
312.000000, -314.000000, 340.000000, -316.000000, 340.000000, -261.000000, 312.000000, -259.000000,     small-vehicle,     1814
2617.000000, -197.000000, 2675.000000, -200.000000, 2675.000000, -163.000000, 2617.000000, -161.000000,     small-vehicle,     1815
991.000000, -337.000000, 1043.000000, -340.000000, 1043.000000, -306.000000, 991.000000, -304.000000,     small-vehicle,     1817
789.000000, -313.000000, 840.000000, -316.000000, 840.000000, -288.000000, 789.000000, -286.000000,     small-vehicle,     1818
2144.000000, -380.000000, 2170.000000, -381.000000, 2170.000000, -329.000000, 2144.000000, -328.000000,     small-vehicle,     1819
2191.000000, -168.000000, 2218.000000, -169.000000, 2218.000000, -127.000000, 2191.000000, -126.000000,     small-vehicle,     1820
691.000000, 685.000000, 750.000000, 682.000000, 750.000000, 711.000000, 691.000000, 714.000000,     small-vehicle,     1821
1634.000000, -424.000000, 1690.000000, -427.000000, 1690.000000, -393.000000, 1634.000000, -391.000000,     small-vehicle,     1822
624.000000, 1790.000000, 661.000000, 1788.000000, 661.000000, 1846.000000, 624.000000, 1848.000000,     small-vehicle,     1823
2761.000000, 469.000000, 2816.000000, 467.000000, 2816.000000, 492.000000, 2761.000000, 495.000000,     small-vehicle,     1824
1122.000000, -354.000000, 1177.000000, -356.000000, 1177.000000, -322.000000, 1122.000000, -319.000000,     small-vehicle,     1825
1532.000000, -407.000000, 1585.000000, -409.000000, 1585.000000, -378.000000, 1532.000000, -376.000000,     small-vehicle,     1826
1357.000000, -381.000000, 1408.000000, -383.000000, 1408.000000, -359.000000, 1357.000000, -356.000000,     small-vehicle,     1827
2395.000000, 452.000000, 2458.000000, 449.000000, 2458.000000, 479.000000, 2395.000000, 482.000000,     small-vehicle,     1828
2268.000000, 225.000000, 2285.000000, 225.000000, 2285.000000, 265.000000, 2268.000000, 266.000000,     small-vehicle,     1829
2395.000000, 432.000000, 2456.000000, 429.000000, 2456.000000, 459.000000, 2395.000000, 462.000000,     large-vehicle,     1830
1194.000000, -360.000000, 1244.000000, -362.000000, 1244.000000, -334.000000, 1194.000000, -332.000000,     small-vehicle,     1831
2360.000000, 999.000000, 2428.000000, 995.000000, 2428.000000, 1024.000000, 2360.000000, 1027.000000,     small-vehicle,     1832
1699.000000, -437.000000, 1747.000000, -439.000000, 1747.000000, -407.000000, 1699.000000, -405.000000,     small-vehicle,     1833
2032.000000, -163.000000, 2064.000000, -165.000000, 2064.000000, -97.000000, 2032.000000, -96.000000,     small-vehicle,     1834
3144.000000, -473.000000, 3173.000000, -475.000000, 3173.000000, -405.000000, 3143.000000, -404.000000,     small-vehicle,     1835
1296.000000, -377.000000, 1347.000000, -380.000000, 1347.000000, -348.000000, 1296.000000, -346.000000,     small-vehicle,     1836
