2996.000000, 2837.000000, 3048.000000, 2834.000000, 3049.000000, 2857.000000, 2998.000000, 2860.000000,     small-vehicle,     66
2156.000000, 1418.000000, 2181.000000, 1417.000000, 2182.000000, 1478.000000, 2158.000000, 1478.000000,     small-vehicle,     148
2394.000000, 3299.000000, 2426.000000, 3297.000000, 2428.000000, 3355.000000, 2396.000000, 3357.000000,     small-vehicle,     632
2068.000000, 3239.000000, 2097.000000, 3236.000000, 2099.000000, 3306.000000, 2070.000000, 3307.000000,     small-vehicle,     660
2394.000000, 3198.000000, 2424.000000, 3197.000000, 2426.000000, 3267.000000, 2396.000000, 3269.000000,     small-vehicle,     666
2060.000000, 3163.000000, 2089.000000, 3161.000000, 2091.000000, 3223.000000, 2061.000000, 3225.000000,     small-vehicle,     704
2387.000000, 3096.000000, 2418.000000, 3094.000000, 2421.000000, 3168.000000, 2389.000000, 3171.000000,     small-vehicle,     718
2345.000000, 3002.000000, 2378.000000, 2999.000000, 2381.000000, 3083.000000, 2347.000000, 3085.000000,     small-vehicle,     761
2055.000000, 3079.000000, 2086.000000, 3076.000000, 2087.000000, 3145.000000, 2057.000000, 3147.000000,     small-vehicle,     762
2041.000000, 2927.000000, 2071.000000, 2926.000000, 2073.000000, 2998.000000, 2043.000000, 3000.000000,     small-vehicle,     813
3526.000000, 2917.000000, 3553.000000, 2916.000000, 3557.000000, 2981.000000, 3530.000000, 2983.000000,     small-vehicle,     815
2576.000000, 2931.000000, 2627.000000, 2927.000000, 2629.000000, 2961.000000, 2577.000000, 2965.000000,     small-vehicle,     818
2049.000000, 2875.000000, 2073.000000, 2874.000000, 2073.000000, 2919.000000, 2051.000000, 2920.000000,     small-vehicle,     840
2026.000000, 2816.000000, 2044.000000, 2814.000000, 2045.000000, 2861.000000, 2027.000000, 2863.000000,     small-vehicle,     885
2030.000000, 2743.000000, 2052.000000, 2742.000000, 2054.000000, 2801.000000, 2031.000000, 2802.000000,     small-vehicle,     892
3527.000000, 2715.000000, 3582.000000, 2712.000000, 3584.000000, 2741.000000, 3529.000000, 2745.000000,     small-vehicle,     894
2344.000000, 2634.000000, 2378.000000, 2632.000000, 2381.000000, 2714.000000, 2347.000000, 2716.000000,     small-vehicle,     917
2323.000000, 2684.000000, 2357.000000, 2682.000000, 2360.000000, 2754.000000, 2325.000000, 2756.000000,     small-vehicle,     921
2340.000000, 2549.000000, 2368.000000, 2547.000000, 2371.000000, 2623.000000, 2342.000000, 2625.000000,     small-vehicle,     944
2017.000000, 2593.000000, 2043.000000, 2591.000000, 2045.000000, 2656.000000, 2019.000000, 2657.000000,     small-vehicle,     949
1127.000000, 2676.000000, 1192.000000, 2672.000000, 1192.000000, 2711.000000, 1127.000000, 2715.000000,     small-vehicle,     964
915.000000, 2708.000000, 978.000000, 2705.000000, 978.000000, 2741.000000, 914.000000, 2745.000000,     small-vehicle,     966
3689.000000, 2781.000000, 3739.000000, 2777.000000, 3742.000000, 2808.000000, 3691.000000, 2811.000000,     small-vehicle,     969
1306.000000, 2653.000000, 1336.000000, 2650.000000, 1336.000000, 2714.000000, 1306.000000, 2715.000000,     small-vehicle,     971
1302.000000, 2899.000000, 1341.000000, 2896.000000, 1342.000000, 2927.000000, 1302.000000, 2930.000000,     small-vehicle,     975
2010.000000, 2518.000000, 2038.000000, 2516.000000, 2039.000000, 2581.000000, 2012.000000, 2582.000000,     small-vehicle,     981
2301.000000, 2514.000000, 2332.000000, 2513.000000, 2334.000000, 2582.000000, 2304.000000, 2584.000000,     small-vehicle,     986
1049.000000, 2690.000000, 1113.000000, 2686.000000, 1113.000000, 2724.000000, 1049.000000, 2728.000000,     small-vehicle,     987
1205.000000, 2666.000000, 1269.000000, 2662.000000, 1269.000000, 2699.000000, 1205.000000, 2703.000000,     small-vehicle,     989
806.000000, 2628.000000, 876.000000, 2624.000000, 876.000000, 2662.000000, 805.000000, 2667.000000,     small-vehicle,     990
2734.000000, 2910.000000, 2786.000000, 2906.000000, 2788.000000, 2939.000000, 2734.000000, 2942.000000,     small-vehicle,     994
2036.000000, 2436.000000, 2064.000000, 2434.000000, 2064.000000, 2495.000000, 2038.000000, 2497.000000,     small-vehicle,     996
405.000000, 2683.000000, 467.000000, 2679.000000, 466.000000, 2709.000000, 405.000000, 2713.000000,     small-vehicle,     997
2008.000000, 2449.000000, 2032.000000, 2448.000000, 2034.000000, 2508.000000, 2010.000000, 2509.000000,     small-vehicle,     998
2334.000000, 2471.000000, 2365.000000, 2469.000000, 2367.000000, 2541.000000, 2336.000000, 2543.000000,     small-vehicle,     1001
1189.000000, 2571.000000, 1260.000000, 2567.000000, 1260.000000, 2604.000000, 1189.000000, 2609.000000,     small-vehicle,     1009
1024.000000, 2597.000000, 1094.000000, 2594.000000, 1094.000000, 2632.000000, 1024.000000, 2636.000000,     small-vehicle,     1012
720.000000, 2637.000000, 765.000000, 2635.000000, 764.000000, 2665.000000, 719.000000, 2668.000000,     small-vehicle,     1013
1106.000000, 2584.000000, 1171.000000, 2581.000000, 1171.000000, 2619.000000, 1106.000000, 2623.000000,     small-vehicle,     1014
2334.000000, 2413.000000, 2353.000000, 2413.000000, 2355.000000, 2455.000000, 2335.000000, 2456.000000,     small-vehicle,     1017
2131.000000, 3122.000000, 2160.000000, 3119.000000, 2161.000000, 3187.000000, 2133.000000, 3188.000000,     small-vehicle,     1032
2710.000000, 2389.000000, 2738.000000, 2386.000000, 2740.000000, 2445.000000, 2714.000000, 2447.000000,     small-vehicle,     1033
2691.000000, 2922.000000, 2730.000000, 2919.000000, 2732.000000, 2984.000000, 2694.000000, 2987.000000,     small-vehicle,     1038
2003.000000, 2365.000000, 2031.000000, 2364.000000, 2033.000000, 2427.000000, 2005.000000, 2430.000000,     small-vehicle,     1039
2287.000000, 2312.000000, 2315.000000, 2310.000000, 2317.000000, 2372.000000, 2290.000000, 2373.000000,     small-vehicle,     1056
3537.000000, 3003.000000, 3565.000000, 3001.000000, 3569.000000, 3061.000000, 3541.000000, 3064.000000,     small-vehicle,     1069
3204.000000, 2835.000000, 3253.000000, 2832.000000, 3256.000000, 2874.000000, 3207.000000, 2877.000000,     small-vehicle,     1071
565.000000, 2420.000000, 601.000000, 2417.000000, 599.000000, 2484.000000, 564.000000, 2487.000000,     small-vehicle,     1076
2246.000000, 2279.000000, 2280.000000, 2276.000000, 2282.000000, 2365.000000, 2250.000000, 2367.000000,     large-vehicle,     1078
1998.000000, 2282.000000, 2023.000000, 2281.000000, 2024.000000, 2342.000000, 1999.000000, 2344.000000,     small-vehicle,     1079
2314.000000, 2229.000000, 2338.000000, 2228.000000, 2340.000000, 2287.000000, 2315.000000, 2288.000000,     small-vehicle,     1086
2827.000000, 2367.000000, 2856.000000, 2366.000000, 2860.000000, 2436.000000, 2830.000000, 2437.000000,     small-vehicle,     1088
1305.000000, 2268.000000, 1326.000000, 2267.000000, 1326.000000, 2312.000000, 1306.000000, 2313.000000,     small-vehicle,     1104
2306.000000, 2159.000000, 2331.000000, 2158.000000, 2332.000000, 2215.000000, 2309.000000, 2216.000000,     small-vehicle,     1113
1989.000000, 2190.000000, 2015.000000, 2189.000000, 2017.000000, 2251.000000, 1990.000000, 2252.000000,     small-vehicle,     1115
1260.000000, 2237.000000, 1310.000000, 2234.000000, 1310.000000, 2264.000000, 1260.000000, 2266.000000,     small-vehicle,     1116
888.000000, 2260.000000, 943.000000, 2257.000000, 943.000000, 2293.000000, 888.000000, 2297.000000,     small-vehicle,     1121
3563.000000, 3184.000000, 3584.000000, 3182.000000, 3589.000000, 3235.000000, 3566.000000, 3238.000000,     small-vehicle,     1122
1174.000000, 2240.000000, 1230.000000, 2238.000000, 1229.000000, 2269.000000, 1173.000000, 2272.000000,     small-vehicle,     1135
818.000000, 2186.000000, 876.000000, 2184.000000, 876.000000, 2214.000000, 818.000000, 2216.000000,     small-vehicle,     1139
1980.000000, 2101.000000, 2009.000000, 2100.000000, 2011.000000, 2161.000000, 1981.000000, 2163.000000,     small-vehicle,     1140
2008.000000, 2070.000000, 2057.000000, 2068.000000, 2061.000000, 2200.000000, 2011.000000, 2204.000000,     large-vehicle,     1141
2272.000000, 2108.000000, 2298.000000, 2107.000000, 2300.000000, 2164.000000, 2273.000000, 2165.000000,     small-vehicle,     1142
1001.000000, 2248.000000, 1055.000000, 2246.000000, 1055.000000, 2281.000000, 1001.000000, 2283.000000,     small-vehicle,     1144
2906.000000, 2880.000000, 2965.000000, 2876.000000, 2967.000000, 2913.000000, 2908.000000, 2917.000000,     small-vehicle,     1151
1221.000000, 2158.000000, 1288.000000, 2155.000000, 1288.000000, 2183.000000, 1221.000000, 2186.000000,     small-vehicle,     1155
658.000000, 2202.000000, 709.000000, 2199.000000, 708.000000, 2227.000000, 658.000000, 2230.000000,     small-vehicle,     1156
720.000000, 2197.000000, 775.000000, 2195.000000, 775.000000, 2225.000000, 719.000000, 2227.000000,     small-vehicle,     1157
1046.000000, 2168.000000, 1107.000000, 2166.000000, 1107.000000, 2193.000000, 1046.000000, 2196.000000,     small-vehicle,     1159
3120.000000, 2855.000000, 3175.000000, 2851.000000, 3176.000000, 2884.000000, 3122.000000, 2887.000000,     small-vehicle,     1164
1977.000000, 2022.000000, 2007.000000, 2020.000000, 2009.000000, 2085.000000, 1979.000000, 2086.000000,     small-vehicle,     1168
2266.000000, 2007.000000, 2296.000000, 2007.000000, 2297.000000, 2074.000000, 2268.000000, 2075.000000,     small-vehicle,     1175
1310.000000, 2089.000000, 1334.000000, 2088.000000, 1335.000000, 2142.000000, 1310.000000, 2144.000000,     small-vehicle,     1179
3528.000000, 2797.000000, 3583.000000, 2793.000000, 3584.000000, 2825.000000, 3531.000000, 2829.000000,     small-vehicle,     1182
3046.000000, 2863.000000, 3104.000000, 2859.000000, 3105.000000, 2896.000000, 3049.000000, 2899.000000,     small-vehicle,     1192
560.000000, 2018.000000, 585.000000, 2016.000000, 584.000000, 2071.000000, 559.000000, 2072.000000,     small-vehicle,     1202
1995.000000, 1907.000000, 2027.000000, 1906.000000, 2029.000000, 1974.000000, 1997.000000, 1975.000000,     small-vehicle,     1205
1967.000000, 1840.000000, 1997.000000, 1839.000000, 1998.000000, 1907.000000, 1968.000000, 1908.000000,     small-vehicle,     1211
2675.000000, 1844.000000, 2723.000000, 1842.000000, 2724.000000, 1863.000000, 2676.000000, 1865.000000,     small-vehicle,     1212
2474.000000, 1863.000000, 2538.000000, 1860.000000, 2540.000000, 1893.000000, 2474.000000, 1896.000000,     small-vehicle,     1214
2417.000000, 1876.000000, 2468.000000, 1874.000000, 2468.000000, 1899.000000, 2418.000000, 1902.000000,     small-vehicle,     1216
2610.000000, 1850.000000, 2664.000000, 1848.000000, 2664.000000, 1872.000000, 2612.000000, 1875.000000,     small-vehicle,     1217
2249.000000, 1830.000000, 2279.000000, 1828.000000, 2280.000000, 1889.000000, 2251.000000, 1890.000000,     small-vehicle,     1232
1966.000000, 1765.000000, 1998.000000, 1764.000000, 2000.000000, 1824.000000, 1968.000000, 1826.000000,     small-vehicle,     1236
2109.000000, 2758.000000, 2137.000000, 2756.000000, 2139.000000, 2826.000000, 2110.000000, 2827.000000,     small-vehicle,     1241
1948.000000, 1774.000000, 1975.000000, 1773.000000, 1976.000000, 1836.000000, 1950.000000, 1837.000000,     small-vehicle,     1245
3377.000000, 1752.000000, 3432.000000, 1749.000000, 3435.000000, 1778.000000, 3378.000000, 1779.000000,     small-vehicle,     1248
3448.000000, 1744.000000, 3509.000000, 1741.000000, 3511.000000, 1770.000000, 3450.000000, 1772.000000,     small-vehicle,     1249
1298.000000, 1789.000000, 1325.000000, 1788.000000, 1324.000000, 1856.000000, 1298.000000, 1857.000000,     small-vehicle,     1250
3577.000000, 1729.000000, 3633.000000, 1727.000000, 3636.000000, 1751.000000, 3579.000000, 1754.000000,     small-vehicle,     1251
1953.000000, 1686.000000, 1982.000000, 1686.000000, 1983.000000, 1754.000000, 1954.000000, 1754.000000,     small-vehicle,     1254
2242.000000, 1647.000000, 2278.000000, 1647.000000, 2280.000000, 1715.000000, 2245.000000, 1716.000000,     small-vehicle,     1257
2265.000000, 1725.000000, 2300.000000, 1723.000000, 2303.000000, 1797.000000, 2268.000000, 1798.000000,     small-vehicle,     1258
3659.000000, 1719.000000, 3709.000000, 1717.000000, 3712.000000, 1747.000000, 3662.000000, 1749.000000,     small-vehicle,     1260
319.000000, 2784.000000, 390.000000, 2779.000000, 389.000000, 2813.000000, 318.000000, 2818.000000,     small-vehicle,     1271
1293.000000, 1675.000000, 1322.000000, 1674.000000, 1322.000000, 1740.000000, 1293.000000, 1741.000000,     small-vehicle,     1273
2224.000000, 1558.000000, 2246.000000, 1557.000000, 2248.000000, 1611.000000, 2225.000000, 1612.000000,     small-vehicle,     1277
1945.000000, 1600.000000, 1976.000000, 1600.000000, 1977.000000, 1668.000000, 1947.000000, 1669.000000,     small-vehicle,     1282
1102.000000, 2250.000000, 1162.000000, 2247.000000, 1162.000000, 2277.000000, 1102.000000, 2280.000000,     small-vehicle,     1284
2294.000000, 2899.000000, 2325.000000, 2896.000000, 2328.000000, 2974.000000, 2296.000000, 2977.000000,     small-vehicle,     1290
1938.000000, 1521.000000, 1970.000000, 1520.000000, 1971.000000, 1580.000000, 1939.000000, 1580.000000,     small-vehicle,     1292
1288.000000, 1597.000000, 1308.000000, 1596.000000, 1308.000000, 1635.000000, 1288.000000, 1636.000000,     small-vehicle,     1293
684.000000, 2737.000000, 750.000000, 2734.000000, 749.000000, 2769.000000, 684.000000, 2773.000000,     small-vehicle,     1294
829.000000, 2717.000000, 899.000000, 2713.000000, 899.000000, 2747.000000, 829.000000, 2751.000000,     small-vehicle,     1295
2251.000000, 1507.000000, 2277.000000, 1506.000000, 2279.000000, 1568.000000, 2253.000000, 1569.000000,     small-vehicle,     1298
2066.000000, 2080.000000, 2094.000000, 2079.000000, 2095.000000, 2155.000000, 2069.000000, 2156.000000,     small-vehicle,     1302
2441.000000, 1948.000000, 2503.000000, 1946.000000, 2504.000000, 1979.000000, 2443.000000, 1982.000000,     small-vehicle,     1303
2469.000000, 2422.000000, 2491.000000, 2420.000000, 2492.000000, 2472.000000, 2471.000000, 2473.000000,     small-vehicle,     1306
780.000000, 2268.000000, 848.000000, 2265.000000, 848.000000, 2301.000000, 780.000000, 2305.000000,     small-vehicle,     1307
1934.000000, 1443.000000, 1961.000000, 1442.000000, 1963.000000, 1502.000000, 1935.000000, 1504.000000,     small-vehicle,     1309
1283.000000, 1460.000000, 1305.000000, 1460.000000, 1305.000000, 1514.000000, 1283.000000, 1515.000000,     small-vehicle,     1312
2319.000000, 2308.000000, 2348.000000, 2307.000000, 2350.000000, 2360.000000, 2321.000000, 2361.000000,     small-vehicle,     1314
3431.000000, 1831.000000, 3492.000000, 1828.000000, 3494.000000, 1861.000000, 3434.000000, 1863.000000,     large-vehicle,     1317
757.000000, 2732.000000, 817.000000, 2729.000000, 817.000000, 2759.000000, 756.000000, 2763.000000,     small-vehicle,     1318
1814.000000, 2656.000000, 1885.000000, 2651.000000, 1886.000000, 2689.000000, 1814.000000, 2694.000000,     small-vehicle,     1320
1277.000000, 1375.000000, 1305.000000, 1373.000000, 1304.000000, 1433.000000, 1277.000000, 1433.000000,     small-vehicle,     1330
713.000000, 2280.000000, 755.000000, 2279.000000, 755.000000, 2304.000000, 713.000000, 2306.000000,     small-vehicle,     1331
1273.000000, 1304.000000, 1302.000000, 1304.000000, 1303.000000, 1368.000000, 1273.000000, 1370.000000,     small-vehicle,     1333
1923.000000, 1278.000000, 1950.000000, 1278.000000, 1952.000000, 1335.000000, 1924.000000, 1336.000000,     small-vehicle,     1337
2205.000000, 1218.000000, 2228.000000, 1217.000000, 2231.000000, 1280.000000, 2207.000000, 1280.000000,     small-vehicle,     1342
2720.000000, 1920.000000, 2779.000000, 1917.000000, 2780.000000, 1949.000000, 2722.000000, 1951.000000,     small-vehicle,     1347
1269.000000, 1240.000000, 1295.000000, 1239.000000, 1295.000000, 1294.000000, 1269.000000, 1294.000000,     small-vehicle,     1348
3329.000000, 2830.000000, 3382.000000, 2827.000000, 3384.000000, 2855.000000, 3331.000000, 2859.000000,     small-vehicle,     1356
1939.000000, 1151.000000, 1968.000000, 1149.000000, 1969.000000, 1202.000000, 1940.000000, 1203.000000,     small-vehicle,     1360
2195.000000, 1149.000000, 2224.000000, 1148.000000, 2226.000000, 1211.000000, 2196.000000, 1212.000000,     small-vehicle,     1361
1359.000000, 1080.000000, 1410.000000, 1080.000000, 1409.000000, 1109.000000, 1359.000000, 1111.000000,     small-vehicle,     1364
536.000000, 1170.000000, 585.000000, 1169.000000, 584.000000, 1202.000000, 535.000000, 1203.000000,     small-vehicle,     1369
169.000000, 1104.000000, 226.000000, 1103.000000, 225.000000, 1137.000000, 169.000000, 1138.000000,     small-vehicle,     1373
408.000000, 1105.000000, 468.000000, 1104.000000, 468.000000, 1129.000000, 407.000000, 1131.000000,     small-vehicle,     1375
329.000000, 1103.000000, 396.000000, 1103.000000, 395.000000, 1135.000000, 328.000000, 1136.000000,     small-vehicle,     1377
1101.000000, 1088.000000, 1147.000000, 1087.000000, 1147.000000, 1111.000000, 1101.000000, 1112.000000,     small-vehicle,     1378
1358.000000, 1145.000000, 1420.000000, 1143.000000, 1420.000000, 1171.000000, 1358.000000, 1172.000000,     small-vehicle,     1379
3581.000000, 1824.000000, 3633.000000, 1822.000000, 3634.000000, 1845.000000, 3583.000000, 1847.000000,     small-vehicle,     1381
1179.000000, 1087.000000, 1228.000000, 1086.000000, 1228.000000, 1110.000000, 1179.000000, 1111.000000,     small-vehicle,     1384
954.000000, 1091.000000, 1002.000000, 1090.000000, 1002.000000, 1114.000000, 953.000000, 1115.000000,     small-vehicle,     1385
1029.000000, 1087.000000, 1072.000000, 1086.000000, 1071.000000, 1114.000000, 1029.000000, 1115.000000,     small-vehicle,     1386
1230.000000, 1075.000000, 1293.000000, 1074.000000, 1293.000000, 1116.000000, 1230.000000, 1118.000000,     small-vehicle,     1387
1483.000000, 1084.000000, 1540.000000, 1083.000000, 1541.000000, 1111.000000, 1483.000000, 1113.000000,     small-vehicle,     1388
476.000000, 1097.000000, 526.000000, 1097.000000, 525.000000, 1125.000000, 475.000000, 1126.000000,     small-vehicle,     1389
1558.000000, 1075.000000, 1599.000000, 1074.000000, 1600.000000, 1096.000000, 1558.000000, 1096.000000,     small-vehicle,     1390
1303.000000, 2328.000000, 1333.000000, 2326.000000, 1333.000000, 2405.000000, 1303.000000, 2406.000000,     small-vehicle,     1392
106.000000, 1092.000000, 164.000000, 1092.000000, 164.000000, 1129.000000, 104.000000, 1131.000000,     small-vehicle,     1395
2716.000000, 1002.000000, 2779.000000, 1001.000000, 2781.000000, 1030.000000, 2718.000000, 1032.000000,     small-vehicle,     1397
3085.000000, 1877.000000, 3135.000000, 1875.000000, 3136.000000, 1904.000000, 3087.000000, 1906.000000,     small-vehicle,     1398
1265.000000, 1009.000000, 1291.000000, 1009.000000, 1291.000000, 1070.000000, 1264.000000, 1070.000000,     small-vehicle,     1399
1678.000000, 1108.000000, 1738.000000, 1108.000000, 1738.000000, 1136.000000, 1679.000000, 1138.000000,     small-vehicle,     1400
2457.000000, 1034.000000, 2505.000000, 1033.000000, 2506.000000, 1061.000000, 2459.000000, 1061.000000,     small-vehicle,     1401
3518.000000, 1827.000000, 3574.000000, 1825.000000, 3576.000000, 1850.000000, 3520.000000, 1852.000000,     small-vehicle,     1402
2390.000000, 1037.000000, 2445.000000, 1035.000000, 2446.000000, 1063.000000, 2391.000000, 1064.000000,     small-vehicle,     1403
1970.000000, 1926.000000, 1998.000000, 1925.000000, 2000.000000, 1991.000000, 1972.000000, 1992.000000,     small-vehicle,     1404
2589.000000, 1022.000000, 2643.000000, 1022.000000, 2644.000000, 1048.000000, 2590.000000, 1049.000000,     small-vehicle,     1405
1814.000000, 2646.000000, 1885.000000, 2642.000000, 1886.000000, 2680.000000, 1813.000000, 2684.000000,     large-vehicle,     1406
2524.000000, 1027.000000, 2580.000000, 1027.000000, 2581.000000, 1056.000000, 2525.000000, 1056.000000,     small-vehicle,     1407
3055.000000, 987.000000, 3115.000000, 986.000000, 3117.000000, 1008.000000, 3056.000000, 1010.000000,     small-vehicle,     1409
3232.000000, 970.000000, 3280.000000, 969.000000, 3282.000000, 1001.000000, 3234.000000, 1002.000000,     small-vehicle,     1410
2367.000000, 2740.000000, 2390.000000, 2738.000000, 2392.000000, 2790.000000, 2368.000000, 2791.000000,     small-vehicle,     1411
2886.000000, 993.000000, 2946.000000, 992.000000, 2947.000000, 1021.000000, 2887.000000, 1022.000000,     small-vehicle,     1412
478.000000, 2684.000000, 537.000000, 2681.000000, 536.000000, 2710.000000, 477.000000, 2713.000000,     small-vehicle,     1414
1901.000000, 1527.000000, 1927.000000, 1526.000000, 1930.000000, 1619.000000, 1903.000000, 1620.000000,     large-vehicle,     1415
2695.000000, 1090.000000, 2740.000000, 1089.000000, 2742.000000, 1116.000000, 2697.000000, 1118.000000,     small-vehicle,     1416
3519.000000, 2849.000000, 3544.000000, 2848.000000, 3548.000000, 2906.000000, 3524.000000, 2909.000000,     small-vehicle,     1417
2958.000000, 982.000000, 3021.000000, 982.000000, 3023.000000, 1019.000000, 2959.000000, 1020.000000,     small-vehicle,     1418
2749.000000, 958.000000, 2815.000000, 957.000000, 2816.000000, 973.000000, 2750.000000, 975.000000,     large-vehicle,     1419
3356.000000, 959.000000, 3416.000000, 959.000000, 3418.000000, 991.000000, 3357.000000, 991.000000,     small-vehicle,     1420
1815.000000, 2656.000000, 1885.000000, 2651.000000, 1886.000000, 2690.000000, 1815.000000, 2695.000000,     large-vehicle,     1421
3288.000000, 960.000000, 3346.000000, 959.000000, 3348.000000, 996.000000, 3291.000000, 996.000000,     small-vehicle,     1422
1432.000000, 1144.000000, 1463.000000, 1143.000000, 1463.000000, 1165.000000, 1432.000000, 1165.000000,     small-vehicle,     1423
1923.000000, 955.000000, 1950.000000, 955.000000, 1951.000000, 1001.000000, 1924.000000, 1001.000000,     small-vehicle,     1424
1972.000000, 1985.000000, 2000.000000, 1983.000000, 2001.000000, 2009.000000, 1973.000000, 2010.000000,     small-vehicle,     1425
