2175.000000, 1218.000000, 2240.000000, 1218.000000, 2240.000000, 1280.000000, 2175.000000, 1280.000000,   small-vehicle,   1290
1960.000000, 1343.000000, 1986.000000, 1343.000000, 1986.000000, 1384.000000, 1960.000000, 1384.000000,   small-vehicle,   1549
2273.000000, 1318.000000, 2305.000000, 1318.000000, 2305.000000, 1373.000000, 2273.000000, 1373.000000,   small-vehicle,   1552
1284.000000, 1289.000000, 1310.000000, 1289.000000, 1310.000000, 1349.000000, 1284.000000, 1349.000000,   small-vehicle,   1554
1946.000000, 1268.000000, 1973.000000, 1268.000000, 1973.000000, 1319.000000, 1946.000000, 1319.000000,   small-vehicle,   1562
1973.000000, 1223.000000, 1998.000000, 1223.000000, 1998.000000, 1271.000000, 1973.000000, 1271.000000,   small-vehicle,   1566
2237.000000, 1221.000000, 2271.000000, 1221.000000, 2271.000000, 1286.000000, 2237.000000, 1286.000000,   small-vehicle,   1571
439.000000, 1174.000000, 497.000000, 1174.000000, 497.000000, 1204.000000, 439.000000, 1204.000000,   small-vehicle,   1575
511.000000, 1182.000000, 561.000000, 1182.000000, 561.000000, 1210.000000, 511.000000, 1210.000000,   small-vehicle,   1578
376.000000, 1118.000000, 424.000000, 1118.000000, 424.000000, 1165.000000, 376.000000, 1165.000000,   small-vehicle,   1594
1960.000000, 1066.000000, 1989.000000, 1066.000000, 1989.000000, 1115.000000, 1960.000000, 1115.000000,   small-vehicle,   1602
2924.000000, 1062.000000, 2997.000000, 1062.000000, 2997.000000, 1093.000000, 2924.000000, 1093.000000,   small-vehicle,   1614
320.000000, 1034.000000, 369.000000, 1034.000000, 369.000000, 1093.000000, 320.000000, 1093.000000,   small-vehicle,   1615
2232.000000, 1040.000000, 2257.000000, 1040.000000, 2257.000000, 1094.000000, 2232.000000, 1094.000000,   small-vehicle,   1623
3421.000000, 1045.000000, 3470.000000, 1045.000000, 3470.000000, 1063.000000, 3421.000000, 1063.000000,   small-vehicle,   1631
85.000000, 1090.000000, 140.000000, 1090.000000, 140.000000, 1130.000000, 85.000000, 1130.000000,   small-vehicle,   1632
2224.000000, 970.000000, 2257.000000, 970.000000, 2257.000000, 1035.000000, 2224.000000, 1035.000000,   small-vehicle,   1633
1928.000000, 900.000000, 1956.000000, 900.000000, 1956.000000, 956.000000, 1928.000000, 956.000000,   small-vehicle,   1637
3228.000000, 931.000000, 3261.000000, 931.000000, 3261.000000, 992.000000, 3228.000000, 992.000000,   small-vehicle,   1638
432.000000, 914.000000, 465.000000, 914.000000, 465.000000, 983.000000, 432.000000, 983.000000,   small-vehicle,   1643
358.000000, 894.000000, 386.000000, 894.000000, 386.000000, 946.000000, 358.000000, 946.000000,   small-vehicle,   1650
2246.000000, 846.000000, 2278.000000, 846.000000, 2278.000000, 906.000000, 2246.000000, 906.000000,   small-vehicle,   1656
1923.000000, 830.000000, 1954.000000, 830.000000, 1954.000000, 887.000000, 1923.000000, 887.000000,   small-vehicle,   1658
1041.000000, 1222.000000, 1089.000000, 1222.000000, 1089.000000, 1252.000000, 1041.000000, 1252.000000,   small-vehicle,   1659
3223.000000, 853.000000, 3260.000000, 853.000000, 3260.000000, 910.000000, 3223.000000, 910.000000,   small-vehicle,   1665
358.000000, 835.000000, 387.000000, 835.000000, 387.000000, 888.000000, 358.000000, 888.000000,   small-vehicle,   1666
2208.000000, 778.000000, 2236.000000, 778.000000, 2236.000000, 835.000000, 2208.000000, 835.000000,   small-vehicle,   1680
1951.000000, 801.000000, 1978.000000, 801.000000, 1978.000000, 851.000000, 1951.000000, 851.000000,   small-vehicle,   1683
1925.000000, 773.000000, 1951.000000, 773.000000, 1951.000000, 822.000000, 1925.000000, 822.000000,   small-vehicle,   1687
3252.000000, 1118.000000, 3319.000000, 1118.000000, 3319.000000, 1148.000000, 3252.000000, 1148.000000,   small-vehicle,   1688
2962.000000, 1233.000000, 2991.000000, 1233.000000, 2991.000000, 1278.000000, 2962.000000, 1278.000000,   small-vehicle,   1689
2467.000000, 1160.000000, 2519.000000, 1160.000000, 2519.000000, 1181.000000, 2467.000000, 1181.000000,   small-vehicle,   1693
2243.000000, 763.000000, 2269.000000, 763.000000, 2269.000000, 814.000000, 2243.000000, 814.000000,   small-vehicle,   1697
1951.000000, 724.000000, 1981.000000, 724.000000, 1981.000000, 787.000000, 1951.000000, 787.000000,   small-vehicle,   1699
2243.000000, 690.000000, 2268.000000, 690.000000, 2268.000000, 738.000000, 2243.000000, 738.000000,   small-vehicle,   1705
2154.000000, 482.000000, 2182.000000, 482.000000, 2182.000000, 550.000000, 2154.000000, 550.000000,   small-vehicle,   1706
1935.000000, 628.000000, 1964.000000, 628.000000, 1964.000000, 679.000000, 1935.000000, 679.000000,   small-vehicle,   1708
1916.000000, 690.000000, 1946.000000, 690.000000, 1946.000000, 748.000000, 1916.000000, 748.000000,   small-vehicle,   1709
232.000000, 1222.000000, 277.000000, 1222.000000, 277.000000, 1286.000000, 232.000000, 1286.000000,   small-vehicle,   1710
3220.000000, 627.000000, 3254.000000, 627.000000, 3254.000000, 686.000000, 3220.000000, 686.000000,   small-vehicle,   1715
2283.000000, 1256.000000, 2306.000000, 1256.000000, 2306.000000, 1306.000000, 2283.000000, 1306.000000,   small-vehicle,   1719
2724.000000, 606.000000, 2752.000000, 606.000000, 2752.000000, 667.000000, 2724.000000, 667.000000,   small-vehicle,   1727
2641.000000, 597.000000, 2675.000000, 597.000000, 2675.000000, 664.000000, 2641.000000, 664.000000,   small-vehicle,   1728
2230.000000, 562.000000, 2257.000000, 562.000000, 2257.000000, 623.000000, 2230.000000, 623.000000,   small-vehicle,   1729
2536.000000, 1152.000000, 2593.000000, 1152.000000, 2593.000000, 1184.000000, 2536.000000, 1184.000000,   small-vehicle,   1730
2762.000000, 595.000000, 2794.000000, 595.000000, 2794.000000, 656.000000, 2762.000000, 656.000000,   small-vehicle,   1731
2808.000000, 590.000000, 2838.000000, 590.000000, 2838.000000, 653.000000, 2808.000000, 653.000000,   small-vehicle,   1739
1918.000000, 533.000000, 1948.000000, 533.000000, 1948.000000, 593.000000, 1918.000000, 593.000000,   small-vehicle,   1742
2198.000000, 524.000000, 2226.000000, 524.000000, 2226.000000, 588.000000, 2198.000000, 588.000000,   small-vehicle,   1744
1457.000000, 1207.000000, 1505.000000, 1207.000000, 1505.000000, 1224.000000, 1457.000000, 1224.000000,   small-vehicle,   1747
1897.000000, 420.000000, 1930.000000, 420.000000, 1930.000000, 485.000000, 1897.000000, 485.000000,   small-vehicle,   1760
3168.000000, 1121.000000, 3232.000000, 1121.000000, 3232.000000, 1149.000000, 3168.000000, 1149.000000,   small-vehicle,   1761
1521.000000, 1199.000000, 1575.000000, 1199.000000, 1575.000000, 1223.000000, 1521.000000, 1223.000000,   small-vehicle,   1762
3203.000000, 486.000000, 3231.000000, 486.000000, 3231.000000, 546.000000, 3203.000000, 546.000000,   small-vehicle,   1763
65.000000, 431.000000, 122.000000, 431.000000, 122.000000, 457.000000, 65.000000, 457.000000,   small-vehicle,   1765
3197.000000, 409.000000, 3229.000000, 409.000000, 3229.000000, 476.000000, 3197.000000, 476.000000,   small-vehicle,   1767
2371.000000, 657.000000, 2422.000000, 657.000000, 2422.000000, 681.000000, 2371.000000, 681.000000,   small-vehicle,   1769
1046.000000, 371.000000, 1105.000000, 371.000000, 1105.000000, 397.000000, 1046.000000, 397.000000,   small-vehicle,   1772
46.000000, 353.000000, 110.000000, 353.000000, 110.000000, 383.000000, 46.000000, 383.000000,   small-vehicle,   1773
1895.000000, 365.000000, 1922.000000, 365.000000, 1922.000000, 410.000000, 1895.000000, 410.000000,   small-vehicle,   1777
2151.000000, 307.000000, 2178.000000, 307.000000, 2178.000000, 360.000000, 2151.000000, 360.000000,   small-vehicle,   1785
2221.000000, 366.000000, 2250.000000, 366.000000, 2250.000000, 420.000000, 2221.000000, 420.000000,   small-vehicle,   1787
562.000000, 320.000000, 613.000000, 320.000000, 613.000000, 346.000000, 562.000000, 346.000000,   small-vehicle,   1790
3551.000000, 1110.000000, 3614.000000, 1110.000000, 3614.000000, 1133.000000, 3551.000000, 1133.000000,   small-vehicle,   1791
499.000000, 326.000000, 550.000000, 326.000000, 550.000000, 351.000000, 499.000000, 351.000000,   small-vehicle,   1793
3194.000000, 326.000000, 3225.000000, 326.000000, 3225.000000, 383.000000, 3194.000000, 383.000000,   small-vehicle,   1794
695.000000, 346.000000, 757.000000, 346.000000, 757.000000, 378.000000, 695.000000, 378.000000,   small-vehicle,   1795
631.000000, 319.000000, 686.000000, 319.000000, 686.000000, 342.000000, 631.000000, 342.000000,   small-vehicle,   1799
701.000000, 312.000000, 758.000000, 312.000000, 758.000000, 336.000000, 701.000000, 336.000000,   small-vehicle,   1804
891.000000, 302.000000, 943.000000, 302.000000, 943.000000, 329.000000, 891.000000, 329.000000,   small-vehicle,   1805
1742.000000, 305.000000, 1800.000000, 305.000000, 1800.000000, 339.000000, 1742.000000, 339.000000,   small-vehicle,   1807
949.000000, 296.000000, 1007.000000, 296.000000, 1007.000000, 322.000000, 949.000000, 322.000000,   small-vehicle,   1808
766.000000, 308.000000, 817.000000, 308.000000, 817.000000, 333.000000, 766.000000, 333.000000,   small-vehicle,   1810
480.000000, 1247.000000, 537.000000, 1247.000000, 537.000000, 1279.000000, 480.000000, 1279.000000,   small-vehicle,   1813
350.000000, 281.000000, 379.000000, 281.000000, 379.000000, 337.000000, 350.000000, 337.000000,   small-vehicle,   1814
1030.000000, 291.000000, 1081.000000, 291.000000, 1081.000000, 316.000000, 1030.000000, 316.000000,   small-vehicle,   1817
828.000000, 304.000000, 879.000000, 304.000000, 879.000000, 330.000000, 828.000000, 330.000000,   small-vehicle,   1818
2185.000000, 300.000000, 2214.000000, 300.000000, 2214.000000, 354.000000, 2185.000000, 354.000000,   small-vehicle,   1819
1675.000000, 238.000000, 1730.000000, 238.000000, 1730.000000, 267.000000, 1675.000000, 267.000000,   small-vehicle,   1822
1162.000000, 280.000000, 1220.000000, 280.000000, 1220.000000, 311.000000, 1162.000000, 311.000000,   small-vehicle,   1825
1571.000000, 250.000000, 1627.000000, 250.000000, 1627.000000, 276.000000, 1571.000000, 276.000000,   small-vehicle,   1826
1397.000000, 265.000000, 1447.000000, 265.000000, 1447.000000, 288.000000, 1397.000000, 288.000000,   small-vehicle,   1827
1236.000000, 276.000000, 1283.000000, 276.000000, 1283.000000, 303.000000, 1236.000000, 303.000000,   small-vehicle,   1831
1739.000000, 232.000000, 1789.000000, 232.000000, 1789.000000, 259.000000, 1739.000000, 259.000000,   small-vehicle,   1833
3191.000000, 266.000000, 3217.000000, 266.000000, 3217.000000, 325.000000, 3191.000000, 325.000000,   small-vehicle,   1835
1339.000000, 268.000000, 1384.000000, 268.000000, 1384.000000, 293.000000, 1339.000000, 293.000000,   small-vehicle,   1836
2960.000000, 1280.000000, 2994.000000, 1280.000000, 2994.000000, 1336.000000, 2960.000000, 1336.000000,   small-vehicle,   1837
1798.000000, 227.000000, 1851.000000, 227.000000, 1851.000000, 252.000000, 1798.000000, 252.000000,   small-vehicle,   1838
432.000000, 992.000000, 458.000000, 992.000000, 458.000000, 1035.000000, 432.000000, 1035.000000,   small-vehicle,   1839
351.000000, 219.000000, 378.000000, 219.000000, 378.000000, 270.000000, 351.000000, 270.000000,   small-vehicle,   1845
3144.000000, 533.000000, 3166.000000, 533.000000, 3166.000000, 580.000000, 3144.000000, 580.000000,   small-vehicle,   1850
2532.000000, 176.000000, 2585.000000, 176.000000, 2585.000000, 201.000000, 2532.000000, 201.000000,   small-vehicle,   1856
2477.000000, 180.000000, 2527.000000, 180.000000, 2527.000000, 207.000000, 2477.000000, 207.000000,   small-vehicle,   1858
2394.000000, 186.000000, 2463.000000, 186.000000, 2463.000000, 213.000000, 2394.000000, 213.000000,   small-vehicle,   1859
1770.000000, 174.000000, 1829.000000, 174.000000, 1829.000000, 200.000000, 1770.000000, 200.000000,   small-vehicle,   1860
409.000000, 1031.000000, 455.000000, 1031.000000, 455.000000, 1085.000000, 409.000000, 1085.000000,   small-vehicle,   1864
1968.000000, 287.000000, 1997.000000, 287.000000, 1997.000000, 356.000000, 1968.000000, 356.000000,   small-vehicle,   1866
353.000000, 131.000000, 377.000000, 131.000000, 377.000000, 180.000000, 353.000000, 180.000000,   small-vehicle,   1868
2961.000000, 142.000000, 3015.000000, 142.000000, 3015.000000, 168.000000, 2961.000000, 168.000000,   small-vehicle,   1869
3041.000000, 142.000000, 3100.000000, 142.000000, 3100.000000, 170.000000, 3041.000000, 170.000000,   small-vehicle,   1872
2830.000000, 157.000000, 2882.000000, 157.000000, 2882.000000, 181.000000, 2830.000000, 181.000000,   small-vehicle,   1874
2208.000000, 79.000000, 2236.000000, 79.000000, 2236.000000, 135.000000, 2208.000000, 135.000000,   small-vehicle,   1875
224.000000, 421.000000, 285.000000, 421.000000, 285.000000, 446.000000, 224.000000, 446.000000,   small-vehicle,   1876
349.000000, 72.000000, 373.000000, 72.000000, 373.000000, 116.000000, 349.000000, 116.000000,   small-vehicle,   1878
300.000000, 1250.000000, 347.000000, 1250.000000, 347.000000, 1308.000000, 300.000000, 1308.000000,   small-vehicle,   1888
2234.000000, 510.000000, 2262.000000, 510.000000, 2262.000000, 553.000000, 2234.000000, 553.000000,   small-vehicle,   1889
1949.000000, 84.000000, 1978.000000, 84.000000, 1978.000000, 138.000000, 1949.000000, 138.000000,   small-vehicle,   1893
982.000000, 374.000000, 1030.000000, 374.000000, 1030.000000, 397.000000, 982.000000, 397.000000,   small-vehicle,   1895
1901.000000, -42.000000, 1929.000000, -42.000000, 1929.000000, 10.000000, 1901.000000, 10.000000,   small-vehicle,   1900
1876.000000, -10.000000, 1905.000000, -10.000000, 1905.000000, 43.000000, 1876.000000, 43.000000,   small-vehicle,   1902
265.000000, 349.000000, 314.000000, 349.000000, 314.000000, 373.000000, 265.000000, 373.000000,   small-vehicle,   1909
2351.000000, 233.000000, 2402.000000, 233.000000, 2402.000000, 258.000000, 2351.000000, 258.000000,   small-vehicle,   1918
2193.000000, -84.000000, 2223.000000, -84.000000, 2223.000000, -30.000000, 2193.000000, -30.000000,   small-vehicle,   1921
-7.000000, 413.000000, 51.000000, 413.000000, 51.000000, 439.000000, -7.000000, 439.000000,   small-vehicle,   1922
183.000000, 1321.000000, 227.000000, 1321.000000, 227.000000, 1375.000000, 183.000000, 1375.000000,   small-vehicle,   1927
1987.000000, 671.000000, 2016.000000, 671.000000, 2016.000000, 725.000000, 1987.000000, 725.000000,   small-vehicle,   1936
1869.000000, -124.000000, 1892.000000, -124.000000, 1892.000000, -86.000000, 1869.000000, -86.000000,   small-vehicle,   1941
2191.000000, -170.000000, 2217.000000, -170.000000, 2217.000000, -110.000000, 2191.000000, -110.000000,   small-vehicle,   1945
908.000000, 361.000000, 960.000000, 361.000000, 960.000000, 384.000000, 908.000000, 384.000000,   small-vehicle,   1950
1894.000000, -177.000000, 1919.000000, -177.000000, 1919.000000, -114.000000, 1894.000000, -114.000000,   small-vehicle,   1952
2815.000000, 238.000000, 2881.000000, 238.000000, 2881.000000, 262.000000, 2815.000000, 262.000000,   small-vehicle,   1954
1905.000000, 590.000000, 1926.000000, 590.000000, 1926.000000, 632.000000, 1905.000000, 632.000000,   small-vehicle,   1955
280.000000, 392.000000, 334.000000, 392.000000, 334.000000, 419.000000, 280.000000, 419.000000,   small-vehicle,   1966
1863.000000, -217.000000, 1890.000000, -217.000000, 1890.000000, -161.000000, 1863.000000, -161.000000,   small-vehicle,   1967
3092.000000, -200.000000, 3123.000000, -200.000000, 3123.000000, -142.000000, 3092.000000, -142.000000,   small-vehicle,   1968
2656.000000, 248.000000, 2714.000000, 248.000000, 2714.000000, 273.000000, 2656.000000, 273.000000,   small-vehicle,   1970
1958.000000, 276.000000, 1988.000000, 276.000000, 1988.000000, 330.000000, 1958.000000, 330.000000,   small-vehicle,   1971
2184.000000, -244.000000, 2214.000000, -244.000000, 2214.000000, -188.000000, 2184.000000, -188.000000,   small-vehicle,   1972
1341.000000, 343.000000, 1401.000000, 343.000000, 1401.000000, 376.000000, 1341.000000, 376.000000,   small-vehicle,   1974
2158.000000, -228.000000, 2188.000000, -228.000000, 2188.000000, -168.000000, 2158.000000, -168.000000,   small-vehicle,   1977
2149.000000, -301.000000, 2178.000000, -301.000000, 2178.000000, -241.000000, 2149.000000, -241.000000,   small-vehicle,   1988
3232.000000, 211.000000, 3281.000000, 211.000000, 3281.000000, 236.000000, 3232.000000, 236.000000,   small-vehicle,   1992
1940.000000, 71.000000, 1970.000000, 71.000000, 1970.000000, 129.000000, 1940.000000, 129.000000,   small-vehicle,   1997
2058.000000, 1229.000000, 2091.000000, 1229.000000, 2091.000000, 1295.000000, 2058.000000, 1295.000000,   small-vehicle,   1998
3087.000000, -278.000000, 3116.000000, -278.000000, 3116.000000, -225.000000, 3087.000000, -225.000000,   small-vehicle,   2005
2179.000000, -322.000000, 2208.000000, -322.000000, 2208.000000, -263.000000, 2179.000000, -263.000000,   small-vehicle,   2006
1389.000000, 1207.000000, 1440.000000, 1207.000000, 1440.000000, 1230.000000, 1389.000000, 1230.000000,   small-vehicle,   2007
250.000000, -339.000000, 302.000000, -339.000000, 302.000000, -290.000000, 250.000000, -290.000000,   small-vehicle,   2008
2617.000000, -390.000000, 2674.000000, -390.000000, 2674.000000, -361.000000, 2617.000000, -361.000000,   small-vehicle,   2013
397.000000, 1253.000000, 459.000000, 1253.000000, 459.000000, 1286.000000, 397.000000, 1286.000000,   small-vehicle,   2014
3313.000000, 208.000000, 3380.000000, 208.000000, 3380.000000, 236.000000, 3313.000000, 236.000000,   small-vehicle,   2016
3450.000000, 204.000000, 3512.000000, 204.000000, 3512.000000, 225.000000, 3450.000000, 225.000000,   small-vehicle,   2017
3668.000000, 194.000000, 3713.000000, 194.000000, 3713.000000, 213.000000, 3668.000000, 213.000000,   small-vehicle,   2021
1854.000000, -381.000000, 1884.000000, -381.000000, 1884.000000, -325.000000, 1854.000000, -325.000000,   small-vehicle,   2023
188.000000, -479.000000, 244.000000, -479.000000, 244.000000, -426.000000, 188.000000, -426.000000,   small-vehicle,   2028
2948.000000, 226.000000, 3008.000000, 226.000000, 3008.000000, 259.000000, 2948.000000, 259.000000,   small-vehicle,   2030
241.000000, -437.000000, 289.000000, -437.000000, 289.000000, -394.000000, 241.000000, -394.000000,   small-vehicle,   2031
1874.000000, -449.000000, 1903.000000, -449.000000, 1903.000000, -391.000000, 1874.000000, -391.000000,   small-vehicle,   2033
2162.000000, -423.000000, 2186.000000, -423.000000, 2186.000000, -374.000000, 2162.000000, -374.000000,   small-vehicle,   2035
38.000000, -515.000000, 99.000000, -515.000000, 99.000000, -463.000000, 38.000000, -463.000000,   small-vehicle,   2038
2158.000000, -486.000000, 2183.000000, -486.000000, 2183.000000, -437.000000, 2158.000000, -437.000000,   small-vehicle,   2039
1925.000000, -234.000000, 1954.000000, -234.000000, 1954.000000, -167.000000, 1925.000000, -167.000000,   small-vehicle,   2041
1985.000000, -4.000000, 2014.000000, -4.000000, 2014.000000, 53.000000, 1985.000000, 53.000000,   small-vehicle,   2042
82.000000, -436.000000, 130.000000, -436.000000, 130.000000, -376.000000, 82.000000, -376.000000,   small-vehicle,   2043
348.000000, 945.000000, 382.000000, 945.000000, 382.000000, 1009.000000, 348.000000, 1009.000000,   large-vehicle,   2047
1870.000000, -521.000000, 1903.000000, -521.000000, 1903.000000, -455.000000, 1870.000000, -455.000000,   small-vehicle,   2050
3083.000000, -353.000000, 3110.000000, -353.000000, 3110.000000, -299.000000, 3083.000000, -299.000000,   small-vehicle,   2054
-13.000000, -555.000000, 44.000000, -555.000000, 44.000000, -505.000000, -13.000000, -505.000000,   small-vehicle,   2060
2478.000000, 256.000000, 2528.000000, 256.000000, 2528.000000, 279.000000, 2478.000000, 279.000000,   small-vehicle,   2064
2163.000000, -547.000000, 2189.000000, -547.000000, 2189.000000, -504.000000, 2163.000000, -504.000000,   small-vehicle,   2065
48.000000, -593.000000, 112.000000, -593.000000, 112.000000, -535.000000, 48.000000, -535.000000,   small-vehicle,   2066
2618.000000, -352.000000, 2660.000000, -352.000000, 2660.000000, -327.000000, 2618.000000, -327.000000,   small-vehicle,   2068
1886.000000, 105.000000, 1906.000000, 105.000000, 1906.000000, 135.000000, 1886.000000, 135.000000,   small-vehicle,   2069
1394.000000, -537.000000, 1447.000000, -537.000000, 1447.000000, -510.000000, 1394.000000, -510.000000,   small-vehicle,   2072
3663.000000, 114.000000, 3711.000000, 114.000000, 3711.000000, 139.000000, 3663.000000, 139.000000,   small-vehicle,   2075
1523.000000, 339.000000, 1563.000000, 339.000000, 1563.000000, 362.000000, 1523.000000, 362.000000,   small-vehicle,   2077
354.000000, 435.000000, 380.000000, 435.000000, 380.000000, 483.000000, 354.000000, 483.000000,   small-vehicle,   2080
718.000000, 1192.000000, 779.000000, 1192.000000, 779.000000, 1207.000000, 718.000000, 1207.000000,   large-vehicle,   2081
-4.000000, -628.000000, 44.000000, -628.000000, 44.000000, -583.000000, -4.000000, -583.000000,   small-vehicle,   2084
294.000000, -305.000000, 346.000000, -305.000000, 346.000000, -258.000000, 294.000000, -258.000000,   small-vehicle,   2085
2147.000000, 537.000000, 2179.000000, 537.000000, 2179.000000, 602.000000, 2147.000000, 602.000000,   small-vehicle,   2088
3055.000000, -676.000000, 3090.000000, -676.000000, 3090.000000, -616.000000, 3055.000000, -616.000000,   small-vehicle,   2090
722.000000, 1231.000000, 789.000000, 1231.000000, 789.000000, 1267.000000, 722.000000, 1267.000000,   small-vehicle,   2091
2681.000000, 180.000000, 2736.000000, 180.000000, 2736.000000, 203.000000, 2681.000000, 203.000000,   small-vehicle,   2093
298.000000, 294.000000, 340.000000, 294.000000, 340.000000, 315.000000, 298.000000, 315.000000,   small-vehicle,   2096
539.000000, 1237.000000, 593.000000, 1237.000000, 593.000000, 1266.000000, 539.000000, 1266.000000,   small-vehicle,   2104
2685.000000, 615.000000, 2721.000000, 615.000000, 2721.000000, 681.000000, 2685.000000, 681.000000,   small-vehicle,   2107
3117.000000, 202.000000, 3170.000000, 202.000000, 3170.000000, 259.000000, 3117.000000, 259.000000,   small-vehicle,   2108
2685.000000, 610.000000, 2718.000000, 610.000000, 2718.000000, 677.000000, 2685.000000, 677.000000,   large-vehicle,   2109
2576.000000, -718.000000, 2640.000000, -718.000000, 2640.000000, -689.000000, 2576.000000, -689.000000,   small-vehicle,   2110
2831.000000, 202.000000, 2902.000000, 202.000000, 2902.000000, 233.000000, 2831.000000, 233.000000,   small-vehicle,   2111
3053.000000, -753.000000, 3119.000000, -753.000000, 3119.000000, -703.000000, 3053.000000, -703.000000,   small-vehicle,   2112
295.000000, -400.000000, 344.000000, -400.000000, 344.000000, -366.000000, 295.000000, -366.000000,   small-vehicle,   2113
299.000000, -334.000000, 342.000000, -334.000000, 342.000000, -294.000000, 299.000000, -294.000000,   small-vehicle,   2114
3110.000000, 36.000000, 3147.000000, 36.000000, 3147.000000, 101.000000, 3110.000000, 101.000000,   small-vehicle,   2116
2074.000000, 516.000000, 2106.000000, 516.000000, 2106.000000, 580.000000, 2074.000000, 580.000000,   small-vehicle,   2117
2083.000000, -789.000000, 2110.000000, -789.000000, 2110.000000, -731.000000, 2083.000000, -731.000000,   small-vehicle,   2118
2871.000000, -717.000000, 2916.000000, -717.000000, 2916.000000, -693.000000, 2871.000000, -693.000000,   small-vehicle,   2119
3024.000000, 224.000000, 3071.000000, 224.000000, 3071.000000, 252.000000, 3024.000000, 252.000000,   small-vehicle,   2120
1851.000000, -316.000000, 1872.000000, -316.000000, 1872.000000, -274.000000, 1851.000000, -274.000000,   small-vehicle,   2121
2426.000000, 229.000000, 2482.000000, 229.000000, 2482.000000, 257.000000, 2426.000000, 257.000000,   small-vehicle,   2122
1927.000000, 451.000000, 1966.000000, 451.000000, 1966.000000, 527.000000, 1927.000000, 527.000000,   small-vehicle,   2123
-32.000000, -385.000000, 17.000000, -385.000000, 17.000000, -362.000000, -32.000000, -362.000000,   small-vehicle,   2126
2073.000000, 499.000000, 2105.000000, 499.000000, 2105.000000, 562.000000, 2073.000000, 562.000000,   large-vehicle,   2127
3109.000000, 24.000000, 3146.000000, 24.000000, 3146.000000, 93.000000, 3109.000000, 93.000000,   large-vehicle,   2128
2848.000000, 182.000000, 2918.000000, 182.000000, 2918.000000, 213.000000, 2848.000000, 213.000000,   large-vehicle,   2129
