2013.000000, 2852.000000, 2041.000000, 2851.000000, 2042.000000, 2916.000000, 2014.000000, 2916.000000,     small-vehicle,     0
2343.000000, 2911.000000, 2370.000000, 2910.000000, 2372.000000, 2973.000000, 2345.000000, 2975.000000,     small-vehicle,     1
2021.000000, 2935.000000, 2047.000000, 2935.000000, 2047.000000, 2998.000000, 2022.000000, 2998.000000,     small-vehicle,     2
2217.000000, 3458.000000, 2245.000000, 3456.000000, 2247.000000, 3519.000000, 2218.000000, 3520.000000,     small-vehicle,     3
2023.000000, 2569.000000, 2050.000000, 2569.000000, 2051.000000, 2633.000000, 2025.000000, 2634.000000,     small-vehicle,     4
2365.000000, 3261.000000, 2393.000000, 3260.000000, 2395.000000, 3326.000000, 2368.000000, 3327.000000,     small-vehicle,     5
1382.000000, 3656.000000, 1412.000000, 3656.000000, 1411.000000, 3732.000000, 1382.000000, 3734.000000,     small-vehicle,     6
1701.000000, 3939.000000, 1757.000000, 3936.000000, 1757.000000, 3967.000000, 1702.000000, 3970.000000,     small-vehicle,     7
2335.000000, 3095.000000, 2363.000000, 3094.000000, 2365.000000, 3166.000000, 2338.000000, 3166.000000,     small-vehicle,     8
3360.000000, 3640.000000, 3416.000000, 3635.000000, 3419.000000, 3665.000000, 3362.000000, 3669.000000,     small-vehicle,     9
1196.000000, 3817.000000, 1244.000000, 3813.000000, 1244.000000, 3845.000000, 1196.000000, 3849.000000,     small-vehicle,     10
490.000000, 3873.000000, 557.000000, 3868.000000, 555.000000, 3903.000000, 489.000000, 3906.000000,     small-vehicle,     11
1407.000000, 2950.000000, 1436.000000, 2948.000000, 1436.000000, 3022.000000, 1407.000000, 3024.000000,     small-vehicle,     12
2853.000000, 3782.000000, 2906.000000, 3778.000000, 2907.000000, 3810.000000, 2854.000000, 3814.000000,     small-vehicle,     14
2254.000000, 4136.000000, 2287.000000, 4133.000000, 2290.000000, 4210.000000, 2256.000000, 4211.000000,     small-vehicle,     15
2334.000000, 2825.000000, 2364.000000, 2823.000000, 2367.000000, 2897.000000, 2336.000000, 2899.000000,     small-vehicle,     17
1817.000000, 3844.000000, 1873.000000, 3840.000000, 1874.000000, 3871.000000, 1818.000000, 3874.000000,     small-vehicle,     18
2312.000000, 3008.000000, 2365.000000, 3006.000000, 2368.000000, 3075.000000, 2314.000000, 3077.000000,     small-vehicle,     19
2160.000000, 3345.000000, 2197.000000, 3343.000000, 2200.000000, 3415.000000, 2161.000000, 3417.000000,     small-vehicle,     20
2040.000000, 2761.000000, 2067.000000, 2759.000000, 2069.000000, 2828.000000, 2041.000000, 2829.000000,     small-vehicle,     21
1823.000000, 4031.000000, 1887.000000, 4027.000000, 1888.000000, 4060.000000, 1824.000000, 4065.000000,     small-vehicle,     22
2673.000000, 4010.000000, 2729.000000, 4005.000000, 2731.000000, 4035.000000, 2676.000000, 4039.000000,     small-vehicle,     23
2299.000000, 4391.000000, 2332.000000, 4387.000000, 2335.000000, 4467.000000, 2301.000000, 4469.000000,     small-vehicle,     24
145.000000, 3901.000000, 214.000000, 3895.000000, 212.000000, 3928.000000, 144.000000, 3933.000000,     small-vehicle,     25
2376.000000, 3357.000000, 2405.000000, 3355.000000, 2409.000000, 3424.000000, 2379.000000, 3424.000000,     small-vehicle,     26
904.000000, 3837.000000, 967.000000, 3832.000000, 966.000000, 3868.000000, 903.000000, 3872.000000,     small-vehicle,     27
2447.000000, 4218.000000, 2488.000000, 4215.000000, 2493.000000, 4307.000000, 2451.000000, 4309.000000,     small-vehicle,     29
2760.000000, 4400.000000, 2826.000000, 4394.000000, 2829.000000, 4436.000000, 2761.000000, 4442.000000,     small-vehicle,     30
2351.000000, 3171.000000, 2387.000000, 3170.000000, 2390.000000, 3245.000000, 2353.000000, 3246.000000,     small-vehicle,     32
2099.000000, 3540.000000, 2155.000000, 3536.000000, 2158.000000, 3587.000000, 2099.000000, 3590.000000,     small-vehicle,     33
2927.000000, 3768.000000, 2986.000000, 3763.000000, 2988.000000, 3795.000000, 2928.000000, 3798.000000,     small-vehicle,     34
2383.000000, 3474.000000, 2413.000000, 3472.000000, 2417.000000, 3551.000000, 2386.000000, 3552.000000,     small-vehicle,     35
2094.000000, 2950.000000, 2124.000000, 2949.000000, 2125.000000, 3020.000000, 2097.000000, 3021.000000,     small-vehicle,     36
3163.000000, 3749.000000, 3223.000000, 3745.000000, 3225.000000, 3774.000000, 3166.000000, 3778.000000,     small-vehicle,     38
2341.000000, 3332.000000, 2370.000000, 3331.000000, 2372.000000, 3405.000000, 2344.000000, 3405.000000,     small-vehicle,     40
1424.000000, 2587.000000, 1454.000000, 2587.000000, 1455.000000, 2644.000000, 1424.000000, 2644.000000,     small-vehicle,     41
2815.000000, 3684.000000, 2864.000000, 3680.000000, 2866.000000, 3711.000000, 2816.000000, 3713.000000,     small-vehicle,     42
1406.000000, 2869.000000, 1430.000000, 2868.000000, 1430.000000, 2927.000000, 1405.000000, 2929.000000,     small-vehicle,     43
1860.000000, 3926.000000, 1925.000000, 3921.000000, 1926.000000, 3957.000000, 1860.000000, 3962.000000,     small-vehicle,     44
1548.000000, 3948.000000, 1606.000000, 3944.000000, 1606.000000, 3981.000000, 1548.000000, 3986.000000,     small-vehicle,     45
2299.000000, 2721.000000, 2324.000000, 2721.000000, 2327.000000, 2798.000000, 2302.000000, 2799.000000,     small-vehicle,     46
1045.000000, 3828.000000, 1110.000000, 3825.000000, 1110.000000, 3861.000000, 1045.000000, 3865.000000,     small-vehicle,     47
2362.000000, 3094.000000, 2388.000000, 3093.000000, 2390.000000, 3151.000000, 2364.000000, 3153.000000,     small-vehicle,     48
3162.000000, 3656.000000, 3216.000000, 3654.000000, 3218.000000, 3684.000000, 3164.000000, 3687.000000,     small-vehicle,     49
68.000000, 3910.000000, 135.000000, 3906.000000, 134.000000, 3937.000000, 66.000000, 3941.000000,     small-vehicle,     50
606.000000, 3861.000000, 674.000000, 3857.000000, 673.000000, 3888.000000, 606.000000, 3892.000000,     small-vehicle,     51
2268.000000, 4213.000000, 2304.000000, 4209.000000, 2308.000000, 4294.000000, 2271.000000, 4297.000000,     small-vehicle,     52
1548.000000, 4004.000000, 1609.000000, 4000.000000, 1610.000000, 4035.000000, 1548.000000, 4040.000000,     small-vehicle,     53
2875.000000, 4390.000000, 2928.000000, 4384.000000, 2930.000000, 4418.000000, 2876.000000, 4422.000000,     small-vehicle,     54
328.000000, 4201.000000, 394.000000, 4196.000000, 393.000000, 4230.000000, 326.000000, 4236.000000,     small-vehicle,     55
3105.000000, 3973.000000, 3161.000000, 3970.000000, 3164.000000, 4005.000000, 3106.000000, 4009.000000,     small-vehicle,     56
3566.000000, 3455.000000, 3591.000000, 3454.000000, 3594.000000, 3482.000000, 3568.000000, 3484.000000,     small-vehicle,     57
1250.000000, 3988.000000, 1318.000000, 3983.000000, 1318.000000, 4019.000000, 1250.000000, 4025.000000,     small-vehicle,     58
2167.000000, 4423.000000, 2192.000000, 4421.000000, 2195.000000, 4494.000000, 2169.000000, 4496.000000,     small-vehicle,     61
693.000000, 3851.000000, 753.000000, 3848.000000, 752.000000, 3882.000000, 693.000000, 3886.000000,     small-vehicle,     62
3500.000000, 3531.000000, 3533.000000, 3528.000000, 3539.000000, 3604.000000, 3506.000000, 3605.000000,     small-vehicle,     63
1259.000000, 4131.000000, 1310.000000, 4129.000000, 1310.000000, 4162.000000, 1258.000000, 4166.000000,     small-vehicle,     64
3270.000000, 3645.000000, 3339.000000, 3641.000000, 3342.000000, 3674.000000, 3273.000000, 3679.000000,     small-vehicle,     65
2284.000000, 2568.000000, 2314.000000, 2567.000000, 2316.000000, 2631.000000, 2287.000000, 2632.000000,     small-vehicle,     66
953.000000, 4016.000000, 1018.000000, 4012.000000, 1016.000000, 4048.000000, 953.000000, 4053.000000,     small-vehicle,     67
2770.000000, 2519.000000, 2830.000000, 2517.000000, 2831.000000, 2555.000000, 2773.000000, 2556.000000,     small-vehicle,     69
3877.000000, 4214.000000, 3935.000000, 4209.000000, 3939.000000, 4245.000000, 3881.000000, 4251.000000,     small-vehicle,     70
2584.000000, 3851.000000, 2646.000000, 3847.000000, 2647.000000, 3881.000000, 2585.000000, 3885.000000,     small-vehicle,     72
3435.000000, 3632.000000, 3494.000000, 3627.000000, 3496.000000, 3660.000000, 3437.000000, 3664.000000,     small-vehicle,     73
228.000000, 3892.000000, 284.000000, 3889.000000, 282.000000, 3920.000000, 227.000000, 3924.000000,     small-vehicle,     74
1399.000000, 3147.000000, 1429.000000, 3144.000000, 1429.000000, 3217.000000, 1399.000000, 3218.000000,     small-vehicle,     75
2142.000000, 3115.000000, 2167.000000, 3113.000000, 2168.000000, 3177.000000, 2143.000000, 3178.000000,     small-vehicle,     76
2066.000000, 3453.000000, 2095.000000, 3452.000000, 2096.000000, 3520.000000, 2068.000000, 3522.000000,     small-vehicle,     77
2926.000000, 3988.000000, 2992.000000, 3984.000000, 2995.000000, 4016.000000, 2929.000000, 4022.000000,     small-vehicle,     78
408.000000, 2820.000000, 465.000000, 2818.000000, 463.000000, 2852.000000, 407.000000, 2855.000000,     small-vehicle,     79
1715.000000, 3975.000000, 1782.000000, 3971.000000, 1782.000000, 4007.000000, 1715.000000, 4012.000000,     small-vehicle,     80
1343.000000, 4027.000000, 1399.000000, 4024.000000, 1399.000000, 4057.000000, 1344.000000, 4062.000000,     small-vehicle,     82
2801.000000, 3835.000000, 2871.000000, 3830.000000, 2874.000000, 3862.000000, 2802.000000, 3867.000000,     small-vehicle,     83
1357.000000, 3972.000000, 1426.000000, 3967.000000, 1426.000000, 3996.000000, 1357.000000, 4003.000000,     small-vehicle,     84
3028.000000, 2550.000000, 3069.000000, 2548.000000, 3070.000000, 2571.000000, 3030.000000, 2572.000000,     small-vehicle,     85
2294.000000, 2929.000000, 2321.000000, 2929.000000, 2324.000000, 3005.000000, 2296.000000, 3005.000000,     small-vehicle,     86
2560.000000, 2548.000000, 2616.000000, 2547.000000, 2617.000000, 2580.000000, 2562.000000, 2582.000000,     small-vehicle,     87
2601.000000, 3736.000000, 2654.000000, 3732.000000, 2655.000000, 3766.000000, 2603.000000, 3768.000000,     small-vehicle,     88
3564.000000, 3941.000000, 3619.000000, 3937.000000, 3621.000000, 3968.000000, 3566.000000, 3972.000000,     small-vehicle,     89
2206.000000, 3329.000000, 2237.000000, 3328.000000, 2240.000000, 3411.000000, 2210.000000, 3412.000000,     small-vehicle,     90
3658.000000, 3623.000000, 3718.000000, 3618.000000, 3721.000000, 3652.000000, 3660.000000, 3657.000000,     small-vehicle,     91
3281.000000, 3959.000000, 3334.000000, 3955.000000, 3337.000000, 3986.000000, 3284.000000, 3991.000000,     small-vehicle,     92
3244.000000, 4269.000000, 3293.000000, 4264.000000, 3296.000000, 4293.000000, 3246.000000, 4298.000000,     small-vehicle,     93
2065.000000, 3214.000000, 2093.000000, 3212.000000, 2095.000000, 3289.000000, 2067.000000, 3290.000000,     small-vehicle,     94
2691.000000, 4404.000000, 2752.000000, 4398.000000, 2754.000000, 4447.000000, 2693.000000, 4452.000000,     small-vehicle,     95
3092.000000, 3753.000000, 3148.000000, 3751.000000, 3149.000000, 3784.000000, 3093.000000, 3787.000000,     small-vehicle,     96
880.000000, 4015.000000, 946.000000, 4012.000000, 945.000000, 4055.000000, 879.000000, 4061.000000,     small-vehicle,     97
3838.000000, 3664.000000, 3896.000000, 3661.000000, 3900.000000, 3700.000000, 3842.000000, 3705.000000,     small-vehicle,     98
3287.000000, 4344.000000, 3346.000000, 4339.000000, 3349.000000, 4375.000000, 3290.000000, 4378.000000,     small-vehicle,     99
3029.000000, 3979.000000, 3076.000000, 3975.000000, 3078.000000, 4009.000000, 3032.000000, 4014.000000,     small-vehicle,     100
2111.000000, 3255.000000, 2141.000000, 3253.000000, 2144.000000, 3322.000000, 2113.000000, 3323.000000,     small-vehicle,     101
3703.000000, 3934.000000, 3771.000000, 3930.000000, 3774.000000, 3963.000000, 3706.000000, 3967.000000,     small-vehicle,     102
1849.000000, 3974.000000, 1916.000000, 3968.000000, 1917.000000, 4003.000000, 1849.000000, 4008.000000,     small-vehicle,     103
2168.000000, 3507.000000, 2208.000000, 3505.000000, 2211.000000, 3598.000000, 2170.000000, 3601.000000,     small-vehicle,     105
3117.000000, 3699.000000, 3173.000000, 3695.000000, 3175.000000, 3728.000000, 3118.000000, 3732.000000,     small-vehicle,     106
3895.000000, 4328.000000, 3921.000000, 4326.000000, 3928.000000, 4400.000000, 3901.000000, 4401.000000,     small-vehicle,     107
3706.000000, 4222.000000, 3759.000000, 4217.000000, 3761.000000, 4254.000000, 3710.000000, 4259.000000,     small-vehicle,     108
3278.000000, 3690.000000, 3345.000000, 3685.000000, 3346.000000, 3715.000000, 3279.000000, 3720.000000,     small-vehicle,     109
2084.000000, 3360.000000, 2114.000000, 3360.000000, 2117.000000, 3437.000000, 2086.000000, 3437.000000,     small-vehicle,     110
2685.000000, 3726.000000, 2753.000000, 3720.000000, 2754.000000, 3760.000000, 2687.000000, 3764.000000,     small-vehicle,     111
1159.000000, 4089.000000, 1222.000000, 4085.000000, 1222.000000, 4119.000000, 1159.000000, 4126.000000,     small-vehicle,     113
2421.000000, 4435.000000, 2466.000000, 4432.000000, 2469.000000, 4517.000000, 2425.000000, 4520.000000,     small-vehicle,     114
2586.000000, 3790.000000, 2646.000000, 3786.000000, 2649.000000, 3827.000000, 2588.000000, 3831.000000,     small-vehicle,     115
1623.000000, 3939.000000, 1689.000000, 3935.000000, 1689.000000, 3971.000000, 1623.000000, 3975.000000,     small-vehicle,     116
3528.000000, 4243.000000, 3590.000000, 4238.000000, 3593.000000, 4279.000000, 3531.000000, 4284.000000,     small-vehicle,     117
1136.000000, 3992.000000, 1205.000000, 3986.000000, 1205.000000, 4025.000000, 1136.000000, 4029.000000,     small-vehicle,     118
3546.000000, 3718.000000, 3610.000000, 3715.000000, 3612.000000, 3753.000000, 3549.000000, 3757.000000,     small-vehicle,     119
2015.000000, 2497.000000, 2045.000000, 2498.000000, 2047.000000, 2559.000000, 2016.000000, 2561.000000,     small-vehicle,     120
2908.000000, 2506.000000, 2961.000000, 2505.000000, 2964.000000, 2539.000000, 2910.000000, 2541.000000,     small-vehicle,     121
3198.000000, 3700.000000, 3256.000000, 3696.000000, 3259.000000, 3726.000000, 3201.000000, 3729.000000,     small-vehicle,     122
1952.000000, 3961.000000, 2018.000000, 3956.000000, 2019.000000, 3994.000000, 1953.000000, 3998.000000,     small-vehicle,     123
2699.000000, 4315.000000, 2757.000000, 4310.000000, 2760.000000, 4344.000000, 2702.000000, 4348.000000,     small-vehicle,     125
1250.000000, 4080.000000, 1310.000000, 4076.000000, 1310.000000, 4107.000000, 1250.000000, 4111.000000,     small-vehicle,     126
2094.000000, 2699.000000, 2127.000000, 2698.000000, 2129.000000, 2773.000000, 2097.000000, 2774.000000,     small-vehicle,     127
1953.000000, 3921.000000, 2014.000000, 3916.000000, 2016.000000, 3950.000000, 1954.000000, 3954.000000,     small-vehicle,     129
3043.000000, 2490.000000, 3098.000000, 2488.000000, 3100.000000, 2522.000000, 3045.000000, 2523.000000,     small-vehicle,     130
3101.000000, 3658.000000, 3159.000000, 3653.000000, 3162.000000, 3687.000000, 3103.000000, 3692.000000,     small-vehicle,     131
1397.000000, 3251.000000, 1422.000000, 3250.000000, 1423.000000, 3311.000000, 1398.000000, 3313.000000,     small-vehicle,     132
3415.000000, 4250.000000, 3479.000000, 4246.000000, 3482.000000, 4281.000000, 3418.000000, 4287.000000,     small-vehicle,     133
284.000000, 2817.000000, 354.000000, 2814.000000, 352.000000, 2847.000000, 282.000000, 2849.000000,     small-vehicle,     134
412.000000, 4191.000000, 481.000000, 4186.000000, 479.000000, 4221.000000, 410.000000, 4225.000000,     small-vehicle,     135
1560.000000, 4103.000000, 1616.000000, 4098.000000, 1616.000000, 4134.000000, 1560.000000, 4138.000000,     small-vehicle,     136
629.000000, 4185.000000, 695.000000, 4180.000000, 693.000000, 4214.000000, 627.000000, 4219.000000,     small-vehicle,     137
2410.000000, 4255.000000, 2449.000000, 4253.000000, 2452.000000, 4336.000000, 2413.000000, 4339.000000,     small-vehicle,     138
3562.000000, 3666.000000, 3623.000000, 3662.000000, 3626.000000, 3697.000000, 3565.000000, 3702.000000,     small-vehicle,     139
1391.000000, 3482.000000, 1419.000000, 3480.000000, 1420.000000, 3553.000000, 1391.000000, 3554.000000,     small-vehicle,     140
2065.000000, 3302.000000, 2086.000000, 3300.000000, 2087.000000, 3350.000000, 2066.000000, 3351.000000,     small-vehicle,     144
903.000000, 4110.000000, 964.000000, 4105.000000, 964.000000, 4138.000000, 903.000000, 4142.000000,     small-vehicle,     145
2696.000000, 2532.000000, 2757.000000, 2530.000000, 2758.000000, 2567.000000, 2697.000000, 2568.000000,     small-vehicle,     146
982.000000, 3821.000000, 1032.000000, 3818.000000, 1032.000000, 3851.000000, 982.000000, 3853.000000,     small-vehicle,     147
2356.000000, 3820.000000, 2389.000000, 3820.000000, 2392.000000, 3896.000000, 2358.000000, 3899.000000,     small-vehicle,     148
3456.000000, 3676.000000, 3514.000000, 3671.000000, 3516.000000, 3707.000000, 3459.000000, 3711.000000,     small-vehicle,     149
2731.000000, 3996.000000, 2799.000000, 3991.000000, 2802.000000, 4028.000000, 2733.000000, 4032.000000,     small-vehicle,     150
3830.000000, 3622.000000, 3886.000000, 3620.000000, 3891.000000, 3652.000000, 3834.000000, 3656.000000,     small-vehicle,     152
3100.000000, 2485.000000, 3159.000000, 2484.000000, 3161.000000, 2516.000000, 3102.000000, 2516.000000,     small-vehicle,     153
3336.000000, 4257.000000, 3400.000000, 4252.000000, 3403.000000, 4284.000000, 3338.000000, 4290.000000,     small-vehicle,     154
2218.000000, 3745.000000, 2257.000000, 3743.000000, 2260.000000, 3835.000000, 2222.000000, 3837.000000,     small-vehicle,     155
3380.000000, 4335.000000, 3441.000000, 4329.000000, 3444.000000, 4362.000000, 3383.000000, 4367.000000,     small-vehicle,     156
1736.000000, 4036.000000, 1790.000000, 4032.000000, 1790.000000, 4066.000000, 1737.000000, 4070.000000,     small-vehicle,     158
2196.000000, 4494.000000, 2222.000000, 4491.000000, 2223.000000, 4535.000000, 2198.000000, 4537.000000,     small-vehicle,     159
1628.000000, 3998.000000, 1692.000000, 3994.000000, 1692.000000, 4034.000000, 1629.000000, 4039.000000,     small-vehicle,     160
3578.000000, 3518.000000, 3614.000000, 3515.000000, 3621.000000, 3588.000000, 3584.000000, 3591.000000,     small-vehicle,     161
1451.000000, 3971.000000, 1515.000000, 3967.000000, 1515.000000, 4006.000000, 1451.000000, 4011.000000,     small-vehicle,     162
3639.000000, 3667.000000, 3705.000000, 3663.000000, 3708.000000, 3700.000000, 3641.000000, 3704.000000,     small-vehicle,     163
1768.000000, 2621.000000, 1826.000000, 2620.000000, 1825.000000, 2653.000000, 1769.000000, 2655.000000,     small-vehicle,     164
160.000000, 2818.000000, 225.000000, 2817.000000, 223.000000, 2852.000000, 158.000000, 2855.000000,     small-vehicle,     165
3492.000000, 3946.000000, 3544.000000, 3942.000000, 3547.000000, 3972.000000, 3493.000000, 3977.000000,     small-vehicle,     166
1053.000000, 3998.000000, 1118.000000, 3993.000000, 1117.000000, 4032.000000, 1052.000000, 4036.000000,     small-vehicle,     167
3378.000000, 3683.000000, 3440.000000, 3680.000000, 3443.000000, 3717.000000, 3381.000000, 3720.000000,     small-vehicle,     168
1082.000000, 4144.000000, 1149.000000, 4140.000000, 1149.000000, 4178.000000, 1081.000000, 4183.000000,     small-vehicle,     169
3279.000000, 3737.000000, 3339.000000, 3732.000000, 3342.000000, 3769.000000, 3281.000000, 3773.000000,     small-vehicle,     170
1060.000000, 4093.000000, 1134.000000, 4087.000000, 1134.000000, 4126.000000, 1059.000000, 4133.000000,     small-vehicle,     171
3640.000000, 3718.000000, 3702.000000, 3714.000000, 3705.000000, 3752.000000, 3645.000000, 3757.000000,     small-vehicle,     172
2627.000000, 2542.000000, 2689.000000, 2541.000000, 2690.000000, 2574.000000, 2629.000000, 2575.000000,     small-vehicle,     173
1518.000000, 4048.000000, 1577.000000, 4044.000000, 1578.000000, 4082.000000, 1518.000000, 4086.000000,     small-vehicle,     175
1767.000000, 3768.000000, 1824.000000, 3765.000000, 1825.000000, 3798.000000, 1767.000000, 3802.000000,     small-vehicle,     177
3013.000000, 3761.000000, 3073.000000, 3756.000000, 3076.000000, 3795.000000, 3015.000000, 3798.000000,     small-vehicle,     178
1406.000000, 4113.000000, 1472.000000, 4109.000000, 1472.000000, 4147.000000, 1406.000000, 4152.000000,     small-vehicle,     179
3045.000000, 3704.000000, 3101.000000, 3701.000000, 3102.000000, 3737.000000, 3047.000000, 3741.000000,     small-vehicle,     182
1498.000000, 4107.000000, 1560.000000, 4103.000000, 1560.000000, 4138.000000, 1498.000000, 4143.000000,     small-vehicle,     186
1602.000000, 2613.000000, 1665.000000, 2612.000000, 1666.000000, 2645.000000, 1603.000000, 2648.000000,     small-vehicle,     189
1443.000000, 4015.000000, 1505.000000, 4011.000000, 1505.000000, 4048.000000, 1443.000000, 4053.000000,     small-vehicle,     190
3749.000000, 3711.000000, 3819.000000, 3707.000000, 3823.000000, 3747.000000, 3752.000000, 3752.000000,     small-vehicle,     193
3515.000000, 3621.000000, 3566.000000, 3618.000000, 3572.000000, 3686.000000, 3521.000000, 3690.000000,     small-vehicle,     196
1663.000000, 4083.000000, 1729.000000, 4077.000000, 1730.000000, 4121.000000, 1665.000000, 4127.000000,     small-vehicle,     198
2919.000000, 2548.000000, 2989.000000, 2546.000000, 2990.000000, 2581.000000, 2921.000000, 2582.000000,     small-vehicle,     202
1421.000000, 4062.000000, 1475.000000, 4057.000000, 1475.000000, 4093.000000, 1420.000000, 4096.000000,     small-vehicle,     203
2492.000000, 2562.000000, 2554.000000, 2560.000000, 2555.000000, 2592.000000, 2494.000000, 2593.000000,     small-vehicle,     212
123.000000, 4128.000000, 197.000000, 4121.000000, 195.000000, 4163.000000, 120.000000, 4167.000000,     small-vehicle,     213
1173.000000, 4142.000000, 1225.000000, 4138.000000, 1225.000000, 4170.000000, 1173.000000, 4173.000000,     small-vehicle,     214
19.000000, 4234.000000, 105.000000, 4228.000000, 103.000000, 4270.000000, 16.000000, 4278.000000,     small-vehicle,     216
985.000000, 4096.000000, 1047.000000, 4091.000000, 1045.000000, 4130.000000, 985.000000, 4134.000000,     small-vehicle,     217
2038.000000, 3232.000000, 2059.000000, 3232.000000, 2062.000000, 3282.000000, 2039.000000, 3282.000000,     small-vehicle,     223
2309.000000, 3519.000000, 2348.000000, 3516.000000, 2351.000000, 3628.000000, 2313.000000, 3630.000000,     large-vehicle,     230
1911.000000, 4017.000000, 2008.000000, 4010.000000, 2009.000000, 4066.000000, 1911.000000, 4073.000000,     large-vehicle,     231
2053.000000, 3015.000000, 2095.000000, 3013.000000, 2096.000000, 3108.000000, 2055.000000, 3111.000000,     large-vehicle,     232
3860.000000, 3928.000000, 3924.000000, 3923.000000, 3927.000000, 3965.000000, 3865.000000, 3970.000000,     large-vehicle,     235
704.000000, 4174.000000, 794.000000, 4167.000000, 792.000000, 4216.000000, 702.000000, 4222.000000,     large-vehicle,     236
937.000000, 4153.000000, 1044.000000, 4147.000000, 1044.000000, 4196.000000, 936.000000, 4204.000000,     large-vehicle,     237
2404.000000, 3865.000000, 2448.000000, 3862.000000, 2451.000000, 3963.000000, 2409.000000, 3967.000000,     large-vehicle,     239
1650.000000, 4037.000000, 1718.000000, 4033.000000, 1719.000000, 4077.000000, 1650.000000, 4082.000000,     large-vehicle,     240
2952.000000, 3717.000000, 3028.000000, 3711.000000, 3030.000000, 3743.000000, 2953.000000, 3749.000000,     large-vehicle,     242
2672.000000, 3831.000000, 2781.000000, 3825.000000, 2783.000000, 3875.000000, 2675.000000, 3883.000000,     large-vehicle,     243
555.000000, 4164.000000, 618.000000, 4160.000000, 617.000000, 4196.000000, 553.000000, 4202.000000,     small-vehicle,     317
3245.000000, 2480.000000, 3307.000000, 2479.000000, 3311.000000, 2516.000000, 3248.000000, 2517.000000,     small-vehicle,     329
3178.000000, 2486.000000, 3235.000000, 2485.000000, 3237.000000, 2518.000000, 3181.000000, 2519.000000,     small-vehicle,     330
3806.000000, 3739.000000, 3881.000000, 3733.000000, 3886.000000, 3777.000000, 3810.000000, 3782.000000,     small-vehicle,     334
1112.000000, 3377.000000, 1178.000000, 3374.000000, 1178.000000, 3407.000000, 1112.000000, 3412.000000,     small-vehicle,     337
3412.000000, 2453.000000, 3479.000000, 2451.000000, 3484.000000, 2516.000000, 3416.000000, 2518.000000,     large-vehicle,     345
1783.000000, 3925.000000, 1841.000000, 3920.000000, 1842.000000, 3956.000000, 1783.000000, 3961.000000,     large-vehicle,     351
2095.000000, 2983.000000, 2128.000000, 2982.000000, 2130.000000, 3059.000000, 2098.000000, 3060.000000,     small-vehicle,     353
1272.000000, 3375.000000, 1340.000000, 3371.000000, 1340.000000, 3408.000000, 1272.000000, 3412.000000,     small-vehicle,     360
3309.000000, 2478.000000, 3363.000000, 2477.000000, 3365.000000, 2506.000000, 3312.000000, 2508.000000,     small-vehicle,     364
3486.000000, 2451.000000, 3556.000000, 2449.000000, 3559.000000, 2489.000000, 3488.000000, 2490.000000,     small-vehicle,     382
825.000000, 4100.000000, 888.000000, 4096.000000, 887.000000, 4131.000000, 824.000000, 4137.000000,     small-vehicle,     383
1771.000000, 4074.000000, 1838.000000, 4069.000000, 1839.000000, 4105.000000, 1772.000000, 4110.000000,     small-vehicle,     384
3561.000000, 2441.000000, 3629.000000, 2440.000000, 3631.000000, 2476.000000, 3563.000000, 2478.000000,     small-vehicle,     385
2809.000000, 2587.000000, 2866.000000, 2585.000000, 2868.000000, 2634.000000, 2812.000000, 2636.000000,     small-vehicle,     386
1079.000000, 4025.000000, 1148.000000, 4021.000000, 1148.000000, 4059.000000, 1079.000000, 4063.000000,     small-vehicle,     409
3631.000000, 2428.000000, 3695.000000, 2428.000000, 3697.000000, 2468.000000, 3634.000000, 2468.000000,     small-vehicle,     413
2160.000000, 2849.000000, 2192.000000, 2849.000000, 2195.000000, 2930.000000, 2161.000000, 2931.000000,     small-vehicle,     421
458.000000, 4072.000000, 523.000000, 4067.000000, 522.000000, 4108.000000, 456.000000, 4112.000000,     small-vehicle,     430
2193.000000, 3201.000000, 2222.000000, 3200.000000, 2225.000000, 3275.000000, 2195.000000, 3275.000000,     small-vehicle,     431
1985.000000, 2395.000000, 2011.000000, 2393.000000, 2013.000000, 2460.000000, 1986.000000, 2461.000000,     small-vehicle,     432
2014.000000, 2385.000000, 2042.000000, 2384.000000, 2044.000000, 2450.000000, 2016.000000, 2450.000000,     small-vehicle,     433
1198.000000, 3376.000000, 1259.000000, 3373.000000, 1259.000000, 3405.000000, 1198.000000, 3409.000000,     small-vehicle,     438
3083.000000, 2544.000000, 3144.000000, 2542.000000, 3146.000000, 2578.000000, 3086.000000, 2579.000000,     small-vehicle,     445
1534.000000, 2619.000000, 1594.000000, 2618.000000, 1595.000000, 2648.000000, 1535.000000, 2650.000000,     small-vehicle,     446
2121.000000, 2686.000000, 2149.000000, 2685.000000, 2151.000000, 2752.000000, 2123.000000, 2753.000000,     small-vehicle,     457
3349.000000, 3752.000000, 3417.000000, 3747.000000, 3420.000000, 3784.000000, 3352.000000, 3788.000000,     small-vehicle,     462
1856.000000, 4051.000000, 1917.000000, 4047.000000, 1919.000000, 4102.000000, 1857.000000, 4106.000000,     small-vehicle,     463
3118.000000, 2585.000000, 3181.000000, 2584.000000, 3184.000000, 2623.000000, 3121.000000, 2624.000000,     small-vehicle,     465
2273.000000, 2307.000000, 2299.000000, 2306.000000, 2302.000000, 2384.000000, 2275.000000, 2384.000000,     small-vehicle,     484
2404.000000, 4148.000000, 2440.000000, 4146.000000, 2442.000000, 4236.000000, 2408.000000, 4239.000000,     small-vehicle,     485
3438.000000, 3729.000000, 3505.000000, 3725.000000, 3508.000000, 3763.000000, 3440.000000, 3767.000000,     small-vehicle,     487
254.000000, 2896.000000, 327.000000, 2893.000000, 325.000000, 2913.000000, 254.000000, 2916.000000,     large-vehicle,     498
1980.000000, 2331.000000, 2007.000000, 2331.000000, 2008.000000, 2391.000000, 1981.000000, 2393.000000,     small-vehicle,     506
54.000000, 2811.000000, 125.000000, 2809.000000, 123.000000, 2843.000000, 51.000000, 2845.000000,     small-vehicle,     511
3605.000000, 3888.000000, 3673.000000, 3883.000000, 3676.000000, 3920.000000, 3608.000000, 3924.000000,     small-vehicle,     528
2067.000000, 2476.000000, 2094.000000, 2474.000000, 2095.000000, 2539.000000, 2069.000000, 2538.000000,     small-vehicle,     531
1822.000000, 3821.000000, 1887.000000, 3817.000000, 1887.000000, 3854.000000, 1823.000000, 3858.000000,     large-vehicle,     536
1557.000000, 4205.000000, 1607.000000, 4202.000000, 1607.000000, 4259.000000, 1558.000000, 4262.000000,     small-vehicle,     537
2672.000000, 3788.000000, 2746.000000, 3784.000000, 2748.000000, 3826.000000, 2673.000000, 3831.000000,     large-vehicle,     543
2872.000000, 3724.000000, 2939.000000, 3719.000000, 2941.000000, 3758.000000, 2873.000000, 3763.000000,     large-vehicle,     553
1338.000000, 4065.000000, 1407.000000, 4059.000000, 1407.000000, 4099.000000, 1338.000000, 4103.000000,     large-vehicle,     560
2252.000000, 2179.000000, 2275.000000, 2178.000000, 2277.000000, 2238.000000, 2254.000000, 2237.000000,     small-vehicle,     564
3752.000000, 3892.000000, 3814.000000, 3888.000000, 3818.000000, 3921.000000, 3754.000000, 3925.000000,     small-vehicle,     565
2285.000000, 2186.000000, 2313.000000, 2184.000000, 2315.000000, 2252.000000, 2287.000000, 2254.000000,     small-vehicle,     568
243.000000, 4088.000000, 318.000000, 4081.000000, 317.000000, 4117.000000, 242.000000, 4122.000000,     small-vehicle,     569
2769.000000, 3784.000000, 2837.000000, 3779.000000, 2839.000000, 3819.000000, 2772.000000, 3823.000000,     small-vehicle,     574
1645.000000, 2693.000000, 1700.000000, 2692.000000, 1700.000000, 2715.000000, 1645.000000, 2716.000000,     small-vehicle,     575
3507.000000, 2538.000000, 3578.000000, 2536.000000, 3581.000000, 2576.000000, 3510.000000, 2578.000000,     small-vehicle,     577
3737.000000, 2503.000000, 3790.000000, 2502.000000, 3792.000000, 2536.000000, 3739.000000, 2538.000000,     small-vehicle,     578
212.000000, 4183.000000, 284.000000, 4177.000000, 283.000000, 4216.000000, 209.000000, 4222.000000,     large-vehicle,     581
2471.000000, 4003.000000, 2530.000000, 3997.000000, 2533.000000, 4077.000000, 2474.000000, 4083.000000,     small-vehicle,     583
2301.000000, 2850.000000, 2334.000000, 2849.000000, 2337.000000, 2924.000000, 2303.000000, 2925.000000,     small-vehicle,     588
2281.000000, 2107.000000, 2304.000000, 2107.000000, 2307.000000, 2173.000000, 2282.000000, 2173.000000,     small-vehicle,     590
2035.000000, 3115.000000, 2074.000000, 3113.000000, 2076.000000, 3189.000000, 2036.000000, 3190.000000,     small-vehicle,     591
2438.000000, 4507.000000, 2470.000000, 4504.000000, 2473.000000, 4570.000000, 2440.000000, 4573.000000,     small-vehicle,     592
1987.000000, 2134.000000, 2017.000000, 2133.000000, 2018.000000, 2203.000000, 1989.000000, 2204.000000,     small-vehicle,     593
2329.000000, 3230.000000, 2360.000000, 3227.000000, 2363.000000, 3304.000000, 2331.000000, 3306.000000,     small-vehicle,     595
1869.000000, 3764.000000, 1922.000000, 3762.000000, 1923.000000, 3793.000000, 1870.000000, 3796.000000,     small-vehicle,     598
3204.000000, 4368.000000, 3264.000000, 4363.000000, 3266.000000, 4392.000000, 3205.000000, 4397.000000,     small-vehicle,     600
2775.000000, 3739.000000, 2854.000000, 3733.000000, 2856.000000, 3768.000000, 2778.000000, 3773.000000,     large-vehicle,     605
2069.000000, 2195.000000, 2110.000000, 2195.000000, 2113.000000, 2295.000000, 2072.000000, 2296.000000,     large-vehicle,     608
1334.000000, 4067.000000, 1401.000000, 4060.000000, 1402.000000, 4099.000000, 1333.000000, 4104.000000,     small-vehicle,     613
2687.000000, 2639.000000, 2739.000000, 2638.000000, 2741.000000, 2668.000000, 2688.000000, 2670.000000,     small-vehicle,     614
884.000000, 4043.000000, 942.000000, 4039.000000, 941.000000, 4077.000000, 883.000000, 4082.000000,     small-vehicle,     615
2897.000000, 4451.000000, 2922.000000, 4450.000000, 2928.000000, 4528.000000, 2900.000000, 4530.000000,     small-vehicle,     616
2685.000000, 3789.000000, 2744.000000, 3785.000000, 2746.000000, 3824.000000, 2686.000000, 3827.000000,     small-vehicle,     620
2943.000000, 4431.000000, 2970.000000, 4427.000000, 2975.000000, 4512.000000, 2948.000000, 4514.000000,     large-vehicle,     623
3021.000000, 2599.000000, 3087.000000, 2596.000000, 3089.000000, 2632.000000, 3024.000000, 2634.000000,     large-vehicle,     624
2328.000000, 3225.000000, 2359.000000, 3224.000000, 2362.000000, 3299.000000, 2330.000000, 3300.000000,     large-vehicle,     625
3725.000000, 3658.000000, 3793.000000, 3653.000000, 3797.000000, 3697.000000, 3729.000000, 3701.000000,     large-vehicle,     626
2307.000000, 2379.000000, 2334.000000, 2379.000000, 2337.000000, 2459.000000, 2310.000000, 2458.000000,     large-vehicle,     627
2465.000000, 3990.000000, 2526.000000, 3986.000000, 2530.000000, 4072.000000, 2468.000000, 4076.000000,     large-vehicle,     628
2262.000000, 2024.000000, 2289.000000, 2024.000000, 2291.000000, 2089.000000, 2265.000000, 2088.000000,     small-vehicle,     632
2025.000000, 2052.000000, 2055.000000, 2052.000000, 2058.000000, 2136.000000, 2027.000000, 2136.000000,     small-vehicle,     635
2963.000000, 2607.000000, 3010.000000, 2605.000000, 3012.000000, 2635.000000, 2966.000000, 2636.000000,     small-vehicle,     636
3731.000000, 3691.000000, 3798.000000, 3687.000000, 3802.000000, 3724.000000, 3734.000000, 3728.000000,     small-vehicle,     637
1990.000000, 2008.000000, 2016.000000, 2008.000000, 2016.000000, 2074.000000, 1992.000000, 2074.000000,     small-vehicle,     638
1777.000000, 3914.000000, 1840.000000, 3911.000000, 1840.000000, 3944.000000, 1779.000000, 3948.000000,     small-vehicle,     639
2942.000000, 4436.000000, 2971.000000, 4434.000000, 2976.000000, 4516.000000, 2946.000000, 4519.000000,     small-vehicle,     640
1822.000000, 3828.000000, 1886.000000, 3824.000000, 1886.000000, 3860.000000, 1823.000000, 3865.000000,     small-vehicle,     641
2776.000000, 3733.000000, 2849.000000, 3727.000000, 2850.000000, 3759.000000, 2778.000000, 3764.000000,     small-vehicle,     642
3022.000000, 2592.000000, 3088.000000, 2590.000000, 3090.000000, 2628.000000, 3024.000000, 2630.000000,     small-vehicle,     643
208.000000, 4174.000000, 288.000000, 4169.000000, 285.000000, 4212.000000, 206.000000, 4218.000000,     small-vehicle,     644
3019.000000, 2571.000000, 3084.000000, 2569.000000, 3086.000000, 2606.000000, 3021.000000, 2608.000000,     large-vehicle,     645
2768.000000, 3757.000000, 2835.000000, 3753.000000, 2838.000000, 3789.000000, 2770.000000, 3793.000000,     large-vehicle,     646
