2996.000000, 2836.000000, 3049.000000, 2833.000000, 3049.000000, 2858.000000, 2997.000000, 2862.000000,     small-vehicle,     66
2155.000000, 1418.000000, 2181.000000, 1417.000000, 2183.000000, 1478.000000, 2157.000000, 1478.000000,     small-vehicle,     148
2394.000000, 3289.000000, 2426.000000, 3286.000000, 2429.000000, 3365.000000, 2396.000000, 3368.000000,     small-vehicle,     632
2067.000000, 3239.000000, 2098.000000, 3237.000000, 2100.000000, 3305.000000, 2068.000000, 3307.000000,     small-vehicle,     660
2393.000000, 3198.000000, 2424.000000, 3196.000000, 2426.000000, 3267.000000, 2396.000000, 3269.000000,     small-vehicle,     666
2061.000000, 3164.000000, 2088.000000, 3162.000000, 2090.000000, 3222.000000, 2061.000000, 3224.000000,     small-vehicle,     704
2388.000000, 3094.000000, 2417.000000, 3091.000000, 2420.000000, 3169.000000, 2390.000000, 3172.000000,     small-vehicle,     718
2344.000000, 3002.000000, 2378.000000, 2999.000000, 2381.000000, 3083.000000, 2346.000000, 3085.000000,     small-vehicle,     761
2055.000000, 3074.000000, 2086.000000, 3071.000000, 2087.000000, 3150.000000, 2057.000000, 3153.000000,     small-vehicle,     762
2040.000000, 2928.000000, 2072.000000, 2925.000000, 2074.000000, 2999.000000, 2042.000000, 3000.000000,     small-vehicle,     813
3526.000000, 2917.000000, 3553.000000, 2916.000000, 3557.000000, 2981.000000, 3531.000000, 2983.000000,     small-vehicle,     815
2575.000000, 2932.000000, 2628.000000, 2927.000000, 2629.000000, 2960.000000, 2577.000000, 2964.000000,     small-vehicle,     818
2048.000000, 2872.000000, 2074.000000, 2871.000000, 2074.000000, 2922.000000, 2049.000000, 2924.000000,     small-vehicle,     840
2026.000000, 2817.000000, 2044.000000, 2815.000000, 2045.000000, 2860.000000, 2027.000000, 2860.000000,     small-vehicle,     885
2030.000000, 2742.000000, 2052.000000, 2740.000000, 2054.000000, 2802.000000, 2031.000000, 2804.000000,     small-vehicle,     892
3527.000000, 2716.000000, 3581.000000, 2713.000000, 3583.000000, 2740.000000, 3530.000000, 2744.000000,     small-vehicle,     894
2343.000000, 2633.000000, 2379.000000, 2632.000000, 2382.000000, 2714.000000, 2346.000000, 2717.000000,     small-vehicle,     917
2323.000000, 2685.000000, 2357.000000, 2682.000000, 2360.000000, 2753.000000, 2325.000000, 2756.000000,     small-vehicle,     921
2339.000000, 2550.000000, 2369.000000, 2547.000000, 2372.000000, 2622.000000, 2341.000000, 2624.000000,     small-vehicle,     944
2016.000000, 2592.000000, 2043.000000, 2591.000000, 2045.000000, 2656.000000, 2018.000000, 2658.000000,     small-vehicle,     949
1129.000000, 2677.000000, 1191.000000, 2673.000000, 1191.000000, 2710.000000, 1129.000000, 2714.000000,     small-vehicle,     964
915.000000, 2708.000000, 978.000000, 2704.000000, 977.000000, 2742.000000, 915.000000, 2746.000000,     small-vehicle,     966
3689.000000, 2782.000000, 3739.000000, 2778.000000, 3742.000000, 2807.000000, 3691.000000, 2810.000000,     small-vehicle,     969
1307.000000, 2656.000000, 1335.000000, 2654.000000, 1335.000000, 2711.000000, 1307.000000, 2713.000000,     small-vehicle,     971
1302.000000, 2899.000000, 1341.000000, 2896.000000, 1342.000000, 2927.000000, 1302.000000, 2930.000000,     small-vehicle,     975
2011.000000, 2518.000000, 2038.000000, 2517.000000, 2038.000000, 2580.000000, 2012.000000, 2581.000000,     small-vehicle,     981
2301.000000, 2514.000000, 2332.000000, 2513.000000, 2334.000000, 2582.000000, 2304.000000, 2584.000000,     small-vehicle,     986
1049.000000, 2690.000000, 1112.000000, 2686.000000, 1112.000000, 2724.000000, 1049.000000, 2728.000000,     small-vehicle,     987
1206.000000, 2667.000000, 1268.000000, 2663.000000, 1268.000000, 2698.000000, 1206.000000, 2702.000000,     small-vehicle,     989
809.000000, 2627.000000, 873.000000, 2624.000000, 873.000000, 2662.000000, 808.000000, 2667.000000,     small-vehicle,     990
2736.000000, 2911.000000, 2784.000000, 2907.000000, 2786.000000, 2938.000000, 2736.000000, 2941.000000,     small-vehicle,     994
2035.000000, 2434.000000, 2064.000000, 2432.000000, 2065.000000, 2497.000000, 2037.000000, 2498.000000,     small-vehicle,     996
406.000000, 2683.000000, 467.000000, 2680.000000, 466.000000, 2709.000000, 405.000000, 2712.000000,     small-vehicle,     997
2008.000000, 2449.000000, 2033.000000, 2446.000000, 2034.000000, 2508.000000, 2009.000000, 2510.000000,     small-vehicle,     998
2335.000000, 2471.000000, 2364.000000, 2468.000000, 2366.000000, 2542.000000, 2337.000000, 2544.000000,     small-vehicle,     1001
1188.000000, 2571.000000, 1261.000000, 2567.000000, 1261.000000, 2604.000000, 1188.000000, 2609.000000,     small-vehicle,     1009
2145.000000, 3311.000000, 2174.000000, 3309.000000, 2175.000000, 3372.000000, 2147.000000, 3374.000000,     small-vehicle,     1010
1021.000000, 2597.000000, 1097.000000, 2594.000000, 1097.000000, 2632.000000, 1021.000000, 2636.000000,     small-vehicle,     1012
718.000000, 2636.000000, 766.000000, 2632.000000, 766.000000, 2666.000000, 718.000000, 2670.000000,     small-vehicle,     1013
1108.000000, 2585.000000, 1169.000000, 2581.000000, 1169.000000, 2618.000000, 1108.000000, 2622.000000,     small-vehicle,     1014
2333.000000, 2413.000000, 2354.000000, 2413.000000, 2356.000000, 2455.000000, 2334.000000, 2456.000000,     small-vehicle,     1017
2131.000000, 3123.000000, 2160.000000, 3122.000000, 2161.000000, 3185.000000, 2133.000000, 3187.000000,     small-vehicle,     1032
2710.000000, 2388.000000, 2739.000000, 2386.000000, 2741.000000, 2446.000000, 2713.000000, 2448.000000,     small-vehicle,     1033
2692.000000, 2922.000000, 2729.000000, 2921.000000, 2731.000000, 2984.000000, 2695.000000, 2986.000000,     small-vehicle,     1038
2003.000000, 2365.000000, 2031.000000, 2364.000000, 2033.000000, 2427.000000, 2005.000000, 2430.000000,     small-vehicle,     1039
2287.000000, 2312.000000, 2315.000000, 2310.000000, 2318.000000, 2372.000000, 2289.000000, 2373.000000,     small-vehicle,     1056
3539.000000, 3003.000000, 3563.000000, 3001.000000, 3568.000000, 3062.000000, 3543.000000, 3064.000000,     small-vehicle,     1069
3205.000000, 2835.000000, 3253.000000, 2832.000000, 3256.000000, 2874.000000, 3208.000000, 2877.000000,     small-vehicle,     1071
567.000000, 2421.000000, 599.000000, 2420.000000, 598.000000, 2483.000000, 565.000000, 2485.000000,     small-vehicle,     1076
2246.000000, 2281.000000, 2281.000000, 2279.000000, 2283.000000, 2362.000000, 2249.000000, 2363.000000,     large-vehicle,     1078
1998.000000, 2282.000000, 2023.000000, 2281.000000, 2024.000000, 2343.000000, 1999.000000, 2344.000000,     small-vehicle,     1079
2313.000000, 2230.000000, 2338.000000, 2229.000000, 2341.000000, 2286.000000, 2314.000000, 2287.000000,     small-vehicle,     1086
2827.000000, 2368.000000, 2856.000000, 2367.000000, 2860.000000, 2435.000000, 2830.000000, 2436.000000,     small-vehicle,     1088
1305.000000, 2267.000000, 1326.000000, 2266.000000, 1326.000000, 2313.000000, 1306.000000, 2314.000000,     small-vehicle,     1104
2307.000000, 2161.000000, 2330.000000, 2160.000000, 2331.000000, 2214.000000, 2309.000000, 2215.000000,     small-vehicle,     1113
1989.000000, 2191.000000, 2015.000000, 2190.000000, 2017.000000, 2250.000000, 1990.000000, 2251.000000,     small-vehicle,     1115
1261.000000, 2237.000000, 1310.000000, 2234.000000, 1310.000000, 2264.000000, 1261.000000, 2266.000000,     small-vehicle,     1116
886.000000, 2261.000000, 945.000000, 2258.000000, 945.000000, 2292.000000, 885.000000, 2295.000000,     small-vehicle,     1121
3562.000000, 3181.000000, 3584.000000, 3179.000000, 3589.000000, 3240.000000, 3566.000000, 3241.000000,     small-vehicle,     1122
1174.000000, 2239.000000, 1229.000000, 2237.000000, 1229.000000, 2269.000000, 1174.000000, 2272.000000,     small-vehicle,     1135
818.000000, 2186.000000, 876.000000, 2184.000000, 876.000000, 2212.000000, 818.000000, 2215.000000,     small-vehicle,     1139
1980.000000, 2101.000000, 2009.000000, 2100.000000, 2011.000000, 2161.000000, 1981.000000, 2163.000000,     small-vehicle,     1140
2010.000000, 2069.000000, 2056.000000, 2067.000000, 2060.000000, 2201.000000, 2012.000000, 2204.000000,     large-vehicle,     1141
2273.000000, 2109.000000, 2297.000000, 2108.000000, 2299.000000, 2163.000000, 2274.000000, 2164.000000,     small-vehicle,     1142
1001.000000, 2248.000000, 1055.000000, 2246.000000, 1055.000000, 2280.000000, 1001.000000, 2283.000000,     small-vehicle,     1144
2906.000000, 2880.000000, 2965.000000, 2876.000000, 2968.000000, 2913.000000, 2908.000000, 2916.000000,     small-vehicle,     1151
1221.000000, 2158.000000, 1288.000000, 2155.000000, 1288.000000, 2183.000000, 1221.000000, 2186.000000,     small-vehicle,     1155
658.000000, 2201.000000, 709.000000, 2199.000000, 709.000000, 2228.000000, 657.000000, 2230.000000,     small-vehicle,     1156
720.000000, 2198.000000, 775.000000, 2196.000000, 775.000000, 2222.000000, 719.000000, 2225.000000,     small-vehicle,     1157
1045.000000, 2169.000000, 1108.000000, 2166.000000, 1108.000000, 2193.000000, 1045.000000, 2196.000000,     small-vehicle,     1159
3119.000000, 2855.000000, 3176.000000, 2851.000000, 3177.000000, 2884.000000, 3121.000000, 2888.000000,     small-vehicle,     1164
1978.000000, 2022.000000, 2006.000000, 2020.000000, 2008.000000, 2085.000000, 1980.000000, 2086.000000,     small-vehicle,     1168
2266.000000, 2007.000000, 2296.000000, 2006.000000, 2297.000000, 2074.000000, 2268.000000, 2075.000000,     small-vehicle,     1175
1310.000000, 2089.000000, 1334.000000, 2088.000000, 1334.000000, 2143.000000, 1311.000000, 2144.000000,     small-vehicle,     1179
3529.000000, 2798.000000, 3583.000000, 2794.000000, 3584.000000, 2823.000000, 3531.000000, 2828.000000,     small-vehicle,     1182
3045.000000, 2861.000000, 3105.000000, 2858.000000, 3107.000000, 2897.000000, 3047.000000, 2900.000000,     small-vehicle,     1192
559.000000, 2013.000000, 587.000000, 2012.000000, 586.000000, 2075.000000, 557.000000, 2076.000000,     small-vehicle,     1202
1995.000000, 1906.000000, 2027.000000, 1905.000000, 2029.000000, 1974.000000, 1997.000000, 1975.000000,     small-vehicle,     1205
1966.000000, 1841.000000, 1998.000000, 1839.000000, 1999.000000, 1907.000000, 1967.000000, 1908.000000,     small-vehicle,     1211
2673.000000, 1843.000000, 2725.000000, 1841.000000, 2726.000000, 1865.000000, 2675.000000, 1868.000000,     small-vehicle,     1212
2475.000000, 1864.000000, 2537.000000, 1861.000000, 2539.000000, 1892.000000, 2475.000000, 1895.000000,     small-vehicle,     1214
2418.000000, 1876.000000, 2467.000000, 1874.000000, 2467.000000, 1899.000000, 2419.000000, 1902.000000,     small-vehicle,     1216
2611.000000, 1849.000000, 2663.000000, 1847.000000, 2664.000000, 1873.000000, 2613.000000, 1876.000000,     small-vehicle,     1217
2249.000000, 1829.000000, 2279.000000, 1828.000000, 2280.000000, 1890.000000, 2251.000000, 1891.000000,     small-vehicle,     1232
1967.000000, 1765.000000, 1998.000000, 1764.000000, 1999.000000, 1824.000000, 1968.000000, 1826.000000,     small-vehicle,     1236
2108.000000, 2758.000000, 2137.000000, 2756.000000, 2140.000000, 2826.000000, 2109.000000, 2827.000000,     small-vehicle,     1241
1949.000000, 1775.000000, 1974.000000, 1774.000000, 1976.000000, 1835.000000, 1950.000000, 1836.000000,     small-vehicle,     1245
3380.000000, 1753.000000, 3430.000000, 1750.000000, 3432.000000, 1777.000000, 3381.000000, 1778.000000,     small-vehicle,     1248
3449.000000, 1744.000000, 3508.000000, 1742.000000, 3511.000000, 1769.000000, 3450.000000, 1772.000000,     small-vehicle,     1249
1297.000000, 1790.000000, 1325.000000, 1789.000000, 1325.000000, 1855.000000, 1298.000000, 1856.000000,     small-vehicle,     1250
3577.000000, 1729.000000, 3633.000000, 1726.000000, 3636.000000, 1753.000000, 3579.000000, 1754.000000,     small-vehicle,     1251
1954.000000, 1689.000000, 1981.000000, 1688.000000, 1982.000000, 1750.000000, 1955.000000, 1752.000000,     small-vehicle,     1254
2242.000000, 1647.000000, 2279.000000, 1646.000000, 2281.000000, 1716.000000, 2244.000000, 1716.000000,     small-vehicle,     1257
2264.000000, 1725.000000, 2301.000000, 1723.000000, 2304.000000, 1797.000000, 2267.000000, 1798.000000,     small-vehicle,     1258
3658.000000, 1719.000000, 3710.000000, 1717.000000, 3713.000000, 1747.000000, 3660.000000, 1749.000000,     small-vehicle,     1260
319.000000, 2784.000000, 390.000000, 2779.000000, 389.000000, 2813.000000, 318.000000, 2818.000000,     small-vehicle,     1271
1292.000000, 1673.000000, 1323.000000, 1672.000000, 1323.000000, 1742.000000, 1292.000000, 1744.000000,     small-vehicle,     1273
2223.000000, 1554.000000, 2247.000000, 1553.000000, 2250.000000, 1614.000000, 2224.000000, 1615.000000,     small-vehicle,     1277
1946.000000, 1601.000000, 1974.000000, 1600.000000, 1975.000000, 1668.000000, 1948.000000, 1668.000000,     small-vehicle,     1282
1102.000000, 2250.000000, 1163.000000, 2247.000000, 1163.000000, 2277.000000, 1102.000000, 2280.000000,     small-vehicle,     1284
2294.000000, 2897.000000, 2326.000000, 2894.000000, 2329.000000, 2976.000000, 2296.000000, 2979.000000,     small-vehicle,     1290
1938.000000, 1518.000000, 1969.000000, 1518.000000, 1971.000000, 1582.000000, 1940.000000, 1583.000000,     small-vehicle,     1292
1287.000000, 1598.000000, 1309.000000, 1597.000000, 1309.000000, 1634.000000, 1287.000000, 1635.000000,     small-vehicle,     1293
686.000000, 2737.000000, 749.000000, 2734.000000, 748.000000, 2769.000000, 685.000000, 2773.000000,     small-vehicle,     1294
832.000000, 2716.000000, 897.000000, 2712.000000, 896.000000, 2748.000000, 831.000000, 2752.000000,     small-vehicle,     1295
2251.000000, 1507.000000, 2277.000000, 1507.000000, 2279.000000, 1568.000000, 2253.000000, 1568.000000,     small-vehicle,     1298
2066.000000, 2080.000000, 2094.000000, 2079.000000, 2095.000000, 2155.000000, 2069.000000, 2156.000000,     small-vehicle,     1302
2440.000000, 1949.000000, 2504.000000, 1947.000000, 2505.000000, 1978.000000, 2441.000000, 1981.000000,     small-vehicle,     1303
2468.000000, 2418.000000, 2491.000000, 2417.000000, 2493.000000, 2475.000000, 2470.000000, 2476.000000,     small-vehicle,     1306
783.000000, 2268.000000, 846.000000, 2265.000000, 845.000000, 2301.000000, 782.000000, 2304.000000,     small-vehicle,     1307
1935.000000, 1444.000000, 1961.000000, 1443.000000, 1962.000000, 1500.000000, 1935.000000, 1502.000000,     small-vehicle,     1309
1283.000000, 1460.000000, 1305.000000, 1460.000000, 1305.000000, 1514.000000, 1283.000000, 1515.000000,     small-vehicle,     1312
2318.000000, 2309.000000, 2350.000000, 2308.000000, 2352.000000, 2359.000000, 2320.000000, 2360.000000,     small-vehicle,     1314
3431.000000, 1831.000000, 3492.000000, 1828.000000, 3494.000000, 1860.000000, 3434.000000, 1863.000000,     large-vehicle,     1317
756.000000, 2731.000000, 818.000000, 2729.000000, 818.000000, 2760.000000, 755.000000, 2764.000000,     small-vehicle,     1318
1814.000000, 2655.000000, 1885.000000, 2650.000000, 1886.000000, 2690.000000, 1814.000000, 2695.000000,     small-vehicle,     1320
1277.000000, 1374.000000, 1304.000000, 1373.000000, 1303.000000, 1433.000000, 1277.000000, 1434.000000,     small-vehicle,     1330
713.000000, 2278.000000, 756.000000, 2276.000000, 755.000000, 2305.000000, 712.000000, 2307.000000,     small-vehicle,     1331
1272.000000, 1306.000000, 1303.000000, 1304.000000, 1303.000000, 1368.000000, 1272.000000, 1369.000000,     small-vehicle,     1333
1923.000000, 1279.000000, 1950.000000, 1278.000000, 1952.000000, 1334.000000, 1924.000000, 1335.000000,     small-vehicle,     1337
2205.000000, 1217.000000, 2228.000000, 1216.000000, 2231.000000, 1282.000000, 2207.000000, 1282.000000,     small-vehicle,     1342
2719.000000, 1920.000000, 2780.000000, 1917.000000, 2782.000000, 1949.000000, 2721.000000, 1951.000000,     small-vehicle,     1347
1269.000000, 1241.000000, 1295.000000, 1239.000000, 1295.000000, 1293.000000, 1269.000000, 1294.000000,     small-vehicle,     1348
2367.000000, 2743.000000, 2388.000000, 2742.000000, 2390.000000, 2775.000000, 2369.000000, 2776.000000,     small-vehicle,     1352
3330.000000, 2832.000000, 3381.000000, 2829.000000, 3383.000000, 2853.000000, 3332.000000, 2857.000000,     small-vehicle,     1356
1940.000000, 1149.000000, 1968.000000, 1148.000000, 1969.000000, 1204.000000, 1940.000000, 1204.000000,     small-vehicle,     1360
2195.000000, 1149.000000, 2224.000000, 1148.000000, 2226.000000, 1211.000000, 2197.000000, 1212.000000,     small-vehicle,     1361
1358.000000, 1081.000000, 1410.000000, 1081.000000, 1409.000000, 1111.000000, 1358.000000, 1112.000000,     small-vehicle,     1364
534.000000, 1170.000000, 583.000000, 1169.000000, 582.000000, 1201.000000, 533.000000, 1202.000000,     small-vehicle,     1369
1301.000000, 2313.000000, 1333.000000, 2311.000000, 1333.000000, 2391.000000, 1301.000000, 2392.000000,     large-vehicle,     1371
169.000000, 1105.000000, 227.000000, 1105.000000, 226.000000, 1138.000000, 169.000000, 1139.000000,     small-vehicle,     1373
61.000000, 1157.000000, 113.000000, 1157.000000, 111.000000, 1200.000000, 59.000000, 1201.000000,     small-vehicle,     1374
405.000000, 1104.000000, 468.000000, 1103.000000, 468.000000, 1129.000000, 404.000000, 1131.000000,     small-vehicle,     1375
126.000000, 2725.000000, 192.000000, 2721.000000, 191.000000, 2744.000000, 126.000000, 2747.000000,     small-vehicle,     1376
328.000000, 1102.000000, 395.000000, 1100.000000, 394.000000, 1134.000000, 327.000000, 1135.000000,     small-vehicle,     1377
1101.000000, 1089.000000, 1146.000000, 1088.000000, 1146.000000, 1112.000000, 1101.000000, 1113.000000,     small-vehicle,     1378
1358.000000, 1142.000000, 1419.000000, 1140.000000, 1419.000000, 1169.000000, 1358.000000, 1169.000000,     small-vehicle,     1379
1970.000000, 1926.000000, 1997.000000, 1925.000000, 1999.000000, 1992.000000, 1972.000000, 1993.000000,     small-vehicle,     1380
3582.000000, 1822.000000, 3635.000000, 1819.000000, 3635.000000, 1842.000000, 3584.000000, 1844.000000,     small-vehicle,     1381
1177.000000, 1086.000000, 1227.000000, 1085.000000, 1227.000000, 1111.000000, 1177.000000, 1112.000000,     small-vehicle,     1384
953.000000, 1091.000000, 1003.000000, 1090.000000, 1003.000000, 1115.000000, 952.000000, 1116.000000,     small-vehicle,     1385
1027.000000, 1089.000000, 1073.000000, 1089.000000, 1073.000000, 1115.000000, 1027.000000, 1116.000000,     small-vehicle,     1386
1230.000000, 1075.000000, 1293.000000, 1074.000000, 1293.000000, 1114.000000, 1230.000000, 1115.000000,     small-vehicle,     1387
1483.000000, 1086.000000, 1538.000000, 1086.000000, 1539.000000, 1111.000000, 1483.000000, 1113.000000,     small-vehicle,     1388
477.000000, 1098.000000, 527.000000, 1098.000000, 526.000000, 1123.000000, 476.000000, 1125.000000,     small-vehicle,     1389
1559.000000, 1079.000000, 1601.000000, 1078.000000, 1602.000000, 1099.000000, 1559.000000, 1100.000000,     small-vehicle,     1390
1304.000000, 2329.000000, 1333.000000, 2327.000000, 1333.000000, 2404.000000, 1304.000000, 2405.000000,     small-vehicle,     1392
2226.000000, 1175.000000, 2252.000000, 1174.000000, 2254.000000, 1218.000000, 2228.000000, 1219.000000,     small-vehicle,     1393
107.000000, 1092.000000, 163.000000, 1092.000000, 163.000000, 1129.000000, 106.000000, 1131.000000,     small-vehicle,     1395
2717.000000, 1002.000000, 2775.000000, 1001.000000, 2777.000000, 1033.000000, 2719.000000, 1035.000000,     small-vehicle,     1397
3084.000000, 1877.000000, 3137.000000, 1875.000000, 3138.000000, 1906.000000, 3086.000000, 1908.000000,     small-vehicle,     1398
1265.000000, 1007.000000, 1291.000000, 1007.000000, 1291.000000, 1069.000000, 1264.000000, 1069.000000,     small-vehicle,     1399
1702.000000, 1108.000000, 1751.000000, 1107.000000, 1752.000000, 1132.000000, 1702.000000, 1134.000000,     small-vehicle,     1400
2457.000000, 1034.000000, 2506.000000, 1033.000000, 2508.000000, 1062.000000, 2459.000000, 1062.000000,     small-vehicle,     1401
3508.000000, 1824.000000, 3575.000000, 1822.000000, 3578.000000, 1853.000000, 3510.000000, 1856.000000,     small-vehicle,     1402
2392.000000, 1038.000000, 2446.000000, 1036.000000, 2447.000000, 1063.000000, 2393.000000, 1064.000000,     small-vehicle,     1403
1972.000000, 1965.000000, 1999.000000, 1963.000000, 2000.000000, 1988.000000, 1973.000000, 1988.000000,     small-vehicle,     1404
2590.000000, 1023.000000, 2643.000000, 1023.000000, 2644.000000, 1049.000000, 2591.000000, 1050.000000,     small-vehicle,     1405
1815.000000, 2658.000000, 1886.000000, 2653.000000, 1886.000000, 2689.000000, 1815.000000, 2694.000000,     large-vehicle,     1406
2521.000000, 1027.000000, 2582.000000, 1026.000000, 2583.000000, 1056.000000, 2522.000000, 1056.000000,     small-vehicle,     1407
3054.000000, 985.000000, 3116.000000, 984.000000, 3118.000000, 1009.000000, 3055.000000, 1010.000000,     large-vehicle,     1408
3055.000000, 984.000000, 3115.000000, 983.000000, 3117.000000, 1009.000000, 3056.000000, 1011.000000,     small-vehicle,     1409
3233.000000, 970.000000, 3281.000000, 969.000000, 3283.000000, 1000.000000, 3235.000000, 1001.000000,     small-vehicle,     1410
2368.000000, 2741.000000, 2388.000000, 2739.000000, 2390.000000, 2793.000000, 2370.000000, 2795.000000,     small-vehicle,     1411
2887.000000, 994.000000, 2946.000000, 993.000000, 2947.000000, 1020.000000, 2888.000000, 1021.000000,     small-vehicle,     1412
3146.000000, 1781.000000, 3183.000000, 1780.000000, 3185.000000, 1798.000000, 3147.000000, 1799.000000,     small-vehicle,     1413
478.000000, 2683.000000, 535.000000, 2680.000000, 534.000000, 2709.000000, 477.000000, 2712.000000,     small-vehicle,     1414
1900.000000, 1529.000000, 1929.000000, 1528.000000, 1932.000000, 1623.000000, 1902.000000, 1624.000000,     large-vehicle,     1415
2697.000000, 1086.000000, 2740.000000, 1085.000000, 2742.000000, 1116.000000, 2698.000000, 1118.000000,     small-vehicle,     1416
3517.000000, 2837.000000, 3544.000000, 2835.000000, 3549.000000, 2902.000000, 3522.000000, 2904.000000,     small-vehicle,     1417
2960.000000, 983.000000, 3022.000000, 983.000000, 3024.000000, 1018.000000, 2961.000000, 1019.000000,     small-vehicle,     1418
