2013.000000, 2852.000000, 2041.000000, 2850.000000, 2043.000000, 2916.000000, 2013.000000, 2917.000000,     small-vehicle,     0
2343.000000, 2910.000000, 2370.000000, 2908.000000, 2372.000000, 2973.000000, 2345.000000, 2975.000000,     small-vehicle,     1
2021.000000, 2936.000000, 2046.000000, 2935.000000, 2047.000000, 2997.000000, 2023.000000, 2998.000000,     small-vehicle,     2
2216.000000, 3458.000000, 2246.000000, 3456.000000, 2248.000000, 3520.000000, 2217.000000, 3521.000000,     small-vehicle,     3
2023.000000, 2569.000000, 2050.000000, 2567.000000, 2051.000000, 2634.000000, 2025.000000, 2634.000000,     small-vehicle,     4
2364.000000, 3260.000000, 2394.000000, 3259.000000, 2397.000000, 3327.000000, 2367.000000, 3328.000000,     small-vehicle,     5
1383.000000, 3659.000000, 1410.000000, 3657.000000, 1410.000000, 3728.000000, 1383.000000, 3731.000000,     small-vehicle,     6
1700.000000, 3939.000000, 1758.000000, 3936.000000, 1758.000000, 3967.000000, 1701.000000, 3970.000000,     small-vehicle,     7
2335.000000, 3098.000000, 2363.000000, 3097.000000, 2366.000000, 3162.000000, 2338.000000, 3164.000000,     small-vehicle,     8
3360.000000, 3640.000000, 3415.000000, 3635.000000, 3418.000000, 3665.000000, 3363.000000, 3669.000000,     small-vehicle,     9
1193.000000, 3816.000000, 1247.000000, 3813.000000, 1247.000000, 3846.000000, 1193.000000, 3849.000000,     small-vehicle,     10
491.000000, 3874.000000, 556.000000, 3869.000000, 554.000000, 3901.000000, 490.000000, 3905.000000,     small-vehicle,     11
1407.000000, 2948.000000, 1436.000000, 2946.000000, 1436.000000, 3024.000000, 1407.000000, 3024.000000,     small-vehicle,     12
2854.000000, 3782.000000, 2905.000000, 3779.000000, 2906.000000, 3810.000000, 2855.000000, 3813.000000,     small-vehicle,     14
2253.000000, 4134.000000, 2288.000000, 4132.000000, 2291.000000, 4211.000000, 2255.000000, 4213.000000,     small-vehicle,     15
1299.000000, 3803.000000, 1354.000000, 3800.000000, 1354.000000, 3833.000000, 1299.000000, 3837.000000,     small-vehicle,     16
2335.000000, 2823.000000, 2363.000000, 2823.000000, 2366.000000, 2899.000000, 2337.000000, 2899.000000,     small-vehicle,     17
1817.000000, 3843.000000, 1873.000000, 3840.000000, 1874.000000, 3872.000000, 1818.000000, 3874.000000,     small-vehicle,     18
2312.000000, 3008.000000, 2365.000000, 3006.000000, 2368.000000, 3075.000000, 2314.000000, 3077.000000,     small-vehicle,     19
2158.000000, 3343.000000, 2198.000000, 3340.000000, 2201.000000, 3417.000000, 2159.000000, 3420.000000,     small-vehicle,     20
2040.000000, 2761.000000, 2067.000000, 2759.000000, 2069.000000, 2828.000000, 2041.000000, 2829.000000,     small-vehicle,     21
1823.000000, 4033.000000, 1887.000000, 4028.000000, 1887.000000, 4060.000000, 1824.000000, 4064.000000,     small-vehicle,     22
2673.000000, 4010.000000, 2730.000000, 4006.000000, 2731.000000, 4034.000000, 2676.000000, 4038.000000,     small-vehicle,     23
2299.000000, 4390.000000, 2332.000000, 4386.000000, 2335.000000, 4468.000000, 2301.000000, 4470.000000,     small-vehicle,     24
146.000000, 3901.000000, 213.000000, 3895.000000, 212.000000, 3928.000000, 144.000000, 3933.000000,     small-vehicle,     25
2377.000000, 3358.000000, 2404.000000, 3357.000000, 2407.000000, 3422.000000, 2380.000000, 3423.000000,     small-vehicle,     26
907.000000, 3838.000000, 965.000000, 3833.000000, 964.000000, 3867.000000, 905.000000, 3871.000000,     small-vehicle,     27
2449.000000, 4218.000000, 2487.000000, 4214.000000, 2491.000000, 4307.000000, 2452.000000, 4310.000000,     small-vehicle,     29
2762.000000, 4403.000000, 2825.000000, 4397.000000, 2827.000000, 4434.000000, 2762.000000, 4440.000000,     small-vehicle,     30
2352.000000, 3172.000000, 2386.000000, 3170.000000, 2389.000000, 3245.000000, 2354.000000, 3245.000000,     small-vehicle,     32
2098.000000, 3538.000000, 2156.000000, 3534.000000, 2159.000000, 3590.000000, 2098.000000, 3592.000000,     small-vehicle,     33
2926.000000, 3768.000000, 2986.000000, 3763.000000, 2988.000000, 3795.000000, 2928.000000, 3798.000000,     small-vehicle,     34
2384.000000, 3474.000000, 2412.000000, 3472.000000, 2416.000000, 3551.000000, 2387.000000, 3552.000000,     small-vehicle,     35
2095.000000, 2949.000000, 2123.000000, 2949.000000, 2124.000000, 3021.000000, 2098.000000, 3022.000000,     small-vehicle,     36
3163.000000, 3748.000000, 3223.000000, 3744.000000, 3226.000000, 3774.000000, 3165.000000, 3778.000000,     small-vehicle,     38
2340.000000, 3332.000000, 2371.000000, 3331.000000, 2373.000000, 3405.000000, 2343.000000, 3405.000000,     small-vehicle,     40
1424.000000, 2586.000000, 1454.000000, 2585.000000, 1455.000000, 2646.000000, 1424.000000, 2645.000000,     small-vehicle,     41
2815.000000, 3683.000000, 2864.000000, 3680.000000, 2866.000000, 3712.000000, 2817.000000, 3714.000000,     small-vehicle,     42
1406.000000, 2870.000000, 1429.000000, 2869.000000, 1429.000000, 2926.000000, 1405.000000, 2927.000000,     small-vehicle,     43
1858.000000, 3928.000000, 1927.000000, 3922.000000, 1928.000000, 3956.000000, 1858.000000, 3961.000000,     small-vehicle,     44
1550.000000, 3948.000000, 1604.000000, 3944.000000, 1604.000000, 3981.000000, 1550.000000, 3986.000000,     small-vehicle,     45
2298.000000, 2721.000000, 2325.000000, 2721.000000, 2328.000000, 2798.000000, 2301.000000, 2799.000000,     small-vehicle,     46
1049.000000, 3828.000000, 1106.000000, 3824.000000, 1106.000000, 3861.000000, 1049.000000, 3864.000000,     small-vehicle,     47
2363.000000, 3093.000000, 2388.000000, 3092.000000, 2390.000000, 3153.000000, 2365.000000, 3154.000000,     small-vehicle,     48
3163.000000, 3656.000000, 3214.000000, 3654.000000, 3216.000000, 3684.000000, 3166.000000, 3687.000000,     small-vehicle,     49
67.000000, 3908.000000, 137.000000, 3903.000000, 134.000000, 3939.000000, 64.000000, 3945.000000,     small-vehicle,     50
608.000000, 3860.000000, 673.000000, 3855.000000, 671.000000, 3890.000000, 607.000000, 3895.000000,     small-vehicle,     51
2268.000000, 4214.000000, 2304.000000, 4210.000000, 2308.000000, 4292.000000, 2271.000000, 4296.000000,     small-vehicle,     52
1549.000000, 4006.000000, 1608.000000, 4002.000000, 1609.000000, 4034.000000, 1549.000000, 4038.000000,     small-vehicle,     53
2874.000000, 4390.000000, 2930.000000, 4384.000000, 2931.000000, 4418.000000, 2875.000000, 4422.000000,     small-vehicle,     54
328.000000, 4201.000000, 394.000000, 4196.000000, 393.000000, 4230.000000, 326.000000, 4236.000000,     small-vehicle,     55
3105.000000, 3975.000000, 3161.000000, 3970.000000, 3164.000000, 4005.000000, 3106.000000, 4009.000000,     small-vehicle,     56
3566.000000, 3445.000000, 3589.000000, 3443.000000, 3593.000000, 3494.000000, 3569.000000, 3495.000000,     small-vehicle,     57
1251.000000, 3988.000000, 1318.000000, 3983.000000, 1317.000000, 4019.000000, 1251.000000, 4025.000000,     small-vehicle,     58
2166.000000, 4425.000000, 2193.000000, 4422.000000, 2195.000000, 4492.000000, 2168.000000, 4496.000000,     small-vehicle,     61
694.000000, 3851.000000, 752.000000, 3847.000000, 751.000000, 3882.000000, 694.000000, 3887.000000,     small-vehicle,     62
3500.000000, 3532.000000, 3534.000000, 3529.000000, 3539.000000, 3603.000000, 3506.000000, 3605.000000,     small-vehicle,     63
1259.000000, 4134.000000, 1310.000000, 4130.000000, 1310.000000, 4159.000000, 1258.000000, 4163.000000,     small-vehicle,     64
3270.000000, 3645.000000, 3340.000000, 3641.000000, 3342.000000, 3673.000000, 3272.000000, 3678.000000,     small-vehicle,     65
2285.000000, 2569.000000, 2313.000000, 2568.000000, 2315.000000, 2630.000000, 2288.000000, 2630.000000,     small-vehicle,     66
954.000000, 4017.000000, 1016.000000, 4012.000000, 1015.000000, 4047.000000, 954.000000, 4052.000000,     small-vehicle,     67
2772.000000, 2519.000000, 2828.000000, 2518.000000, 2829.000000, 2554.000000, 2775.000000, 2555.000000,     small-vehicle,     69
3877.000000, 4216.000000, 3936.000000, 4212.000000, 3939.000000, 4243.000000, 3881.000000, 4248.000000,     small-vehicle,     70
2584.000000, 3852.000000, 2646.000000, 3848.000000, 2648.000000, 3880.000000, 2584.000000, 3884.000000,     small-vehicle,     72
3435.000000, 3632.000000, 3494.000000, 3627.000000, 3496.000000, 3660.000000, 3437.000000, 3664.000000,     small-vehicle,     73
226.000000, 3891.000000, 286.000000, 3889.000000, 285.000000, 3921.000000, 225.000000, 3924.000000,     small-vehicle,     74
1400.000000, 3147.000000, 1429.000000, 3146.000000, 1429.000000, 3216.000000, 1400.000000, 3217.000000,     small-vehicle,     75
2141.000000, 3107.000000, 2167.000000, 3105.000000, 2170.000000, 3185.000000, 2143.000000, 3187.000000,     small-vehicle,     76
2066.000000, 3453.000000, 2094.000000, 3452.000000, 2096.000000, 3520.000000, 2069.000000, 3522.000000,     small-vehicle,     77
2925.000000, 3987.000000, 2993.000000, 3982.000000, 2996.000000, 4017.000000, 2928.000000, 4023.000000,     small-vehicle,     78
407.000000, 2820.000000, 465.000000, 2818.000000, 464.000000, 2852.000000, 406.000000, 2855.000000,     small-vehicle,     79
1717.000000, 3977.000000, 1781.000000, 3972.000000, 1782.000000, 4005.000000, 1716.000000, 4011.000000,     small-vehicle,     80
1342.000000, 4028.000000, 1400.000000, 4024.000000, 1400.000000, 4057.000000, 1342.000000, 4062.000000,     small-vehicle,     82
2800.000000, 3835.000000, 2872.000000, 3830.000000, 2874.000000, 3862.000000, 2802.000000, 3867.000000,     small-vehicle,     83
1357.000000, 3971.000000, 1427.000000, 3966.000000, 1427.000000, 3999.000000, 1357.000000, 4004.000000,     small-vehicle,     84
3028.000000, 2548.000000, 3069.000000, 2547.000000, 3071.000000, 2572.000000, 3029.000000, 2573.000000,     small-vehicle,     85
2293.000000, 2930.000000, 2322.000000, 2929.000000, 2325.000000, 3004.000000, 2295.000000, 3005.000000,     small-vehicle,     86
2560.000000, 2547.000000, 2616.000000, 2546.000000, 2618.000000, 2580.000000, 2561.000000, 2583.000000,     small-vehicle,     87
2598.000000, 3736.000000, 2657.000000, 3731.000000, 2658.000000, 3767.000000, 2600.000000, 3771.000000,     small-vehicle,     88
3566.000000, 3939.000000, 3617.000000, 3935.000000, 3619.000000, 3970.000000, 3568.000000, 3974.000000,     small-vehicle,     89
2207.000000, 3328.000000, 2237.000000, 3328.000000, 2240.000000, 3412.000000, 2211.000000, 3412.000000,     small-vehicle,     90
3657.000000, 3623.000000, 3720.000000, 3618.000000, 3723.000000, 3652.000000, 3659.000000, 3657.000000,     small-vehicle,     91
3282.000000, 3960.000000, 3334.000000, 3956.000000, 3336.000000, 3986.000000, 3285.000000, 3990.000000,     small-vehicle,     92
3243.000000, 4267.000000, 3294.000000, 4263.000000, 3297.000000, 4294.000000, 3245.000000, 4299.000000,     small-vehicle,     93
2065.000000, 3215.000000, 2093.000000, 3213.000000, 2095.000000, 3288.000000, 2067.000000, 3288.000000,     small-vehicle,     94
2692.000000, 4406.000000, 2751.000000, 4400.000000, 2753.000000, 4445.000000, 2694.000000, 4451.000000,     small-vehicle,     95
3092.000000, 3753.000000, 3148.000000, 3749.000000, 3150.000000, 3784.000000, 3093.000000, 3789.000000,     small-vehicle,     96
881.000000, 4018.000000, 944.000000, 4013.000000, 944.000000, 4054.000000, 880.000000, 4058.000000,     small-vehicle,     97
3838.000000, 3665.000000, 3896.000000, 3662.000000, 3900.000000, 3700.000000, 3842.000000, 3704.000000,     small-vehicle,     98
3284.000000, 4345.000000, 3349.000000, 4340.000000, 3351.000000, 4372.000000, 3287.000000, 4378.000000,     small-vehicle,     99
3028.000000, 3979.000000, 3077.000000, 3976.000000, 3079.000000, 4009.000000, 3031.000000, 4013.000000,     small-vehicle,     100
2111.000000, 3256.000000, 2142.000000, 3254.000000, 2144.000000, 3321.000000, 2112.000000, 3322.000000,     small-vehicle,     101
3703.000000, 3933.000000, 3771.000000, 3929.000000, 3774.000000, 3963.000000, 3706.000000, 3970.000000,     small-vehicle,     102
1848.000000, 3974.000000, 1917.000000, 3969.000000, 1917.000000, 4002.000000, 1849.000000, 4006.000000,     small-vehicle,     103
3540.000000, 4431.000000, 3574.000000, 4427.000000, 3580.000000, 4505.000000, 3547.000000, 4508.000000,     small-vehicle,     104
2166.000000, 3509.000000, 2210.000000, 3506.000000, 2212.000000, 3597.000000, 2168.000000, 3599.000000,     small-vehicle,     105
3117.000000, 3700.000000, 3173.000000, 3697.000000, 3175.000000, 3727.000000, 3118.000000, 3730.000000,     small-vehicle,     106
3893.000000, 4330.000000, 3922.000000, 4327.000000, 3930.000000, 4398.000000, 3899.000000, 4400.000000,     small-vehicle,     107
3707.000000, 4223.000000, 3759.000000, 4220.000000, 3761.000000, 4252.000000, 3710.000000, 4258.000000,     small-vehicle,     108
3280.000000, 3690.000000, 3343.000000, 3686.000000, 3345.000000, 3715.000000, 3281.000000, 3719.000000,     small-vehicle,     109
2084.000000, 3360.000000, 2114.000000, 3360.000000, 2117.000000, 3437.000000, 2086.000000, 3437.000000,     small-vehicle,     110
2686.000000, 3725.000000, 2752.000000, 3720.000000, 2753.000000, 3760.000000, 2688.000000, 3764.000000,     small-vehicle,     111
1160.000000, 4091.000000, 1221.000000, 4087.000000, 1221.000000, 4118.000000, 1160.000000, 4122.000000,     small-vehicle,     113
2426.000000, 4437.000000, 2462.000000, 4435.000000, 2465.000000, 4514.000000, 2429.000000, 4518.000000,     small-vehicle,     114
2586.000000, 3791.000000, 2646.000000, 3788.000000, 2649.000000, 3825.000000, 2588.000000, 3829.000000,     small-vehicle,     115
1623.000000, 3938.000000, 1689.000000, 3934.000000, 1689.000000, 3972.000000, 1623.000000, 3976.000000,     small-vehicle,     116
3531.000000, 4246.000000, 3588.000000, 4241.000000, 3591.000000, 4275.000000, 3534.000000, 4281.000000,     small-vehicle,     117
1137.000000, 3993.000000, 1204.000000, 3988.000000, 1203.000000, 4024.000000, 1137.000000, 4028.000000,     small-vehicle,     118
3546.000000, 3718.000000, 3610.000000, 3715.000000, 3613.000000, 3753.000000, 3549.000000, 3757.000000,     small-vehicle,     119
2015.000000, 2498.000000, 2045.000000, 2499.000000, 2046.000000, 2558.000000, 2017.000000, 2559.000000,     small-vehicle,     120
2908.000000, 2505.000000, 2961.000000, 2505.000000, 2963.000000, 2540.000000, 2910.000000, 2541.000000,     small-vehicle,     121
3200.000000, 3700.000000, 3254.000000, 3696.000000, 3257.000000, 3727.000000, 3203.000000, 3729.000000,     small-vehicle,     122
1953.000000, 3961.000000, 2017.000000, 3957.000000, 2018.000000, 3993.000000, 1954.000000, 3997.000000,     small-vehicle,     123
2700.000000, 4316.000000, 2757.000000, 4312.000000, 2758.000000, 4343.000000, 2702.000000, 4347.000000,     small-vehicle,     125
1249.000000, 4080.000000, 1311.000000, 4076.000000, 1311.000000, 4107.000000, 1249.000000, 4111.000000,     small-vehicle,     126
2095.000000, 2700.000000, 2126.000000, 2699.000000, 2128.000000, 2772.000000, 2097.000000, 2773.000000,     small-vehicle,     127
417.000000, 3709.000000, 447.000000, 3707.000000, 444.000000, 3771.000000, 414.000000, 3773.000000,     small-vehicle,     128
1951.000000, 3919.000000, 2016.000000, 3914.000000, 2017.000000, 3951.000000, 1953.000000, 3955.000000,     small-vehicle,     129
3043.000000, 2489.000000, 3098.000000, 2487.000000, 3101.000000, 2522.000000, 3045.000000, 2524.000000,     small-vehicle,     130
3101.000000, 3659.000000, 3160.000000, 3656.000000, 3162.000000, 3686.000000, 3103.000000, 3690.000000,     small-vehicle,     131
1398.000000, 3252.000000, 1421.000000, 3251.000000, 1422.000000, 3310.000000, 1399.000000, 3312.000000,     small-vehicle,     132
3419.000000, 4254.000000, 3476.000000, 4248.000000, 3478.000000, 4278.000000, 3421.000000, 4283.000000,     small-vehicle,     133
280.000000, 2816.000000, 358.000000, 2813.000000, 357.000000, 2848.000000, 279.000000, 2850.000000,     small-vehicle,     134
411.000000, 4191.000000, 481.000000, 4186.000000, 480.000000, 4220.000000, 410.000000, 4225.000000,     small-vehicle,     135
1561.000000, 4103.000000, 1615.000000, 4100.000000, 1616.000000, 4133.000000, 1561.000000, 4137.000000,     small-vehicle,     136
625.000000, 4184.000000, 697.000000, 4179.000000, 696.000000, 4214.000000, 625.000000, 4219.000000,     small-vehicle,     137
2410.000000, 4255.000000, 2449.000000, 4254.000000, 2452.000000, 4335.000000, 2413.000000, 4339.000000,     small-vehicle,     138
3562.000000, 3665.000000, 3624.000000, 3661.000000, 3627.000000, 3698.000000, 3565.000000, 3703.000000,     small-vehicle,     139
1391.000000, 3484.000000, 1418.000000, 3483.000000, 1418.000000, 3550.000000, 1391.000000, 3552.000000,     small-vehicle,     140
2065.000000, 3302.000000, 2086.000000, 3300.000000, 2087.000000, 3350.000000, 2066.000000, 3352.000000,     small-vehicle,     144
903.000000, 4109.000000, 964.000000, 4104.000000, 964.000000, 4139.000000, 903.000000, 4143.000000,     small-vehicle,     145
2696.000000, 2530.000000, 2757.000000, 2529.000000, 2758.000000, 2567.000000, 2697.000000, 2568.000000,     small-vehicle,     146
981.000000, 3822.000000, 1033.000000, 3818.000000, 1033.000000, 3849.000000, 981.000000, 3853.000000,     small-vehicle,     147
2356.000000, 3820.000000, 2389.000000, 3817.000000, 2392.000000, 3897.000000, 2358.000000, 3899.000000,     small-vehicle,     148
3457.000000, 3676.000000, 3513.000000, 3671.000000, 3516.000000, 3707.000000, 3459.000000, 3711.000000,     small-vehicle,     149
2730.000000, 3995.000000, 2799.000000, 3990.000000, 2802.000000, 4029.000000, 2733.000000, 4033.000000,     small-vehicle,     150
2301.000000, 2850.000000, 2332.000000, 2849.000000, 2335.000000, 2921.000000, 2303.000000, 2923.000000,     small-vehicle,     151
3829.000000, 3623.000000, 3887.000000, 3620.000000, 3892.000000, 3652.000000, 3833.000000, 3656.000000,     small-vehicle,     152
3100.000000, 2485.000000, 3159.000000, 2484.000000, 3161.000000, 2516.000000, 3102.000000, 2516.000000,     small-vehicle,     153
3338.000000, 4257.000000, 3399.000000, 4252.000000, 3401.000000, 4284.000000, 3340.000000, 4290.000000,     small-vehicle,     154
2218.000000, 3745.000000, 2257.000000, 3742.000000, 2260.000000, 3835.000000, 2222.000000, 3838.000000,     small-vehicle,     155
3379.000000, 4332.000000, 3442.000000, 4327.000000, 3445.000000, 4365.000000, 3382.000000, 4370.000000,     small-vehicle,     156
1736.000000, 4036.000000, 1790.000000, 4032.000000, 1790.000000, 4065.000000, 1737.000000, 4070.000000,     small-vehicle,     158
2197.000000, 4493.000000, 2221.000000, 4491.000000, 2223.000000, 4534.000000, 2198.000000, 4536.000000,     small-vehicle,     159
1627.000000, 3999.000000, 1693.000000, 3995.000000, 1693.000000, 4033.000000, 1628.000000, 4038.000000,     small-vehicle,     160
3578.000000, 3517.000000, 3614.000000, 3514.000000, 3621.000000, 3590.000000, 3584.000000, 3592.000000,     small-vehicle,     161
1451.000000, 3971.000000, 1515.000000, 3967.000000, 1515.000000, 4006.000000, 1451.000000, 4011.000000,     small-vehicle,     162
3639.000000, 3667.000000, 3704.000000, 3663.000000, 3708.000000, 3700.000000, 3641.000000, 3704.000000,     small-vehicle,     163
1768.000000, 2621.000000, 1826.000000, 2620.000000, 1825.000000, 2652.000000, 1769.000000, 2655.000000,     small-vehicle,     164
158.000000, 2817.000000, 227.000000, 2815.000000, 226.000000, 2853.000000, 157.000000, 2856.000000,     small-vehicle,     165
3491.000000, 3946.000000, 3545.000000, 3942.000000, 3548.000000, 3972.000000, 3493.000000, 3977.000000,     small-vehicle,     166
1053.000000, 3997.000000, 1118.000000, 3993.000000, 1117.000000, 4032.000000, 1052.000000, 4037.000000,     small-vehicle,     167
3380.000000, 3683.000000, 3438.000000, 3680.000000, 3441.000000, 3716.000000, 3383.000000, 3719.000000,     small-vehicle,     168
1082.000000, 4144.000000, 1149.000000, 4140.000000, 1149.000000, 4178.000000, 1082.000000, 4182.000000,     small-vehicle,     169
3280.000000, 3737.000000, 3339.000000, 3733.000000, 3340.000000, 3769.000000, 3282.000000, 3772.000000,     small-vehicle,     170
1060.000000, 4093.000000, 1134.000000, 4086.000000, 1134.000000, 4128.000000, 1060.000000, 4133.000000,     small-vehicle,     171
3640.000000, 3718.000000, 3702.000000, 3714.000000, 3706.000000, 3752.000000, 3644.000000, 3757.000000,     small-vehicle,     172
2627.000000, 2541.000000, 2689.000000, 2540.000000, 2690.000000, 2574.000000, 2629.000000, 2577.000000,     small-vehicle,     173
1517.000000, 4049.000000, 1578.000000, 4043.000000, 1578.000000, 4082.000000, 1517.000000, 4087.000000,     small-vehicle,     175
1765.000000, 3769.000000, 1826.000000, 3766.000000, 1827.000000, 3797.000000, 1764.000000, 3801.000000,     small-vehicle,     177
3013.000000, 3762.000000, 3073.000000, 3757.000000, 3075.000000, 3793.000000, 3016.000000, 3797.000000,     small-vehicle,     178
1406.000000, 4113.000000, 1472.000000, 4109.000000, 1472.000000, 4147.000000, 1406.000000, 4152.000000,     small-vehicle,     179
3041.000000, 3706.000000, 3104.000000, 3702.000000, 3106.000000, 3736.000000, 3043.000000, 3740.000000,     small-vehicle,     182
1499.000000, 4108.000000, 1558.000000, 4103.000000, 1559.000000, 4138.000000, 1499.000000, 4143.000000,     small-vehicle,     186
2895.000000, 4436.000000, 2929.000000, 4435.000000, 2934.000000, 4524.000000, 2900.000000, 4527.000000,     small-vehicle,     187
2764.000000, 3781.000000, 2845.000000, 3776.000000, 2848.000000, 3809.000000, 2766.000000, 3815.000000,     small-vehicle,     188
1602.000000, 2614.000000, 1664.000000, 2613.000000, 1666.000000, 2644.000000, 1603.000000, 2646.000000,     small-vehicle,     189
1442.000000, 4016.000000, 1506.000000, 4012.000000, 1506.000000, 4047.000000, 1442.000000, 4052.000000,     small-vehicle,     190
3747.000000, 3713.000000, 3821.000000, 3708.000000, 3825.000000, 3747.000000, 3750.000000, 3751.000000,     small-vehicle,     193
2837.000000, 4305.000000, 2870.000000, 4303.000000, 2873.000000, 4334.000000, 2838.000000, 4336.000000,     small-vehicle,     194
3515.000000, 3621.000000, 3566.000000, 3618.000000, 3572.000000, 3686.000000, 3521.000000, 3690.000000,     small-vehicle,     196
1664.000000, 4086.000000, 1728.000000, 4081.000000, 1729.000000, 4118.000000, 1666.000000, 4123.000000,     small-vehicle,     198
3869.000000, 4415.000000, 3890.000000, 4414.000000, 3895.000000, 4464.000000, 3874.000000, 4467.000000,     small-vehicle,     201
2920.000000, 2549.000000, 2987.000000, 2547.000000, 2989.000000, 2580.000000, 2923.000000, 2581.000000,     small-vehicle,     202
1421.000000, 4063.000000, 1475.000000, 4058.000000, 1475.000000, 4092.000000, 1420.000000, 4095.000000,     small-vehicle,     203
3749.000000, 3664.000000, 3819.000000, 3659.000000, 3822.000000, 3697.000000, 3752.000000, 3702.000000,     small-vehicle,     209
2490.000000, 2559.000000, 2555.000000, 2557.000000, 2557.000000, 2596.000000, 2492.000000, 2597.000000,     small-vehicle,     212
122.000000, 4127.000000, 199.000000, 4121.000000, 196.000000, 4162.000000, 119.000000, 4168.000000,     small-vehicle,     213
1173.000000, 4143.000000, 1225.000000, 4138.000000, 1225.000000, 4169.000000, 1173.000000, 4173.000000,     small-vehicle,     214
38.000000, 4240.000000, 85.000000, 4236.000000, 84.000000, 4265.000000, 36.000000, 4268.000000,     small-vehicle,     216
984.000000, 4095.000000, 1048.000000, 4091.000000, 1046.000000, 4130.000000, 984.000000, 4135.000000,     small-vehicle,     217
2038.000000, 3232.000000, 2060.000000, 3231.000000, 2062.000000, 3282.000000, 2038.000000, 3283.000000,     small-vehicle,     223
2310.000000, 3518.000000, 2347.000000, 3516.000000, 2351.000000, 3628.000000, 2313.000000, 3631.000000,     large-vehicle,     230
1910.000000, 4020.000000, 2009.000000, 4012.000000, 2011.000000, 4062.000000, 1910.000000, 4069.000000,     large-vehicle,     231
2052.000000, 3015.000000, 2095.000000, 3013.000000, 2097.000000, 3108.000000, 2055.000000, 3111.000000,     large-vehicle,     232
2268.000000, 3988.000000, 2313.000000, 3985.000000, 2317.000000, 4089.000000, 2272.000000, 4091.000000,     large-vehicle,     233
2320.000000, 4629.000000, 2368.000000, 4623.000000, 2373.000000, 4747.000000, 2325.000000, 4752.000000,     large-vehicle,     234
3859.000000, 3927.000000, 3925.000000, 3922.000000, 3929.000000, 3966.000000, 3863.000000, 3971.000000,     large-vehicle,     235
704.000000, 4173.000000, 793.000000, 4165.000000, 792.000000, 4217.000000, 703.000000, 4223.000000,     large-vehicle,     236
938.000000, 4153.000000, 1044.000000, 4145.000000, 1043.000000, 4198.000000, 936.000000, 4206.000000,     large-vehicle,     237
2403.000000, 3865.000000, 2448.000000, 3861.000000, 2452.000000, 3964.000000, 2408.000000, 3968.000000,     large-vehicle,     239
1651.000000, 4037.000000, 1717.000000, 4033.000000, 1718.000000, 4077.000000, 1652.000000, 4083.000000,     large-vehicle,     240
2951.000000, 3715.000000, 3029.000000, 3710.000000, 3030.000000, 3745.000000, 2953.000000, 3751.000000,     large-vehicle,     242
2669.000000, 3832.000000, 2784.000000, 3824.000000, 2786.000000, 3875.000000, 2672.000000, 3884.000000,     large-vehicle,     243
2942.000000, 4429.000000, 2971.000000, 4425.000000, 2976.000000, 4518.000000, 2947.000000, 4521.000000,     large-vehicle,     244
203.000000, 4211.000000, 279.000000, 4205.000000, 276.000000, 4246.000000, 201.000000, 4251.000000,     large-vehicle,     250
2307.000000, 4524.000000, 2346.000000, 4520.000000, 2351.000000, 4624.000000, 2310.000000, 4627.000000,     large-vehicle,     253
2446.000000, 4078.000000, 2483.000000, 4077.000000, 2486.000000, 4158.000000, 2449.000000, 4160.000000,     small-vehicle,     289
3899.000000, 4443.000000, 3933.000000, 4440.000000, 3939.000000, 4515.000000, 3906.000000, 4519.000000,     small-vehicle,     291
554.000000, 4173.000000, 619.000000, 4166.000000, 617.000000, 4203.000000, 553.000000, 4207.000000,     small-vehicle,     317
3248.000000, 2475.000000, 3312.000000, 2474.000000, 3315.000000, 2512.000000, 3251.000000, 2513.000000,     small-vehicle,     329
3181.000000, 2480.000000, 3234.000000, 2479.000000, 3237.000000, 2510.000000, 3184.000000, 2512.000000,     small-vehicle,     330
3808.000000, 3735.000000, 3880.000000, 3730.000000, 3883.000000, 3767.000000, 3811.000000, 3772.000000,     small-vehicle,     334
1112.000000, 3379.000000, 1178.000000, 3376.000000, 1178.000000, 3413.000000, 1111.000000, 3416.000000,     small-vehicle,     337
3412.000000, 2446.000000, 3481.000000, 2443.000000, 3486.000000, 2508.000000, 3417.000000, 2509.000000,     large-vehicle,     345
1780.000000, 3931.000000, 1841.000000, 3926.000000, 1842.000000, 3958.000000, 1780.000000, 3962.000000,     large-vehicle,     351
2089.000000, 2872.000000, 2120.000000, 2871.000000, 2122.000000, 2942.000000, 2091.000000, 2943.000000,     small-vehicle,     353
1271.000000, 3378.000000, 1337.000000, 3375.000000, 1337.000000, 3412.000000, 1271.000000, 3415.000000,     small-vehicle,     360
3310.000000, 2472.000000, 3366.000000, 2470.000000, 3369.000000, 2503.000000, 3313.000000, 2503.000000,     small-vehicle,     364
3021.000000, 2582.000000, 3086.000000, 2580.000000, 3088.000000, 2615.000000, 3023.000000, 2616.000000,     large-vehicle,     373
3486.000000, 2444.000000, 3554.000000, 2443.000000, 3557.000000, 2485.000000, 3489.000000, 2486.000000,     small-vehicle,     382
823.000000, 4107.000000, 886.000000, 4102.000000, 886.000000, 4140.000000, 821.000000, 4144.000000,     small-vehicle,     383
1772.000000, 4076.000000, 1835.000000, 4072.000000, 1836.000000, 4109.000000, 1773.000000, 4113.000000,     small-vehicle,     384
3559.000000, 2434.000000, 3631.000000, 2433.000000, 3634.000000, 2473.000000, 3563.000000, 2475.000000,     small-vehicle,     385
2802.000000, 2579.000000, 2855.000000, 2579.000000, 2858.000000, 2627.000000, 2804.000000, 2629.000000,     small-vehicle,     386
3737.000000, 2414.000000, 3791.000000, 2414.000000, 3795.000000, 2445.000000, 3741.000000, 2447.000000,     small-vehicle,     387
992.000000, 4039.000000, 1067.000000, 4034.000000, 1067.000000, 4074.000000, 992.000000, 4079.000000,     small-vehicle,     409
3634.000000, 2424.000000, 3695.000000, 2423.000000, 3699.000000, 2461.000000, 3636.000000, 2462.000000,     small-vehicle,     413
3558.000000, 4567.000000, 3584.000000, 4565.000000, 3590.000000, 4635.000000, 3564.000000, 4637.000000,     small-vehicle,     416
2142.000000, 2732.000000, 2178.000000, 2731.000000, 2181.000000, 2815.000000, 2146.000000, 2817.000000,     small-vehicle,     421
320.000000, 4091.000000, 385.000000, 4086.000000, 384.000000, 4124.000000, 319.000000, 4128.000000,     small-vehicle,     430
2196.000000, 3223.000000, 2225.000000, 3223.000000, 2227.000000, 3300.000000, 2198.000000, 3302.000000,     small-vehicle,     431
1984.000000, 2395.000000, 2011.000000, 2393.000000, 2014.000000, 2460.000000, 1984.000000, 2461.000000,     small-vehicle,     432
2012.000000, 2385.000000, 2043.000000, 2383.000000, 2044.000000, 2452.000000, 2015.000000, 2453.000000,     small-vehicle,     433
3865.000000, 3879.000000, 3930.000000, 3875.000000, 3933.000000, 3909.000000, 3868.000000, 3915.000000,     small-vehicle,     434
1198.000000, 3379.000000, 1258.000000, 3377.000000, 1258.000000, 3406.000000, 1198.000000, 3410.000000,     small-vehicle,     438
3114.000000, 2537.000000, 3176.000000, 2534.000000, 3178.000000, 2572.000000, 3116.000000, 2573.000000,     small-vehicle,     445
1534.000000, 2618.000000, 1590.000000, 2617.000000, 1591.000000, 2645.000000, 1535.000000, 2645.000000,     small-vehicle,     446
2777.000000, 3727.000000, 2854.000000, 3723.000000, 2856.000000, 3760.000000, 2778.000000, 3765.000000,     large-vehicle,     448
2111.000000, 2565.000000, 2137.000000, 2564.000000, 2140.000000, 2632.000000, 2112.000000, 2633.000000,     small-vehicle,     457
3350.000000, 3745.000000, 3417.000000, 3741.000000, 3420.000000, 3779.000000, 3353.000000, 3783.000000,     small-vehicle,     462
1851.000000, 4061.000000, 1918.000000, 4056.000000, 1919.000000, 4104.000000, 1851.000000, 4108.000000,     small-vehicle,     463
2972.000000, 2605.000000, 3008.000000, 2603.000000, 3009.000000, 2634.000000, 2974.000000, 2634.000000,     small-vehicle,     464
3120.000000, 2580.000000, 3180.000000, 2578.000000, 3183.000000, 2615.000000, 3123.000000, 2617.000000,     small-vehicle,     465
2274.000000, 2307.000000, 2299.000000, 2306.000000, 2302.000000, 2381.000000, 2276.000000, 2382.000000,     small-vehicle,     484
2417.000000, 4265.000000, 2451.000000, 4263.000000, 2454.000000, 4354.000000, 2421.000000, 4357.000000,     small-vehicle,     485
3443.000000, 3736.000000, 3508.000000, 3731.000000, 3511.000000, 3770.000000, 3445.000000, 3774.000000,     small-vehicle,     487
2868.000000, 3697.000000, 2932.000000, 3693.000000, 2935.000000, 3729.000000, 2870.000000, 3734.000000,     small-vehicle,     495
249.000000, 2896.000000, 332.000000, 2893.000000, 332.000000, 2912.000000, 248.000000, 2916.000000,     large-vehicle,     498
1978.000000, 2328.000000, 2005.000000, 2328.000000, 2005.000000, 2389.000000, 1980.000000, 2391.000000,     small-vehicle,     506
2034.000000, 3117.000000, 2074.000000, 3115.000000, 2076.000000, 3190.000000, 2036.000000, 3191.000000,     small-vehicle,     509
52.000000, 2809.000000, 120.000000, 2807.000000, 118.000000, 2844.000000, 50.000000, 2846.000000,     small-vehicle,     511
3418.000000, 2409.000000, 3448.000000, 2407.000000, 3449.000000, 2431.000000, 3420.000000, 2432.000000,     small-vehicle,     512
2094.000000, 2375.000000, 2122.000000, 2375.000000, 2123.000000, 2431.000000, 2096.000000, 2430.000000,     small-vehicle,     527
3510.000000, 3890.000000, 3578.000000, 3884.000000, 3581.000000, 3916.000000, 3513.000000, 3921.000000,     small-vehicle,     528
1833.000000, 3791.000000, 1901.000000, 3788.000000, 1902.000000, 3830.000000, 1834.000000, 3835.000000,     small-vehicle,     530
2056.000000, 2325.000000, 2083.000000, 2324.000000, 2084.000000, 2388.000000, 2059.000000, 2389.000000,     small-vehicle,     531
1834.000000, 3820.000000, 1897.000000, 3815.000000, 1899.000000, 3859.000000, 1835.000000, 3862.000000,     large-vehicle,     536
1552.000000, 4199.000000, 1607.000000, 4195.000000, 1607.000000, 4256.000000, 1552.000000, 4260.000000,     small-vehicle,     537
1418.000000, 3625.000000, 1448.000000, 3623.000000, 1449.000000, 3706.000000, 1417.000000, 3708.000000,     large-vehicle,     538
2330.000000, 3225.000000, 2358.000000, 3224.000000, 2361.000000, 3300.000000, 2331.000000, 3301.000000,     small-vehicle,     541
2776.000000, 3737.000000, 2855.000000, 3732.000000, 2858.000000, 3766.000000, 2777.000000, 3771.000000,     large-vehicle,     542
2669.000000, 3787.000000, 2747.000000, 3782.000000, 2749.000000, 3828.000000, 2671.000000, 3832.000000,     large-vehicle,     543
2668.000000, 3784.000000, 2742.000000, 3778.000000, 2745.000000, 3818.000000, 2669.000000, 3823.000000,     small-vehicle,     545
2445.000000, 4609.000000, 2478.000000, 4605.000000, 2481.000000, 4684.000000, 2448.000000, 4687.000000,     large-vehicle,     548
2287.000000, 3509.000000, 2302.000000, 3509.000000, 2305.000000, 3592.000000, 2291.000000, 3593.000000,     large-vehicle,     549
2872.000000, 3727.000000, 2941.000000, 3723.000000, 2943.000000, 3766.000000, 2874.000000, 3770.000000,     large-vehicle,     553
1832.000000, 3813.000000, 1898.000000, 3808.000000, 1900.000000, 3852.000000, 1833.000000, 3857.000000,     large-vehicle,     554
2330.000000, 3233.000000, 2360.000000, 3232.000000, 2362.000000, 3304.000000, 2332.000000, 3306.000000,     large-vehicle,     555
69.000000, 4124.000000, 155.000000, 4119.000000, 155.000000, 4162.000000, 67.000000, 4171.000000,     large-vehicle,     556
2161.000000, 4575.000000, 2207.000000, 4571.000000, 2209.000000, 4598.000000, 2162.000000, 4604.000000,     large-vehicle,     557
3871.000000, 3885.000000, 3927.000000, 3881.000000, 3931.000000, 3915.000000, 3874.000000, 3920.000000,     large-vehicle,     558
2442.000000, 4068.000000, 2478.000000, 4064.000000, 2483.000000, 4151.000000, 2445.000000, 4154.000000,     large-vehicle,     559
1337.000000, 4069.000000, 1409.000000, 4064.000000, 1409.000000, 4102.000000, 1337.000000, 4108.000000,     large-vehicle,     560
2301.000000, 2851.000000, 2332.000000, 2850.000000, 2335.000000, 2920.000000, 2303.000000, 2920.000000,     large-vehicle,     561
1334.000000, 4069.000000, 1406.000000, 4064.000000, 1406.000000, 4101.000000, 1334.000000, 4107.000000,     small-vehicle,     563
2252.000000, 2183.000000, 2274.000000, 2183.000000, 2277.000000, 2235.000000, 2254.000000, 2234.000000,     small-vehicle,     564
3660.000000, 3890.000000, 3723.000000, 3885.000000, 3726.000000, 3916.000000, 3663.000000, 3921.000000,     small-vehicle,     565
2449.000000, 4618.000000, 2477.000000, 4616.000000, 2481.000000, 4696.000000, 2452.000000, 4700.000000,     small-vehicle,     566
2286.000000, 2187.000000, 2314.000000, 2185.000000, 2315.000000, 2248.000000, 2289.000000, 2248.000000,     small-vehicle,     568
100.000000, 4096.000000, 171.000000, 4090.000000, 169.000000, 4123.000000, 99.000000, 4127.000000,     small-vehicle,     569
72.000000, 4159.000000, 156.000000, 4154.000000, 155.000000, 4196.000000, 70.000000, 4202.000000,     small-vehicle,     570
1418.000000, 3611.000000, 1448.000000, 3609.000000, 1449.000000, 3698.000000, 1417.000000, 3701.000000,     small-vehicle,     572
561.000000, 3841.000000, 595.000000, 3839.000000, 593.000000, 3860.000000, 561.000000, 3863.000000,     small-vehicle,     573
2771.000000, 3784.000000, 2839.000000, 3781.000000, 2841.000000, 3816.000000, 2773.000000, 3820.000000,     small-vehicle,     574
1648.000000, 2692.000000, 1700.000000, 2691.000000, 1700.000000, 2715.000000, 1648.000000, 2716.000000,     small-vehicle,     575
3505.000000, 2528.000000, 3576.000000, 2527.000000, 3580.000000, 2571.000000, 3509.000000, 2574.000000,     small-vehicle,     577
3738.000000, 2496.000000, 3788.000000, 2496.000000, 3790.000000, 2525.000000, 3740.000000, 2526.000000,     small-vehicle,     578
3024.000000, 2596.000000, 3088.000000, 2593.000000, 3090.000000, 2627.000000, 3026.000000, 2629.000000,     small-vehicle,     579
