2064.000000, 3496.000000, 2094.000000, 3494.000000, 2095.000000, 3559.000000, 2066.000000, 3561.000000,     small-vehicle,     0
2395.000000, 3544.000000, 2425.000000, 3542.000000, 2426.000000, 3612.000000, 2398.000000, 3614.000000,     small-vehicle,     1
2071.000000, 3577.000000, 2096.000000, 3575.000000, 2097.000000, 3640.000000, 2073.000000, 3642.000000,     small-vehicle,     2
2078.000000, 3213.000000, 2104.000000, 3212.000000, 2106.000000, 3272.000000, 2079.000000, 3274.000000,     small-vehicle,     4
2413.000000, 3896.000000, 2444.000000, 3894.000000, 2445.000000, 3966.000000, 2416.000000, 3969.000000,     small-vehicle,     5
2387.000000, 3728.000000, 2414.000000, 3727.000000, 2416.000000, 3800.000000, 2389.000000, 3803.000000,     small-vehicle,     8
1449.000000, 3607.000000, 1481.000000, 3604.000000, 1481.000000, 3683.000000, 1450.000000, 3686.000000,     small-vehicle,     12
2391.000000, 3462.000000, 2422.000000, 3459.000000, 2424.000000, 3530.000000, 2392.000000, 3532.000000,     small-vehicle,     17
2366.000000, 3647.000000, 2420.000000, 3642.000000, 2423.000000, 3715.000000, 2368.000000, 3720.000000,     small-vehicle,     19
2090.000000, 3396.000000, 2120.000000, 3393.000000, 2121.000000, 3465.000000, 2092.000000, 3466.000000,     small-vehicle,     21
2426.000000, 3998.000000, 2455.000000, 3995.000000, 2457.000000, 4059.000000, 2427.000000, 4062.000000,     small-vehicle,     26
2325.000000, 3709.000000, 2357.000000, 3706.000000, 2360.000000, 3793.000000, 2328.000000, 3795.000000,     small-vehicle,     29
2403.000000, 3809.000000, 2439.000000, 3807.000000, 2441.000000, 3882.000000, 2404.000000, 3885.000000,     small-vehicle,     32
2167.000000, 3991.000000, 2193.000000, 3989.000000, 2195.000000, 4061.000000, 2167.000000, 4064.000000,     small-vehicle,     36
2388.000000, 3966.000000, 2420.000000, 3963.000000, 2421.000000, 4042.000000, 2391.000000, 4044.000000,     small-vehicle,     40
1385.000000, 3444.000000, 1444.000000, 3440.000000, 1444.000000, 3483.000000, 1386.000000, 3487.000000,     small-vehicle,     41
1450.000000, 3533.000000, 1478.000000, 3530.000000, 1479.000000, 3594.000000, 1450.000000, 3596.000000,     small-vehicle,     43
2356.000000, 3355.000000, 2381.000000, 3354.000000, 2384.000000, 3430.000000, 2357.000000, 3432.000000,     small-vehicle,     46
2415.000000, 3729.000000, 2440.000000, 3727.000000, 2441.000000, 3790.000000, 2417.000000, 3792.000000,     small-vehicle,     48
2284.000000, 2296.000000, 2342.000000, 2294.000000, 2343.000000, 2336.000000, 2285.000000, 2337.000000,     small-vehicle,     66
1440.000000, 3794.000000, 1471.000000, 3792.000000, 1471.000000, 3869.000000, 1440.000000, 3871.000000,     small-vehicle,     75
456.000000, 3602.000000, 519.000000, 3598.000000, 519.000000, 3631.000000, 455.000000, 3635.000000,     small-vehicle,     79
3022.000000, 3195.000000, 3060.000000, 3192.000000, 3061.000000, 3215.000000, 3022.000000, 3218.000000,     small-vehicle,     85
2347.000000, 3566.000000, 2376.000000, 3565.000000, 2379.000000, 3645.000000, 2349.000000, 3648.000000,     small-vehicle,     86
2255.000000, 3969.000000, 2285.000000, 3966.000000, 2287.000000, 4055.000000, 2257.000000, 4057.000000,     small-vehicle,     90
2130.000000, 4004.000000, 2161.000000, 4002.000000, 2161.000000, 4076.000000, 2132.000000, 4079.000000,     small-vehicle,     110
2307.000000, 3908.000000, 2337.000000, 3905.000000, 2339.000000, 3985.000000, 2308.000000, 3987.000000,     small-vehicle,     114
2069.000000, 3135.000000, 2099.000000, 3134.000000, 2101.000000, 3196.000000, 2070.000000, 3199.000000,     small-vehicle,     120
2201.000000, 3955.000000, 2233.000000, 3952.000000, 2234.000000, 4032.000000, 2203.000000, 4036.000000,     small-vehicle,     127
1437.000000, 3897.000000, 1465.000000, 3894.000000, 1465.000000, 3960.000000, 1437.000000, 3962.000000,     small-vehicle,     132
2113.000000, 3944.000000, 2136.000000, 3942.000000, 2137.000000, 3994.000000, 2114.000000, 3996.000000,     small-vehicle,     144
2224.000000, 2484.000000, 2253.000000, 2483.000000, 2255.000000, 2551.000000, 2225.000000, 2552.000000,     small-vehicle,     148
1813.000000, 3276.000000, 1878.000000, 3272.000000, 1878.000000, 3302.000000, 1812.000000, 3306.000000,     small-vehicle,     164
2916.000000, 3196.000000, 2985.000000, 3191.000000, 2986.000000, 3224.000000, 2918.000000, 3228.000000,     small-vehicle,     202
2082.000000, 3881.000000, 2110.000000, 3878.000000, 2111.000000, 3937.000000, 2083.000000, 3939.000000,     small-vehicle,     223
2182.000000, 2092.000000, 2216.000000, 2091.000000, 2219.000000, 2191.000000, 2184.000000, 2191.000000,     large-vehicle,     230
2105.000000, 3664.000000, 2143.000000, 3661.000000, 2145.000000, 3750.000000, 2107.000000, 3754.000000,     large-vehicle,     232
1149.000000, 4046.000000, 1209.000000, 4041.000000, 1208.000000, 4081.000000, 1149.000000, 4086.000000,     small-vehicle,     337
2159.000000, 3874.000000, 2190.000000, 3871.000000, 2191.000000, 3948.000000, 2160.000000, 3950.000000,     small-vehicle,     353
2891.000000, 3236.000000, 2950.000000, 3232.000000, 2952.000000, 3277.000000, 2893.000000, 3281.000000,     small-vehicle,     386
2235.000000, 3745.000000, 2265.000000, 3742.000000, 2267.000000, 3825.000000, 2237.000000, 3828.000000,     small-vehicle,     421
2244.000000, 3861.000000, 2274.000000, 3859.000000, 2275.000000, 3935.000000, 2246.000000, 3938.000000,     small-vehicle,     431
2038.000000, 3032.000000, 2066.000000, 3031.000000, 2067.000000, 3096.000000, 2039.000000, 3099.000000,     small-vehicle,     432
2068.000000, 3021.000000, 2098.000000, 3020.000000, 2098.000000, 3086.000000, 2069.000000, 3089.000000,     small-vehicle,     433
3126.000000, 3174.000000, 3188.000000, 3170.000000, 3190.000000, 3203.000000, 3128.000000, 3207.000000,     small-vehicle,     445
2206.000000, 3830.000000, 2231.000000, 3828.000000, 2232.000000, 3891.000000, 2207.000000, 3892.000000,     small-vehicle,     457
277.000000, 3601.000000, 351.000000, 3595.000000, 350.000000, 3620.000000, 276.000000, 3624.000000,     large-vehicle,     498
2164.000000, 3734.000000, 2191.000000, 3731.000000, 2192.000000, 3799.000000, 2166.000000, 3801.000000,     small-vehicle,     531
2313.000000, 2801.000000, 2339.000000, 2799.000000, 2340.000000, 2863.000000, 2314.000000, 2864.000000,     small-vehicle,     564
2349.000000, 2816.000000, 2377.000000, 2815.000000, 2379.000000, 2877.000000, 2351.000000, 2878.000000,     small-vehicle,     568
1689.000000, 3343.000000, 1749.000000, 3339.000000, 1749.000000, 3368.000000, 1689.000000, 3372.000000,     small-vehicle,     575
3603.000000, 3163.000000, 3658.000000, 3161.000000, 3660.000000, 3191.000000, 3605.000000, 3195.000000,     small-vehicle,     577
2342.000000, 2731.000000, 2371.000000, 2729.000000, 2372.000000, 2801.000000, 2344.000000, 2802.000000,     small-vehicle,     590
2082.000000, 3763.000000, 2123.000000, 3760.000000, 2125.000000, 3833.000000, 2084.000000, 3836.000000,     small-vehicle,     591
2043.000000, 2767.000000, 2076.000000, 2765.000000, 2078.000000, 2837.000000, 2045.000000, 2839.000000,     small-vehicle,     593
2752.000000, 3268.000000, 2812.000000, 3264.000000, 2814.000000, 3295.000000, 2753.000000, 3299.000000,     small-vehicle,     614
2325.000000, 2648.000000, 2353.000000, 2646.000000, 2355.000000, 2712.000000, 2327.000000, 2713.000000,     small-vehicle,     632
2132.000000, 3410.000000, 2161.000000, 3407.000000, 2163.000000, 3493.000000, 2133.000000, 3495.000000,     small-vehicle,     635
3020.000000, 3234.000000, 3079.000000, 3230.000000, 3080.000000, 3262.000000, 3022.000000, 3265.000000,     small-vehicle,     636
2011.000000, 2594.000000, 2037.000000, 2593.000000, 2039.000000, 2654.000000, 2011.000000, 2654.000000,     small-vehicle,     660
2291.000000, 3574.000000, 2321.000000, 3571.000000, 2323.000000, 3645.000000, 2292.000000, 3647.000000,     small-vehicle,     664
2326.000000, 2559.000000, 2355.000000, 2558.000000, 2356.000000, 2627.000000, 2328.000000, 2629.000000,     small-vehicle,     666
2227.000000, 3563.000000, 2253.000000, 3561.000000, 2254.000000, 3621.000000, 2227.000000, 3622.000000,     small-vehicle,     667
2004.000000, 2518.000000, 2032.000000, 2517.000000, 2032.000000, 2577.000000, 2005.000000, 2578.000000,     small-vehicle,     704
2322.000000, 2472.000000, 2350.000000, 2471.000000, 2352.000000, 2538.000000, 2324.000000, 2539.000000,     small-vehicle,     718
2626.000000, 3283.000000, 2679.000000, 3279.000000, 2681.000000, 3307.000000, 2627.000000, 3310.000000,     small-vehicle,     736
2562.000000, 3290.000000, 2619.000000, 3287.000000, 2621.000000, 3319.000000, 2563.000000, 3323.000000,     small-vehicle,     756
2280.000000, 2370.000000, 2312.000000, 2369.000000, 2314.000000, 2447.000000, 2282.000000, 2448.000000,     small-vehicle,     761
1999.000000, 2437.000000, 2027.000000, 2436.000000, 2029.000000, 2505.000000, 2000.000000, 2506.000000,     small-vehicle,     762
1900.000000, 3348.000000, 1952.000000, 3344.000000, 1953.000000, 3363.000000, 1900.000000, 3367.000000,     small-vehicle,     765
3289.000000, 3199.000000, 3349.000000, 3195.000000, 3351.000000, 3230.000000, 3291.000000, 3234.000000,     small-vehicle,     789
3736.000000, 3142.000000, 3801.000000, 3138.000000, 3804.000000, 3174.000000, 3739.000000, 3178.000000,     small-vehicle,     792
1985.000000, 2296.000000, 2015.000000, 2295.000000, 2016.000000, 2362.000000, 1986.000000, 2363.000000,     small-vehicle,     813
3422.000000, 2304.000000, 3444.000000, 2304.000000, 3447.000000, 2367.000000, 3424.000000, 2367.000000,     small-vehicle,     815
2110.000000, 2602.000000, 2142.000000, 2600.000000, 2144.000000, 2670.000000, 2111.000000, 2672.000000,     small-vehicle,     816
2506.000000, 2308.000000, 2555.000000, 2307.000000, 2556.000000, 2337.000000, 2507.000000, 2339.000000,     small-vehicle,     818
2700.000000, 3258.000000, 2751.000000, 3255.000000, 2754.000000, 3315.000000, 2702.000000, 3318.000000,     small-vehicle,     824
1996.000000, 2245.000000, 2017.000000, 2245.000000, 2018.000000, 2288.000000, 1996.000000, 2289.000000,     small-vehicle,     840
2487.000000, 2228.000000, 2542.000000, 2227.000000, 2543.000000, 2252.000000, 2487.000000, 2254.000000,     small-vehicle,     841
2549.000000, 2216.000000, 2606.000000, 2214.000000, 2607.000000, 2247.000000, 2550.000000, 2250.000000,     small-vehicle,     845
1312.000000, 3463.000000, 1376.000000, 3458.000000, 1375.000000, 3500.000000, 1312.000000, 3504.000000,     small-vehicle,     846
1793.000000, 2742.000000, 1854.000000, 2740.000000, 1854.000000, 2769.000000, 1793.000000, 2772.000000,     small-vehicle,     847
2176.000000, 3538.000000, 2220.000000, 3535.000000, 2221.000000, 3631.000000, 2178.000000, 3634.000000,     large-vehicle,     856
2107.000000, 2437.000000, 2135.000000, 2435.000000, 2136.000000, 2498.000000, 2108.000000, 2498.000000,     small-vehicle,     867
2814.000000, 2190.000000, 2870.000000, 2188.000000, 2872.000000, 2221.000000, 2815.000000, 2223.000000,     small-vehicle,     870
637.000000, 2716.000000, 698.000000, 2713.000000, 698.000000, 2744.000000, 636.000000, 2747.000000,     small-vehicle,     871
2938.000000, 2170.000000, 2997.000000, 2169.000000, 2998.000000, 2199.000000, 2940.000000, 2202.000000,     small-vehicle,     875
1619.000000, 3352.000000, 1681.000000, 3348.000000, 1681.000000, 3392.000000, 1619.000000, 3396.000000,     small-vehicle,     876
3414.000000, 2221.000000, 3437.000000, 2221.000000, 3440.000000, 2271.000000, 3416.000000, 2272.000000,     small-vehicle,     878
2745.000000, 2193.000000, 2792.000000, 2192.000000, 2793.000000, 2220.000000, 2746.000000, 2221.000000,     small-vehicle,     879
2687.000000, 2204.000000, 2736.000000, 2203.000000, 2737.000000, 2235.000000, 2688.000000, 2236.000000,     small-vehicle,     880
2113.000000, 3855.000000, 2142.000000, 3852.000000, 2142.000000, 3927.000000, 2115.000000, 3929.000000,     small-vehicle,     884
1971.000000, 2189.000000, 1992.000000, 2189.000000, 1994.000000, 2245.000000, 1972.000000, 2246.000000,     small-vehicle,     885
3480.000000, 2106.000000, 3528.000000, 2105.000000, 3529.000000, 2134.000000, 3480.000000, 2135.000000,     small-vehicle,     886
3118.000000, 2149.000000, 3183.000000, 2148.000000, 3185.000000, 2175.000000, 3120.000000, 2177.000000,     small-vehicle,     889
1401.000000, 2506.000000, 1422.000000, 2506.000000, 1422.000000, 2557.000000, 1401.000000, 2558.000000,     small-vehicle,     890
1972.000000, 2118.000000, 2000.000000, 2118.000000, 2001.000000, 2188.000000, 1973.000000, 2188.000000,     small-vehicle,     892
3247.000000, 2136.000000, 3301.000000, 2135.000000, 3302.000000, 2167.000000, 3249.000000, 2169.000000,     small-vehicle,     893
3422.000000, 2111.000000, 3474.000000, 2110.000000, 3475.000000, 2136.000000, 3424.000000, 2137.000000,     small-vehicle,     894
3033.000000, 2156.000000, 3093.000000, 2154.000000, 3095.000000, 2188.000000, 3035.000000, 2189.000000,     small-vehicle,     895
3583.000000, 2090.000000, 3635.000000, 2089.000000, 3637.000000, 2116.000000, 3585.000000, 2117.000000,     small-vehicle,     897
3422.000000, 2188.000000, 3470.000000, 2187.000000, 3472.000000, 2215.000000, 3423.000000, 2216.000000,     small-vehicle,     901
2880.000000, 2180.000000, 2933.000000, 2178.000000, 2934.000000, 2206.000000, 2881.000000, 2207.000000,     small-vehicle,     904
661.000000, 3173.000000, 730.000000, 3169.000000, 729.000000, 3210.000000, 661.000000, 3214.000000,     small-vehicle,     909
3232.000000, 2218.000000, 3284.000000, 2216.000000, 3286.000000, 2248.000000, 3233.000000, 2249.000000,     small-vehicle,     916
2285.000000, 2029.000000, 2315.000000, 2027.000000, 2317.000000, 2098.000000, 2286.000000, 2100.000000,     small-vehicle,     917
898.000000, 3565.000000, 958.000000, 3561.000000, 958.000000, 3597.000000, 898.000000, 3601.000000,     small-vehicle,     919
2264.000000, 2075.000000, 2296.000000, 2074.000000, 2298.000000, 2140.000000, 2265.000000, 2141.000000,     small-vehicle,     921
3715.000000, 2070.000000, 3766.000000, 2069.000000, 3767.000000, 2096.000000, 3717.000000, 2098.000000,     small-vehicle,     924
2065.000000, 2377.000000, 2093.000000, 2376.000000, 2094.000000, 2438.000000, 2066.000000, 2439.000000,     small-vehicle,     930
2356.000000, 3487.000000, 2389.000000, 3484.000000, 2390.000000, 3560.000000, 2358.000000, 3562.000000,     small-vehicle,     941
3673.000000, 3155.000000, 3723.000000, 3151.000000, 3725.000000, 3181.000000, 3674.000000, 3184.000000,     small-vehicle,     943
2278.000000, 1946.000000, 2308.000000, 1946.000000, 2310.000000, 2014.000000, 2280.000000, 2014.000000,     small-vehicle,     944
1964.000000, 1978.000000, 1993.000000, 1976.000000, 1994.000000, 2041.000000, 1965.000000, 2041.000000,     small-vehicle,     949
3351.000000, 3193.000000, 3413.000000, 3189.000000, 3415.000000, 3214.000000, 3353.000000, 3218.000000,     small-vehicle,     951
3578.000000, 3076.000000, 3633.000000, 3072.000000, 3634.000000, 3105.000000, 3580.000000, 3108.000000,     small-vehicle,     953
3168.000000, 2228.000000, 3223.000000, 2226.000000, 3225.000000, 2257.000000, 3170.000000, 2258.000000,     small-vehicle,     962
1086.000000, 1968.000000, 1139.000000, 1967.000000, 1139.000000, 1997.000000, 1086.000000, 1998.000000,     small-vehicle,     964
873.000000, 1983.000000, 940.000000, 1982.000000, 940.000000, 2013.000000, 872.000000, 2014.000000,     small-vehicle,     966
3582.000000, 2172.000000, 3624.000000, 2170.000000, 3626.000000, 2195.000000, 3582.000000, 2197.000000,     small-vehicle,     969
1263.000000, 1963.000000, 1290.000000, 1963.000000, 1289.000000, 2009.000000, 1263.000000, 2009.000000,     small-vehicle,     971
1659.000000, 2747.000000, 1723.000000, 2744.000000, 1723.000000, 2773.000000, 1659.000000, 2776.000000,     small-vehicle,     973
1258.000000, 2194.000000, 1299.000000, 2193.000000, 1299.000000, 2221.000000, 1258.000000, 2221.000000,     small-vehicle,     975
2015.000000, 2849.000000, 2036.000000, 2848.000000, 2037.000000, 2900.000000, 2016.000000, 2901.000000,     small-vehicle,     976
2081.000000, 2119.000000, 2111.000000, 2118.000000, 2113.000000, 2188.000000, 2081.000000, 2189.000000,     small-vehicle,     980
1958.000000, 1906.000000, 1986.000000, 1905.000000, 1987.000000, 1967.000000, 1959.000000, 1967.000000,     small-vehicle,     981
2244.000000, 1906.000000, 2273.000000, 1906.000000, 2274.000000, 1975.000000, 2244.000000, 1975.000000,     small-vehicle,     986
1011.000000, 1973.000000, 1071.000000, 1973.000000, 1070.000000, 2003.000000, 1011.000000, 2004.000000,     small-vehicle,     987
2170.000000, 3284.000000, 2199.000000, 3282.000000, 2201.000000, 3344.000000, 2171.000000, 3346.000000,     small-vehicle,     988
1164.000000, 1962.000000, 1224.000000, 1962.000000, 1224.000000, 1991.000000, 1164.000000, 1993.000000,     small-vehicle,     989
772.000000, 1895.000000, 844.000000, 1894.000000, 843.000000, 1932.000000, 771.000000, 1934.000000,     small-vehicle,     990
2659.000000, 2288.000000, 2707.000000, 2286.000000, 2707.000000, 2312.000000, 2660.000000, 2314.000000,     small-vehicle,     994
97.000000, 1982.000000, 156.000000, 1981.000000, 155.000000, 2008.000000, 96.000000, 2010.000000,     small-vehicle,     995
1983.000000, 1823.000000, 2010.000000, 1823.000000, 2011.000000, 1886.000000, 1984.000000, 1886.000000,     small-vehicle,     996
374.000000, 1945.000000, 434.000000, 1945.000000, 433.000000, 1975.000000, 374.000000, 1976.000000,     small-vehicle,     997
1956.000000, 1842.000000, 1981.000000, 1842.000000, 1982.000000, 1900.000000, 1957.000000, 1901.000000,     small-vehicle,     998
2276.000000, 1870.000000, 2303.000000, 1870.000000, 2305.000000, 1930.000000, 2277.000000, 1931.000000,     small-vehicle,     1001
444.000000, 1939.000000, 502.000000, 1938.000000, 502.000000, 1969.000000, 443.000000, 1971.000000,     small-vehicle,     1008
1151.000000, 1871.000000, 1219.000000, 1870.000000, 1219.000000, 1900.000000, 1151.000000, 1901.000000,     small-vehicle,     1009
2045.000000, 2180.000000, 2073.000000, 2180.000000, 2075.000000, 2257.000000, 2046.000000, 2258.000000,     small-vehicle,     1010
985.000000, 1882.000000, 1053.000000, 1881.000000, 1052.000000, 1913.000000, 984.000000, 1914.000000,     small-vehicle,     1012
679.000000, 1897.000000, 734.000000, 1896.000000, 734.000000, 1928.000000, 678.000000, 1929.000000,     small-vehicle,     1013
1067.000000, 1875.000000, 1123.000000, 1875.000000, 1123.000000, 1903.000000, 1067.000000, 1905.000000,     small-vehicle,     1014
2272.000000, 1803.000000, 2296.000000, 1803.000000, 2297.000000, 1849.000000, 2274.000000, 1850.000000,     small-vehicle,     1017
950.000000, 2777.000000, 1014.000000, 2775.000000, 1014.000000, 2799.000000, 950.000000, 2801.000000,     small-vehicle,     1021
2035.000000, 1892.000000, 2066.000000, 1890.000000, 2066.000000, 1956.000000, 2036.000000, 1957.000000,     small-vehicle,     1032
2642.000000, 1788.000000, 2668.000000, 1788.000000, 2670.000000, 1848.000000, 2645.000000, 1849.000000,     small-vehicle,     1033
2616.000000, 2309.000000, 2656.000000, 2307.000000, 2658.000000, 2368.000000, 2617.000000, 2370.000000,     small-vehicle,     1038
1953.000000, 1756.000000, 1979.000000, 1755.000000, 1980.000000, 1818.000000, 1954.000000, 1818.000000,     small-vehicle,     1039
237.000000, 2802.000000, 314.000000, 2799.000000, 313.000000, 2831.000000, 236.000000, 2834.000000,     small-vehicle,     1040
819.000000, 2780.000000, 893.000000, 2777.000000, 892.000000, 2810.000000, 819.000000, 2813.000000,     small-vehicle,     1042
2242.000000, 2963.000000, 2272.000000, 2962.000000, 2273.000000, 3042.000000, 2245.000000, 3044.000000,     small-vehicle,     1050
2035.000000, 2965.000000, 2062.000000, 2963.000000, 2064.000000, 3025.000000, 2037.000000, 3026.000000,     small-vehicle,     1052
1120.000000, 2775.000000, 1170.000000, 2773.000000, 1170.000000, 2798.000000, 1120.000000, 2800.000000,     small-vehicle,     1053
2233.000000, 1717.000000, 2258.000000, 1717.000000, 2259.000000, 1770.000000, 2234.000000, 1770.000000,     small-vehicle,     1056
2046.000000, 2616.000000, 2073.000000, 2615.000000, 2073.000000, 2675.000000, 2047.000000, 2677.000000,     large-vehicle,     1062
1188.000000, 2766.000000, 1257.000000, 2764.000000, 1257.000000, 2789.000000, 1188.000000, 2792.000000,     large-vehicle,     1065
3331.000000, 2111.000000, 3361.000000, 2111.000000, 3362.000000, 2130.000000, 3331.000000, 2130.000000,     small-vehicle,     1067
3444.000000, 2529.000000, 3472.000000, 2528.000000, 3476.000000, 2592.000000, 3447.000000, 2593.000000,     small-vehicle,     1069
3198.000000, 3215.000000, 3260.000000, 3211.000000, 3260.000000, 3240.000000, 3199.000000, 3244.000000,     small-vehicle,     1070
3108.000000, 2225.000000, 3160.000000, 2223.000000, 3162.000000, 2257.000000, 3109.000000, 2258.000000,     small-vehicle,     1071
2385.000000, 2471.000000, 2402.000000, 2471.000000, 2403.000000, 2499.000000, 2385.000000, 2500.000000,     small-vehicle,     1072
1037.000000, 2779.000000, 1098.000000, 2776.000000, 1098.000000, 2799.000000, 1036.000000, 2802.000000,     small-vehicle,     1073
531.000000, 1706.000000, 570.000000, 1705.000000, 569.000000, 1762.000000, 530.000000, 1762.000000,     small-vehicle,     1076
2281.000000, 2941.000000, 2316.000000, 2939.000000, 2318.000000, 3028.000000, 2283.000000, 3029.000000,     large-vehicle,     1078
1947.000000, 1676.000000, 1971.000000, 1675.000000, 1973.000000, 1738.000000, 1947.000000, 1738.000000,     small-vehicle,     1079
2133.000000, 3004.000000, 2163.000000, 3003.000000, 2165.000000, 3081.000000, 2135.000000, 3083.000000,     small-vehicle,     1080
3093.000000, 3219.000000, 3161.000000, 3215.000000, 3163.000000, 3248.000000, 3095.000000, 3252.000000,     large-vehicle,     1082
2258.000000, 1636.000000, 2283.000000, 1636.000000, 2283.000000, 1690.000000, 2259.000000, 1690.000000,     small-vehicle,     1086
2767.000000, 3175.000000, 2807.000000, 3172.000000, 2808.000000, 3202.000000, 2768.000000, 3205.000000,     small-vehicle,     1087
2756.000000, 1770.000000, 2783.000000, 1770.000000, 2785.000000, 1829.000000, 2758.000000, 1830.000000,     small-vehicle,     1088
2377.000000, 3857.000000, 2410.000000, 3854.000000, 2413.000000, 3935.000000, 2379.000000, 3938.000000,     small-vehicle,     1090
2122.000000, 3229.000000, 2156.000000, 3227.000000, 2158.000000, 3314.000000, 2123.000000, 3316.000000,     large-vehicle,     1091
1259.000000, 1647.000000, 1290.000000, 1647.000000, 1290.000000, 1711.000000, 1259.000000, 1711.000000,     small-vehicle,     1092
3097.000000, 3229.000000, 3162.000000, 3225.000000, 3163.000000, 3259.000000, 3098.000000, 3263.000000,     small-vehicle,     1093
2377.000000, 3872.000000, 2412.000000, 3869.000000, 2414.000000, 3947.000000, 2380.000000, 3949.000000,     large-vehicle,     1094
2354.000000, 3479.000000, 2389.000000, 3478.000000, 2391.000000, 3553.000000, 2356.000000, 3556.000000,     large-vehicle,     1095
2046.000000, 2636.000000, 2075.000000, 2636.000000, 2076.000000, 2703.000000, 2048.000000, 2704.000000,     small-vehicle,     1096
2132.000000, 3013.000000, 2163.000000, 3012.000000, 2165.000000, 3088.000000, 2134.000000, 3089.000000,     large-vehicle,     1097
2368.000000, 3005.000000, 2398.000000, 3004.000000, 2400.000000, 3085.000000, 2370.000000, 3086.000000,     large-vehicle,     1098
1793.000000, 1996.000000, 1849.000000, 1996.000000, 1850.000000, 2022.000000, 1794.000000, 2023.000000,     small-vehicle,     1099
1472.000000, 2762.000000, 1527.000000, 2759.000000, 1527.000000, 2782.000000, 1472.000000, 2785.000000,     small-vehicle,     1102
