2284.000000, 2302.000000, 2343.000000, 2300.000000, 2344.000000, 2329.000000, 2283.000000, 2331.000000,     small-vehicle,     66
2223.000000, 2484.000000, 2254.000000, 2483.000000, 2256.000000, 2550.000000, 2224.000000, 2552.000000,     small-vehicle,     148
2314.000000, 2802.000000, 2339.000000, 2800.000000, 2340.000000, 2863.000000, 2315.000000, 2864.000000,     small-vehicle,     564
2349.000000, 2815.000000, 2378.000000, 2813.000000, 2380.000000, 2878.000000, 2351.000000, 2879.000000,     small-vehicle,     568
2043.000000, 2765.000000, 2075.000000, 2763.000000, 2077.000000, 2837.000000, 2045.000000, 2839.000000,     small-vehicle,     593
2325.000000, 2645.000000, 2355.000000, 2643.000000, 2357.000000, 2715.000000, 2326.000000, 2716.000000,     small-vehicle,     632
2010.000000, 2589.000000, 2039.000000, 2588.000000, 2041.000000, 2659.000000, 2010.000000, 2660.000000,     small-vehicle,     660
2328.000000, 2561.000000, 2354.000000, 2560.000000, 2355.000000, 2626.000000, 2330.000000, 2627.000000,     small-vehicle,     666
2004.000000, 2521.000000, 2032.000000, 2520.000000, 2032.000000, 2576.000000, 2005.000000, 2577.000000,     small-vehicle,     704
2321.000000, 2470.000000, 2350.000000, 2469.000000, 2353.000000, 2541.000000, 2324.000000, 2542.000000,     small-vehicle,     718
2279.000000, 2370.000000, 2312.000000, 2369.000000, 2314.000000, 2448.000000, 2281.000000, 2450.000000,     small-vehicle,     761
1998.000000, 2435.000000, 2028.000000, 2435.000000, 2030.000000, 2506.000000, 1999.000000, 2507.000000,     small-vehicle,     762
1985.000000, 2295.000000, 2015.000000, 2294.000000, 2016.000000, 2364.000000, 1986.000000, 2364.000000,     small-vehicle,     813
3420.000000, 2304.000000, 3444.000000, 2304.000000, 3448.000000, 2366.000000, 3423.000000, 2366.000000,     small-vehicle,     815
2505.000000, 2307.000000, 2555.000000, 2306.000000, 2556.000000, 2339.000000, 2506.000000, 2340.000000,     small-vehicle,     818
1995.000000, 2246.000000, 2018.000000, 2246.000000, 2019.000000, 2288.000000, 1995.000000, 2288.000000,     small-vehicle,     840
1972.000000, 2197.000000, 1991.000000, 2196.000000, 1991.000000, 2237.000000, 1973.000000, 2238.000000,     small-vehicle,     885
3484.000000, 2108.000000, 3522.000000, 2108.000000, 3524.000000, 2131.000000, 3485.000000, 2131.000000,     small-vehicle,     886
1975.000000, 2122.000000, 1997.000000, 2122.000000, 1998.000000, 2184.000000, 1976.000000, 2184.000000,     small-vehicle,     892
3422.000000, 2111.000000, 3474.000000, 2110.000000, 3475.000000, 2136.000000, 3423.000000, 2138.000000,     small-vehicle,     894
2284.000000, 2027.000000, 2316.000000, 2026.000000, 2318.000000, 2098.000000, 2285.000000, 2100.000000,     small-vehicle,     917
2265.000000, 2074.000000, 2295.000000, 2073.000000, 2297.000000, 2140.000000, 2266.000000, 2141.000000,     small-vehicle,     921
2065.000000, 2376.000000, 2092.000000, 2375.000000, 2093.000000, 2439.000000, 2066.000000, 2441.000000,     small-vehicle,     930
2278.000000, 1944.000000, 2309.000000, 1944.000000, 2311.000000, 2016.000000, 2280.000000, 2016.000000,     small-vehicle,     944
1965.000000, 1978.000000, 1992.000000, 1976.000000, 1993.000000, 2041.000000, 1966.000000, 2041.000000,     small-vehicle,     949
3167.000000, 2228.000000, 3224.000000, 2226.000000, 3226.000000, 2256.000000, 3169.000000, 2257.000000,     small-vehicle,     962
1080.000000, 1965.000000, 1145.000000, 1964.000000, 1144.000000, 2000.000000, 1080.000000, 2002.000000,     small-vehicle,     964
875.000000, 1981.000000, 938.000000, 1980.000000, 938.000000, 2016.000000, 875.000000, 2018.000000,     small-vehicle,     966
3580.000000, 2171.000000, 3626.000000, 2168.000000, 3628.000000, 2197.000000, 3581.000000, 2198.000000,     small-vehicle,     969
1263.000000, 1961.000000, 1291.000000, 1960.000000, 1290.000000, 2012.000000, 1263.000000, 2013.000000,     small-vehicle,     971
1259.000000, 2193.000000, 1298.000000, 2192.000000, 1298.000000, 2222.000000, 1259.000000, 2222.000000,     small-vehicle,     975
2082.000000, 2128.000000, 2109.000000, 2127.000000, 2111.000000, 2179.000000, 2082.000000, 2180.000000,     small-vehicle,     980
1958.000000, 1906.000000, 1986.000000, 1905.000000, 1987.000000, 1968.000000, 1959.000000, 1968.000000,     small-vehicle,     981
2243.000000, 1908.000000, 2272.000000, 1907.000000, 2274.000000, 1974.000000, 2244.000000, 1974.000000,     small-vehicle,     986
1009.000000, 1970.000000, 1072.000000, 1969.000000, 1071.000000, 2006.000000, 1009.000000, 2007.000000,     small-vehicle,     987
1164.000000, 1960.000000, 1223.000000, 1960.000000, 1223.000000, 1994.000000, 1164.000000, 1994.000000,     small-vehicle,     989
777.000000, 1898.000000, 840.000000, 1896.000000, 839.000000, 1930.000000, 775.000000, 1932.000000,     small-vehicle,     990
2656.000000, 2285.000000, 2709.000000, 2284.000000, 2709.000000, 2315.000000, 2657.000000, 2316.000000,     small-vehicle,     994
1983.000000, 1825.000000, 2010.000000, 1825.000000, 2012.000000, 1885.000000, 1984.000000, 1885.000000,     small-vehicle,     996
373.000000, 1946.000000, 434.000000, 1946.000000, 433.000000, 1974.000000, 373.000000, 1975.000000,     small-vehicle,     997
1956.000000, 1843.000000, 1982.000000, 1843.000000, 1982.000000, 1899.000000, 1957.000000, 1900.000000,     small-vehicle,     998
2277.000000, 1869.000000, 2302.000000, 1869.000000, 2304.000000, 1931.000000, 2278.000000, 1932.000000,     small-vehicle,     1001
446.000000, 1943.000000, 500.000000, 1942.000000, 500.000000, 1966.000000, 445.000000, 1967.000000,     small-vehicle,     1008
1150.000000, 1868.000000, 1220.000000, 1867.000000, 1220.000000, 1903.000000, 1150.000000, 1904.000000,     small-vehicle,     1009
2045.000000, 2179.000000, 2074.000000, 2178.000000, 2076.000000, 2258.000000, 2046.000000, 2259.000000,     small-vehicle,     1010
984.000000, 1880.000000, 1055.000000, 1879.000000, 1053.000000, 1915.000000, 983.000000, 1916.000000,     small-vehicle,     1012
683.000000, 1898.000000, 729.000000, 1897.000000, 728.000000, 1928.000000, 682.000000, 1929.000000,     small-vehicle,     1013
1064.000000, 1872.000000, 1125.000000, 1871.000000, 1125.000000, 1906.000000, 1064.000000, 1907.000000,     small-vehicle,     1014
2273.000000, 1803.000000, 2294.000000, 1803.000000, 2295.000000, 1849.000000, 2274.000000, 1850.000000,     small-vehicle,     1017
2036.000000, 1894.000000, 2066.000000, 1892.000000, 2066.000000, 1954.000000, 2037.000000, 1955.000000,     small-vehicle,     1032
2641.000000, 1789.000000, 2668.000000, 1789.000000, 2670.000000, 1845.000000, 2643.000000, 1847.000000,     small-vehicle,     1033
2618.000000, 2309.000000, 2653.000000, 2308.000000, 2655.000000, 2368.000000, 2619.000000, 2370.000000,     small-vehicle,     1038
1953.000000, 1756.000000, 1979.000000, 1755.000000, 1980.000000, 1818.000000, 1954.000000, 1818.000000,     small-vehicle,     1039
2232.000000, 1702.000000, 2257.000000, 1702.000000, 2258.000000, 1761.000000, 2234.000000, 1761.000000,     small-vehicle,     1056
3432.000000, 2409.000000, 3458.000000, 2409.000000, 3461.000000, 2467.000000, 3434.000000, 2467.000000,     small-vehicle,     1069
3114.000000, 2238.000000, 3161.000000, 2236.000000, 3164.000000, 2279.000000, 3115.000000, 2280.000000,     small-vehicle,     1071
538.000000, 1742.000000, 571.000000, 1741.000000, 570.000000, 1801.000000, 537.000000, 1801.000000,     small-vehicle,     1076
2193.000000, 1691.000000, 2224.000000, 1691.000000, 2226.000000, 1770.000000, 2195.000000, 1771.000000,     large-vehicle,     1078
1946.000000, 1662.000000, 1972.000000, 1661.000000, 1973.000000, 1724.000000, 1946.000000, 1724.000000,     small-vehicle,     1079
2256.000000, 1625.000000, 2282.000000, 1625.000000, 2283.000000, 1680.000000, 2257.000000, 1681.000000,     small-vehicle,     1086
2754.000000, 1775.000000, 2784.000000, 1774.000000, 2786.000000, 1844.000000, 2756.000000, 1846.000000,     small-vehicle,     1088
1784.000000, 1966.000000, 1841.000000, 1964.000000, 1841.000000, 1986.000000, 1784.000000, 1988.000000,     small-vehicle,     1099
1267.000000, 1619.000000, 1287.000000, 1619.000000, 1287.000000, 1664.000000, 1267.000000, 1665.000000,     small-vehicle,     1104
2250.000000, 1555.000000, 2274.000000, 1555.000000, 2275.000000, 1611.000000, 2252.000000, 1611.000000,     small-vehicle,     1113
1940.000000, 1575.000000, 1965.000000, 1575.000000, 1967.000000, 1634.000000, 1942.000000, 1634.000000,     small-vehicle,     1115
1223.000000, 1590.000000, 1271.000000, 1589.000000, 1271.000000, 1619.000000, 1223.000000, 1620.000000,     small-vehicle,     1116
853.000000, 1600.000000, 911.000000, 1599.000000, 911.000000, 1631.000000, 853.000000, 1632.000000,     small-vehicle,     1121
3452.000000, 2577.000000, 3475.000000, 2576.000000, 3478.000000, 2636.000000, 3455.000000, 2637.000000,     small-vehicle,     1122
1137.000000, 1590.000000, 1190.000000, 1589.000000, 1190.000000, 1622.000000, 1137.000000, 1622.000000,     small-vehicle,     1135
783.000000, 1523.000000, 842.000000, 1523.000000, 842.000000, 1551.000000, 783.000000, 1552.000000,     small-vehicle,     1139
1931.000000, 1488.000000, 1960.000000, 1488.000000, 1961.000000, 1545.000000, 1932.000000, 1545.000000,     small-vehicle,     1140
1961.000000, 1458.000000, 2005.000000, 1458.000000, 2007.000000, 1589.000000, 1964.000000, 1590.000000,     large-vehicle,     1141
2216.000000, 1503.000000, 2244.000000, 1502.000000, 2244.000000, 1559.000000, 2218.000000, 1559.000000,     small-vehicle,     1142
967.000000, 1590.000000, 1022.000000, 1590.000000, 1022.000000, 1623.000000, 966.000000, 1623.000000,     small-vehicle,     1144
2825.000000, 2271.000000, 2880.000000, 2270.000000, 2881.000000, 2302.000000, 2826.000000, 2304.000000,     small-vehicle,     1151
1183.000000, 1509.000000, 1253.000000, 1509.000000, 1253.000000, 1539.000000, 1182.000000, 1539.000000,     small-vehicle,     1155
628.000000, 1532.000000, 677.000000, 1532.000000, 677.000000, 1557.000000, 628.000000, 1558.000000,     small-vehicle,     1156
689.000000, 1529.000000, 745.000000, 1529.000000, 744.000000, 1559.000000, 688.000000, 1559.000000,     small-vehicle,     1157
1010.000000, 1514.000000, 1067.000000, 1513.000000, 1067.000000, 1542.000000, 1010.000000, 1542.000000,     small-vehicle,     1159
3035.000000, 2254.000000, 3084.000000, 2253.000000, 3086.000000, 2282.000000, 3035.000000, 2284.000000,     small-vehicle,     1164
1931.000000, 1410.000000, 1958.000000, 1410.000000, 1959.000000, 1473.000000, 1932.000000, 1473.000000,     small-vehicle,     1168
2213.000000, 1408.000000, 2240.000000, 1408.000000, 2242.000000, 1473.000000, 2215.000000, 1473.000000,     small-vehicle,     1175
322.000000, 2833.000000, 382.000000, 2830.000000, 382.000000, 2860.000000, 321.000000, 2863.000000,     small-vehicle,     1177
1273.000000, 1447.000000, 1297.000000, 1447.000000, 1296.000000, 1499.000000, 1273.000000, 1499.000000,     small-vehicle,     1179
3427.000000, 2214.000000, 3478.000000, 2211.000000, 3479.000000, 2239.000000, 3429.000000, 2241.000000,     small-vehicle,     1182
2958.000000, 2259.000000, 3016.000000, 2257.000000, 3018.000000, 2292.000000, 2959.000000, 2293.000000,     small-vehicle,     1192
527.000000, 1346.000000, 557.000000, 1346.000000, 556.000000, 1410.000000, 525.000000, 1411.000000,     small-vehicle,     1202
1948.000000, 1299.000000, 1978.000000, 1299.000000, 1980.000000, 1364.000000, 1949.000000, 1364.000000,     small-vehicle,     1205
1921.000000, 1233.000000, 1950.000000, 1233.000000, 1951.000000, 1297.000000, 1923.000000, 1298.000000,     small-vehicle,     1211
2613.000000, 1263.000000, 2661.000000, 1263.000000, 2662.000000, 1288.000000, 2614.000000, 1288.000000,     small-vehicle,     1212
2417.000000, 1277.000000, 2480.000000, 1278.000000, 2481.000000, 1308.000000, 2418.000000, 1307.000000,     small-vehicle,     1214
2362.000000, 1285.000000, 2411.000000, 1285.000000, 2412.000000, 1310.000000, 2362.000000, 1310.000000,     small-vehicle,     1216
2551.000000, 1267.000000, 2605.000000, 1268.000000, 2606.000000, 1294.000000, 2552.000000, 1295.000000,     small-vehicle,     1217
3461.000000, 2651.000000, 3488.000000, 2650.000000, 3492.000000, 2710.000000, 3464.000000, 2711.000000,     small-vehicle,     1218
2198.000000, 1234.000000, 2226.000000, 1235.000000, 2228.000000, 1290.000000, 2199.000000, 1290.000000,     small-vehicle,     1232
1922.000000, 1159.000000, 1951.000000, 1159.000000, 1953.000000, 1218.000000, 1923.000000, 1218.000000,     small-vehicle,     1236
2050.000000, 2100.000000, 2077.000000, 2100.000000, 2078.000000, 2170.000000, 2052.000000, 2171.000000,     small-vehicle,     1241
1905.000000, 1169.000000, 1930.000000, 1169.000000, 1930.000000, 1227.000000, 1906.000000, 1227.000000,     small-vehicle,     1245
3296.000000, 1204.000000, 3354.000000, 1204.000000, 3355.000000, 1230.000000, 3296.000000, 1229.000000,     small-vehicle,     1248
3367.000000, 1197.000000, 3424.000000, 1197.000000, 3426.000000, 1226.000000, 3369.000000, 1226.000000,     small-vehicle,     1249
1260.000000, 1156.000000, 1288.000000, 1157.000000, 1288.000000, 1221.000000, 1260.000000, 1221.000000,     small-vehicle,     1250
3495.000000, 1186.000000, 3544.000000, 1186.000000, 3546.000000, 1217.000000, 3497.000000, 1217.000000,     small-vehicle,     1251
1906.000000, 1083.000000, 1937.000000, 1083.000000, 1938.000000, 1149.000000, 1907.000000, 1148.000000,     small-vehicle,     1254
2192.000000, 1055.000000, 2228.000000, 1056.000000, 2229.000000, 1123.000000, 2194.000000, 1122.000000,     small-vehicle,     1257
2214.000000, 1132.000000, 2249.000000, 1131.000000, 2251.000000, 1205.000000, 2216.000000, 1205.000000,     small-vehicle,     1258
3569.000000, 1182.000000, 3625.000000, 1181.000000, 3628.000000, 1214.000000, 3570.000000, 1214.000000,     small-vehicle,     1260
293.000000, 2084.000000, 363.000000, 2082.000000, 363.000000, 2114.000000, 292.000000, 2115.000000,     small-vehicle,     1271
1257.000000, 1043.000000, 1286.000000, 1043.000000, 1286.000000, 1109.000000, 1256.000000, 1109.000000,     small-vehicle,     1273
2175.000000, 961.000000, 2198.000000, 962.000000, 2200.000000, 1022.000000, 2175.000000, 1022.000000,     small-vehicle,     1277
1902.000000, 999.000000, 1930.000000, 999.000000, 1932.000000, 1066.000000, 1903.000000, 1066.000000,     small-vehicle,     1282
1069.000000, 1595.000000, 1127.000000, 1595.000000, 1126.000000, 1622.000000, 1069.000000, 1624.000000,     small-vehicle,     1284
2233.000000, 2291.000000, 2264.000000, 2291.000000, 2265.000000, 2370.000000, 2235.000000, 2371.000000,     small-vehicle,     1290
1896.000000, 917.000000, 1926.000000, 917.000000, 1926.000000, 980.000000, 1897.000000, 980.000000,     small-vehicle,     1292
1252.000000, 965.000000, 1274.000000, 965.000000, 1274.000000, 1006.000000, 1252.000000, 1005.000000,     small-vehicle,     1293
655.000000, 2054.000000, 717.000000, 2052.000000, 716.000000, 2086.000000, 654.000000, 2087.000000,     small-vehicle,     1294
799.000000, 2037.000000, 861.000000, 2036.000000, 860.000000, 2070.000000, 799.000000, 2070.000000,     small-vehicle,     1295
2202.000000, 918.000000, 2228.000000, 919.000000, 2229.000000, 981.000000, 2203.000000, 981.000000,     small-vehicle,     1298
2014.000000, 1436.000000, 2042.000000, 1436.000000, 2043.000000, 1517.000000, 2015.000000, 1517.000000,     small-vehicle,     1302
2385.000000, 1363.000000, 2444.000000, 1362.000000, 2445.000000, 1383.000000, 2386.000000, 1383.000000,     small-vehicle,     1303
-9.000000, 2017.000000, 35.000000, 2016.000000, 34.000000, 2048.000000, -10.000000, 2049.000000,     small-vehicle,     1305
2406.000000, 1817.000000, 2427.000000, 1816.000000, 2429.000000, 1867.000000, 2406.000000, 1868.000000,     small-vehicle,     1306
772.000000, 1602.000000, 791.000000, 1601.000000, 791.000000, 1634.000000, 771.000000, 1634.000000,     small-vehicle,     1307
2339.000000, 2722.000000, 2370.000000, 2721.000000, 2371.000000, 2792.000000, 2341.000000, 2793.000000,     large-vehicle,     1308
1893.000000, 843.000000, 1919.000000, 844.000000, 1920.000000, 902.000000, 1894.000000, 902.000000,     small-vehicle,     1309
1247.000000, 833.000000, 1270.000000, 833.000000, 1270.000000, 888.000000, 1247.000000, 888.000000,     small-vehicle,     1312
2259.000000, 1700.000000, 2291.000000, 1699.000000, 2293.000000, 1749.000000, 2259.000000, 1750.000000,     small-vehicle,     1314
3345.000000, 1281.000000, 3414.000000, 1281.000000, 3415.000000, 1314.000000, 3347.000000, 1314.000000,     large-vehicle,     1317
722.000000, 2049.000000, 784.000000, 2049.000000, 784.000000, 2080.000000, 722.000000, 2080.000000,     small-vehicle,     1318
1765.000000, 2015.000000, 1834.000000, 2014.000000, 1834.000000, 2055.000000, 1765.000000, 2056.000000,     small-vehicle,     1320
2144.000000, 1557.000000, 2164.000000, 1556.000000, 2164.000000, 1585.000000, 2145.000000, 1585.000000,     small-vehicle,     1321
1263.000000, 1680.000000, 1293.000000, 1680.000000, 1293.000000, 1750.000000, 1263.000000, 1750.000000,     small-vehicle,     1329
1241.000000, 748.000000, 1269.000000, 749.000000, 1269.000000, 806.000000, 1241.000000, 806.000000,     small-vehicle,     1330
683.000000, 1609.000000, 731.000000, 1608.000000, 731.000000, 1635.000000, 683.000000, 1635.000000,     small-vehicle,     1331
1238.000000, 679.000000, 1267.000000, 680.000000, 1267.000000, 741.000000, 1238.000000, 740.000000,     small-vehicle,     1333
1923.000000, 1318.000000, 1950.000000, 1318.000000, 1951.000000, 1380.000000, 1924.000000, 1380.000000,     small-vehicle,     1335
1882.000000, 681.000000, 1909.000000, 682.000000, 1909.000000, 739.000000, 1882.000000, 739.000000,     small-vehicle,     1337
1470.000000, 2765.000000, 1522.000000, 2762.000000, 1522.000000, 2786.000000, 1470.000000, 2788.000000,     small-vehicle,     1340
2159.000000, 633.000000, 2185.000000, 634.000000, 2186.000000, 698.000000, 2160.000000, 698.000000,     small-vehicle,     1342
1187.000000, 2788.000000, 1254.000000, 2786.000000, 1253.000000, 2818.000000, 1187.000000, 2822.000000,     small-vehicle,     1343
2659.000000, 1339.000000, 2715.000000, 1340.000000, 2716.000000, 1368.000000, 2660.000000, 1369.000000,     small-vehicle,     1347
1234.000000, 617.000000, 1260.000000, 618.000000, 1260.000000, 667.000000, 1234.000000, 666.000000,     small-vehicle,     1348
2381.000000, 2411.000000, 2399.000000, 2410.000000, 2400.000000, 2445.000000, 2383.000000, 2445.000000,     small-vehicle,     1350
2303.000000, 2104.000000, 2325.000000, 2104.000000, 2326.000000, 2147.000000, 2304.000000, 2148.000000,     small-vehicle,     1352
2342.000000, 2731.000000, 2370.000000, 2729.000000, 2371.000000, 2799.000000, 2344.000000, 2800.000000,     small-vehicle,     1354
