2078.000000, 3213.000000, 2104.000000, 3212.000000, 2106.000000, 3271.000000, 2079.000000, 3273.000000,     small-vehicle,     4
2325.000000, 3713.000000, 2358.000000, 3711.000000, 2361.000000, 3788.000000, 2328.000000, 3791.000000,     small-vehicle,     29
2286.000000, 2298.000000, 2340.000000, 2297.000000, 2341.000000, 2333.000000, 2286.000000, 2334.000000,     small-vehicle,     66
2309.000000, 3911.000000, 2336.000000, 3908.000000, 2338.000000, 3981.000000, 2310.000000, 3983.000000,     small-vehicle,     114
2070.000000, 3136.000000, 2098.000000, 3135.000000, 2100.000000, 3195.000000, 2071.000000, 3197.000000,     small-vehicle,     120
2224.000000, 2484.000000, 2253.000000, 2483.000000, 2255.000000, 2551.000000, 2225.000000, 2552.000000,     small-vehicle,     148
2183.000000, 2091.000000, 2216.000000, 2090.000000, 2219.000000, 2193.000000, 2185.000000, 2194.000000,     large-vehicle,     230
2038.000000, 3031.000000, 2066.000000, 3030.000000, 2067.000000, 3099.000000, 2039.000000, 3101.000000,     small-vehicle,     432
2067.000000, 3021.000000, 2098.000000, 3020.000000, 2098.000000, 3086.000000, 2068.000000, 3089.000000,     small-vehicle,     433
2313.000000, 2802.000000, 2339.000000, 2800.000000, 2340.000000, 2862.000000, 2314.000000, 2863.000000,     small-vehicle,     564
2348.000000, 2815.000000, 2378.000000, 2813.000000, 2380.000000, 2879.000000, 2350.000000, 2881.000000,     small-vehicle,     568
3603.000000, 3165.000000, 3657.000000, 3163.000000, 3659.000000, 3190.000000, 3605.000000, 3194.000000,     small-vehicle,     577
2342.000000, 2729.000000, 2371.000000, 2728.000000, 2372.000000, 2801.000000, 2344.000000, 2802.000000,     small-vehicle,     590
2043.000000, 2767.000000, 2075.000000, 2765.000000, 2077.000000, 2837.000000, 2045.000000, 2839.000000,     small-vehicle,     593
2325.000000, 2647.000000, 2353.000000, 2645.000000, 2355.000000, 2714.000000, 2327.000000, 2715.000000,     small-vehicle,     632
2010.000000, 2591.000000, 2039.000000, 2589.000000, 2041.000000, 2657.000000, 2010.000000, 2658.000000,     small-vehicle,     660
2291.000000, 3574.000000, 2321.000000, 3571.000000, 2323.000000, 3646.000000, 2292.000000, 3649.000000,     small-vehicle,     664
2327.000000, 2560.000000, 2355.000000, 2559.000000, 2356.000000, 2626.000000, 2329.000000, 2628.000000,     small-vehicle,     666
2004.000000, 2518.000000, 2031.000000, 2518.000000, 2031.000000, 2577.000000, 2005.000000, 2578.000000,     small-vehicle,     704
2322.000000, 2471.000000, 2350.000000, 2470.000000, 2353.000000, 2540.000000, 2324.000000, 2541.000000,     small-vehicle,     718
2279.000000, 2370.000000, 2313.000000, 2369.000000, 2315.000000, 2448.000000, 2281.000000, 2450.000000,     small-vehicle,     761
1999.000000, 2437.000000, 2028.000000, 2436.000000, 2030.000000, 2504.000000, 2000.000000, 2505.000000,     small-vehicle,     762
3291.000000, 3201.000000, 3347.000000, 3197.000000, 3349.000000, 3229.000000, 3293.000000, 3233.000000,     small-vehicle,     789
1985.000000, 2295.000000, 2016.000000, 2294.000000, 2017.000000, 2363.000000, 1986.000000, 2364.000000,     small-vehicle,     813
3421.000000, 2306.000000, 3443.000000, 2306.000000, 3447.000000, 2365.000000, 3423.000000, 2365.000000,     small-vehicle,     815
2110.000000, 2601.000000, 2143.000000, 2599.000000, 2145.000000, 2670.000000, 2111.000000, 2672.000000,     small-vehicle,     816
2505.000000, 2308.000000, 2555.000000, 2307.000000, 2556.000000, 2339.000000, 2506.000000, 2340.000000,     small-vehicle,     818
1996.000000, 2244.000000, 2018.000000, 2244.000000, 2019.000000, 2289.000000, 1997.000000, 2290.000000,     small-vehicle,     840
2488.000000, 2227.000000, 2542.000000, 2226.000000, 2543.000000, 2253.000000, 2488.000000, 2255.000000,     small-vehicle,     841
2550.000000, 2216.000000, 2606.000000, 2214.000000, 2607.000000, 2246.000000, 2551.000000, 2249.000000,     small-vehicle,     845
2107.000000, 2436.000000, 2135.000000, 2434.000000, 2136.000000, 2499.000000, 2108.000000, 2499.000000,     small-vehicle,     867
2818.000000, 2194.000000, 2867.000000, 2193.000000, 2868.000000, 2217.000000, 2819.000000, 2218.000000,     small-vehicle,     870
2937.000000, 2176.000000, 2998.000000, 2174.000000, 2998.000000, 2194.000000, 2938.000000, 2196.000000,     small-vehicle,     875
3415.000000, 2217.000000, 3437.000000, 2217.000000, 3440.000000, 2273.000000, 3417.000000, 2274.000000,     small-vehicle,     878
2685.000000, 2208.000000, 2738.000000, 2206.000000, 2738.000000, 2231.000000, 2686.000000, 2232.000000,     small-vehicle,     880
1973.000000, 2196.000000, 1991.000000, 2195.000000, 1992.000000, 2238.000000, 1974.000000, 2239.000000,     small-vehicle,     885
3480.000000, 2107.000000, 3527.000000, 2106.000000, 3528.000000, 2133.000000, 3480.000000, 2134.000000,     small-vehicle,     886
3132.000000, 2150.000000, 3170.000000, 2149.000000, 3171.000000, 2175.000000, 3134.000000, 2175.000000,     small-vehicle,     889
1974.000000, 2122.000000, 1998.000000, 2121.000000, 1999.000000, 2185.000000, 1975.000000, 2185.000000,     small-vehicle,     892
3246.000000, 2137.000000, 3301.000000, 2136.000000, 3302.000000, 2165.000000, 3248.000000, 2167.000000,     small-vehicle,     893
3422.000000, 2111.000000, 3475.000000, 2110.000000, 3476.000000, 2136.000000, 3423.000000, 2138.000000,     small-vehicle,     894
3583.000000, 2091.000000, 3636.000000, 2090.000000, 3637.000000, 2115.000000, 3584.000000, 2116.000000,     small-vehicle,     897
2882.000000, 2180.000000, 2931.000000, 2179.000000, 2932.000000, 2204.000000, 2883.000000, 2206.000000,     small-vehicle,     904
3239.000000, 2221.000000, 3278.000000, 2219.000000, 3279.000000, 2244.000000, 3240.000000, 2244.000000,     small-vehicle,     916
2284.000000, 2027.000000, 2316.000000, 2026.000000, 2318.000000, 2098.000000, 2285.000000, 2100.000000,     small-vehicle,     917
2264.000000, 2072.000000, 2296.000000, 2072.000000, 2298.000000, 2141.000000, 2266.000000, 2142.000000,     small-vehicle,     921
2064.000000, 2377.000000, 2094.000000, 2376.000000, 2095.000000, 2439.000000, 2065.000000, 2441.000000,     small-vehicle,     930
2278.000000, 1943.000000, 2309.000000, 1943.000000, 2311.000000, 2016.000000, 2280.000000, 2016.000000,     small-vehicle,     944
1966.000000, 1978.000000, 1992.000000, 1976.000000, 1993.000000, 2041.000000, 1967.000000, 2041.000000,     small-vehicle,     949
3169.000000, 2229.000000, 3223.000000, 2227.000000, 3225.000000, 2255.000000, 3171.000000, 2256.000000,     small-vehicle,     962
1086.000000, 1966.000000, 1138.000000, 1964.000000, 1138.000000, 2000.000000, 1086.000000, 2001.000000,     small-vehicle,     964
874.000000, 1982.000000, 939.000000, 1981.000000, 939.000000, 2014.000000, 874.000000, 2015.000000,     small-vehicle,     966
3579.000000, 2170.000000, 3626.000000, 2167.000000, 3628.000000, 2197.000000, 3580.000000, 2198.000000,     small-vehicle,     969
1264.000000, 1959.000000, 1290.000000, 1958.000000, 1289.000000, 2013.000000, 1264.000000, 2014.000000,     small-vehicle,     971
1661.000000, 2748.000000, 1721.000000, 2745.000000, 1721.000000, 2772.000000, 1661.000000, 2775.000000,     small-vehicle,     973
1258.000000, 2193.000000, 1299.000000, 2192.000000, 1299.000000, 2222.000000, 1258.000000, 2222.000000,     small-vehicle,     975
2082.000000, 2120.000000, 2109.000000, 2120.000000, 2111.000000, 2188.000000, 2082.000000, 2189.000000,     small-vehicle,     980
1958.000000, 1908.000000, 1985.000000, 1908.000000, 1986.000000, 1966.000000, 1959.000000, 1966.000000,     small-vehicle,     981
2244.000000, 1909.000000, 2272.000000, 1908.000000, 2274.000000, 1973.000000, 2244.000000, 1973.000000,     small-vehicle,     986
1011.000000, 1972.000000, 1071.000000, 1972.000000, 1070.000000, 2004.000000, 1011.000000, 2005.000000,     small-vehicle,     987
1163.000000, 1962.000000, 1225.000000, 1962.000000, 1225.000000, 1990.000000, 1163.000000, 1992.000000,     small-vehicle,     989
774.000000, 1897.000000, 842.000000, 1896.000000, 841.000000, 1930.000000, 773.000000, 1932.000000,     small-vehicle,     990
2659.000000, 2286.000000, 2707.000000, 2285.000000, 2707.000000, 2314.000000, 2660.000000, 2315.000000,     small-vehicle,     994
96.000000, 1983.000000, 158.000000, 1982.000000, 157.000000, 2007.000000, 95.000000, 2009.000000,     small-vehicle,     995
1983.000000, 1825.000000, 2009.000000, 1825.000000, 2011.000000, 1885.000000, 1984.000000, 1885.000000,     small-vehicle,     996
372.000000, 1946.000000, 435.000000, 1946.000000, 435.000000, 1975.000000, 371.000000, 1976.000000,     small-vehicle,     997
1957.000000, 1843.000000, 1981.000000, 1843.000000, 1981.000000, 1899.000000, 1958.000000, 1900.000000,     small-vehicle,     998
2275.000000, 1868.000000, 2304.000000, 1868.000000, 2306.000000, 1932.000000, 2276.000000, 1934.000000,     small-vehicle,     1001
444.000000, 1942.000000, 503.000000, 1940.000000, 503.000000, 1967.000000, 443.000000, 1969.000000,     small-vehicle,     1008
1150.000000, 1869.000000, 1220.000000, 1868.000000, 1220.000000, 1902.000000, 1150.000000, 1903.000000,     small-vehicle,     1009
2045.000000, 2180.000000, 2074.000000, 2180.000000, 2076.000000, 2256.000000, 2046.000000, 2257.000000,     small-vehicle,     1010
984.000000, 1881.000000, 1055.000000, 1880.000000, 1053.000000, 1914.000000, 983.000000, 1915.000000,     small-vehicle,     1012
684.000000, 1898.000000, 729.000000, 1897.000000, 728.000000, 1928.000000, 683.000000, 1929.000000,     small-vehicle,     1013
1065.000000, 1873.000000, 1125.000000, 1873.000000, 1125.000000, 1906.000000, 1065.000000, 1907.000000,     small-vehicle,     1014
2273.000000, 1803.000000, 2295.000000, 1803.000000, 2296.000000, 1850.000000, 2275.000000, 1851.000000,     small-vehicle,     1017
2035.000000, 1890.000000, 2067.000000, 1889.000000, 2067.000000, 1958.000000, 2036.000000, 1959.000000,     small-vehicle,     1032
2642.000000, 1788.000000, 2668.000000, 1788.000000, 2670.000000, 1848.000000, 2645.000000, 1849.000000,     small-vehicle,     1033
2618.000000, 2309.000000, 2654.000000, 2308.000000, 2656.000000, 2369.000000, 2619.000000, 2371.000000,     small-vehicle,     1038
1953.000000, 1756.000000, 1980.000000, 1756.000000, 1981.000000, 1818.000000, 1954.000000, 1818.000000,     small-vehicle,     1039
820.000000, 2781.000000, 892.000000, 2778.000000, 891.000000, 2809.000000, 820.000000, 2812.000000,     small-vehicle,     1042
2032.000000, 2961.000000, 2059.000000, 2959.000000, 2060.000000, 3022.000000, 2034.000000, 3023.000000,     small-vehicle,     1052
2232.000000, 1705.000000, 2255.000000, 1705.000000, 2256.000000, 1763.000000, 2234.000000, 1763.000000,     small-vehicle,     1056
3433.000000, 2404.000000, 3458.000000, 2403.000000, 3461.000000, 2459.000000, 3435.000000, 2459.000000,     small-vehicle,     1069
3193.000000, 3213.000000, 3257.000000, 3209.000000, 3258.000000, 3233.000000, 3194.000000, 3237.000000,     small-vehicle,     1070
3113.000000, 2231.000000, 3161.000000, 2230.000000, 3163.000000, 2271.000000, 3114.000000, 2274.000000,     small-vehicle,     1071
536.000000, 1727.000000, 566.000000, 1727.000000, 565.000000, 1790.000000, 534.000000, 1790.000000,     small-vehicle,     1076
2219.000000, 2109.000000, 2253.000000, 2108.000000, 2254.000000, 2194.000000, 2222.000000, 2194.000000,     large-vehicle,     1078
1946.000000, 1666.000000, 1971.000000, 1665.000000, 1972.000000, 1725.000000, 1946.000000, 1726.000000,     small-vehicle,     1079
2256.000000, 1628.000000, 2281.000000, 1628.000000, 2281.000000, 1684.000000, 2257.000000, 1684.000000,     small-vehicle,     1086
2755.000000, 1774.000000, 2782.000000, 1774.000000, 2783.000000, 1837.000000, 2758.000000, 1838.000000,     small-vehicle,     1088
1262.000000, 1662.000000, 1291.000000, 1662.000000, 1291.000000, 1733.000000, 1262.000000, 1733.000000,     small-vehicle,     1092
1790.000000, 1991.000000, 1844.000000, 1989.000000, 1845.000000, 2016.000000, 1791.000000, 2017.000000,     small-vehicle,     1099
1264.000000, 1603.000000, 1286.000000, 1603.000000, 1286.000000, 1654.000000, 1264.000000, 1654.000000,     small-vehicle,     1104
2251.000000, 1565.000000, 2275.000000, 1564.000000, 2276.000000, 1612.000000, 2252.000000, 1612.000000,     small-vehicle,     1113
1939.000000, 1578.000000, 1966.000000, 1578.000000, 1967.000000, 1637.000000, 1941.000000, 1637.000000,     small-vehicle,     1115
1223.000000, 1577.000000, 1269.000000, 1577.000000, 1269.000000, 1604.000000, 1223.000000, 1604.000000,     small-vehicle,     1116
852.000000, 1585.000000, 909.000000, 1583.000000, 909.000000, 1615.000000, 851.000000, 1616.000000,     small-vehicle,     1121
3450.000000, 2566.000000, 3475.000000, 2565.000000, 3478.000000, 2626.000000, 3454.000000, 2627.000000,     small-vehicle,     1122
1134.000000, 1576.000000, 1188.000000, 1576.000000, 1188.000000, 1606.000000, 1134.000000, 1606.000000,     small-vehicle,     1135
784.000000, 1508.000000, 840.000000, 1507.000000, 840.000000, 1535.000000, 784.000000, 1536.000000,     small-vehicle,     1139
1930.000000, 1490.000000, 1960.000000, 1490.000000, 1961.000000, 1548.000000, 1931.000000, 1549.000000,     small-vehicle,     1140
1960.000000, 1461.000000, 2005.000000, 1461.000000, 2007.000000, 1590.000000, 1963.000000, 1591.000000,     large-vehicle,     1141
2217.000000, 1507.000000, 2242.000000, 1507.000000, 2243.000000, 1560.000000, 2219.000000, 1560.000000,     small-vehicle,     1142
967.000000, 1574.000000, 1017.000000, 1574.000000, 1017.000000, 1605.000000, 965.000000, 1605.000000,     small-vehicle,     1144
2823.000000, 2268.000000, 2881.000000, 2266.000000, 2883.000000, 2300.000000, 2824.000000, 2302.000000,     small-vehicle,     1151
1181.000000, 1497.000000, 1250.000000, 1497.000000, 1250.000000, 1526.000000, 1180.000000, 1527.000000,     small-vehicle,     1155
626.000000, 1517.000000, 674.000000, 1517.000000, 673.000000, 1543.000000, 625.000000, 1544.000000,     small-vehicle,     1156
687.000000, 1515.000000, 741.000000, 1515.000000, 741.000000, 1541.000000, 687.000000, 1541.000000,     small-vehicle,     1157
1011.000000, 1500.000000, 1067.000000, 1499.000000, 1067.000000, 1526.000000, 1011.000000, 1526.000000,     small-vehicle,     1159
3035.000000, 2251.000000, 3086.000000, 2249.000000, 3087.000000, 2276.000000, 3035.000000, 2278.000000,     small-vehicle,     1164
1931.000000, 1415.000000, 1958.000000, 1415.000000, 1958.000000, 1477.000000, 1932.000000, 1477.000000,     small-vehicle,     1168
250.000000, 2821.000000, 318.000000, 2819.000000, 317.000000, 2855.000000, 249.000000, 2858.000000,     small-vehicle,     1171
2211.000000, 1412.000000, 2239.000000, 1412.000000, 2241.000000, 1474.000000, 2213.000000, 1474.000000,     small-vehicle,     1175
1472.000000, 2779.000000, 1522.000000, 2776.000000, 1522.000000, 2799.000000, 1472.000000, 2802.000000,     small-vehicle,     1176
323.000000, 2823.000000, 383.000000, 2820.000000, 382.000000, 2852.000000, 323.000000, 2854.000000,     small-vehicle,     1177
1270.000000, 1440.000000, 1295.000000, 1440.000000, 1294.000000, 1487.000000, 1270.000000, 1487.000000,     small-vehicle,     1179
3427.000000, 2204.000000, 3477.000000, 2203.000000, 3479.000000, 2231.000000, 3429.000000, 2234.000000,     small-vehicle,     1182
1920.000000, 1325.000000, 1952.000000, 1325.000000, 1954.000000, 1408.000000, 1922.000000, 1408.000000,     small-vehicle,     1183
2080.000000, 2784.000000, 2115.000000, 2782.000000, 2116.000000, 2848.000000, 2082.000000, 2849.000000,     small-vehicle,     1191
2959.000000, 2256.000000, 3016.000000, 2255.000000, 3018.000000, 2287.000000, 2959.000000, 2288.000000,     small-vehicle,     1192
2763.000000, 2274.000000, 2817.000000, 2271.000000, 2818.000000, 2303.000000, 2764.000000, 2306.000000,     small-vehicle,     1195
524.000000, 1332.000000, 554.000000, 1332.000000, 553.000000, 1395.000000, 523.000000, 1395.000000,     small-vehicle,     1202
1948.000000, 1303.000000, 1979.000000, 1304.000000, 1980.000000, 1368.000000, 1949.000000, 1368.000000,     small-vehicle,     1205
1918.000000, 1238.000000, 1950.000000, 1239.000000, 1951.000000, 1304.000000, 1919.000000, 1304.000000,     small-vehicle,     1211
2613.000000, 1262.000000, 2661.000000, 1262.000000, 2662.000000, 1287.000000, 2614.000000, 1287.000000,     small-vehicle,     1212
2416.000000, 1277.000000, 2477.000000, 1278.000000, 2479.000000, 1310.000000, 2417.000000, 1309.000000,     small-vehicle,     1214
2361.000000, 1285.000000, 2412.000000, 1285.000000, 2413.000000, 1314.000000, 2361.000000, 1314.000000,     small-vehicle,     1216
2551.000000, 1267.000000, 2603.000000, 1268.000000, 2604.000000, 1292.000000, 2552.000000, 1293.000000,     small-vehicle,     1217
3460.000000, 2641.000000, 3487.000000, 2640.000000, 3490.000000, 2696.000000, 3463.000000, 2697.000000,     small-vehicle,     1218
2198.000000, 1237.000000, 2225.000000, 1238.000000, 2227.000000, 1293.000000, 2199.000000, 1294.000000,     small-vehicle,     1232
1920.000000, 1163.000000, 1950.000000, 1163.000000, 1951.000000, 1224.000000, 1921.000000, 1223.000000,     small-vehicle,     1236
2027.000000, 1630.000000, 2056.000000, 1630.000000, 2058.000000, 1698.000000, 2029.000000, 1698.000000,     small-vehicle,     1241
1766.000000, 2019.000000, 1836.000000, 2016.000000, 1837.000000, 2058.000000, 1766.000000, 2059.000000,     large-vehicle,     1242
1903.000000, 1173.000000, 1929.000000, 1173.000000, 1929.000000, 1231.000000, 1904.000000, 1231.000000,     small-vehicle,     1245
3298.000000, 1192.000000, 3350.000000, 1192.000000, 3352.000000, 1224.000000, 3299.000000, 1224.000000,     small-vehicle,     1248
3366.000000, 1186.000000, 3427.000000, 1186.000000, 3429.000000, 1216.000000, 3368.000000, 1215.000000,     small-vehicle,     1249
1258.000000, 1148.000000, 1286.000000, 1148.000000, 1286.000000, 1217.000000, 1258.000000, 1218.000000,     small-vehicle,     1250
3493.000000, 1171.000000, 3550.000000, 1172.000000, 3552.000000, 1205.000000, 3494.000000, 1204.000000,     small-vehicle,     1251
1905.000000, 1088.000000, 1936.000000, 1088.000000, 1937.000000, 1153.000000, 1907.000000, 1153.000000,     small-vehicle,     1254
2192.000000, 1059.000000, 2227.000000, 1060.000000, 2228.000000, 1126.000000, 2194.000000, 1127.000000,     small-vehicle,     1257
2213.000000, 1136.000000, 2249.000000, 1136.000000, 2250.000000, 1204.000000, 2215.000000, 1204.000000,     small-vehicle,     1258
3569.000000, 1167.000000, 3626.000000, 1166.000000, 3628.000000, 1200.000000, 3570.000000, 1200.000000,     small-vehicle,     1260
1111.000000, 2782.000000, 1168.000000, 2780.000000, 1168.000000, 2809.000000, 1111.000000, 2811.000000,     small-vehicle,     1265
293.000000, 2073.000000, 359.000000, 2071.000000, 359.000000, 2100.000000, 292.000000, 2101.000000,     small-vehicle,     1271
1253.000000, 1037.000000, 1284.000000, 1038.000000, 1284.000000, 1102.000000, 1252.000000, 1102.000000,     small-vehicle,     1273
2174.000000, 965.000000, 2197.000000, 966.000000, 2199.000000, 1029.000000, 2174.000000, 1029.000000,     small-vehicle,     1277
1186.000000, 2784.000000, 1254.000000, 2781.000000, 1253.000000, 2810.000000, 1186.000000, 2813.000000,     large-vehicle,     1278
1900.000000, 1005.000000, 1930.000000, 1005.000000, 1931.000000, 1071.000000, 1901.000000, 1071.000000,     small-vehicle,     1282
1792.000000, 2746.000000, 1855.000000, 2743.000000, 1855.000000, 2772.000000, 1792.000000, 2775.000000,     small-vehicle,     1283
1060.000000, 1580.000000, 1123.000000, 1579.000000, 1122.000000, 1608.000000, 1059.000000, 1608.000000,     small-vehicle,     1284
2331.000000, 2934.000000, 2362.000000, 2933.000000, 2363.000000, 3013.000000, 2334.000000, 3015.000000,     small-vehicle,     1285
2381.000000, 2416.000000, 2398.000000, 2415.000000, 2399.000000, 2449.000000, 2382.000000, 2449.000000,     small-vehicle,     1286
2031.000000, 3106.000000, 2051.000000, 3106.000000, 2052.000000, 3157.000000, 2032.000000, 3158.000000,     small-vehicle,     1289
