2177.000000, 1218.000000, 2238.000000, 1218.000000, 2238.000000, 1281.000000, 2177.000000, 1281.000000,   small-vehicle,   1290
1295.000000, 1581.000000, 1319.000000, 1581.000000, 1319.000000, 1625.000000, 1295.000000, 1625.000000,   small-vehicle,   1507
2255.000000, 1522.000000, 2287.000000, 1522.000000, 2287.000000, 1584.000000, 2255.000000, 1584.000000,   small-vehicle,   1509
2982.000000, 1580.000000, 3013.000000, 1580.000000, 3013.000000, 1629.000000, 2982.000000, 1629.000000,   small-vehicle,   1515
1292.000000, 1526.000000, 1321.000000, 1526.000000, 1321.000000, 1582.000000, 1292.000000, 1582.000000,   small-vehicle,   1517
1960.000000, 1474.000000, 1986.000000, 1474.000000, 1986.000000, 1527.000000, 1960.000000, 1527.000000,   small-vehicle,   1522
2278.000000, 1464.000000, 2310.000000, 1464.000000, 2310.000000, 1524.000000, 2278.000000, 1524.000000,   small-vehicle,   1529
2275.000000, 1390.000000, 2304.000000, 1390.000000, 2304.000000, 1448.000000, 2275.000000, 1448.000000,   small-vehicle,   1536
1958.000000, 1403.000000, 1984.000000, 1403.000000, 1984.000000, 1460.000000, 1958.000000, 1460.000000,   small-vehicle,   1537
1291.000000, 1366.000000, 1315.000000, 1366.000000, 1315.000000, 1421.000000, 1291.000000, 1421.000000,   small-vehicle,   1548
1957.000000, 1333.000000, 1989.000000, 1333.000000, 1989.000000, 1395.000000, 1957.000000, 1395.000000,   small-vehicle,   1549
2273.000000, 1314.000000, 2304.000000, 1314.000000, 2304.000000, 1376.000000, 2273.000000, 1376.000000,   small-vehicle,   1552
1284.000000, 1289.000000, 1311.000000, 1289.000000, 1311.000000, 1349.000000, 1284.000000, 1349.000000,   small-vehicle,   1554
1946.000000, 1269.000000, 1973.000000, 1269.000000, 1973.000000, 1318.000000, 1946.000000, 1318.000000,   small-vehicle,   1562
1972.000000, 1221.000000, 1999.000000, 1221.000000, 1999.000000, 1272.000000, 1972.000000, 1272.000000,   small-vehicle,   1566
2237.000000, 1221.000000, 2271.000000, 1221.000000, 2271.000000, 1286.000000, 2237.000000, 1286.000000,   small-vehicle,   1571
727.000000, 1184.000000, 785.000000, 1184.000000, 785.000000, 1205.000000, 727.000000, 1205.000000,   small-vehicle,   1573
438.000000, 1173.000000, 498.000000, 1173.000000, 498.000000, 1204.000000, 438.000000, 1204.000000,   small-vehicle,   1575
510.000000, 1181.000000, 562.000000, 1181.000000, 562.000000, 1210.000000, 510.000000, 1210.000000,   small-vehicle,   1578
797.000000, 1180.000000, 844.000000, 1180.000000, 844.000000, 1201.000000, 797.000000, 1201.000000,   small-vehicle,   1585
1514.000000, 1144.000000, 1559.000000, 1144.000000, 1559.000000, 1168.000000, 1514.000000, 1168.000000,   small-vehicle,   1590
387.000000, 1113.000000, 414.000000, 1113.000000, 414.000000, 1171.000000, 387.000000, 1171.000000,   small-vehicle,   1594
1960.000000, 1065.000000, 1990.000000, 1065.000000, 1990.000000, 1116.000000, 1960.000000, 1116.000000,   small-vehicle,   1602
2927.000000, 1061.000000, 2993.000000, 1061.000000, 2993.000000, 1095.000000, 2927.000000, 1095.000000,   small-vehicle,   1614
320.000000, 1035.000000, 369.000000, 1035.000000, 369.000000, 1093.000000, 320.000000, 1093.000000,   small-vehicle,   1615
2232.000000, 1041.000000, 2257.000000, 1041.000000, 2257.000000, 1093.000000, 2232.000000, 1093.000000,   small-vehicle,   1623
3495.000000, 1042.000000, 3553.000000, 1042.000000, 3553.000000, 1062.000000, 3495.000000, 1062.000000,   small-vehicle,   1628
3417.000000, 1042.000000, 3474.000000, 1042.000000, 3474.000000, 1067.000000, 3417.000000, 1067.000000,   small-vehicle,   1631
87.000000, 1092.000000, 138.000000, 1092.000000, 138.000000, 1129.000000, 87.000000, 1129.000000,   small-vehicle,   1632
2225.000000, 971.000000, 2256.000000, 971.000000, 2256.000000, 1034.000000, 2225.000000, 1034.000000,   small-vehicle,   1633
1929.000000, 900.000000, 1955.000000, 900.000000, 1955.000000, 956.000000, 1929.000000, 956.000000,   small-vehicle,   1637
3226.000000, 931.000000, 3263.000000, 931.000000, 3263.000000, 993.000000, 3226.000000, 993.000000,   small-vehicle,   1638
430.000000, 913.000000, 467.000000, 913.000000, 467.000000, 983.000000, 430.000000, 983.000000,   small-vehicle,   1643
506.000000, 900.000000, 552.000000, 900.000000, 552.000000, 942.000000, 506.000000, 942.000000,   small-vehicle,   1646
358.000000, 893.000000, 385.000000, 893.000000, 385.000000, 948.000000, 358.000000, 948.000000,   small-vehicle,   1650
2974.000000, 1438.000000, 3007.000000, 1438.000000, 3007.000000, 1500.000000, 2974.000000, 1500.000000,   small-vehicle,   1651
2247.000000, 847.000000, 2278.000000, 847.000000, 2278.000000, 905.000000, 2247.000000, 905.000000,   small-vehicle,   1656
1924.000000, 831.000000, 1954.000000, 831.000000, 1954.000000, 887.000000, 1924.000000, 887.000000,   small-vehicle,   1658
1038.000000, 1223.000000, 1091.000000, 1223.000000, 1091.000000, 1251.000000, 1038.000000, 1251.000000,   small-vehicle,   1659
3222.000000, 852.000000, 3260.000000, 852.000000, 3260.000000, 911.000000, 3222.000000, 911.000000,   small-vehicle,   1665
359.000000, 835.000000, 387.000000, 835.000000, 387.000000, 887.000000, 359.000000, 887.000000,   small-vehicle,   1666
2974.000000, 1503.000000, 3009.000000, 1503.000000, 3009.000000, 1563.000000, 2974.000000, 1563.000000,   small-vehicle,   1667
2208.000000, 779.000000, 2236.000000, 779.000000, 2236.000000, 834.000000, 2208.000000, 834.000000,   small-vehicle,   1680
1951.000000, 800.000000, 1978.000000, 800.000000, 1978.000000, 852.000000, 1951.000000, 852.000000,   small-vehicle,   1683
1925.000000, 773.000000, 1951.000000, 773.000000, 1951.000000, 822.000000, 1925.000000, 822.000000,   small-vehicle,   1687
3252.000000, 1118.000000, 3319.000000, 1118.000000, 3319.000000, 1149.000000, 3252.000000, 1149.000000,   small-vehicle,   1688
2962.000000, 1232.000000, 2991.000000, 1232.000000, 2991.000000, 1279.000000, 2962.000000, 1279.000000,   small-vehicle,   1689
2467.000000, 1160.000000, 2519.000000, 1160.000000, 2519.000000, 1180.000000, 2467.000000, 1180.000000,   small-vehicle,   1693
2242.000000, 762.000000, 2271.000000, 762.000000, 2271.000000, 815.000000, 2242.000000, 815.000000,   small-vehicle,   1697
1951.000000, 724.000000, 1982.000000, 724.000000, 1982.000000, 788.000000, 1951.000000, 788.000000,   small-vehicle,   1699
2242.000000, 691.000000, 2269.000000, 691.000000, 2269.000000, 737.000000, 2242.000000, 737.000000,   small-vehicle,   1705
2154.000000, 482.000000, 2182.000000, 482.000000, 2182.000000, 549.000000, 2154.000000, 549.000000,   small-vehicle,   1706
1935.000000, 627.000000, 1963.000000, 627.000000, 1963.000000, 680.000000, 1935.000000, 680.000000,   small-vehicle,   1708
1916.000000, 690.000000, 1946.000000, 690.000000, 1946.000000, 747.000000, 1916.000000, 747.000000,   small-vehicle,   1709
233.000000, 1224.000000, 277.000000, 1224.000000, 277.000000, 1284.000000, 233.000000, 1284.000000,   small-vehicle,   1710
1958.000000, 1565.000000, 1987.000000, 1565.000000, 1987.000000, 1604.000000, 1958.000000, 1604.000000,   small-vehicle,   1712
3221.000000, 627.000000, 3254.000000, 627.000000, 3254.000000, 686.000000, 3221.000000, 686.000000,   small-vehicle,   1715
2283.000000, 1257.000000, 2306.000000, 1257.000000, 2306.000000, 1305.000000, 2283.000000, 1305.000000,   small-vehicle,   1719
2724.000000, 609.000000, 2751.000000, 609.000000, 2751.000000, 663.000000, 2724.000000, 663.000000,   small-vehicle,   1727
2641.000000, 599.000000, 2675.000000, 599.000000, 2675.000000, 662.000000, 2641.000000, 662.000000,   small-vehicle,   1728
2230.000000, 560.000000, 2256.000000, 560.000000, 2256.000000, 625.000000, 2230.000000, 625.000000,   small-vehicle,   1729
2535.000000, 1154.000000, 2593.000000, 1154.000000, 2593.000000, 1182.000000, 2535.000000, 1182.000000,   small-vehicle,   1730
2763.000000, 595.000000, 2794.000000, 595.000000, 2794.000000, 655.000000, 2763.000000, 655.000000,   small-vehicle,   1731
2611.000000, 613.000000, 2632.000000, 613.000000, 2632.000000, 647.000000, 2611.000000, 647.000000,   small-vehicle,   1737
2809.000000, 592.000000, 2838.000000, 592.000000, 2838.000000, 651.000000, 2809.000000, 651.000000,   small-vehicle,   1739
1918.000000, 533.000000, 1948.000000, 533.000000, 1948.000000, 593.000000, 1918.000000, 593.000000,   small-vehicle,   1742
2198.000000, 523.000000, 2226.000000, 523.000000, 2226.000000, 588.000000, 2198.000000, 588.000000,   small-vehicle,   1744
1460.000000, 1205.000000, 1502.000000, 1205.000000, 1502.000000, 1225.000000, 1460.000000, 1225.000000,   small-vehicle,   1747
543.000000, 1246.000000, 594.000000, 1246.000000, 594.000000, 1275.000000, 543.000000, 1275.000000,   small-vehicle,   1752
1900.000000, 421.000000, 1928.000000, 421.000000, 1928.000000, 484.000000, 1900.000000, 484.000000,   small-vehicle,   1760
3168.000000, 1120.000000, 3232.000000, 1120.000000, 3232.000000, 1149.000000, 3168.000000, 1149.000000,   small-vehicle,   1761
1520.000000, 1200.000000, 1576.000000, 1200.000000, 1576.000000, 1223.000000, 1520.000000, 1223.000000,   small-vehicle,   1762
3205.000000, 487.000000, 3230.000000, 487.000000, 3230.000000, 545.000000, 3205.000000, 545.000000,   small-vehicle,   1763
64.000000, 431.000000, 123.000000, 431.000000, 123.000000, 457.000000, 64.000000, 457.000000,   small-vehicle,   1765
3197.000000, 410.000000, 3229.000000, 410.000000, 3229.000000, 475.000000, 3197.000000, 475.000000,   small-vehicle,   1767
2372.000000, 657.000000, 2422.000000, 657.000000, 2422.000000, 682.000000, 2372.000000, 682.000000,   small-vehicle,   1769
1047.000000, 372.000000, 1104.000000, 372.000000, 1104.000000, 396.000000, 1047.000000, 396.000000,   small-vehicle,   1772
48.000000, 354.000000, 109.000000, 354.000000, 109.000000, 383.000000, 48.000000, 383.000000,   small-vehicle,   1773
2614.000000, 1152.000000, 2677.000000, 1152.000000, 2677.000000, 1178.000000, 2614.000000, 1178.000000,   small-vehicle,   1774
3701.000000, 1101.000000, 3777.000000, 1101.000000, 3777.000000, 1127.000000, 3701.000000, 1127.000000,   small-vehicle,   1776
1896.000000, 366.000000, 1922.000000, 366.000000, 1922.000000, 410.000000, 1896.000000, 410.000000,   small-vehicle,   1777
2004.000000, 725.000000, 2033.000000, 725.000000, 2033.000000, 795.000000, 2004.000000, 795.000000,   small-vehicle,   1783
2152.000000, 306.000000, 2178.000000, 306.000000, 2178.000000, 361.000000, 2152.000000, 361.000000,   small-vehicle,   1785
2221.000000, 367.000000, 2249.000000, 367.000000, 2249.000000, 420.000000, 2221.000000, 420.000000,   small-vehicle,   1787
561.000000, 321.000000, 614.000000, 321.000000, 614.000000, 345.000000, 561.000000, 345.000000,   small-vehicle,   1790
3553.000000, 1110.000000, 3612.000000, 1110.000000, 3612.000000, 1133.000000, 3553.000000, 1133.000000,   small-vehicle,   1791
497.000000, 326.000000, 551.000000, 326.000000, 551.000000, 351.000000, 497.000000, 351.000000,   small-vehicle,   1793
3194.000000, 325.000000, 3226.000000, 325.000000, 3226.000000, 383.000000, 3194.000000, 383.000000,   small-vehicle,   1794
696.000000, 348.000000, 757.000000, 348.000000, 757.000000, 376.000000, 696.000000, 376.000000,   small-vehicle,   1795
632.000000, 320.000000, 686.000000, 320.000000, 686.000000, 342.000000, 632.000000, 342.000000,   small-vehicle,   1799
700.000000, 312.000000, 758.000000, 312.000000, 758.000000, 336.000000, 700.000000, 336.000000,   small-vehicle,   1804
889.000000, 302.000000, 945.000000, 302.000000, 945.000000, 328.000000, 889.000000, 328.000000,   small-vehicle,   1805
1743.000000, 305.000000, 1799.000000, 305.000000, 1799.000000, 339.000000, 1743.000000, 339.000000,   small-vehicle,   1807
948.000000, 297.000000, 1008.000000, 297.000000, 1008.000000, 322.000000, 948.000000, 322.000000,   small-vehicle,   1808
766.000000, 308.000000, 817.000000, 308.000000, 817.000000, 333.000000, 766.000000, 333.000000,   small-vehicle,   1810
480.000000, 1248.000000, 538.000000, 1248.000000, 538.000000, 1278.000000, 480.000000, 1278.000000,   small-vehicle,   1813
349.000000, 281.000000, 380.000000, 281.000000, 380.000000, 337.000000, 349.000000, 337.000000,   small-vehicle,   1814
2664.000000, 496.000000, 2718.000000, 496.000000, 2718.000000, 526.000000, 2664.000000, 526.000000,   small-vehicle,   1815
1031.000000, 289.000000, 1080.000000, 289.000000, 1080.000000, 317.000000, 1031.000000, 317.000000,   small-vehicle,   1817
827.000000, 305.000000, 880.000000, 305.000000, 880.000000, 330.000000, 827.000000, 330.000000,   small-vehicle,   1818
2186.000000, 300.000000, 2212.000000, 300.000000, 2212.000000, 354.000000, 2186.000000, 354.000000,   small-vehicle,   1819
726.000000, 1230.000000, 794.000000, 1230.000000, 794.000000, 1265.000000, 726.000000, 1265.000000,   small-vehicle,   1821
1674.000000, 238.000000, 1731.000000, 238.000000, 1731.000000, 268.000000, 1674.000000, 268.000000,   small-vehicle,   1822
1163.000000, 282.000000, 1218.000000, 282.000000, 1218.000000, 310.000000, 1163.000000, 310.000000,   small-vehicle,   1825
1572.000000, 250.000000, 1626.000000, 250.000000, 1626.000000, 276.000000, 1572.000000, 276.000000,   small-vehicle,   1826
1397.000000, 265.000000, 1447.000000, 265.000000, 1447.000000, 288.000000, 1397.000000, 288.000000,   small-vehicle,   1827
1232.000000, 277.000000, 1286.000000, 277.000000, 1286.000000, 302.000000, 1232.000000, 302.000000,   small-vehicle,   1831
1738.000000, 231.000000, 1790.000000, 231.000000, 1790.000000, 260.000000, 1738.000000, 260.000000,   small-vehicle,   1833
3192.000000, 267.000000, 3217.000000, 267.000000, 3217.000000, 325.000000, 3192.000000, 325.000000,   small-vehicle,   1835
1337.000000, 270.000000, 1385.000000, 270.000000, 1385.000000, 292.000000, 1337.000000, 292.000000,   small-vehicle,   1836
2961.000000, 1280.000000, 2994.000000, 1280.000000, 2994.000000, 1336.000000, 2961.000000, 1336.000000,   small-vehicle,   1837
1799.000000, 227.000000, 1851.000000, 227.000000, 1851.000000, 253.000000, 1799.000000, 253.000000,   small-vehicle,   1838
432.000000, 992.000000, 458.000000, 992.000000, 458.000000, 1036.000000, 432.000000, 1036.000000,   small-vehicle,   1839
350.000000, 220.000000, 379.000000, 220.000000, 379.000000, 269.000000, 350.000000, 269.000000,   small-vehicle,   1845
3146.000000, 531.000000, 3165.000000, 531.000000, 3165.000000, 582.000000, 3146.000000, 582.000000,   small-vehicle,   1850
2679.000000, 167.000000, 2735.000000, 167.000000, 2735.000000, 187.000000, 2679.000000, 187.000000,   small-vehicle,   1854
2531.000000, 175.000000, 2586.000000, 175.000000, 2586.000000, 202.000000, 2531.000000, 202.000000,   small-vehicle,   1856
2477.000000, 181.000000, 2528.000000, 181.000000, 2528.000000, 207.000000, 2477.000000, 207.000000,   small-vehicle,   1858
2394.000000, 187.000000, 2462.000000, 187.000000, 2462.000000, 212.000000, 2394.000000, 212.000000,   small-vehicle,   1859
1771.000000, 174.000000, 1829.000000, 174.000000, 1829.000000, 200.000000, 1771.000000, 200.000000,   small-vehicle,   1860
408.000000, 1028.000000, 456.000000, 1028.000000, 456.000000, 1089.000000, 408.000000, 1089.000000,   small-vehicle,   1864
1969.000000, 287.000000, 1997.000000, 287.000000, 1997.000000, 356.000000, 1969.000000, 356.000000,   small-vehicle,   1866
352.000000, 131.000000, 378.000000, 131.000000, 378.000000, 179.000000, 352.000000, 179.000000,   small-vehicle,   1868
2960.000000, 141.000000, 3016.000000, 141.000000, 3016.000000, 169.000000, 2960.000000, 169.000000,   small-vehicle,   1869
3040.000000, 141.000000, 3101.000000, 141.000000, 3101.000000, 171.000000, 3040.000000, 171.000000,   small-vehicle,   1872
2820.000000, 156.000000, 2892.000000, 156.000000, 2892.000000, 183.000000, 2820.000000, 183.000000,   small-vehicle,   1874
2208.000000, 79.000000, 2236.000000, 79.000000, 2236.000000, 135.000000, 2208.000000, 135.000000,   small-vehicle,   1875
223.000000, 421.000000, 286.000000, 421.000000, 286.000000, 447.000000, 223.000000, 447.000000,   small-vehicle,   1876
349.000000, 69.000000, 373.000000, 69.000000, 373.000000, 118.000000, 349.000000, 118.000000,   small-vehicle,   1878
2814.000000, 187.000000, 2872.000000, 187.000000, 2872.000000, 218.000000, 2814.000000, 218.000000,   small-vehicle,   1882
300.000000, 1250.000000, 347.000000, 1250.000000, 347.000000, 1308.000000, 300.000000, 1308.000000,   small-vehicle,   1888
2233.000000, 511.000000, 2262.000000, 511.000000, 2262.000000, 553.000000, 2233.000000, 553.000000,   small-vehicle,   1889
1949.000000, 84.000000, 1979.000000, 84.000000, 1979.000000, 139.000000, 1949.000000, 139.000000,   small-vehicle,   1893
982.000000, 375.000000, 1030.000000, 375.000000, 1030.000000, 396.000000, 982.000000, 396.000000,   small-vehicle,   1895
3110.000000, 27.000000, 3147.000000, 27.000000, 3147.000000, 91.000000, 3110.000000, 91.000000,   small-vehicle,   1898
1901.000000, -42.000000, 1928.000000, -42.000000, 1928.000000, 9.000000, 1901.000000, 9.000000,   small-vehicle,   1900
1874.000000, -12.000000, 1903.000000, -12.000000, 1903.000000, 43.000000, 1874.000000, 43.000000,   small-vehicle,   1902
365.000000, 371.000000, 408.000000, 371.000000, 408.000000, 423.000000, 365.000000, 423.000000,   small-vehicle,   1909
1928.000000, 426.000000, 1965.000000, 426.000000, 1965.000000, 510.000000, 1928.000000, 510.000000,   large-vehicle,   1917
2350.000000, 230.000000, 2400.000000, 230.000000, 2400.000000, 256.000000, 2350.000000, 256.000000,   small-vehicle,   1918
2194.000000, -85.000000, 2223.000000, -85.000000, 2223.000000, -31.000000, 2194.000000, -31.000000,   small-vehicle,   1921
-6.000000, 419.000000, 54.000000, 419.000000, 54.000000, 444.000000, -6.000000, 444.000000,   small-vehicle,   1922
183.000000, 1336.000000, 227.000000, 1336.000000, 227.000000, 1396.000000, 183.000000, 1396.000000,   small-vehicle,   1927
1966.000000, 342.000000, 1995.000000, 342.000000, 1995.000000, 394.000000, 1966.000000, 394.000000,   small-vehicle,   1936
1870.000000, -125.000000, 1892.000000, -125.000000, 1892.000000, -86.000000, 1870.000000, -86.000000,   small-vehicle,   1941
2190.000000, -169.000000, 2217.000000, -169.000000, 2217.000000, -112.000000, 2190.000000, -112.000000,   small-vehicle,   1945
909.000000, 366.000000, 961.000000, 366.000000, 961.000000, 389.000000, 909.000000, 389.000000,   small-vehicle,   1950
3076.000000, 165.000000, 3146.000000, 165.000000, 3146.000000, 200.000000, 3076.000000, 200.000000,   small-vehicle,   1951
1894.000000, -175.000000, 1920.000000, -175.000000, 1920.000000, -114.000000, 1894.000000, -114.000000,   small-vehicle,   1952
2814.000000, 229.000000, 2882.000000, 229.000000, 2882.000000, 257.000000, 2814.000000, 257.000000,   small-vehicle,   1954
1905.000000, 589.000000, 1925.000000, 589.000000, 1925.000000, 630.000000, 1905.000000, 630.000000,   small-vehicle,   1955
2167.000000, 1372.000000, 2184.000000, 1372.000000, 2184.000000, 1400.000000, 2167.000000, 1400.000000,   small-vehicle,   1956
283.000000, 399.000000, 332.000000, 399.000000, 332.000000, 424.000000, 283.000000, 424.000000,   small-vehicle,   1966
1862.000000, -217.000000, 1891.000000, -217.000000, 1891.000000, -159.000000, 1862.000000, -159.000000,   small-vehicle,   1967
3092.000000, -205.000000, 3122.000000, -205.000000, 3122.000000, -149.000000, 3092.000000, -149.000000,   small-vehicle,   1968
2657.000000, 242.000000, 2713.000000, 242.000000, 2713.000000, 268.000000, 2657.000000, 268.000000,   small-vehicle,   1970
1944.000000, 3.000000, 1972.000000, 3.000000, 1972.000000, 60.000000, 1944.000000, 60.000000,   small-vehicle,   1971
2186.000000, -246.000000, 2213.000000, -246.000000, 2213.000000, -187.000000, 2186.000000, -187.000000,   small-vehicle,   1972
1341.000000, 345.000000, 1404.000000, 345.000000, 1404.000000, 378.000000, 1341.000000, 378.000000,   small-vehicle,   1974
2158.000000, -229.000000, 2188.000000, -229.000000, 2188.000000, -170.000000, 2158.000000, -170.000000,   small-vehicle,   1977
2966.000000, 1371.000000, 3002.000000, 1371.000000, 3002.000000, 1445.000000, 2966.000000, 1445.000000,   small-vehicle,   1980
321.000000, 902.000000, 342.000000, 902.000000, 342.000000, 944.000000, 321.000000, 944.000000,   small-vehicle,   1981
157.000000, 1403.000000, 196.000000, 1403.000000, 196.000000, 1458.000000, 157.000000, 1458.000000,   small-vehicle,   1983
2149.000000, -302.000000, 2178.000000, -302.000000, 2178.000000, -242.000000, 2149.000000, -242.000000,   small-vehicle,   1988
3232.000000, 202.000000, 3291.000000, 202.000000, 3291.000000, 223.000000, 3232.000000, 223.000000,   small-vehicle,   1992
2075.000000, 506.000000, 2105.000000, 506.000000, 2105.000000, 568.000000, 2075.000000, 568.000000,   small-vehicle,   1993
131.000000, 1457.000000, 176.000000, 1457.000000, 176.000000, 1513.000000, 131.000000, 1513.000000,   small-vehicle,   1995
1928.000000, -193.000000, 1956.000000, -193.000000, 1956.000000, -134.000000, 1928.000000, -134.000000,   small-vehicle,   1997
2034.000000, 808.000000, 2067.000000, 808.000000, 2067.000000, 875.000000, 2034.000000, 875.000000,   small-vehicle,   1998
346.000000, 936.000000, 387.000000, 936.000000, 387.000000, 1000.000000, 346.000000, 1000.000000,   large-vehicle,   2000
3088.000000, -283.000000, 3115.000000, -283.000000, 3115.000000, -230.000000, 3088.000000, -230.000000,   small-vehicle,   2005
2179.000000, -325.000000, 2208.000000, -325.000000, 2208.000000, -261.000000, 2179.000000, -261.000000,   small-vehicle,   2006
1383.000000, 1204.000000, 1442.000000, 1204.000000, 1442.000000, 1226.000000, 1383.000000, 1226.000000,   small-vehicle,   2007
252.000000, -327.000000, 302.000000, -327.000000, 302.000000, -280.000000, 252.000000, -280.000000,   small-vehicle,   2008
2617.000000, -395.000000, 2677.000000, -395.000000, 2677.000000, -365.000000, 2617.000000, -365.000000,   small-vehicle,   2013
398.000000, 1251.000000, 462.000000, 1251.000000, 462.000000, 1282.000000, 398.000000, 1282.000000,   small-vehicle,   2014
2683.000000, 579.000000, 2717.000000, 579.000000, 2717.000000, 649.000000, 2683.000000, 649.000000,   small-vehicle,   2015
3315.000000, 198.000000, 3382.000000, 198.000000, 3382.000000, 223.000000, 3315.000000, 223.000000,   small-vehicle,   2016
3446.000000, 192.000000, 3510.000000, 192.000000, 3510.000000, 213.000000, 3446.000000, 213.000000,   small-vehicle,   2017
3642.000000, 172.000000, 3693.000000, 172.000000, 3693.000000, 193.000000, 3642.000000, 193.000000,   small-vehicle,   2021
2684.000000, 609.000000, 2718.000000, 609.000000, 2718.000000, 676.000000, 2684.000000, 676.000000,   large-vehicle,   2022
1854.000000, -381.000000, 1884.000000, -381.000000, 1884.000000, -324.000000, 1854.000000, -324.000000,   small-vehicle,   2023
2163.000000, 1002.000000, 2196.000000, 1002.000000, 2196.000000, 1066.000000, 2163.000000, 1066.000000,   large-vehicle,   2027
187.000000, -470.000000, 244.000000, -470.000000, 244.000000, -416.000000, 187.000000, -416.000000,   small-vehicle,   2028
2947.000000, 220.000000, 3008.000000, 220.000000, 3008.000000, 246.000000, 2947.000000, 246.000000,   small-vehicle,   2030
241.000000, -426.000000, 291.000000, -426.000000, 291.000000, -382.000000, 241.000000, -382.000000,   small-vehicle,   2031
1926.000000, 425.000000, 1964.000000, 425.000000, 1964.000000, 502.000000, 1926.000000, 502.000000,   small-vehicle,   2032
1875.000000, -450.000000, 1903.000000, -450.000000, 1903.000000, -390.000000, 1875.000000, -390.000000,   small-vehicle,   2033
2161.000000, -426.000000, 2185.000000, -426.000000, 2185.000000, -378.000000, 2161.000000, -378.000000,   small-vehicle,   2035
1333.000000, 336.000000, 1501.000000, 336.000000, 1501.000000, 371.000000, 1333.000000, 371.000000,   large-vehicle,   2036
2713.000000, -509.000000, 2774.000000, -509.000000, 2774.000000, -488.000000, 2713.000000, -488.000000,   large-vehicle,   2037
38.000000, -504.000000, 99.000000, -504.000000, 99.000000, -452.000000, 38.000000, -452.000000,   small-vehicle,   2038
2158.000000, -485.000000, 2183.000000, -485.000000, 2183.000000, -435.000000, 2158.000000, -435.000000,   small-vehicle,   2039
2163.000000, 988.000000, 2197.000000, 988.000000, 2197.000000, 1056.000000, 2163.000000, 1056.000000,   small-vehicle,   2040
1915.000000, -480.000000, 1944.000000, -480.000000, 1944.000000, -407.000000, 1915.000000, -407.000000,   small-vehicle,   2041
1967.000000, -333.000000, 1996.000000, -333.000000, 1996.000000, -276.000000, 1967.000000, -276.000000,   small-vehicle,   2042
81.000000, -426.000000, 129.000000, -426.000000, 129.000000, -366.000000, 81.000000, -366.000000,   small-vehicle,   2043
2073.000000, 510.000000, 2105.000000, 510.000000, 2105.000000, 570.000000, 2073.000000, 570.000000,   large-vehicle,   2045
2074.000000, 515.000000, 2105.000000, 515.000000, 2105.000000, 577.000000, 2074.000000, 577.000000,   small-vehicle,   2046
348.000000, 946.000000, 387.000000, 946.000000, 387.000000, 1008.000000, 348.000000, 1008.000000,   large-vehicle,   2047
2926.000000, 1069.000000, 2996.000000, 1069.000000, 2996.000000, 1104.000000, 2926.000000, 1104.000000,   large-vehicle,   2048
2195.000000, 521.000000, 2224.000000, 521.000000, 2224.000000, 587.000000, 2195.000000, 587.000000,   large-vehicle,   2049
1870.000000, -523.000000, 1904.000000, -523.000000, 1904.000000, -456.000000, 1870.000000, -456.000000,   small-vehicle,   2050
3071.000000, 170.000000, 3142.000000, 170.000000, 3142.000000, 203.000000, 3071.000000, 203.000000,   large-vehicle,   2051
2617.000000, -357.000000, 2666.000000, -357.000000, 2666.000000, -331.000000, 2617.000000, -331.000000,   small-vehicle,   2052
3068.000000, 175.000000, 3139.000000, 175.000000, 3139.000000, 210.000000, 3068.000000, 210.000000,   small-vehicle,   2053
3080.000000, -369.000000, 3111.000000, -369.000000, 3111.000000, -305.000000, 3080.000000, -305.000000,   small-vehicle,   2054
1850.000000, -318.000000, 1873.000000, -318.000000, 1873.000000, -277.000000, 1850.000000, -277.000000,   small-vehicle,   2055
1927.000000, 440.000000, 1965.000000, 440.000000, 1965.000000, 516.000000, 1927.000000, 516.000000,   small-vehicle,   2056
2997.000000, -505.000000, 3026.000000, -505.000000, 3026.000000, -448.000000, 2997.000000, -448.000000,   small-vehicle,   2057
348.000000, 941.000000, 385.000000, 941.000000, 385.000000, 1004.000000, 348.000000, 1004.000000,   small-vehicle,   2058
2102.000000, 876.000000, 2117.000000, 876.000000, 2117.000000, 906.000000, 2102.000000, 906.000000,   small-vehicle,   2059
-12.000000, -541.000000, 46.000000, -541.000000, 46.000000, -494.000000, -12.000000, -494.000000,   small-vehicle,   2060
