2175.000000, 1217.000000, 2239.000000, 1217.000000, 2239.000000, 1282.000000, 2175.000000, 1282.000000,   small-vehicle,   1290
1959.000000, 1475.000000, 1986.000000, 1475.000000, 1986.000000, 1526.000000, 1959.000000, 1526.000000,   small-vehicle,   1522
2276.000000, 1461.000000, 2311.000000, 1461.000000, 2311.000000, 1528.000000, 2276.000000, 1528.000000,   small-vehicle,   1529
2275.000000, 1392.000000, 2304.000000, 1392.000000, 2304.000000, 1447.000000, 2275.000000, 1447.000000,   small-vehicle,   1536
1957.000000, 1403.000000, 1984.000000, 1403.000000, 1984.000000, 1460.000000, 1957.000000, 1460.000000,   small-vehicle,   1537
1291.000000, 1367.000000, 1315.000000, 1367.000000, 1315.000000, 1420.000000, 1291.000000, 1420.000000,   small-vehicle,   1548
1960.000000, 1333.000000, 1987.000000, 1333.000000, 1987.000000, 1395.000000, 1960.000000, 1395.000000,   small-vehicle,   1549
2273.000000, 1313.000000, 2305.000000, 1313.000000, 2305.000000, 1377.000000, 2273.000000, 1377.000000,   small-vehicle,   1552
1284.000000, 1290.000000, 1311.000000, 1290.000000, 1311.000000, 1349.000000, 1284.000000, 1349.000000,   small-vehicle,   1554
1946.000000, 1268.000000, 1973.000000, 1268.000000, 1973.000000, 1318.000000, 1946.000000, 1318.000000,   small-vehicle,   1562
1972.000000, 1222.000000, 1999.000000, 1222.000000, 1999.000000, 1272.000000, 1972.000000, 1272.000000,   small-vehicle,   1566
2236.000000, 1220.000000, 2272.000000, 1220.000000, 2272.000000, 1288.000000, 2236.000000, 1288.000000,   small-vehicle,   1571
726.000000, 1185.000000, 786.000000, 1185.000000, 786.000000, 1205.000000, 726.000000, 1205.000000,   small-vehicle,   1573
439.000000, 1172.000000, 497.000000, 1172.000000, 497.000000, 1205.000000, 439.000000, 1205.000000,   small-vehicle,   1575
512.000000, 1181.000000, 561.000000, 1181.000000, 561.000000, 1210.000000, 512.000000, 1210.000000,   small-vehicle,   1578
798.000000, 1182.000000, 842.000000, 1182.000000, 842.000000, 1199.000000, 798.000000, 1199.000000,   small-vehicle,   1585
385.000000, 1115.000000, 416.000000, 1115.000000, 416.000000, 1169.000000, 385.000000, 1169.000000,   small-vehicle,   1594
1961.000000, 1067.000000, 1989.000000, 1067.000000, 1989.000000, 1115.000000, 1961.000000, 1115.000000,   small-vehicle,   1602
2926.000000, 1061.000000, 2995.000000, 1061.000000, 2995.000000, 1094.000000, 2926.000000, 1094.000000,   small-vehicle,   1614
320.000000, 1034.000000, 369.000000, 1034.000000, 369.000000, 1093.000000, 320.000000, 1093.000000,   small-vehicle,   1615
2232.000000, 1040.000000, 2257.000000, 1040.000000, 2257.000000, 1094.000000, 2232.000000, 1094.000000,   small-vehicle,   1623
3416.000000, 1042.000000, 3474.000000, 1042.000000, 3474.000000, 1066.000000, 3416.000000, 1066.000000,   small-vehicle,   1631
84.000000, 1090.000000, 141.000000, 1090.000000, 141.000000, 1131.000000, 84.000000, 1131.000000,   small-vehicle,   1632
2224.000000, 970.000000, 2256.000000, 970.000000, 2256.000000, 1034.000000, 2224.000000, 1034.000000,   small-vehicle,   1633
1929.000000, 901.000000, 1955.000000, 901.000000, 1955.000000, 955.000000, 1929.000000, 955.000000,   small-vehicle,   1637
3226.000000, 933.000000, 3262.000000, 933.000000, 3262.000000, 991.000000, 3226.000000, 991.000000,   small-vehicle,   1638
434.000000, 917.000000, 464.000000, 917.000000, 464.000000, 979.000000, 434.000000, 979.000000,   small-vehicle,   1643
358.000000, 894.000000, 386.000000, 894.000000, 386.000000, 946.000000, 358.000000, 946.000000,   small-vehicle,   1650
2973.000000, 1435.000000, 3008.000000, 1435.000000, 3008.000000, 1503.000000, 2973.000000, 1503.000000,   small-vehicle,   1651
2247.000000, 846.000000, 2277.000000, 846.000000, 2277.000000, 906.000000, 2247.000000, 906.000000,   small-vehicle,   1656
1924.000000, 831.000000, 1954.000000, 831.000000, 1954.000000, 887.000000, 1924.000000, 887.000000,   small-vehicle,   1658
1040.000000, 1223.000000, 1090.000000, 1223.000000, 1090.000000, 1251.000000, 1040.000000, 1251.000000,   small-vehicle,   1659
3222.000000, 853.000000, 3260.000000, 853.000000, 3260.000000, 911.000000, 3222.000000, 911.000000,   small-vehicle,   1665
359.000000, 835.000000, 387.000000, 835.000000, 387.000000, 888.000000, 359.000000, 888.000000,   small-vehicle,   1666
2208.000000, 780.000000, 2235.000000, 780.000000, 2235.000000, 834.000000, 2208.000000, 834.000000,   small-vehicle,   1680
1951.000000, 800.000000, 1978.000000, 800.000000, 1978.000000, 851.000000, 1951.000000, 851.000000,   small-vehicle,   1683
1926.000000, 772.000000, 1950.000000, 772.000000, 1950.000000, 822.000000, 1926.000000, 822.000000,   small-vehicle,   1687
3252.000000, 1117.000000, 3318.000000, 1117.000000, 3318.000000, 1149.000000, 3252.000000, 1149.000000,   small-vehicle,   1688
2962.000000, 1232.000000, 2990.000000, 1232.000000, 2990.000000, 1278.000000, 2962.000000, 1278.000000,   small-vehicle,   1689
2467.000000, 1159.000000, 2518.000000, 1159.000000, 2518.000000, 1182.000000, 2467.000000, 1182.000000,   small-vehicle,   1693
2243.000000, 762.000000, 2270.000000, 762.000000, 2270.000000, 815.000000, 2243.000000, 815.000000,   small-vehicle,   1697
1951.000000, 724.000000, 1981.000000, 724.000000, 1981.000000, 787.000000, 1951.000000, 787.000000,   small-vehicle,   1699
2243.000000, 689.000000, 2269.000000, 689.000000, 2269.000000, 739.000000, 2243.000000, 739.000000,   small-vehicle,   1705
2153.000000, 483.000000, 2182.000000, 483.000000, 2182.000000, 548.000000, 2153.000000, 548.000000,   small-vehicle,   1706
1934.000000, 627.000000, 1964.000000, 627.000000, 1964.000000, 680.000000, 1934.000000, 680.000000,   small-vehicle,   1708
1915.000000, 690.000000, 1946.000000, 690.000000, 1946.000000, 748.000000, 1915.000000, 748.000000,   small-vehicle,   1709
232.000000, 1222.000000, 277.000000, 1222.000000, 277.000000, 1286.000000, 232.000000, 1286.000000,   small-vehicle,   1710
3220.000000, 628.000000, 3255.000000, 628.000000, 3255.000000, 684.000000, 3220.000000, 684.000000,   small-vehicle,   1715
2283.000000, 1258.000000, 2307.000000, 1258.000000, 2307.000000, 1304.000000, 2283.000000, 1304.000000,   small-vehicle,   1719
2725.000000, 612.000000, 2751.000000, 612.000000, 2751.000000, 661.000000, 2725.000000, 661.000000,   small-vehicle,   1727
2641.000000, 598.000000, 2675.000000, 598.000000, 2675.000000, 663.000000, 2641.000000, 663.000000,   small-vehicle,   1728
2230.000000, 561.000000, 2257.000000, 561.000000, 2257.000000, 625.000000, 2230.000000, 625.000000,   small-vehicle,   1729
2535.000000, 1152.000000, 2593.000000, 1152.000000, 2593.000000, 1183.000000, 2535.000000, 1183.000000,   small-vehicle,   1730
2762.000000, 596.000000, 2795.000000, 596.000000, 2795.000000, 655.000000, 2762.000000, 655.000000,   small-vehicle,   1731
2809.000000, 591.000000, 2838.000000, 591.000000, 2838.000000, 653.000000, 2809.000000, 653.000000,   small-vehicle,   1739
1918.000000, 534.000000, 1948.000000, 534.000000, 1948.000000, 593.000000, 1918.000000, 593.000000,   small-vehicle,   1742
2198.000000, 523.000000, 2226.000000, 523.000000, 2226.000000, 589.000000, 2198.000000, 589.000000,   small-vehicle,   1744
1459.000000, 1205.000000, 1504.000000, 1205.000000, 1504.000000, 1225.000000, 1459.000000, 1225.000000,   small-vehicle,   1747
1899.000000, 423.000000, 1929.000000, 423.000000, 1929.000000, 482.000000, 1899.000000, 482.000000,   small-vehicle,   1760
3167.000000, 1120.000000, 3232.000000, 1120.000000, 3232.000000, 1149.000000, 3167.000000, 1149.000000,   small-vehicle,   1761
1518.000000, 1199.000000, 1577.000000, 1199.000000, 1577.000000, 1223.000000, 1518.000000, 1223.000000,   small-vehicle,   1762
3204.000000, 486.000000, 3230.000000, 486.000000, 3230.000000, 546.000000, 3204.000000, 546.000000,   small-vehicle,   1763
65.000000, 431.000000, 122.000000, 431.000000, 122.000000, 458.000000, 65.000000, 458.000000,   small-vehicle,   1765
3197.000000, 409.000000, 3229.000000, 409.000000, 3229.000000, 476.000000, 3197.000000, 476.000000,   small-vehicle,   1767
2371.000000, 657.000000, 2422.000000, 657.000000, 2422.000000, 681.000000, 2371.000000, 681.000000,   small-vehicle,   1769
1047.000000, 371.000000, 1105.000000, 371.000000, 1105.000000, 397.000000, 1047.000000, 397.000000,   small-vehicle,   1772
47.000000, 353.000000, 110.000000, 353.000000, 110.000000, 383.000000, 47.000000, 383.000000,   small-vehicle,   1773
2613.000000, 1152.000000, 2677.000000, 1152.000000, 2677.000000, 1179.000000, 2613.000000, 1179.000000,   small-vehicle,   1774
1896.000000, 365.000000, 1922.000000, 365.000000, 1922.000000, 410.000000, 1896.000000, 410.000000,   small-vehicle,   1777
2152.000000, 306.000000, 2178.000000, 306.000000, 2178.000000, 360.000000, 2152.000000, 360.000000,   small-vehicle,   1785
2220.000000, 367.000000, 2250.000000, 367.000000, 2250.000000, 420.000000, 2220.000000, 420.000000,   small-vehicle,   1787
562.000000, 320.000000, 613.000000, 320.000000, 613.000000, 347.000000, 562.000000, 347.000000,   small-vehicle,   1790
3549.000000, 1109.000000, 3615.000000, 1109.000000, 3615.000000, 1134.000000, 3549.000000, 1134.000000,   small-vehicle,   1791
498.000000, 327.000000, 550.000000, 327.000000, 550.000000, 349.000000, 498.000000, 349.000000,   small-vehicle,   1793
3192.000000, 325.000000, 3227.000000, 325.000000, 3227.000000, 384.000000, 3192.000000, 384.000000,   small-vehicle,   1794
694.000000, 346.000000, 759.000000, 346.000000, 759.000000, 378.000000, 694.000000, 378.000000,   small-vehicle,   1795
632.000000, 319.000000, 686.000000, 319.000000, 686.000000, 342.000000, 632.000000, 342.000000,   small-vehicle,   1799
701.000000, 313.000000, 757.000000, 313.000000, 757.000000, 336.000000, 701.000000, 336.000000,   small-vehicle,   1804
890.000000, 301.000000, 944.000000, 301.000000, 944.000000, 329.000000, 890.000000, 329.000000,   small-vehicle,   1805
1743.000000, 306.000000, 1800.000000, 306.000000, 1800.000000, 338.000000, 1743.000000, 338.000000,   small-vehicle,   1807
948.000000, 296.000000, 1008.000000, 296.000000, 1008.000000, 323.000000, 948.000000, 323.000000,   small-vehicle,   1808
768.000000, 309.000000, 816.000000, 309.000000, 816.000000, 332.000000, 768.000000, 332.000000,   small-vehicle,   1810
480.000000, 1247.000000, 538.000000, 1247.000000, 538.000000, 1279.000000, 480.000000, 1279.000000,   small-vehicle,   1813
349.000000, 282.000000, 380.000000, 282.000000, 380.000000, 336.000000, 349.000000, 336.000000,   small-vehicle,   1814
1030.000000, 289.000000, 1080.000000, 289.000000, 1080.000000, 317.000000, 1030.000000, 317.000000,   small-vehicle,   1817
828.000000, 304.000000, 879.000000, 304.000000, 879.000000, 330.000000, 828.000000, 330.000000,   small-vehicle,   1818
2185.000000, 301.000000, 2214.000000, 301.000000, 2214.000000, 353.000000, 2185.000000, 353.000000,   small-vehicle,   1819
728.000000, 1230.000000, 793.000000, 1230.000000, 793.000000, 1265.000000, 728.000000, 1265.000000,   small-vehicle,   1821
1676.000000, 238.000000, 1730.000000, 238.000000, 1730.000000, 267.000000, 1676.000000, 267.000000,   small-vehicle,   1822
1163.000000, 281.000000, 1218.000000, 281.000000, 1218.000000, 311.000000, 1163.000000, 311.000000,   small-vehicle,   1825
1572.000000, 249.000000, 1626.000000, 249.000000, 1626.000000, 276.000000, 1572.000000, 276.000000,   small-vehicle,   1826
1397.000000, 265.000000, 1447.000000, 265.000000, 1447.000000, 288.000000, 1397.000000, 288.000000,   small-vehicle,   1827
1234.000000, 277.000000, 1285.000000, 277.000000, 1285.000000, 302.000000, 1234.000000, 302.000000,   small-vehicle,   1831
1740.000000, 232.000000, 1788.000000, 232.000000, 1788.000000, 259.000000, 1740.000000, 259.000000,   small-vehicle,   1833
3193.000000, 269.000000, 3216.000000, 269.000000, 3216.000000, 322.000000, 3193.000000, 322.000000,   small-vehicle,   1835
1338.000000, 268.000000, 1385.000000, 268.000000, 1385.000000, 293.000000, 1338.000000, 293.000000,   small-vehicle,   1836
2961.000000, 1280.000000, 2994.000000, 1280.000000, 2994.000000, 1336.000000, 2961.000000, 1336.000000,   small-vehicle,   1837
1800.000000, 227.000000, 1849.000000, 227.000000, 1849.000000, 253.000000, 1800.000000, 253.000000,   small-vehicle,   1838
431.000000, 992.000000, 458.000000, 992.000000, 458.000000, 1036.000000, 431.000000, 1036.000000,   small-vehicle,   1839
351.000000, 219.000000, 377.000000, 219.000000, 377.000000, 270.000000, 351.000000, 270.000000,   small-vehicle,   1845
3145.000000, 532.000000, 3166.000000, 532.000000, 3166.000000, 581.000000, 3145.000000, 581.000000,   small-vehicle,   1850
2679.000000, 168.000000, 2735.000000, 168.000000, 2735.000000, 187.000000, 2679.000000, 187.000000,   small-vehicle,   1854
2531.000000, 175.000000, 2586.000000, 175.000000, 2586.000000, 203.000000, 2531.000000, 203.000000,   small-vehicle,   1856
2477.000000, 180.000000, 2527.000000, 180.000000, 2527.000000, 208.000000, 2477.000000, 208.000000,   small-vehicle,   1858
2394.000000, 186.000000, 2462.000000, 186.000000, 2462.000000, 213.000000, 2394.000000, 213.000000,   small-vehicle,   1859
1770.000000, 172.000000, 1829.000000, 172.000000, 1829.000000, 201.000000, 1770.000000, 201.000000,   small-vehicle,   1860
409.000000, 1030.000000, 455.000000, 1030.000000, 455.000000, 1087.000000, 409.000000, 1087.000000,   small-vehicle,   1864
1969.000000, 288.000000, 1997.000000, 288.000000, 1997.000000, 355.000000, 1969.000000, 355.000000,   small-vehicle,   1866
352.000000, 131.000000, 378.000000, 131.000000, 378.000000, 179.000000, 352.000000, 179.000000,   small-vehicle,   1868
2962.000000, 141.000000, 3015.000000, 141.000000, 3015.000000, 169.000000, 2962.000000, 169.000000,   small-vehicle,   1869
3042.000000, 141.000000, 3100.000000, 141.000000, 3100.000000, 170.000000, 3042.000000, 170.000000,   small-vehicle,   1872
2824.000000, 157.000000, 2888.000000, 157.000000, 2888.000000, 182.000000, 2824.000000, 182.000000,   small-vehicle,   1874
2208.000000, 79.000000, 2236.000000, 79.000000, 2236.000000, 135.000000, 2208.000000, 135.000000,   small-vehicle,   1875
222.000000, 421.000000, 286.000000, 421.000000, 286.000000, 447.000000, 222.000000, 447.000000,   small-vehicle,   1876
349.000000, 68.000000, 374.000000, 68.000000, 374.000000, 120.000000, 349.000000, 120.000000,   small-vehicle,   1878
2813.000000, 186.000000, 2873.000000, 186.000000, 2873.000000, 219.000000, 2813.000000, 219.000000,   small-vehicle,   1882
300.000000, 1250.000000, 346.000000, 1250.000000, 346.000000, 1308.000000, 300.000000, 1308.000000,   small-vehicle,   1888
2233.000000, 513.000000, 2262.000000, 513.000000, 2262.000000, 551.000000, 2233.000000, 551.000000,   small-vehicle,   1889
1950.000000, 84.000000, 1978.000000, 84.000000, 1978.000000, 138.000000, 1950.000000, 138.000000,   small-vehicle,   1893
982.000000, 375.000000, 1030.000000, 375.000000, 1030.000000, 397.000000, 982.000000, 397.000000,   small-vehicle,   1895
3109.000000, 30.000000, 3147.000000, 30.000000, 3147.000000, 96.000000, 3109.000000, 96.000000,   small-vehicle,   1898
1902.000000, -42.000000, 1930.000000, -42.000000, 1930.000000, 9.000000, 1902.000000, 9.000000,   small-vehicle,   1900
1876.000000, -11.000000, 1906.000000, -11.000000, 1906.000000, 40.000000, 1876.000000, 40.000000,   small-vehicle,   1902
336.000000, 352.000000, 387.000000, 352.000000, 387.000000, 398.000000, 336.000000, 398.000000,   small-vehicle,   1909
1931.000000, 446.000000, 1965.000000, 446.000000, 1965.000000, 520.000000, 1931.000000, 520.000000,   large-vehicle,   1917
2350.000000, 230.000000, 2401.000000, 230.000000, 2401.000000, 257.000000, 2350.000000, 257.000000,   small-vehicle,   1918
2195.000000, -85.000000, 2223.000000, -85.000000, 2223.000000, -30.000000, 2195.000000, -30.000000,   small-vehicle,   1921
-6.000000, 417.000000, 54.000000, 417.000000, 54.000000, 442.000000, -6.000000, 442.000000,   small-vehicle,   1922
184.000000, 1337.000000, 226.000000, 1337.000000, 226.000000, 1396.000000, 184.000000, 1396.000000,   small-vehicle,   1927
1976.000000, 467.000000, 2004.000000, 467.000000, 2004.000000, 522.000000, 1976.000000, 522.000000,   small-vehicle,   1936
1869.000000, -124.000000, 1894.000000, -124.000000, 1894.000000, -84.000000, 1869.000000, -84.000000,   small-vehicle,   1941
2190.000000, -171.000000, 2218.000000, -171.000000, 2218.000000, -110.000000, 2190.000000, -110.000000,   small-vehicle,   1945
909.000000, 364.000000, 961.000000, 364.000000, 961.000000, 387.000000, 909.000000, 387.000000,   small-vehicle,   1950
1895.000000, -176.000000, 1921.000000, -176.000000, 1921.000000, -114.000000, 1895.000000, -114.000000,   small-vehicle,   1952
2814.000000, 233.000000, 2881.000000, 233.000000, 2881.000000, 260.000000, 2814.000000, 260.000000,   small-vehicle,   1954
1905.000000, 590.000000, 1926.000000, 590.000000, 1926.000000, 632.000000, 1905.000000, 632.000000,   small-vehicle,   1955
285.000000, 395.000000, 336.000000, 395.000000, 336.000000, 422.000000, 285.000000, 422.000000,   small-vehicle,   1966
1865.000000, -210.000000, 1891.000000, -210.000000, 1891.000000, -157.000000, 1865.000000, -157.000000,   small-vehicle,   1967
3092.000000, -204.000000, 3123.000000, -204.000000, 3123.000000, -145.000000, 3092.000000, -145.000000,   small-vehicle,   1968
2661.000000, 243.000000, 2715.000000, 243.000000, 2715.000000, 270.000000, 2661.000000, 270.000000,   small-vehicle,   1970
1949.000000, 108.000000, 1979.000000, 108.000000, 1979.000000, 166.000000, 1949.000000, 166.000000,   small-vehicle,   1971
2184.000000, -245.000000, 2214.000000, -245.000000, 2214.000000, -187.000000, 2184.000000, -187.000000,   small-vehicle,   1972
1342.000000, 344.000000, 1403.000000, 344.000000, 1403.000000, 377.000000, 1342.000000, 377.000000,   small-vehicle,   1974
2157.000000, -229.000000, 2188.000000, -229.000000, 2188.000000, -169.000000, 2157.000000, -169.000000,   small-vehicle,   1977
2968.000000, 1370.000000, 3003.000000, 1370.000000, 3003.000000, 1443.000000, 2968.000000, 1443.000000,   small-vehicle,   1980
321.000000, 903.000000, 344.000000, 903.000000, 344.000000, 946.000000, 321.000000, 946.000000,   small-vehicle,   1981
158.000000, 1400.000000, 200.000000, 1400.000000, 200.000000, 1458.000000, 158.000000, 1458.000000,   small-vehicle,   1983
2149.000000, -299.000000, 2179.000000, -299.000000, 2179.000000, -241.000000, 2149.000000, -241.000000,   small-vehicle,   1988
3232.000000, 206.000000, 3286.000000, 206.000000, 3286.000000, 226.000000, 3232.000000, 226.000000,   small-vehicle,   1992
132.000000, 1459.000000, 176.000000, 1459.000000, 176.000000, 1515.000000, 132.000000, 1515.000000,   small-vehicle,   1995
1933.000000, -100.000000, 1962.000000, -100.000000, 1962.000000, -41.000000, 1933.000000, -41.000000,   small-vehicle,   1997
2044.000000, 971.000000, 2077.000000, 971.000000, 2077.000000, 1038.000000, 2044.000000, 1038.000000,   small-vehicle,   1998
3087.000000, -283.000000, 3118.000000, -283.000000, 3118.000000, -228.000000, 3087.000000, -228.000000,   small-vehicle,   2005
2180.000000, -323.000000, 2209.000000, -323.000000, 2209.000000, -262.000000, 2180.000000, -262.000000,   small-vehicle,   2006
1384.000000, 1205.000000, 1445.000000, 1205.000000, 1445.000000, 1228.000000, 1384.000000, 1228.000000,   small-vehicle,   2007
251.000000, -331.000000, 303.000000, -331.000000, 303.000000, -284.000000, 251.000000, -284.000000,   small-vehicle,   2008
2617.000000, -392.000000, 2679.000000, -392.000000, 2679.000000, -363.000000, 2617.000000, -363.000000,   small-vehicle,   2013
399.000000, 1251.000000, 463.000000, 1251.000000, 463.000000, 1283.000000, 399.000000, 1283.000000,   small-vehicle,   2014
3322.000000, 203.000000, 3378.000000, 203.000000, 3378.000000, 229.000000, 3322.000000, 229.000000,   small-vehicle,   2016
3447.000000, 196.000000, 3510.000000, 196.000000, 3510.000000, 217.000000, 3447.000000, 217.000000,   small-vehicle,   2017
3646.000000, 182.000000, 3716.000000, 182.000000, 3716.000000, 204.000000, 3646.000000, 204.000000,   small-vehicle,   2021
2685.000000, 611.000000, 2719.000000, 611.000000, 2719.000000, 678.000000, 2685.000000, 678.000000,   large-vehicle,   2022
1853.000000, -381.000000, 1884.000000, -381.000000, 1884.000000, -324.000000, 1853.000000, -324.000000,   small-vehicle,   2023
189.000000, -473.000000, 246.000000, -473.000000, 246.000000, -420.000000, 189.000000, -420.000000,   small-vehicle,   2028
2948.000000, 224.000000, 3009.000000, 224.000000, 3009.000000, 252.000000, 2948.000000, 252.000000,   small-vehicle,   2030
243.000000, -428.000000, 291.000000, -428.000000, 291.000000, -385.000000, 243.000000, -385.000000,   small-vehicle,   2031
1875.000000, -449.000000, 1903.000000, -449.000000, 1903.000000, -390.000000, 1875.000000, -390.000000,   small-vehicle,   2033
2162.000000, -427.000000, 2186.000000, -427.000000, 2186.000000, -376.000000, 2162.000000, -376.000000,   small-vehicle,   2035
1334.000000, 322.000000, 1492.000000, 322.000000, 1492.000000, 357.000000, 1334.000000, 357.000000,   large-vehicle,   2036
40.000000, -507.000000, 99.000000, -507.000000, 99.000000, -456.000000, 40.000000, -456.000000,   small-vehicle,   2038
2159.000000, -487.000000, 2183.000000, -487.000000, 2183.000000, -435.000000, 2159.000000, -435.000000,   small-vehicle,   2039
2158.000000, 804.000000, 2190.000000, 804.000000, 2190.000000, 871.000000, 2158.000000, 871.000000,   small-vehicle,   2040
1920.000000, -382.000000, 1949.000000, -382.000000, 1949.000000, -314.000000, 1920.000000, -314.000000,   small-vehicle,   2041
1975.000000, -198.000000, 2003.000000, -198.000000, 2003.000000, -142.000000, 1975.000000, -142.000000,   small-vehicle,   2042
80.000000, -431.000000, 130.000000, -431.000000, 130.000000, -369.000000, 80.000000, -369.000000,   small-vehicle,   2043
348.000000, 946.000000, 386.000000, 946.000000, 386.000000, 1008.000000, 348.000000, 1008.000000,   large-vehicle,   2047
1871.000000, -522.000000, 1904.000000, -522.000000, 1904.000000, -455.000000, 1871.000000, -455.000000,   small-vehicle,   2050
3082.000000, -360.000000, 3113.000000, -360.000000, 3113.000000, -305.000000, 3082.000000, -305.000000,   small-vehicle,   2054
1851.000000, -325.000000, 1871.000000, -325.000000, 1871.000000, -281.000000, 1851.000000, -281.000000,   small-vehicle,   2055
3000.000000, -506.000000, 3025.000000, -506.000000, 3025.000000, -453.000000, 3000.000000, -453.000000,   small-vehicle,   2057
-15.000000, -546.000000, 43.000000, -546.000000, 43.000000, -499.000000, -15.000000, -499.000000,   small-vehicle,   2060
2470.000000, 255.000000, 2531.000000, 255.000000, 2531.000000, 277.000000, 2470.000000, 277.000000,   small-vehicle,   2064
2164.000000, -548.000000, 2189.000000, -548.000000, 2189.000000, -502.000000, 2164.000000, -502.000000,   small-vehicle,   2065
48.000000, -585.000000, 111.000000, -585.000000, 111.000000, -528.000000, 48.000000, -528.000000,   small-vehicle,   2066
2977.000000, 186.000000, 3047.000000, 186.000000, 3047.000000, 217.000000, 2977.000000, 217.000000,   small-vehicle,   2067
2619.000000, -359.000000, 2661.000000, -359.000000, 2661.000000, -334.000000, 2619.000000, -334.000000,   small-vehicle,   2068
1886.000000, 104.000000, 1907.000000, 104.000000, 1907.000000, 135.000000, 1886.000000, 135.000000,   small-vehicle,   2069
1927.000000, 436.000000, 1965.000000, 436.000000, 1965.000000, 512.000000, 1927.000000, 512.000000,   small-vehicle,   2070
1395.000000, -535.000000, 1447.000000, -535.000000, 1447.000000, -508.000000, 1395.000000, -508.000000,   small-vehicle,   2072
2040.000000, 754.000000, 2056.000000, 754.000000, 2056.000000, 786.000000, 2040.000000, 786.000000,   small-vehicle,   2073
2073.000000, 512.000000, 2106.000000, 512.000000, 2106.000000, 573.000000, 2073.000000, 573.000000,   small-vehicle,   2074
