2078.000000, 3212.000000, 2104.000000, 3211.000000, 2106.000000, 3272.000000, 2079.000000, 3274.000000,     small-vehicle,     4
2090.000000, 3398.000000, 2120.000000, 3397.000000, 2121.000000, 3464.000000, 2092.000000, 3465.000000,     small-vehicle,     21
2326.000000, 3710.000000, 2356.000000, 3709.000000, 2359.000000, 3792.000000, 2329.000000, 3794.000000,     small-vehicle,     29
1383.000000, 3446.000000, 1447.000000, 3442.000000, 1448.000000, 3480.000000, 1383.000000, 3485.000000,     small-vehicle,     41
2356.000000, 3353.000000, 2382.000000, 3350.000000, 2385.000000, 3431.000000, 2357.000000, 3434.000000,     small-vehicle,     46
2285.000000, 2301.000000, 2342.000000, 2299.000000, 2343.000000, 2330.000000, 2285.000000, 2332.000000,     small-vehicle,     66
2307.000000, 3909.000000, 2338.000000, 3906.000000, 2340.000000, 3984.000000, 2308.000000, 3986.000000,     small-vehicle,     114
2070.000000, 3136.000000, 2098.000000, 3135.000000, 2100.000000, 3195.000000, 2071.000000, 3197.000000,     small-vehicle,     120
2224.000000, 2485.000000, 2252.000000, 2484.000000, 2254.000000, 2550.000000, 2225.000000, 2550.000000,     small-vehicle,     148
2182.000000, 2092.000000, 2216.000000, 2091.000000, 2219.000000, 2192.000000, 2184.000000, 2193.000000,     large-vehicle,     230
2890.000000, 3235.000000, 2951.000000, 3231.000000, 2953.000000, 3278.000000, 2892.000000, 3282.000000,     small-vehicle,     386
2037.000000, 3030.000000, 2066.000000, 3028.000000, 2067.000000, 3099.000000, 2038.000000, 3101.000000,     small-vehicle,     432
2068.000000, 3022.000000, 2098.000000, 3021.000000, 2098.000000, 3086.000000, 2069.000000, 3089.000000,     small-vehicle,     433
2312.000000, 2801.000000, 2340.000000, 2799.000000, 2341.000000, 2864.000000, 2314.000000, 2865.000000,     small-vehicle,     564
2348.000000, 2815.000000, 2378.000000, 2813.000000, 2380.000000, 2878.000000, 2350.000000, 2879.000000,     small-vehicle,     568
1689.000000, 3342.000000, 1749.000000, 3338.000000, 1749.000000, 3368.000000, 1689.000000, 3372.000000,     small-vehicle,     575
3603.000000, 3165.000000, 3658.000000, 3163.000000, 3660.000000, 3189.000000, 3605.000000, 3193.000000,     small-vehicle,     577
2342.000000, 2729.000000, 2370.000000, 2728.000000, 2371.000000, 2801.000000, 2344.000000, 2802.000000,     small-vehicle,     590
2042.000000, 2765.000000, 2077.000000, 2763.000000, 2079.000000, 2838.000000, 2044.000000, 2840.000000,     small-vehicle,     593
2325.000000, 2648.000000, 2353.000000, 2646.000000, 2355.000000, 2713.000000, 2327.000000, 2714.000000,     small-vehicle,     632
3018.000000, 3230.000000, 3080.000000, 3226.000000, 3082.000000, 3265.000000, 3020.000000, 3269.000000,     small-vehicle,     636
2010.000000, 2591.000000, 2038.000000, 2589.000000, 2040.000000, 2657.000000, 2010.000000, 2658.000000,     small-vehicle,     660
2291.000000, 3575.000000, 2320.000000, 3572.000000, 2322.000000, 3644.000000, 2292.000000, 3646.000000,     small-vehicle,     664
2326.000000, 2560.000000, 2356.000000, 2559.000000, 2357.000000, 2627.000000, 2328.000000, 2629.000000,     small-vehicle,     666
2004.000000, 2520.000000, 2032.000000, 2519.000000, 2032.000000, 2577.000000, 2005.000000, 2578.000000,     small-vehicle,     704
2321.000000, 2469.000000, 2350.000000, 2468.000000, 2353.000000, 2541.000000, 2324.000000, 2542.000000,     small-vehicle,     718
2564.000000, 3291.000000, 2617.000000, 3288.000000, 2619.000000, 3318.000000, 2565.000000, 3322.000000,     small-vehicle,     756
2279.000000, 2369.000000, 2312.000000, 2368.000000, 2314.000000, 2448.000000, 2281.000000, 2450.000000,     small-vehicle,     761
1999.000000, 2438.000000, 2027.000000, 2437.000000, 2029.000000, 2504.000000, 2000.000000, 2505.000000,     small-vehicle,     762
3289.000000, 3200.000000, 3349.000000, 3196.000000, 3351.000000, 3230.000000, 3291.000000, 3234.000000,     small-vehicle,     789
3742.000000, 3142.000000, 3796.000000, 3138.000000, 3798.000000, 3174.000000, 3744.000000, 3178.000000,     small-vehicle,     792
1985.000000, 2294.000000, 2016.000000, 2293.000000, 2017.000000, 2363.000000, 1986.000000, 2364.000000,     small-vehicle,     813
3421.000000, 2305.000000, 3444.000000, 2305.000000, 3447.000000, 2366.000000, 3424.000000, 2366.000000,     small-vehicle,     815
2111.000000, 2604.000000, 2141.000000, 2602.000000, 2143.000000, 2668.000000, 2112.000000, 2669.000000,     small-vehicle,     816
2505.000000, 2309.000000, 2556.000000, 2308.000000, 2557.000000, 2337.000000, 2506.000000, 2339.000000,     small-vehicle,     818
2701.000000, 3261.000000, 2749.000000, 3257.000000, 2752.000000, 3314.000000, 2703.000000, 3317.000000,     small-vehicle,     824
1995.000000, 2245.000000, 2019.000000, 2245.000000, 2020.000000, 2289.000000, 1996.000000, 2290.000000,     small-vehicle,     840
2487.000000, 2228.000000, 2543.000000, 2227.000000, 2544.000000, 2252.000000, 2487.000000, 2254.000000,     small-vehicle,     841
2549.000000, 2216.000000, 2607.000000, 2214.000000, 2608.000000, 2247.000000, 2550.000000, 2250.000000,     small-vehicle,     845
1793.000000, 2743.000000, 1855.000000, 2741.000000, 1855.000000, 2769.000000, 1793.000000, 2772.000000,     small-vehicle,     847
2107.000000, 2439.000000, 2135.000000, 2438.000000, 2136.000000, 2495.000000, 2108.000000, 2496.000000,     small-vehicle,     867
2812.000000, 2193.000000, 2871.000000, 2192.000000, 2873.000000, 2218.000000, 2813.000000, 2220.000000,     small-vehicle,     870
2939.000000, 2171.000000, 2995.000000, 2170.000000, 2996.000000, 2197.000000, 2940.000000, 2200.000000,     small-vehicle,     875
3413.000000, 2216.000000, 3438.000000, 2216.000000, 3442.000000, 2275.000000, 3415.000000, 2277.000000,     small-vehicle,     878
2682.000000, 2205.000000, 2740.000000, 2203.000000, 2740.000000, 2234.000000, 2683.000000, 2235.000000,     small-vehicle,     880
1972.000000, 2196.000000, 1991.000000, 2195.000000, 1992.000000, 2240.000000, 1973.000000, 2240.000000,     small-vehicle,     885
3481.000000, 2105.000000, 3526.000000, 2104.000000, 3528.000000, 2134.000000, 3482.000000, 2135.000000,     small-vehicle,     886
3124.000000, 2149.000000, 3178.000000, 2148.000000, 3179.000000, 2175.000000, 3125.000000, 2177.000000,     small-vehicle,     889
1974.000000, 2124.000000, 1998.000000, 2124.000000, 1999.000000, 2181.000000, 1975.000000, 2182.000000,     small-vehicle,     892
3245.000000, 2136.000000, 3302.000000, 2135.000000, 3303.000000, 2166.000000, 3246.000000, 2168.000000,     small-vehicle,     893
3422.000000, 2111.000000, 3475.000000, 2110.000000, 3476.000000, 2136.000000, 3423.000000, 2138.000000,     small-vehicle,     894
3034.000000, 2158.000000, 3093.000000, 2156.000000, 3095.000000, 2185.000000, 3035.000000, 2187.000000,     small-vehicle,     895
3582.000000, 2090.000000, 3636.000000, 2089.000000, 3638.000000, 2116.000000, 3583.000000, 2117.000000,     small-vehicle,     897
2881.000000, 2181.000000, 2933.000000, 2179.000000, 2934.000000, 2205.000000, 2882.000000, 2206.000000,     small-vehicle,     904
663.000000, 3173.000000, 729.000000, 3169.000000, 728.000000, 3210.000000, 663.000000, 3214.000000,     small-vehicle,     909
3236.000000, 2221.000000, 3280.000000, 2219.000000, 3281.000000, 2244.000000, 3238.000000, 2245.000000,     small-vehicle,     916
2284.000000, 2029.000000, 2316.000000, 2027.000000, 2318.000000, 2097.000000, 2285.000000, 2099.000000,     small-vehicle,     917
2264.000000, 2072.000000, 2296.000000, 2072.000000, 2298.000000, 2141.000000, 2266.000000, 2142.000000,     small-vehicle,     921
2065.000000, 2377.000000, 2093.000000, 2376.000000, 2094.000000, 2438.000000, 2066.000000, 2439.000000,     small-vehicle,     930
2278.000000, 1945.000000, 2308.000000, 1945.000000, 2310.000000, 2015.000000, 2280.000000, 2015.000000,     small-vehicle,     944
1965.000000, 1977.000000, 1993.000000, 1975.000000, 1994.000000, 2042.000000, 1966.000000, 2042.000000,     small-vehicle,     949
3584.000000, 3071.000000, 3626.000000, 3068.000000, 3628.000000, 3109.000000, 3587.000000, 3112.000000,     small-vehicle,     953
3169.000000, 2228.000000, 3222.000000, 2225.000000, 3224.000000, 2256.000000, 3171.000000, 2257.000000,     small-vehicle,     962
1085.000000, 1966.000000, 1140.000000, 1964.000000, 1140.000000, 1999.000000, 1085.000000, 2001.000000,     small-vehicle,     964
874.000000, 1983.000000, 938.000000, 1982.000000, 938.000000, 2013.000000, 874.000000, 2014.000000,     small-vehicle,     966
3581.000000, 2172.000000, 3624.000000, 2170.000000, 3626.000000, 2194.000000, 3581.000000, 2196.000000,     small-vehicle,     969
1263.000000, 1960.000000, 1291.000000, 1959.000000, 1290.000000, 2012.000000, 1263.000000, 2013.000000,     small-vehicle,     971
1660.000000, 2746.000000, 1721.000000, 2744.000000, 1721.000000, 2773.000000, 1660.000000, 2776.000000,     small-vehicle,     973
1258.000000, 2195.000000, 1299.000000, 2194.000000, 1299.000000, 2221.000000, 1258.000000, 2221.000000,     small-vehicle,     975
2014.000000, 2851.000000, 2037.000000, 2849.000000, 2038.000000, 2898.000000, 2015.000000, 2899.000000,     small-vehicle,     976
2081.000000, 2121.000000, 2110.000000, 2121.000000, 2112.000000, 2186.000000, 2081.000000, 2187.000000,     small-vehicle,     980
1958.000000, 1907.000000, 1986.000000, 1907.000000, 1987.000000, 1966.000000, 1959.000000, 1966.000000,     small-vehicle,     981
2244.000000, 1911.000000, 2272.000000, 1910.000000, 2274.000000, 1972.000000, 2245.000000, 1972.000000,     small-vehicle,     986
1012.000000, 1973.000000, 1070.000000, 1973.000000, 1069.000000, 2003.000000, 1012.000000, 2004.000000,     small-vehicle,     987
1163.000000, 1962.000000, 1224.000000, 1962.000000, 1224.000000, 1990.000000, 1163.000000, 1992.000000,     small-vehicle,     989
776.000000, 1899.000000, 841.000000, 1897.000000, 840.000000, 1930.000000, 774.000000, 1932.000000,     small-vehicle,     990
2657.000000, 2288.000000, 2708.000000, 2286.000000, 2708.000000, 2314.000000, 2658.000000, 2315.000000,     small-vehicle,     994
96.000000, 1983.000000, 158.000000, 1982.000000, 157.000000, 2008.000000, 95.000000, 2010.000000,     small-vehicle,     995
1983.000000, 1824.000000, 2009.000000, 1824.000000, 2011.000000, 1885.000000, 1984.000000, 1885.000000,     small-vehicle,     996
373.000000, 1945.000000, 434.000000, 1945.000000, 433.000000, 1977.000000, 372.000000, 1977.000000,     small-vehicle,     997
1957.000000, 1843.000000, 1981.000000, 1843.000000, 1981.000000, 1899.000000, 1958.000000, 1900.000000,     small-vehicle,     998
2275.000000, 1867.000000, 2303.000000, 1867.000000, 2305.000000, 1933.000000, 2276.000000, 1935.000000,     small-vehicle,     1001
444.000000, 1942.000000, 503.000000, 1940.000000, 503.000000, 1967.000000, 443.000000, 1969.000000,     small-vehicle,     1008
1149.000000, 1870.000000, 1221.000000, 1869.000000, 1221.000000, 1901.000000, 1149.000000, 1902.000000,     small-vehicle,     1009
2043.000000, 2178.000000, 2075.000000, 2177.000000, 2077.000000, 2258.000000, 2044.000000, 2259.000000,     small-vehicle,     1010
983.000000, 1881.000000, 1056.000000, 1880.000000, 1055.000000, 1915.000000, 982.000000, 1916.000000,     small-vehicle,     1012
681.000000, 1897.000000, 731.000000, 1896.000000, 730.000000, 1929.000000, 680.000000, 1930.000000,     small-vehicle,     1013
1068.000000, 1875.000000, 1122.000000, 1875.000000, 1122.000000, 1904.000000, 1068.000000, 1905.000000,     small-vehicle,     1014
2273.000000, 1803.000000, 2295.000000, 1803.000000, 2296.000000, 1850.000000, 2275.000000, 1851.000000,     small-vehicle,     1017
2035.000000, 1893.000000, 2067.000000, 1891.000000, 2067.000000, 1956.000000, 2036.000000, 1957.000000,     small-vehicle,     1032
2642.000000, 1787.000000, 2668.000000, 1787.000000, 2670.000000, 1848.000000, 2645.000000, 1849.000000,     small-vehicle,     1033
2616.000000, 2307.000000, 2655.000000, 2305.000000, 2657.000000, 2370.000000, 2618.000000, 2372.000000,     small-vehicle,     1038
1953.000000, 1756.000000, 1979.000000, 1755.000000, 1980.000000, 1818.000000, 1954.000000, 1818.000000,     small-vehicle,     1039
818.000000, 2778.000000, 894.000000, 2776.000000, 893.000000, 2810.000000, 818.000000, 2813.000000,     small-vehicle,     1042
2032.000000, 2959.000000, 2059.000000, 2956.000000, 2060.000000, 3020.000000, 2034.000000, 3021.000000,     small-vehicle,     1052
2231.000000, 1707.000000, 2257.000000, 1707.000000, 2258.000000, 1763.000000, 2233.000000, 1764.000000,     small-vehicle,     1056
3432.000000, 2400.000000, 3457.000000, 2398.000000, 3459.000000, 2451.000000, 3435.000000, 2452.000000,     small-vehicle,     1069
3198.000000, 3224.000000, 3259.000000, 3220.000000, 3260.000000, 3256.000000, 3198.000000, 3260.000000,     small-vehicle,     1070
3112.000000, 2228.000000, 3160.000000, 2227.000000, 3162.000000, 2268.000000, 3113.000000, 2270.000000,     small-vehicle,     1071
535.000000, 1722.000000, 567.000000, 1721.000000, 566.000000, 1780.000000, 533.000000, 1781.000000,     small-vehicle,     1076
2232.000000, 2295.000000, 2266.000000, 2295.000000, 2267.000000, 2383.000000, 2234.000000, 2384.000000,     large-vehicle,     1078
1947.000000, 1667.000000, 1970.000000, 1666.000000, 1971.000000, 1727.000000, 1947.000000, 1727.000000,     small-vehicle,     1079
2256.000000, 1628.000000, 2281.000000, 1628.000000, 2281.000000, 1684.000000, 2257.000000, 1684.000000,     small-vehicle,     1086
2753.000000, 1772.000000, 2782.000000, 1771.000000, 2784.000000, 1838.000000, 2756.000000, 1839.000000,     small-vehicle,     1088
1262.000000, 1665.000000, 1291.000000, 1664.000000, 1291.000000, 1729.000000, 1262.000000, 1729.000000,     small-vehicle,     1092
1791.000000, 1990.000000, 1846.000000, 1988.000000, 1847.000000, 2014.000000, 1792.000000, 2015.000000,     small-vehicle,     1099
1263.000000, 1602.000000, 1285.000000, 1602.000000, 1285.000000, 1646.000000, 1263.000000, 1646.000000,     small-vehicle,     1104
2395.000000, 3393.000000, 2420.000000, 3392.000000, 2421.000000, 3447.000000, 2396.000000, 3449.000000,     small-vehicle,     1105
2251.000000, 1565.000000, 2275.000000, 1564.000000, 2276.000000, 1616.000000, 2253.000000, 1616.000000,     small-vehicle,     1113
1939.000000, 1579.000000, 1966.000000, 1579.000000, 1967.000000, 1640.000000, 1941.000000, 1640.000000,     small-vehicle,     1115
1221.000000, 1570.000000, 1269.000000, 1569.000000, 1269.000000, 1599.000000, 1221.000000, 1600.000000,     small-vehicle,     1116
2628.000000, 3286.000000, 2682.000000, 3282.000000, 2683.000000, 3310.000000, 2629.000000, 3313.000000,     small-vehicle,     1118
2161.000000, 3356.000000, 2192.000000, 3354.000000, 2194.000000, 3434.000000, 2163.000000, 3436.000000,     small-vehicle,     1120
854.000000, 1576.000000, 908.000000, 1576.000000, 908.000000, 1607.000000, 853.000000, 1608.000000,     small-vehicle,     1121
3449.000000, 2557.000000, 3472.000000, 2556.000000, 3476.000000, 2620.000000, 3452.000000, 2621.000000,     small-vehicle,     1122
1134.000000, 1570.000000, 1187.000000, 1570.000000, 1187.000000, 1600.000000, 1134.000000, 1601.000000,     small-vehicle,     1135
783.000000, 1499.000000, 838.000000, 1500.000000, 838.000000, 1527.000000, 782.000000, 1527.000000,     small-vehicle,     1139
1930.000000, 1492.000000, 1960.000000, 1492.000000, 1961.000000, 1551.000000, 1931.000000, 1552.000000,     small-vehicle,     1140
1964.000000, 1463.000000, 2005.000000, 1462.000000, 2006.000000, 1590.000000, 1967.000000, 1591.000000,     large-vehicle,     1141
2217.000000, 1508.000000, 2244.000000, 1508.000000, 2245.000000, 1564.000000, 2219.000000, 1564.000000,     small-vehicle,     1142
3097.000000, 3237.000000, 3160.000000, 3232.000000, 3162.000000, 3271.000000, 3099.000000, 3275.000000,     large-vehicle,     1143
966.000000, 1567.000000, 1017.000000, 1567.000000, 1017.000000, 1596.000000, 966.000000, 1597.000000,     small-vehicle,     1144
2824.000000, 2265.000000, 2879.000000, 2263.000000, 2880.000000, 2295.000000, 2826.000000, 2296.000000,     small-vehicle,     1151
1182.000000, 1491.000000, 1250.000000, 1490.000000, 1250.000000, 1520.000000, 1181.000000, 1521.000000,     small-vehicle,     1155
625.000000, 1512.000000, 675.000000, 1512.000000, 674.000000, 1536.000000, 624.000000, 1536.000000,     small-vehicle,     1156
685.000000, 1506.000000, 740.000000, 1506.000000, 740.000000, 1532.000000, 685.000000, 1533.000000,     small-vehicle,     1157
1012.000000, 1492.000000, 1067.000000, 1492.000000, 1067.000000, 1520.000000, 1012.000000, 1520.000000,     small-vehicle,     1159
3031.000000, 2247.000000, 3085.000000, 2245.000000, 3086.000000, 2274.000000, 3031.000000, 2276.000000,     small-vehicle,     1164
1930.000000, 1418.000000, 1957.000000, 1417.000000, 1958.000000, 1478.000000, 1931.000000, 1478.000000,     small-vehicle,     1168
245.000000, 2818.000000, 314.000000, 2815.000000, 313.000000, 2846.000000, 245.000000, 2850.000000,     small-vehicle,     1171
2211.000000, 1413.000000, 2239.000000, 1413.000000, 2241.000000, 1475.000000, 2213.000000, 1475.000000,     small-vehicle,     1175
1471.000000, 2771.000000, 1524.000000, 2769.000000, 1524.000000, 2795.000000, 1471.000000, 2798.000000,     small-vehicle,     1176
322.000000, 2814.000000, 383.000000, 2811.000000, 382.000000, 2845.000000, 322.000000, 2848.000000,     small-vehicle,     1177
1270.000000, 1435.000000, 1294.000000, 1435.000000, 1293.000000, 1483.000000, 1270.000000, 1483.000000,     small-vehicle,     1179
3424.000000, 2201.000000, 3475.000000, 2200.000000, 3476.000000, 2227.000000, 3425.000000, 2230.000000,     small-vehicle,     1182
1923.000000, 1325.000000, 1948.000000, 1325.000000, 1949.000000, 1390.000000, 1924.000000, 1390.000000,     small-vehicle,     1183
2332.000000, 2931.000000, 2361.000000, 2929.000000, 2362.000000, 3010.000000, 2335.000000, 3011.000000,     small-vehicle,     1190
2063.000000, 2711.000000, 2102.000000, 2709.000000, 2104.000000, 2779.000000, 2064.000000, 2781.000000,     small-vehicle,     1191
2959.000000, 2253.000000, 3016.000000, 2252.000000, 3018.000000, 2283.000000, 2959.000000, 2285.000000,     small-vehicle,     1192
2762.000000, 2274.000000, 2808.000000, 2272.000000, 2809.000000, 2300.000000, 2763.000000, 2301.000000,     small-vehicle,     1195
523.000000, 1317.000000, 555.000000, 1317.000000, 553.000000, 1387.000000, 522.000000, 1387.000000,     small-vehicle,     1202
1948.000000, 1305.000000, 1979.000000, 1306.000000, 1980.000000, 1371.000000, 1949.000000, 1370.000000,     small-vehicle,     1205
1921.000000, 1239.000000, 1949.000000, 1240.000000, 1951.000000, 1304.000000, 1922.000000, 1304.000000,     small-vehicle,     1211
2614.000000, 1261.000000, 2661.000000, 1261.000000, 2662.000000, 1287.000000, 2615.000000, 1287.000000,     small-vehicle,     1212
2419.000000, 1278.000000, 2479.000000, 1279.000000, 2480.000000, 1310.000000, 2420.000000, 1309.000000,     small-vehicle,     1214
2362.000000, 1287.000000, 2412.000000, 1287.000000, 2413.000000, 1313.000000, 2363.000000, 1313.000000,     small-vehicle,     1216
2552.000000, 1266.000000, 2600.000000, 1266.000000, 2601.000000, 1294.000000, 2553.000000, 1294.000000,     small-vehicle,     1217
3458.000000, 2632.000000, 3485.000000, 2631.000000, 3489.000000, 2694.000000, 3461.000000, 2695.000000,     small-vehicle,     1218
1187.000000, 2781.000000, 1256.000000, 2778.000000, 1256.000000, 2801.000000, 1187.000000, 2805.000000,     large-vehicle,     1224
2200.000000, 1241.000000, 2225.000000, 1242.000000, 2227.000000, 1299.000000, 2201.000000, 1299.000000,     small-vehicle,     1232
1921.000000, 1165.000000, 1952.000000, 1165.000000, 1953.000000, 1226.000000, 1921.000000, 1225.000000,     small-vehicle,     1236
959.000000, 2787.000000, 1012.000000, 2784.000000, 1012.000000, 2817.000000, 959.000000, 2819.000000,     small-vehicle,     1238
2012.000000, 1413.000000, 2040.000000, 1413.000000, 2041.000000, 1473.000000, 2013.000000, 1474.000000,     small-vehicle,     1241
1768.000000, 2017.000000, 1837.000000, 2015.000000, 1838.000000, 2058.000000, 1768.000000, 2059.000000,     large-vehicle,     1242
2747.000000, 2195.000000, 2791.000000, 2194.000000, 2792.000000, 2221.000000, 2747.000000, 2222.000000,     small-vehicle,     1243
1902.000000, 1177.000000, 1929.000000, 1177.000000, 1929.000000, 1235.000000, 1903.000000, 1235.000000,     small-vehicle,     1245
3296.000000, 1189.000000, 3353.000000, 1189.000000, 3355.000000, 1220.000000, 3297.000000, 1221.000000,     small-vehicle,     1248
3365.000000, 1183.000000, 3425.000000, 1182.000000, 3427.000000, 1213.000000, 3367.000000, 1212.000000,     small-vehicle,     1249
1257.000000, 1145.000000, 1286.000000, 1145.000000, 1286.000000, 1210.000000, 1257.000000, 1210.000000,     small-vehicle,     1250
3492.000000, 1166.000000, 3554.000000, 1167.000000, 3556.000000, 1201.000000, 3494.000000, 1200.000000,     small-vehicle,     1251
1059.000000, 2808.000000, 1135.000000, 2805.000000, 1135.000000, 2826.000000, 1058.000000, 2830.000000,     large-vehicle,     1252
3558.000000, 3146.000000, 3621.000000, 3142.000000, 3623.000000, 3177.000000, 3561.000000, 3181.000000,     large-vehicle,     1253
1905.000000, 1089.000000, 1936.000000, 1089.000000, 1937.000000, 1155.000000, 1907.000000, 1155.000000,     small-vehicle,     1254
2191.000000, 1062.000000, 2228.000000, 1062.000000, 2229.000000, 1127.000000, 2193.000000, 1128.000000,     small-vehicle,     1257
2212.000000, 1141.000000, 2249.000000, 1140.000000, 2251.000000, 1209.000000, 2214.000000, 1210.000000,     small-vehicle,     1258
3566.000000, 1162.000000, 3624.000000, 1162.000000, 3626.000000, 1197.000000, 3568.000000, 1197.000000,     small-vehicle,     1260
3671.000000, 3174.000000, 3732.000000, 3170.000000, 3734.000000, 3200.000000, 3673.000000, 3204.000000,     small-vehicle,     1261
3096.000000, 3222.000000, 3160.000000, 3218.000000, 3162.000000, 3255.000000, 3098.000000, 3259.000000,     small-vehicle,     1263
765.000000, 1583.000000, 828.000000, 1584.000000, 827.000000, 1616.000000, 764.000000, 1616.000000,     small-vehicle,     1264
