2176.000000, 1218.000000, 2239.000000, 1218.000000, 2239.000000, 1281.000000, 2176.000000, 1281.000000,   small-vehicle,   1290
1960.000000, 1476.000000, 1985.000000, 1476.000000, 1985.000000, 1525.000000, 1960.000000, 1525.000000,   small-vehicle,   1522
2277.000000, 1459.000000, 2310.000000, 1459.000000, 2310.000000, 1529.000000, 2277.000000, 1529.000000,   small-vehicle,   1529
2275.000000, 1392.000000, 2304.000000, 1392.000000, 2304.000000, 1446.000000, 2275.000000, 1446.000000,   small-vehicle,   1536
1957.000000, 1401.000000, 1985.000000, 1401.000000, 1985.000000, 1463.000000, 1957.000000, 1463.000000,   small-vehicle,   1537
1291.000000, 1366.000000, 1316.000000, 1366.000000, 1316.000000, 1421.000000, 1291.000000, 1421.000000,   small-vehicle,   1548
1960.000000, 1333.000000, 1986.000000, 1333.000000, 1986.000000, 1394.000000, 1960.000000, 1394.000000,   small-vehicle,   1549
2273.000000, 1314.000000, 2305.000000, 1314.000000, 2305.000000, 1377.000000, 2273.000000, 1377.000000,   small-vehicle,   1552
1284.000000, 1289.000000, 1311.000000, 1289.000000, 1311.000000, 1349.000000, 1284.000000, 1349.000000,   small-vehicle,   1554
1946.000000, 1268.000000, 1973.000000, 1268.000000, 1973.000000, 1319.000000, 1946.000000, 1319.000000,   small-vehicle,   1562
1972.000000, 1221.000000, 2000.000000, 1221.000000, 2000.000000, 1273.000000, 1972.000000, 1273.000000,   small-vehicle,   1566
2236.000000, 1220.000000, 2273.000000, 1220.000000, 2273.000000, 1287.000000, 2236.000000, 1287.000000,   small-vehicle,   1571
727.000000, 1185.000000, 785.000000, 1185.000000, 785.000000, 1204.000000, 727.000000, 1204.000000,   small-vehicle,   1573
439.000000, 1172.000000, 497.000000, 1172.000000, 497.000000, 1205.000000, 439.000000, 1205.000000,   small-vehicle,   1575
509.000000, 1182.000000, 563.000000, 1182.000000, 563.000000, 1209.000000, 509.000000, 1209.000000,   small-vehicle,   1578
798.000000, 1182.000000, 842.000000, 1182.000000, 842.000000, 1199.000000, 798.000000, 1199.000000,   small-vehicle,   1585
386.000000, 1112.000000, 414.000000, 1112.000000, 414.000000, 1172.000000, 386.000000, 1172.000000,   small-vehicle,   1594
1960.000000, 1065.000000, 1990.000000, 1065.000000, 1990.000000, 1117.000000, 1960.000000, 1117.000000,   small-vehicle,   1602
2926.000000, 1061.000000, 2995.000000, 1061.000000, 2995.000000, 1094.000000, 2926.000000, 1094.000000,   small-vehicle,   1614
321.000000, 1035.000000, 368.000000, 1035.000000, 368.000000, 1093.000000, 321.000000, 1093.000000,   small-vehicle,   1615
2232.000000, 1040.000000, 2256.000000, 1040.000000, 2256.000000, 1094.000000, 2232.000000, 1094.000000,   small-vehicle,   1623
3417.000000, 1042.000000, 3473.000000, 1042.000000, 3473.000000, 1067.000000, 3417.000000, 1067.000000,   small-vehicle,   1631
85.000000, 1090.000000, 140.000000, 1090.000000, 140.000000, 1130.000000, 85.000000, 1130.000000,   small-vehicle,   1632
2224.000000, 969.000000, 2257.000000, 969.000000, 2257.000000, 1036.000000, 2224.000000, 1036.000000,   small-vehicle,   1633
1928.000000, 900.000000, 1956.000000, 900.000000, 1956.000000, 956.000000, 1928.000000, 956.000000,   small-vehicle,   1637
3226.000000, 932.000000, 3262.000000, 932.000000, 3262.000000, 992.000000, 3226.000000, 992.000000,   small-vehicle,   1638
430.000000, 914.000000, 467.000000, 914.000000, 467.000000, 983.000000, 430.000000, 983.000000,   small-vehicle,   1643
359.000000, 895.000000, 385.000000, 895.000000, 385.000000, 946.000000, 359.000000, 946.000000,   small-vehicle,   1650
2974.000000, 1439.000000, 3008.000000, 1439.000000, 3008.000000, 1499.000000, 2974.000000, 1499.000000,   small-vehicle,   1651
2247.000000, 846.000000, 2277.000000, 846.000000, 2277.000000, 906.000000, 2247.000000, 906.000000,   small-vehicle,   1656
1924.000000, 830.000000, 1954.000000, 830.000000, 1954.000000, 888.000000, 1924.000000, 888.000000,   small-vehicle,   1658
1040.000000, 1223.000000, 1090.000000, 1223.000000, 1090.000000, 1250.000000, 1040.000000, 1250.000000,   small-vehicle,   1659
3222.000000, 853.000000, 3261.000000, 853.000000, 3261.000000, 911.000000, 3222.000000, 911.000000,   small-vehicle,   1665
358.000000, 835.000000, 387.000000, 835.000000, 387.000000, 887.000000, 358.000000, 887.000000,   small-vehicle,   1666
2208.000000, 780.000000, 2235.000000, 780.000000, 2235.000000, 834.000000, 2208.000000, 834.000000,   small-vehicle,   1680
1953.000000, 801.000000, 1977.000000, 801.000000, 1977.000000, 850.000000, 1953.000000, 850.000000,   small-vehicle,   1683
1925.000000, 772.000000, 1951.000000, 772.000000, 1951.000000, 823.000000, 1925.000000, 823.000000,   small-vehicle,   1687
3253.000000, 1116.000000, 3317.000000, 1116.000000, 3317.000000, 1150.000000, 3253.000000, 1150.000000,   small-vehicle,   1688
2963.000000, 1232.000000, 2989.000000, 1232.000000, 2989.000000, 1279.000000, 2963.000000, 1279.000000,   small-vehicle,   1689
2467.000000, 1160.000000, 2519.000000, 1160.000000, 2519.000000, 1181.000000, 2467.000000, 1181.000000,   small-vehicle,   1693
2241.000000, 763.000000, 2271.000000, 763.000000, 2271.000000, 815.000000, 2241.000000, 815.000000,   small-vehicle,   1697
1951.000000, 724.000000, 1982.000000, 724.000000, 1982.000000, 788.000000, 1951.000000, 788.000000,   small-vehicle,   1699
2242.000000, 688.000000, 2269.000000, 688.000000, 2269.000000, 741.000000, 2242.000000, 741.000000,   small-vehicle,   1705
2154.000000, 483.000000, 2182.000000, 483.000000, 2182.000000, 548.000000, 2154.000000, 548.000000,   small-vehicle,   1706
1934.000000, 627.000000, 1964.000000, 627.000000, 1964.000000, 681.000000, 1934.000000, 681.000000,   small-vehicle,   1708
1915.000000, 689.000000, 1946.000000, 689.000000, 1946.000000, 748.000000, 1915.000000, 748.000000,   small-vehicle,   1709
232.000000, 1223.000000, 277.000000, 1223.000000, 277.000000, 1285.000000, 232.000000, 1285.000000,   small-vehicle,   1710
3221.000000, 628.000000, 3253.000000, 628.000000, 3253.000000, 684.000000, 3221.000000, 684.000000,   small-vehicle,   1715
2285.000000, 1258.000000, 2305.000000, 1258.000000, 2305.000000, 1304.000000, 2285.000000, 1304.000000,   small-vehicle,   1719
2725.000000, 608.000000, 2751.000000, 608.000000, 2751.000000, 665.000000, 2725.000000, 665.000000,   small-vehicle,   1727
2642.000000, 600.000000, 2673.000000, 600.000000, 2673.000000, 662.000000, 2642.000000, 662.000000,   small-vehicle,   1728
2230.000000, 561.000000, 2257.000000, 561.000000, 2257.000000, 624.000000, 2230.000000, 624.000000,   small-vehicle,   1729
2536.000000, 1151.000000, 2593.000000, 1151.000000, 2593.000000, 1184.000000, 2536.000000, 1184.000000,   small-vehicle,   1730
2763.000000, 596.000000, 2794.000000, 596.000000, 2794.000000, 655.000000, 2763.000000, 655.000000,   small-vehicle,   1731
2809.000000, 591.000000, 2837.000000, 591.000000, 2837.000000, 652.000000, 2809.000000, 652.000000,   small-vehicle,   1739
1918.000000, 533.000000, 1948.000000, 533.000000, 1948.000000, 593.000000, 1918.000000, 593.000000,   small-vehicle,   1742
2197.000000, 523.000000, 2226.000000, 523.000000, 2226.000000, 589.000000, 2197.000000, 589.000000,   small-vehicle,   1744
1458.000000, 1206.000000, 1504.000000, 1206.000000, 1504.000000, 1224.000000, 1458.000000, 1224.000000,   small-vehicle,   1747
1900.000000, 423.000000, 1928.000000, 423.000000, 1928.000000, 482.000000, 1900.000000, 482.000000,   small-vehicle,   1760
3169.000000, 1122.000000, 3231.000000, 1122.000000, 3231.000000, 1148.000000, 3169.000000, 1148.000000,   small-vehicle,   1761
1518.000000, 1199.000000, 1577.000000, 1199.000000, 1577.000000, 1223.000000, 1518.000000, 1223.000000,   small-vehicle,   1762
3205.000000, 485.000000, 3230.000000, 485.000000, 3230.000000, 546.000000, 3205.000000, 546.000000,   small-vehicle,   1763
65.000000, 430.000000, 122.000000, 430.000000, 122.000000, 458.000000, 65.000000, 458.000000,   small-vehicle,   1765
3198.000000, 408.000000, 3229.000000, 408.000000, 3229.000000, 476.000000, 3198.000000, 476.000000,   small-vehicle,   1767
2373.000000, 657.000000, 2420.000000, 657.000000, 2420.000000, 681.000000, 2373.000000, 681.000000,   small-vehicle,   1769
1047.000000, 372.000000, 1104.000000, 372.000000, 1104.000000, 397.000000, 1047.000000, 397.000000,   small-vehicle,   1772
47.000000, 353.000000, 109.000000, 353.000000, 109.000000, 383.000000, 47.000000, 383.000000,   small-vehicle,   1773
2613.000000, 1152.000000, 2677.000000, 1152.000000, 2677.000000, 1179.000000, 2613.000000, 1179.000000,   small-vehicle,   1774
1896.000000, 366.000000, 1921.000000, 366.000000, 1921.000000, 410.000000, 1896.000000, 410.000000,   small-vehicle,   1777
2151.000000, 306.000000, 2178.000000, 306.000000, 2178.000000, 360.000000, 2151.000000, 360.000000,   small-vehicle,   1785
2221.000000, 366.000000, 2250.000000, 366.000000, 2250.000000, 420.000000, 2221.000000, 420.000000,   small-vehicle,   1787
562.000000, 321.000000, 613.000000, 321.000000, 613.000000, 345.000000, 562.000000, 345.000000,   small-vehicle,   1790
3549.000000, 1109.000000, 3615.000000, 1109.000000, 3615.000000, 1134.000000, 3549.000000, 1134.000000,   small-vehicle,   1791
499.000000, 326.000000, 549.000000, 326.000000, 549.000000, 351.000000, 499.000000, 351.000000,   small-vehicle,   1793
3194.000000, 325.000000, 3226.000000, 325.000000, 3226.000000, 383.000000, 3194.000000, 383.000000,   small-vehicle,   1794
694.000000, 345.000000, 759.000000, 345.000000, 759.000000, 378.000000, 694.000000, 378.000000,   small-vehicle,   1795
632.000000, 320.000000, 686.000000, 320.000000, 686.000000, 342.000000, 632.000000, 342.000000,   small-vehicle,   1799
701.000000, 312.000000, 758.000000, 312.000000, 758.000000, 337.000000, 701.000000, 337.000000,   small-vehicle,   1804
890.000000, 302.000000, 943.000000, 302.000000, 943.000000, 329.000000, 890.000000, 329.000000,   small-vehicle,   1805
1743.000000, 306.000000, 1799.000000, 306.000000, 1799.000000, 337.000000, 1743.000000, 337.000000,   small-vehicle,   1807
948.000000, 296.000000, 1009.000000, 296.000000, 1009.000000, 322.000000, 948.000000, 322.000000,   small-vehicle,   1808
767.000000, 307.000000, 817.000000, 307.000000, 817.000000, 333.000000, 767.000000, 333.000000,   small-vehicle,   1810
478.000000, 1245.000000, 539.000000, 1245.000000, 539.000000, 1280.000000, 478.000000, 1280.000000,   small-vehicle,   1813
350.000000, 282.000000, 380.000000, 282.000000, 380.000000, 336.000000, 350.000000, 336.000000,   small-vehicle,   1814
2666.000000, 498.000000, 2715.000000, 498.000000, 2715.000000, 523.000000, 2666.000000, 523.000000,   small-vehicle,   1815
1029.000000, 290.000000, 1081.000000, 290.000000, 1081.000000, 316.000000, 1029.000000, 316.000000,   small-vehicle,   1817
829.000000, 306.000000, 878.000000, 306.000000, 878.000000, 329.000000, 829.000000, 329.000000,   small-vehicle,   1818
2186.000000, 300.000000, 2213.000000, 300.000000, 2213.000000, 354.000000, 2186.000000, 354.000000,   small-vehicle,   1819
728.000000, 1230.000000, 792.000000, 1230.000000, 792.000000, 1264.000000, 728.000000, 1264.000000,   small-vehicle,   1821
1675.000000, 237.000000, 1730.000000, 237.000000, 1730.000000, 268.000000, 1675.000000, 268.000000,   small-vehicle,   1822
1163.000000, 281.000000, 1219.000000, 281.000000, 1219.000000, 311.000000, 1163.000000, 311.000000,   small-vehicle,   1825
1571.000000, 250.000000, 1627.000000, 250.000000, 1627.000000, 276.000000, 1571.000000, 276.000000,   small-vehicle,   1826
1398.000000, 264.000000, 1447.000000, 264.000000, 1447.000000, 288.000000, 1398.000000, 288.000000,   small-vehicle,   1827
1234.000000, 278.000000, 1284.000000, 278.000000, 1284.000000, 301.000000, 1234.000000, 301.000000,   small-vehicle,   1831
1739.000000, 231.000000, 1789.000000, 231.000000, 1789.000000, 259.000000, 1739.000000, 259.000000,   small-vehicle,   1833
3191.000000, 266.000000, 3217.000000, 266.000000, 3217.000000, 326.000000, 3191.000000, 326.000000,   small-vehicle,   1835
1338.000000, 269.000000, 1384.000000, 269.000000, 1384.000000, 292.000000, 1338.000000, 292.000000,   small-vehicle,   1836
2961.000000, 1280.000000, 2994.000000, 1280.000000, 2994.000000, 1336.000000, 2961.000000, 1336.000000,   small-vehicle,   1837
1799.000000, 227.000000, 1850.000000, 227.000000, 1850.000000, 252.000000, 1799.000000, 252.000000,   small-vehicle,   1838
431.000000, 992.000000, 459.000000, 992.000000, 459.000000, 1035.000000, 431.000000, 1035.000000,   small-vehicle,   1839
352.000000, 221.000000, 377.000000, 221.000000, 377.000000, 268.000000, 352.000000, 268.000000,   small-vehicle,   1845
3145.000000, 533.000000, 3165.000000, 533.000000, 3165.000000, 580.000000, 3145.000000, 580.000000,   small-vehicle,   1850
2679.000000, 168.000000, 2735.000000, 168.000000, 2735.000000, 187.000000, 2679.000000, 187.000000,   small-vehicle,   1854
2532.000000, 175.000000, 2586.000000, 175.000000, 2586.000000, 203.000000, 2532.000000, 203.000000,   small-vehicle,   1856
2478.000000, 181.000000, 2527.000000, 181.000000, 2527.000000, 207.000000, 2478.000000, 207.000000,   small-vehicle,   1858
2395.000000, 186.000000, 2462.000000, 186.000000, 2462.000000, 213.000000, 2395.000000, 213.000000,   small-vehicle,   1859
1769.000000, 174.000000, 1831.000000, 174.000000, 1831.000000, 200.000000, 1769.000000, 200.000000,   small-vehicle,   1860
409.000000, 1030.000000, 455.000000, 1030.000000, 455.000000, 1086.000000, 409.000000, 1086.000000,   small-vehicle,   1864
1969.000000, 288.000000, 1997.000000, 288.000000, 1997.000000, 355.000000, 1969.000000, 355.000000,   small-vehicle,   1866
352.000000, 132.000000, 378.000000, 132.000000, 378.000000, 179.000000, 352.000000, 179.000000,   small-vehicle,   1868
2961.000000, 140.000000, 3015.000000, 140.000000, 3015.000000, 170.000000, 2961.000000, 170.000000,   small-vehicle,   1869
3042.000000, 141.000000, 3100.000000, 141.000000, 3100.000000, 171.000000, 3042.000000, 171.000000,   small-vehicle,   1872
2822.000000, 158.000000, 2889.000000, 158.000000, 2889.000000, 181.000000, 2822.000000, 181.000000,   small-vehicle,   1874
2208.000000, 80.000000, 2236.000000, 80.000000, 2236.000000, 134.000000, 2208.000000, 134.000000,   small-vehicle,   1875
223.000000, 421.000000, 285.000000, 421.000000, 285.000000, 447.000000, 223.000000, 447.000000,   small-vehicle,   1876
348.000000, 68.000000, 374.000000, 68.000000, 374.000000, 119.000000, 348.000000, 119.000000,   small-vehicle,   1878
2814.000000, 186.000000, 2871.000000, 186.000000, 2871.000000, 220.000000, 2814.000000, 220.000000,   small-vehicle,   1882
299.000000, 1250.000000, 347.000000, 1250.000000, 347.000000, 1308.000000, 299.000000, 1308.000000,   small-vehicle,   1888
2233.000000, 510.000000, 2263.000000, 510.000000, 2263.000000, 553.000000, 2233.000000, 553.000000,   small-vehicle,   1889
1949.000000, 84.000000, 1978.000000, 84.000000, 1978.000000, 138.000000, 1949.000000, 138.000000,   small-vehicle,   1893
983.000000, 375.000000, 1029.000000, 375.000000, 1029.000000, 397.000000, 983.000000, 397.000000,   small-vehicle,   1895
3110.000000, 30.000000, 3147.000000, 30.000000, 3147.000000, 97.000000, 3110.000000, 97.000000,   small-vehicle,   1898
1901.000000, -41.000000, 1929.000000, -41.000000, 1929.000000, 9.000000, 1901.000000, 9.000000,   small-vehicle,   1900
1875.000000, -11.000000, 1905.000000, -11.000000, 1905.000000, 43.000000, 1875.000000, 43.000000,   small-vehicle,   1902
337.000000, 354.000000, 388.000000, 354.000000, 388.000000, 400.000000, 337.000000, 400.000000,   small-vehicle,   1909
1931.000000, 446.000000, 1965.000000, 446.000000, 1965.000000, 519.000000, 1931.000000, 519.000000,   large-vehicle,   1917
2350.000000, 231.000000, 2402.000000, 231.000000, 2402.000000, 257.000000, 2350.000000, 257.000000,   small-vehicle,   1918
2194.000000, -84.000000, 2224.000000, -84.000000, 2224.000000, -29.000000, 2194.000000, -29.000000,   small-vehicle,   1921
-7.000000, 418.000000, 54.000000, 418.000000, 54.000000, 443.000000, -7.000000, 443.000000,   small-vehicle,   1922
183.000000, 1337.000000, 227.000000, 1337.000000, 227.000000, 1396.000000, 183.000000, 1396.000000,   small-vehicle,   1927
1975.000000, 463.000000, 2004.000000, 463.000000, 2004.000000, 516.000000, 1975.000000, 516.000000,   small-vehicle,   1936
1868.000000, -123.000000, 1892.000000, -123.000000, 1892.000000, -84.000000, 1868.000000, -84.000000,   small-vehicle,   1941
2190.000000, -169.000000, 2218.000000, -169.000000, 2218.000000, -112.000000, 2190.000000, -112.000000,   small-vehicle,   1945
910.000000, 366.000000, 961.000000, 366.000000, 961.000000, 388.000000, 910.000000, 388.000000,   small-vehicle,   1950
1896.000000, -176.000000, 1919.000000, -176.000000, 1919.000000, -115.000000, 1896.000000, -115.000000,   small-vehicle,   1952
2814.000000, 232.000000, 2882.000000, 232.000000, 2882.000000, 260.000000, 2814.000000, 260.000000,   small-vehicle,   1954
1906.000000, 589.000000, 1927.000000, 589.000000, 1927.000000, 632.000000, 1906.000000, 632.000000,   small-vehicle,   1955
282.000000, 395.000000, 335.000000, 395.000000, 335.000000, 424.000000, 282.000000, 424.000000,   small-vehicle,   1966
1865.000000, -212.000000, 1890.000000, -212.000000, 1890.000000, -157.000000, 1865.000000, -157.000000,   small-vehicle,   1967
3093.000000, -202.000000, 3122.000000, -202.000000, 3122.000000, -145.000000, 3093.000000, -145.000000,   small-vehicle,   1968
2656.000000, 245.000000, 2714.000000, 245.000000, 2714.000000, 271.000000, 2656.000000, 271.000000,   small-vehicle,   1970
1949.000000, 104.000000, 1978.000000, 104.000000, 1978.000000, 161.000000, 1949.000000, 161.000000,   small-vehicle,   1971
2184.000000, -244.000000, 2214.000000, -244.000000, 2214.000000, -187.000000, 2184.000000, -187.000000,   small-vehicle,   1972
1341.000000, 345.000000, 1403.000000, 345.000000, 1403.000000, 378.000000, 1341.000000, 378.000000,   small-vehicle,   1974
2158.000000, -228.000000, 2188.000000, -228.000000, 2188.000000, -168.000000, 2158.000000, -168.000000,   small-vehicle,   1977
2968.000000, 1375.000000, 3003.000000, 1375.000000, 3003.000000, 1448.000000, 2968.000000, 1448.000000,   small-vehicle,   1980
320.000000, 896.000000, 342.000000, 896.000000, 342.000000, 946.000000, 320.000000, 946.000000,   small-vehicle,   1981
158.000000, 1402.000000, 199.000000, 1402.000000, 199.000000, 1458.000000, 158.000000, 1458.000000,   small-vehicle,   1983
2151.000000, -301.000000, 2177.000000, -301.000000, 2177.000000, -241.000000, 2151.000000, -241.000000,   small-vehicle,   1988
3231.000000, 206.000000, 3290.000000, 206.000000, 3290.000000, 229.000000, 3231.000000, 229.000000,   small-vehicle,   1992
131.000000, 1458.000000, 176.000000, 1458.000000, 176.000000, 1515.000000, 131.000000, 1515.000000,   small-vehicle,   1995
1932.000000, -103.000000, 1961.000000, -103.000000, 1961.000000, -44.000000, 1932.000000, -44.000000,   small-vehicle,   1997
2043.000000, 965.000000, 2077.000000, 965.000000, 2077.000000, 1033.000000, 2043.000000, 1033.000000,   small-vehicle,   1998
3087.000000, -281.000000, 3116.000000, -281.000000, 3116.000000, -228.000000, 3087.000000, -228.000000,   small-vehicle,   2005
2180.000000, -323.000000, 2209.000000, -323.000000, 2209.000000, -262.000000, 2180.000000, -262.000000,   small-vehicle,   2006
1384.000000, 1205.000000, 1444.000000, 1205.000000, 1444.000000, 1229.000000, 1384.000000, 1229.000000,   small-vehicle,   2007
253.000000, -330.000000, 302.000000, -330.000000, 302.000000, -283.000000, 253.000000, -283.000000,   small-vehicle,   2008
2616.000000, -392.000000, 2679.000000, -392.000000, 2679.000000, -362.000000, 2616.000000, -362.000000,   small-vehicle,   2013
398.000000, 1252.000000, 464.000000, 1252.000000, 464.000000, 1282.000000, 398.000000, 1282.000000,   small-vehicle,   2014
3320.000000, 204.000000, 3379.000000, 204.000000, 3379.000000, 228.000000, 3320.000000, 228.000000,   small-vehicle,   2016
3448.000000, 197.000000, 3510.000000, 197.000000, 3510.000000, 220.000000, 3448.000000, 220.000000,   small-vehicle,   2017
3644.000000, 182.000000, 3718.000000, 182.000000, 3718.000000, 205.000000, 3644.000000, 205.000000,   small-vehicle,   2021
2685.000000, 612.000000, 2719.000000, 612.000000, 2719.000000, 677.000000, 2685.000000, 677.000000,   large-vehicle,   2022
1854.000000, -379.000000, 1884.000000, -379.000000, 1884.000000, -323.000000, 1854.000000, -323.000000,   small-vehicle,   2023
187.000000, -473.000000, 245.000000, -473.000000, 245.000000, -419.000000, 187.000000, -419.000000,   small-vehicle,   2028
2945.000000, 222.000000, 3008.000000, 222.000000, 3008.000000, 254.000000, 2945.000000, 254.000000,   small-vehicle,   2030
242.000000, -428.000000, 291.000000, -428.000000, 291.000000, -385.000000, 242.000000, -385.000000,   small-vehicle,   2031
1875.000000, -448.000000, 1903.000000, -448.000000, 1903.000000, -390.000000, 1875.000000, -390.000000,   small-vehicle,   2033
2161.000000, -427.000000, 2186.000000, -427.000000, 2186.000000, -377.000000, 2161.000000, -377.000000,   small-vehicle,   2035
1334.000000, 327.000000, 1492.000000, 327.000000, 1492.000000, 362.000000, 1334.000000, 362.000000,   large-vehicle,   2036
39.000000, -506.000000, 98.000000, -506.000000, 98.000000, -455.000000, 39.000000, -455.000000,   small-vehicle,   2038
2158.000000, -485.000000, 2184.000000, -485.000000, 2184.000000, -436.000000, 2158.000000, -436.000000,   small-vehicle,   2039
2158.000000, 814.000000, 2190.000000, 814.000000, 2190.000000, 879.000000, 2158.000000, 879.000000,   small-vehicle,   2040
1920.000000, -386.000000, 1948.000000, -386.000000, 1948.000000, -314.000000, 1920.000000, -314.000000,   small-vehicle,   2041
1975.000000, -204.000000, 2001.000000, -204.000000, 2001.000000, -146.000000, 1975.000000, -146.000000,   small-vehicle,   2042
80.000000, -431.000000, 130.000000, -431.000000, 130.000000, -369.000000, 80.000000, -369.000000,   small-vehicle,   2043
347.000000, 947.000000, 386.000000, 947.000000, 386.000000, 1009.000000, 347.000000, 1009.000000,   large-vehicle,   2047
1870.000000, -521.000000, 1904.000000, -521.000000, 1904.000000, -453.000000, 1870.000000, -453.000000,   small-vehicle,   2050
3082.000000, -358.000000, 3112.000000, -358.000000, 3112.000000, -302.000000, 3082.000000, -302.000000,   small-vehicle,   2054
1851.000000, -320.000000, 1871.000000, -320.000000, 1871.000000, -276.000000, 1851.000000, -276.000000,   small-vehicle,   2055
3000.000000, -501.000000, 3025.000000, -501.000000, 3025.000000, -448.000000, 3000.000000, -448.000000,   small-vehicle,   2057
-13.000000, -547.000000, 43.000000, -547.000000, 43.000000, -499.000000, -13.000000, -499.000000,   small-vehicle,   2060
2471.000000, 254.000000, 2529.000000, 254.000000, 2529.000000, 279.000000, 2471.000000, 279.000000,   small-vehicle,   2064
2162.000000, -547.000000, 2189.000000, -547.000000, 2189.000000, -499.000000, 2162.000000, -499.000000,   small-vehicle,   2065
48.000000, -584.000000, 112.000000, -584.000000, 112.000000, -526.000000, 48.000000, -526.000000,   small-vehicle,   2066
2980.000000, 186.000000, 3051.000000, 186.000000, 3051.000000, 220.000000, 2980.000000, 220.000000,   small-vehicle,   2067
2619.000000, -354.000000, 2661.000000, -354.000000, 2661.000000, -329.000000, 2619.000000, -329.000000,   small-vehicle,   2068
1886.000000, 104.000000, 1907.000000, 104.000000, 1907.000000, 136.000000, 1886.000000, 136.000000,   small-vehicle,   2069
1927.000000, 441.000000, 1965.000000, 441.000000, 1965.000000, 517.000000, 1927.000000, 517.000000,   small-vehicle,   2070
1394.000000, -534.000000, 1447.000000, -534.000000, 1447.000000, -507.000000, 1394.000000, -507.000000,   small-vehicle,   2072
2039.000000, 746.000000, 2057.000000, 746.000000, 2057.000000, 781.000000, 2039.000000, 781.000000,   small-vehicle,   2073
2073.000000, 517.000000, 2106.000000, 517.000000, 2106.000000, 578.000000, 2073.000000, 578.000000,   small-vehicle,   2074
