2997.000000, 2838.000000, 3047.000000, 2835.000000, 3048.000000, 2856.000000, 2999.000000, 2859.000000,     small-vehicle,     66
2154.000000, 1417.000000, 2182.000000, 1416.000000, 2183.000000, 1479.000000, 2156.000000, 1479.000000,     small-vehicle,     148
2394.000000, 3299.000000, 2426.000000, 3297.000000, 2428.000000, 3355.000000, 2396.000000, 3357.000000,     small-vehicle,     632
2068.000000, 3241.000000, 2097.000000, 3238.000000, 2099.000000, 3304.000000, 2070.000000, 3306.000000,     small-vehicle,     660
2393.000000, 3199.000000, 2424.000000, 3197.000000, 2426.000000, 3266.000000, 2396.000000, 3269.000000,     small-vehicle,     666
2061.000000, 3164.000000, 2088.000000, 3162.000000, 2090.000000, 3222.000000, 2061.000000, 3224.000000,     small-vehicle,     704
2388.000000, 3094.000000, 2417.000000, 3093.000000, 2420.000000, 3169.000000, 2390.000000, 3172.000000,     small-vehicle,     718
2345.000000, 3001.000000, 2377.000000, 2998.000000, 2381.000000, 3084.000000, 2348.000000, 3086.000000,     small-vehicle,     761
2054.000000, 3078.000000, 2087.000000, 3075.000000, 2088.000000, 3146.000000, 2056.000000, 3149.000000,     small-vehicle,     762
2041.000000, 2929.000000, 2071.000000, 2927.000000, 2073.000000, 2997.000000, 2043.000000, 2999.000000,     small-vehicle,     813
3526.000000, 2917.000000, 3553.000000, 2915.000000, 3557.000000, 2981.000000, 3531.000000, 2983.000000,     small-vehicle,     815
2575.000000, 2930.000000, 2627.000000, 2926.000000, 2629.000000, 2961.000000, 2577.000000, 2965.000000,     small-vehicle,     818
2049.000000, 2874.000000, 2073.000000, 2872.000000, 2073.000000, 2921.000000, 2051.000000, 2922.000000,     small-vehicle,     840
2026.000000, 2818.000000, 2044.000000, 2817.000000, 2045.000000, 2859.000000, 2027.000000, 2859.000000,     small-vehicle,     885
2030.000000, 2741.000000, 2051.000000, 2739.000000, 2053.000000, 2803.000000, 2031.000000, 2805.000000,     small-vehicle,     892
3525.000000, 2715.000000, 3583.000000, 2712.000000, 3586.000000, 2741.000000, 3527.000000, 2745.000000,     small-vehicle,     894
2344.000000, 2635.000000, 2378.000000, 2633.000000, 2380.000000, 2713.000000, 2348.000000, 2714.000000,     small-vehicle,     917
2323.000000, 2685.000000, 2357.000000, 2683.000000, 2359.000000, 2753.000000, 2326.000000, 2755.000000,     small-vehicle,     921
2339.000000, 2549.000000, 2369.000000, 2547.000000, 2372.000000, 2623.000000, 2341.000000, 2625.000000,     small-vehicle,     944
2016.000000, 2592.000000, 2043.000000, 2591.000000, 2045.000000, 2656.000000, 2018.000000, 2658.000000,     small-vehicle,     949
1125.000000, 2675.000000, 1194.000000, 2671.000000, 1194.000000, 2713.000000, 1125.000000, 2717.000000,     small-vehicle,     964
917.000000, 2708.000000, 976.000000, 2704.000000, 976.000000, 2742.000000, 916.000000, 2746.000000,     small-vehicle,     966
3689.000000, 2781.000000, 3739.000000, 2777.000000, 3742.000000, 2808.000000, 3691.000000, 2811.000000,     small-vehicle,     969
1306.000000, 2655.000000, 1336.000000, 2654.000000, 1336.000000, 2712.000000, 1306.000000, 2713.000000,     small-vehicle,     971
1302.000000, 2899.000000, 1341.000000, 2896.000000, 1342.000000, 2927.000000, 1302.000000, 2930.000000,     small-vehicle,     975
2011.000000, 2521.000000, 2038.000000, 2518.000000, 2038.000000, 2578.000000, 2012.000000, 2580.000000,     small-vehicle,     981
2301.000000, 2516.000000, 2332.000000, 2514.000000, 2335.000000, 2582.000000, 2303.000000, 2583.000000,     small-vehicle,     986
1049.000000, 2690.000000, 1112.000000, 2686.000000, 1112.000000, 2724.000000, 1049.000000, 2728.000000,     small-vehicle,     987
1206.000000, 2666.000000, 1268.000000, 2662.000000, 1268.000000, 2699.000000, 1206.000000, 2703.000000,     small-vehicle,     989
809.000000, 2628.000000, 873.000000, 2624.000000, 873.000000, 2662.000000, 808.000000, 2667.000000,     small-vehicle,     990
2732.000000, 2910.000000, 2788.000000, 2906.000000, 2790.000000, 2939.000000, 2732.000000, 2943.000000,     small-vehicle,     994
2035.000000, 2436.000000, 2064.000000, 2434.000000, 2065.000000, 2495.000000, 2037.000000, 2497.000000,     small-vehicle,     996
406.000000, 2683.000000, 467.000000, 2680.000000, 466.000000, 2709.000000, 405.000000, 2712.000000,     small-vehicle,     997
2008.000000, 2449.000000, 2033.000000, 2448.000000, 2034.000000, 2508.000000, 2009.000000, 2509.000000,     small-vehicle,     998
2334.000000, 2472.000000, 2364.000000, 2469.000000, 2366.000000, 2540.000000, 2337.000000, 2542.000000,     small-vehicle,     1001
1186.000000, 2572.000000, 1263.000000, 2567.000000, 1263.000000, 2604.000000, 1186.000000, 2609.000000,     small-vehicle,     1009
1024.000000, 2598.000000, 1095.000000, 2594.000000, 1095.000000, 2631.000000, 1023.000000, 2635.000000,     small-vehicle,     1012
720.000000, 2637.000000, 764.000000, 2635.000000, 764.000000, 2665.000000, 720.000000, 2667.000000,     small-vehicle,     1013
1107.000000, 2585.000000, 1170.000000, 2581.000000, 1170.000000, 2618.000000, 1107.000000, 2622.000000,     small-vehicle,     1014
2333.000000, 2413.000000, 2354.000000, 2413.000000, 2356.000000, 2455.000000, 2335.000000, 2456.000000,     small-vehicle,     1017
2130.000000, 3122.000000, 2161.000000, 3119.000000, 2162.000000, 3187.000000, 2132.000000, 3188.000000,     small-vehicle,     1032
2711.000000, 2391.000000, 2738.000000, 2389.000000, 2740.000000, 2442.000000, 2714.000000, 2445.000000,     small-vehicle,     1033
2693.000000, 2924.000000, 2727.000000, 2922.000000, 2730.000000, 2982.000000, 2696.000000, 2984.000000,     small-vehicle,     1038
2003.000000, 2364.000000, 2030.000000, 2363.000000, 2032.000000, 2428.000000, 2005.000000, 2430.000000,     small-vehicle,     1039
2288.000000, 2313.000000, 2314.000000, 2311.000000, 2317.000000, 2371.000000, 2290.000000, 2373.000000,     small-vehicle,     1056
3537.000000, 3002.000000, 3564.000000, 3001.000000, 3570.000000, 3062.000000, 3541.000000, 3064.000000,     small-vehicle,     1069
3205.000000, 2834.000000, 3252.000000, 2831.000000, 3256.000000, 2875.000000, 3208.000000, 2878.000000,     small-vehicle,     1071
565.000000, 2420.000000, 601.000000, 2417.000000, 599.000000, 2484.000000, 564.000000, 2487.000000,     small-vehicle,     1076
2246.000000, 2280.000000, 2281.000000, 2278.000000, 2283.000000, 2363.000000, 2249.000000, 2364.000000,     large-vehicle,     1078
1997.000000, 2280.000000, 2024.000000, 2278.000000, 2025.000000, 2345.000000, 1999.000000, 2346.000000,     small-vehicle,     1079
2313.000000, 2230.000000, 2338.000000, 2229.000000, 2341.000000, 2286.000000, 2314.000000, 2287.000000,     small-vehicle,     1086
2826.000000, 2367.000000, 2857.000000, 2366.000000, 2861.000000, 2436.000000, 2829.000000, 2437.000000,     small-vehicle,     1088
1306.000000, 2267.000000, 1325.000000, 2266.000000, 1326.000000, 2313.000000, 1306.000000, 2314.000000,     small-vehicle,     1104
2306.000000, 2160.000000, 2331.000000, 2159.000000, 2332.000000, 2214.000000, 2308.000000, 2215.000000,     small-vehicle,     1113
1989.000000, 2191.000000, 2015.000000, 2190.000000, 2017.000000, 2251.000000, 1990.000000, 2252.000000,     small-vehicle,     1115
1260.000000, 2237.000000, 1310.000000, 2235.000000, 1310.000000, 2264.000000, 1260.000000, 2266.000000,     small-vehicle,     1116
886.000000, 2261.000000, 945.000000, 2258.000000, 945.000000, 2292.000000, 885.000000, 2295.000000,     small-vehicle,     1121
3563.000000, 3184.000000, 3584.000000, 3182.000000, 3589.000000, 3235.000000, 3566.000000, 3238.000000,     small-vehicle,     1122
1174.000000, 2240.000000, 1229.000000, 2238.000000, 1229.000000, 2269.000000, 1174.000000, 2272.000000,     small-vehicle,     1135
818.000000, 2187.000000, 876.000000, 2185.000000, 875.000000, 2212.000000, 818.000000, 2215.000000,     small-vehicle,     1139
1980.000000, 2101.000000, 2009.000000, 2100.000000, 2011.000000, 2161.000000, 1981.000000, 2163.000000,     small-vehicle,     1140
2010.000000, 2068.000000, 2055.000000, 2066.000000, 2059.000000, 2203.000000, 2013.000000, 2205.000000,     large-vehicle,     1141
2271.000000, 2107.000000, 2299.000000, 2106.000000, 2301.000000, 2164.000000, 2273.000000, 2165.000000,     small-vehicle,     1142
1000.000000, 2249.000000, 1056.000000, 2247.000000, 1056.000000, 2278.000000, 1000.000000, 2281.000000,     small-vehicle,     1144
2906.000000, 2881.000000, 2965.000000, 2877.000000, 2968.000000, 2911.000000, 2908.000000, 2915.000000,     small-vehicle,     1151
1225.000000, 2158.000000, 1284.000000, 2155.000000, 1284.000000, 2183.000000, 1225.000000, 2186.000000,     small-vehicle,     1155
658.000000, 2201.000000, 709.000000, 2199.000000, 708.000000, 2228.000000, 658.000000, 2230.000000,     small-vehicle,     1156
720.000000, 2197.000000, 775.000000, 2195.000000, 775.000000, 2225.000000, 719.000000, 2227.000000,     small-vehicle,     1157
1046.000000, 2168.000000, 1107.000000, 2165.000000, 1107.000000, 2193.000000, 1046.000000, 2196.000000,     small-vehicle,     1159
3119.000000, 2856.000000, 3175.000000, 2852.000000, 3177.000000, 2883.000000, 3121.000000, 2886.000000,     small-vehicle,     1164
1978.000000, 2022.000000, 2006.000000, 2020.000000, 2008.000000, 2085.000000, 1980.000000, 2086.000000,     small-vehicle,     1168
2266.000000, 2007.000000, 2295.000000, 2007.000000, 2297.000000, 2074.000000, 2269.000000, 2075.000000,     small-vehicle,     1175
1309.000000, 2088.000000, 1335.000000, 2087.000000, 1335.000000, 2142.000000, 1310.000000, 2144.000000,     small-vehicle,     1179
3531.000000, 2796.000000, 3580.000000, 2793.000000, 3582.000000, 2825.000000, 3533.000000, 2828.000000,     small-vehicle,     1182
3043.000000, 2864.000000, 3106.000000, 2859.000000, 3108.000000, 2895.000000, 3046.000000, 2899.000000,     small-vehicle,     1192
560.000000, 2018.000000, 585.000000, 2016.000000, 584.000000, 2071.000000, 559.000000, 2072.000000,     small-vehicle,     1202
1994.000000, 1907.000000, 2028.000000, 1906.000000, 2029.000000, 1974.000000, 1996.000000, 1975.000000,     small-vehicle,     1205
1967.000000, 1842.000000, 1997.000000, 1840.000000, 1998.000000, 1907.000000, 1968.000000, 1907.000000,     small-vehicle,     1211
2675.000000, 1843.000000, 2723.000000, 1841.000000, 2725.000000, 1865.000000, 2676.000000, 1868.000000,     small-vehicle,     1212
2474.000000, 1863.000000, 2538.000000, 1860.000000, 2539.000000, 1893.000000, 2474.000000, 1896.000000,     small-vehicle,     1214
2417.000000, 1876.000000, 2468.000000, 1874.000000, 2468.000000, 1899.000000, 2418.000000, 1902.000000,     small-vehicle,     1216
2611.000000, 1850.000000, 2664.000000, 1848.000000, 2664.000000, 1872.000000, 2612.000000, 1875.000000,     small-vehicle,     1217
2249.000000, 1829.000000, 2279.000000, 1828.000000, 2280.000000, 1890.000000, 2251.000000, 1891.000000,     small-vehicle,     1232
1966.000000, 1766.000000, 1998.000000, 1765.000000, 2000.000000, 1823.000000, 1968.000000, 1824.000000,     small-vehicle,     1236
2110.000000, 2759.000000, 2136.000000, 2758.000000, 2138.000000, 2824.000000, 2111.000000, 2825.000000,     small-vehicle,     1241
1948.000000, 1774.000000, 1975.000000, 1773.000000, 1976.000000, 1836.000000, 1950.000000, 1837.000000,     small-vehicle,     1245
3379.000000, 1753.000000, 3431.000000, 1750.000000, 3433.000000, 1777.000000, 3380.000000, 1778.000000,     small-vehicle,     1248
3448.000000, 1745.000000, 3510.000000, 1742.000000, 3512.000000, 1769.000000, 3449.000000, 1771.000000,     small-vehicle,     1249
1297.000000, 1789.000000, 1326.000000, 1788.000000, 1325.000000, 1856.000000, 1297.000000, 1857.000000,     small-vehicle,     1250
3575.000000, 1730.000000, 3635.000000, 1727.000000, 3637.000000, 1751.000000, 3577.000000, 1753.000000,     small-vehicle,     1251
1953.000000, 1688.000000, 1982.000000, 1688.000000, 1983.000000, 1751.000000, 1954.000000, 1752.000000,     small-vehicle,     1254
2242.000000, 1647.000000, 2278.000000, 1647.000000, 2280.000000, 1715.000000, 2245.000000, 1716.000000,     small-vehicle,     1257
2265.000000, 1725.000000, 2300.000000, 1723.000000, 2303.000000, 1797.000000, 2268.000000, 1798.000000,     small-vehicle,     1258
3660.000000, 1719.000000, 3709.000000, 1717.000000, 3711.000000, 1747.000000, 3662.000000, 1749.000000,     small-vehicle,     1260
320.000000, 2784.000000, 389.000000, 2779.000000, 388.000000, 2813.000000, 319.000000, 2818.000000,     small-vehicle,     1271
1292.000000, 1674.000000, 1323.000000, 1673.000000, 1323.000000, 1740.000000, 1293.000000, 1741.000000,     small-vehicle,     1273
2223.000000, 1553.000000, 2246.000000, 1553.000000, 2249.000000, 1615.000000, 2225.000000, 1615.000000,     small-vehicle,     1277
1946.000000, 1601.000000, 1974.000000, 1600.000000, 1975.000000, 1668.000000, 1948.000000, 1668.000000,     small-vehicle,     1282
1102.000000, 2248.000000, 1163.000000, 2245.000000, 1163.000000, 2279.000000, 1102.000000, 2283.000000,     small-vehicle,     1284
2294.000000, 2900.000000, 2325.000000, 2897.000000, 2328.000000, 2973.000000, 2296.000000, 2976.000000,     small-vehicle,     1290
1938.000000, 1521.000000, 1970.000000, 1519.000000, 1971.000000, 1580.000000, 1939.000000, 1581.000000,     small-vehicle,     1292
1288.000000, 1597.000000, 1308.000000, 1596.000000, 1308.000000, 1635.000000, 1288.000000, 1636.000000,     small-vehicle,     1293
686.000000, 2737.000000, 749.000000, 2734.000000, 748.000000, 2769.000000, 685.000000, 2773.000000,     small-vehicle,     1294
831.000000, 2717.000000, 897.000000, 2714.000000, 897.000000, 2747.000000, 831.000000, 2751.000000,     small-vehicle,     1295
2251.000000, 1510.000000, 2277.000000, 1509.000000, 2279.000000, 1566.000000, 2253.000000, 1566.000000,     small-vehicle,     1298
2067.000000, 2080.000000, 2093.000000, 2079.000000, 2094.000000, 2155.000000, 2070.000000, 2156.000000,     small-vehicle,     1302
2441.000000, 1950.000000, 2503.000000, 1948.000000, 2504.000000, 1977.000000, 2443.000000, 1980.000000,     small-vehicle,     1303
2470.000000, 2421.000000, 2490.000000, 2420.000000, 2491.000000, 2473.000000, 2471.000000, 2474.000000,     small-vehicle,     1306
780.000000, 2269.000000, 849.000000, 2265.000000, 848.000000, 2301.000000, 779.000000, 2304.000000,     small-vehicle,     1307
1934.000000, 1443.000000, 1961.000000, 1442.000000, 1963.000000, 1502.000000, 1934.000000, 1504.000000,     small-vehicle,     1309
1283.000000, 1460.000000, 1305.000000, 1460.000000, 1305.000000, 1514.000000, 1283.000000, 1515.000000,     small-vehicle,     1312
2318.000000, 2308.000000, 2349.000000, 2307.000000, 2351.000000, 2360.000000, 2320.000000, 2361.000000,     small-vehicle,     1314
3431.000000, 1831.000000, 3491.000000, 1828.000000, 3494.000000, 1861.000000, 3434.000000, 1863.000000,     large-vehicle,     1317
756.000000, 2734.000000, 818.000000, 2730.000000, 818.000000, 2759.000000, 755.000000, 2763.000000,     small-vehicle,     1318
1814.000000, 2656.000000, 1885.000000, 2651.000000, 1886.000000, 2689.000000, 1814.000000, 2694.000000,     small-vehicle,     1320
1276.000000, 1375.000000, 1306.000000, 1374.000000, 1305.000000, 1432.000000, 1276.000000, 1433.000000,     small-vehicle,     1330
713.000000, 2279.000000, 756.000000, 2277.000000, 755.000000, 2304.000000, 712.000000, 2306.000000,     small-vehicle,     1331
1273.000000, 1304.000000, 1302.000000, 1303.000000, 1303.000000, 1369.000000, 1273.000000, 1370.000000,     small-vehicle,     1333
1923.000000, 1278.000000, 1950.000000, 1278.000000, 1952.000000, 1335.000000, 1924.000000, 1336.000000,     small-vehicle,     1337
2205.000000, 1218.000000, 2228.000000, 1217.000000, 2230.000000, 1281.000000, 2208.000000, 1280.000000,     small-vehicle,     1342
2719.000000, 1920.000000, 2780.000000, 1917.000000, 2781.000000, 1949.000000, 2721.000000, 1951.000000,     small-vehicle,     1347
1269.000000, 1241.000000, 1295.000000, 1239.000000, 1295.000000, 1293.000000, 1269.000000, 1294.000000,     small-vehicle,     1348
3329.000000, 2830.000000, 3382.000000, 2827.000000, 3384.000000, 2856.000000, 3331.000000, 2860.000000,     small-vehicle,     1356
1940.000000, 1150.000000, 1967.000000, 1148.000000, 1969.000000, 1203.000000, 1941.000000, 1204.000000,     small-vehicle,     1360
2194.000000, 1149.000000, 2225.000000, 1147.000000, 2227.000000, 1211.000000, 2196.000000, 1212.000000,     small-vehicle,     1361
1358.000000, 1080.000000, 1410.000000, 1080.000000, 1410.000000, 1109.000000, 1359.000000, 1111.000000,     small-vehicle,     1364
538.000000, 1170.000000, 585.000000, 1169.000000, 584.000000, 1202.000000, 537.000000, 1203.000000,     small-vehicle,     1369
169.000000, 1106.000000, 226.000000, 1106.000000, 225.000000, 1137.000000, 169.000000, 1138.000000,     small-vehicle,     1373
408.000000, 1103.000000, 469.000000, 1101.000000, 468.000000, 1129.000000, 407.000000, 1131.000000,     small-vehicle,     1375
331.000000, 1100.000000, 394.000000, 1098.000000, 393.000000, 1135.000000, 329.000000, 1135.000000,     small-vehicle,     1377
1097.000000, 1088.000000, 1147.000000, 1087.000000, 1147.000000, 1113.000000, 1097.000000, 1114.000000,     small-vehicle,     1378
1359.000000, 1142.000000, 1420.000000, 1140.000000, 1421.000000, 1169.000000, 1359.000000, 1169.000000,     small-vehicle,     1379
3579.000000, 1823.000000, 3634.000000, 1821.000000, 3635.000000, 1846.000000, 3581.000000, 1848.000000,     small-vehicle,     1381
1181.000000, 1084.000000, 1226.000000, 1084.000000, 1226.000000, 1109.000000, 1180.000000, 1110.000000,     small-vehicle,     1384
953.000000, 1090.000000, 1005.000000, 1089.000000, 1005.000000, 1114.000000, 953.000000, 1115.000000,     small-vehicle,     1385
1030.000000, 1089.000000, 1072.000000, 1088.000000, 1070.000000, 1113.000000, 1030.000000, 1114.000000,     small-vehicle,     1386
1230.000000, 1074.000000, 1295.000000, 1073.000000, 1295.000000, 1115.000000, 1230.000000, 1116.000000,     small-vehicle,     1387
1483.000000, 1084.000000, 1539.000000, 1083.000000, 1539.000000, 1109.000000, 1484.000000, 1110.000000,     small-vehicle,     1388
476.000000, 1097.000000, 528.000000, 1097.000000, 528.000000, 1124.000000, 476.000000, 1126.000000,     small-vehicle,     1389
1558.000000, 1083.000000, 1601.000000, 1082.000000, 1601.000000, 1105.000000, 1559.000000, 1106.000000,     small-vehicle,     1390
1305.000000, 2320.000000, 1332.000000, 2319.000000, 1333.000000, 2399.000000, 1305.000000, 2401.000000,     small-vehicle,     1392
105.000000, 1091.000000, 164.000000, 1090.000000, 163.000000, 1128.000000, 104.000000, 1130.000000,     small-vehicle,     1395
2713.000000, 1001.000000, 2776.000000, 1000.000000, 2778.000000, 1035.000000, 2715.000000, 1037.000000,     small-vehicle,     1397
3082.000000, 1877.000000, 3135.000000, 1874.000000, 3137.000000, 1904.000000, 3084.000000, 1906.000000,     small-vehicle,     1398
1264.000000, 1008.000000, 1291.000000, 1008.000000, 1291.000000, 1068.000000, 1263.000000, 1068.000000,     small-vehicle,     1399
1675.000000, 1107.000000, 1735.000000, 1107.000000, 1736.000000, 1135.000000, 1675.000000, 1137.000000,     small-vehicle,     1400
2457.000000, 1033.000000, 2506.000000, 1031.000000, 2507.000000, 1061.000000, 2458.000000, 1061.000000,     small-vehicle,     1401
3506.000000, 1825.000000, 3577.000000, 1823.000000, 3579.000000, 1854.000000, 3508.000000, 1857.000000,     small-vehicle,     1402
2388.000000, 1036.000000, 2445.000000, 1034.000000, 2446.000000, 1063.000000, 2389.000000, 1064.000000,     small-vehicle,     1403
1970.000000, 1924.000000, 1997.000000, 1924.000000, 1998.000000, 1985.000000, 1971.000000, 1986.000000,     small-vehicle,     1404
2589.000000, 1023.000000, 2644.000000, 1023.000000, 2645.000000, 1047.000000, 2591.000000, 1048.000000,     small-vehicle,     1405
1813.000000, 2635.000000, 1884.000000, 2630.000000, 1885.000000, 2668.000000, 1814.000000, 2673.000000,     large-vehicle,     1406
2520.000000, 1027.000000, 2581.000000, 1026.000000, 2583.000000, 1057.000000, 2521.000000, 1057.000000,     small-vehicle,     1407
3056.000000, 984.000000, 3117.000000, 984.000000, 3118.000000, 1010.000000, 3057.000000, 1012.000000,     small-vehicle,     1409
3230.000000, 970.000000, 3277.000000, 969.000000, 3280.000000, 1001.000000, 3232.000000, 1002.000000,     small-vehicle,     1410
2367.000000, 2736.000000, 2388.000000, 2735.000000, 2391.000000, 2790.000000, 2368.000000, 2791.000000,     small-vehicle,     1411
2885.000000, 994.000000, 2945.000000, 993.000000, 2946.000000, 1021.000000, 2887.000000, 1022.000000,     small-vehicle,     1412
477.000000, 2680.000000, 537.000000, 2676.000000, 536.000000, 2702.000000, 477.000000, 2706.000000,     small-vehicle,     1414
1901.000000, 1529.000000, 1927.000000, 1528.000000, 1929.000000, 1623.000000, 1902.000000, 1624.000000,     large-vehicle,     1415
2696.000000, 1089.000000, 2743.000000, 1088.000000, 2745.000000, 1116.000000, 2698.000000, 1117.000000,     small-vehicle,     1416
3517.000000, 2836.000000, 3543.000000, 2834.000000, 3547.000000, 2898.000000, 3522.000000, 2899.000000,     small-vehicle,     1417
2957.000000, 985.000000, 3023.000000, 984.000000, 3026.000000, 1017.000000, 2958.000000, 1018.000000,     small-vehicle,     1418
2748.000000, 948.000000, 2814.000000, 947.000000, 2815.000000, 963.000000, 2749.000000, 964.000000,     large-vehicle,     1419
3354.000000, 959.000000, 3414.000000, 959.000000, 3416.000000, 991.000000, 3355.000000, 991.000000,     small-vehicle,     1420
1814.000000, 2654.000000, 1886.000000, 2649.000000, 1887.000000, 2690.000000, 1814.000000, 2695.000000,     large-vehicle,     1421
3289.000000, 962.000000, 3346.000000, 961.000000, 3347.000000, 994.000000, 3292.000000, 995.000000,     small-vehicle,     1422
1432.000000, 1143.000000, 1466.000000, 1142.000000, 1467.000000, 1163.000000, 1432.000000, 1164.000000,     small-vehicle,     1423
1923.000000, 947.000000, 1951.000000, 945.000000, 1953.000000, 1000.000000, 1924.000000, 1000.000000,     small-vehicle,     1424
1973.000000, 1986.000000, 2001.000000, 1984.000000, 2002.000000, 2006.000000, 1974.000000, 2007.000000,     small-vehicle,     1425
