2140.000000, 529.000000, 2169.000000, 527.000000, 2169.000000, 592.000000, 2139.000000, 593.000000,     small-vehicle,     148
2001.000000, 2678.000000, 2032.000000, 2676.000000, 2032.000000, 2736.000000, 2001.000000, 2737.000000,     small-vehicle,     1140
2033.000000, 2673.000000, 2080.000000, 2671.000000, 2080.000000, 2767.000000, 2033.000000, 2769.000000,     large-vehicle,     1141
2298.000000, 2687.000000, 2328.000000, 2686.000000, 2328.000000, 2739.000000, 2297.000000, 2740.000000,     small-vehicle,     1142
2002.000000, 2598.000000, 2031.000000, 2597.000000, 2031.000000, 2663.000000, 2001.000000, 2664.000000,     small-vehicle,     1168
2297.000000, 2592.000000, 2328.000000, 2591.000000, 2327.000000, 2659.000000, 2297.000000, 2661.000000,     small-vehicle,     1175
1335.000000, 2717.000000, 1359.000000, 2716.000000, 1359.000000, 2775.000000, 1334.000000, 2777.000000,     small-vehicle,     1179
2023.000000, 2487.000000, 2054.000000, 2486.000000, 2054.000000, 2553.000000, 2023.000000, 2555.000000,     small-vehicle,     1205
1995.000000, 2423.000000, 2026.000000, 2421.000000, 2026.000000, 2485.000000, 1995.000000, 2486.000000,     small-vehicle,     1211
2463.000000, 2465.000000, 2499.000000, 2463.000000, 2499.000000, 2486.000000, 2463.000000, 2488.000000,     small-vehicle,     1216
2287.000000, 2416.000000, 2318.000000, 2414.000000, 2317.000000, 2472.000000, 2287.000000, 2474.000000,     small-vehicle,     1232
1999.000000, 2350.000000, 2030.000000, 2348.000000, 2030.000000, 2407.000000, 1998.000000, 2409.000000,     small-vehicle,     1236
1322.000000, 2419.000000, 1349.000000, 2418.000000, 1349.000000, 2481.000000, 1322.000000, 2483.000000,     small-vehicle,     1250
1986.000000, 2273.000000, 2016.000000, 2271.000000, 2015.000000, 2335.000000, 1986.000000, 2336.000000,     small-vehicle,     1254
2285.000000, 2233.000000, 2323.000000, 2232.000000, 2323.000000, 2302.000000, 2285.000000, 2303.000000,     small-vehicle,     1257
2306.000000, 2308.000000, 2343.000000, 2306.000000, 2343.000000, 2386.000000, 2306.000000, 2387.000000,     small-vehicle,     1258
1321.000000, 2300.000000, 1349.000000, 2299.000000, 1349.000000, 2372.000000, 1320.000000, 2373.000000,     small-vehicle,     1273
2269.000000, 2133.000000, 2296.000000, 2132.000000, 2296.000000, 2195.000000, 2268.000000, 2196.000000,     small-vehicle,     1277
1980.000000, 2181.000000, 2010.000000, 2179.000000, 2010.000000, 2249.000000, 1980.000000, 2251.000000,     small-vehicle,     1282
2221.000000, 2029.000000, 2251.000000, 2027.000000, 2251.000000, 2094.000000, 2220.000000, 2095.000000,     small-vehicle,     1290
1315.000000, 2219.000000, 1338.000000, 2218.000000, 1338.000000, 2261.000000, 1315.000000, 2262.000000,     small-vehicle,     1293
2300.000000, 2089.000000, 2329.000000, 2087.000000, 2329.000000, 2153.000000, 2300.000000, 2154.000000,     small-vehicle,     1298
2483.000000, 2541.000000, 2544.000000, 2538.000000, 2544.000000, 2564.000000, 2483.000000, 2566.000000,     small-vehicle,     1303
1973.000000, 2022.000000, 2002.000000, 2021.000000, 2002.000000, 2085.000000, 1973.000000, 2087.000000,     small-vehicle,     1309
1312.000000, 2083.000000, 1336.000000, 2082.000000, 1336.000000, 2139.000000, 1312.000000, 2140.000000,     small-vehicle,     1312
1305.000000, 1995.000000, 1332.000000, 1994.000000, 1332.000000, 2058.000000, 1305.000000, 2059.000000,     small-vehicle,     1330
1301.000000, 1920.000000, 1330.000000, 1918.000000, 1330.000000, 1988.000000, 1300.000000, 1989.000000,     small-vehicle,     1333
1966.000000, 1855.000000, 1993.000000, 1854.000000, 1992.000000, 1908.000000, 1966.000000, 1910.000000,     small-vehicle,     1337
2264.000000, 1791.000000, 2289.000000, 1790.000000, 2289.000000, 1859.000000, 2264.000000, 1860.000000,     small-vehicle,     1342
2777.000000, 2512.000000, 2843.000000, 2509.000000, 2843.000000, 2543.000000, 2777.000000, 2546.000000,     small-vehicle,     1347
1298.000000, 1856.000000, 1323.000000, 1855.000000, 1323.000000, 1911.000000, 1298.000000, 1913.000000,     small-vehicle,     1348
1987.000000, 1724.000000, 2018.000000, 1722.000000, 2018.000000, 1780.000000, 1987.000000, 1781.000000,     small-vehicle,     1360
2256.000000, 1725.000000, 2287.000000, 1724.000000, 2287.000000, 1788.000000, 2256.000000, 1789.000000,     small-vehicle,     1361
1389.000000, 1691.000000, 1441.000000, 1689.000000, 1441.000000, 1716.000000, 1389.000000, 1718.000000,     small-vehicle,     1364
566.000000, 1813.000000, 614.000000, 1811.000000, 614.000000, 1837.000000, 566.000000, 1840.000000,     small-vehicle,     1369
207.000000, 1756.000000, 261.000000, 1753.000000, 261.000000, 1783.000000, 207.000000, 1786.000000,     small-vehicle,     1373
443.000000, 1747.000000, 496.000000, 1745.000000, 496.000000, 1770.000000, 443.000000, 1773.000000,     small-vehicle,     1375
363.000000, 1749.000000, 425.000000, 1746.000000, 425.000000, 1776.000000, 363.000000, 1778.000000,     small-vehicle,     1377
1388.000000, 1753.000000, 1449.000000, 1750.000000, 1449.000000, 1780.000000, 1388.000000, 1783.000000,     small-vehicle,     1379
3710.000000, 2442.000000, 3768.000000, 2439.000000, 3767.000000, 2466.000000, 3710.000000, 2469.000000,     small-vehicle,     1381
1206.000000, 1703.000000, 1257.000000, 1701.000000, 1257.000000, 1724.000000, 1206.000000, 1726.000000,     small-vehicle,     1384
977.000000, 1712.000000, 1030.000000, 1710.000000, 1030.000000, 1739.000000, 977.000000, 1741.000000,     small-vehicle,     1385
1055.000000, 1712.000000, 1098.000000, 1710.000000, 1098.000000, 1735.000000, 1055.000000, 1737.000000,     small-vehicle,     1386
1258.000000, 1690.000000, 1323.000000, 1687.000000, 1323.000000, 1727.000000, 1258.000000, 1730.000000,     small-vehicle,     1387
1516.000000, 1684.000000, 1573.000000, 1682.000000, 1573.000000, 1708.000000, 1516.000000, 1711.000000,     small-vehicle,     1388
511.000000, 1741.000000, 553.000000, 1739.000000, 553.000000, 1762.000000, 511.000000, 1764.000000,     small-vehicle,     1389
2842.000000, 1584.000000, 2892.000000, 1582.000000, 2891.000000, 1609.000000, 2842.000000, 1611.000000,     small-vehicle,     1397
1292.000000, 1618.000000, 1319.000000, 1617.000000, 1319.000000, 1675.000000, 1292.000000, 1677.000000,     small-vehicle,     1399
1378.000000, 1723.000000, 1430.000000, 1720.000000, 1430.000000, 1749.000000, 1378.000000, 1751.000000,     small-vehicle,     1400
3638.000000, 2444.000000, 3700.000000, 2441.000000, 3699.000000, 2473.000000, 3637.000000, 2476.000000,     small-vehicle,     1402
2470.000000, 1615.000000, 2529.000000, 1612.000000, 2529.000000, 1637.000000, 2470.000000, 1640.000000,     small-vehicle,     1403
2692.000000, 1602.000000, 2739.000000, 1600.000000, 2739.000000, 1626.000000, 2691.000000, 1628.000000,     small-vehicle,     1405
3197.000000, 1567.000000, 3265.000000, 1563.000000, 3265.000000, 1587.000000, 3197.000000, 1590.000000,     small-vehicle,     1409
3397.000000, 1556.000000, 3451.000000, 1554.000000, 3451.000000, 1578.000000, 3397.000000, 1581.000000,     small-vehicle,     1410
3010.000000, 1572.000000, 3074.000000, 1569.000000, 3073.000000, 1598.000000, 3010.000000, 1601.000000,     small-vehicle,     1412
2797.000000, 1667.000000, 2854.000000, 1664.000000, 2854.000000, 1694.000000, 2797.000000, 1696.000000,     small-vehicle,     1416
3094.000000, 1568.000000, 3154.000000, 1565.000000, 3153.000000, 1592.000000, 3094.000000, 1595.000000,     small-vehicle,     1418
3539.000000, 1547.000000, 3604.000000, 1544.000000, 3604.000000, 1569.000000, 3539.000000, 1572.000000,     small-vehicle,     1420
3468.000000, 1550.000000, 3520.000000, 1548.000000, 3520.000000, 1571.000000, 3468.000000, 1573.000000,     small-vehicle,     1422
1462.000000, 1748.000000, 1518.000000, 1745.000000, 1518.000000, 1775.000000, 1462.000000, 1777.000000,     small-vehicle,     1423
2039.000000, 1917.000000, 2069.000000, 1915.000000, 2068.000000, 1977.000000, 2039.000000, 1978.000000,     small-vehicle,     1424
1996.000000, 2514.000000, 2025.000000, 2513.000000, 2024.000000, 2587.000000, 1996.000000, 2588.000000,     small-vehicle,     1425
2965.000000, 1509.000000, 2992.000000, 1508.000000, 2992.000000, 1560.000000, 2965.000000, 1561.000000,     small-vehicle,     1429
745.000000, 1729.000000, 795.000000, 1727.000000, 795.000000, 1752.000000, 745.000000, 1755.000000,     small-vehicle,     1433
1282.000000, 1361.000000, 1308.000000, 1359.000000, 1308.000000, 1411.000000, 1282.000000, 1412.000000,     small-vehicle,     1451
1965.000000, 1334.000000, 1990.000000, 1333.000000, 1989.000000, 1388.000000, 1965.000000, 1389.000000,     small-vehicle,     1452
2943.000000, 1280.000000, 2979.000000, 1279.000000, 2979.000000, 1344.000000, 2942.000000, 1345.000000,     small-vehicle,     1453
2255.000000, 1229.000000, 2289.000000, 1228.000000, 2289.000000, 1293.000000, 2254.000000, 1294.000000,     small-vehicle,     1458
2228.000000, 1237.000000, 2253.000000, 1236.000000, 2252.000000, 1288.000000, 2228.000000, 1289.000000,     small-vehicle,     1459
1649.000000, 1736.000000, 1704.000000, 1733.000000, 1704.000000, 1759.000000, 1649.000000, 1761.000000,     small-vehicle,     1460
1275.000000, 1270.000000, 1295.000000, 1269.000000, 1295.000000, 1313.000000, 1275.000000, 1314.000000,     small-vehicle,     1462
2227.000000, 1155.000000, 2254.000000, 1154.000000, 2254.000000, 1218.000000, 2227.000000, 1219.000000,     small-vehicle,     1467
1723.000000, 1729.000000, 1785.000000, 1726.000000, 1785.000000, 1752.000000, 1723.000000, 1755.000000,     small-vehicle,     1468
2260.000000, 1176.000000, 2289.000000, 1174.000000, 2288.000000, 1218.000000, 2260.000000, 1220.000000,     small-vehicle,     1478
1929.000000, 1123.000000, 1954.000000, 1122.000000, 1953.000000, 1180.000000, 1929.000000, 1181.000000,     small-vehicle,     1479
2300.000000, 2508.000000, 2380.000000, 2504.000000, 2380.000000, 2565.000000, 2300.000000, 2569.000000,     large-vehicle,     1487
1979.000000, 2104.000000, 2006.000000, 2103.000000, 2006.000000, 2161.000000, 1979.000000, 2163.000000,     small-vehicle,     1493
1980.000000, 2358.000000, 2004.000000, 2357.000000, 2003.000000, 2419.000000, 1980.000000, 2420.000000,     small-vehicle,     1498
1952.000000, 1074.000000, 1979.000000, 1073.000000, 1978.000000, 1131.000000, 1952.000000, 1132.000000,     small-vehicle,     1499
2359.000000, 1002.000000, 2428.000000, 999.000000, 2428.000000, 1030.000000, 2359.000000, 1033.000000,     small-vehicle,     1500
1255.000000, 1034.000000, 1277.000000, 1033.000000, 1277.000000, 1078.000000, 1254.000000, 1079.000000,     small-vehicle,     1507
1574.000000, 1741.000000, 1635.000000, 1739.000000, 1635.000000, 1764.000000, 1574.000000, 1767.000000,     small-vehicle,     1508
2208.000000, 928.000000, 2237.000000, 927.000000, 2237.000000, 986.000000, 2208.000000, 987.000000,     small-vehicle,     1509
2614.000000, 1607.000000, 2674.000000, 1604.000000, 2674.000000, 1631.000000, 2614.000000, 1633.000000,     small-vehicle,     1510
2590.000000, 974.000000, 2651.000000, 972.000000, 2651.000000, 1003.000000, 2590.000000, 1005.000000,     small-vehicle,     1511
2929.000000, 923.000000, 2957.000000, 922.000000, 2957.000000, 986.000000, 2929.000000, 987.000000,     small-vehicle,     1515
1252.000000, 979.000000, 1280.000000, 978.000000, 1279.000000, 1030.000000, 1252.000000, 1031.000000,     small-vehicle,     1517
253.000000, 1785.000000, 312.000000, 1782.000000, 312.000000, 1830.000000, 253.000000, 1833.000000,     small-vehicle,     1518
1916.000000, 886.000000, 1942.000000, 885.000000, 1941.000000, 945.000000, 1916.000000, 946.000000,     small-vehicle,     1522
3102.000000, 1654.000000, 3167.000000, 1651.000000, 3167.000000, 1675.000000, 3101.000000, 1678.000000,     small-vehicle,     1525
2232.000000, 868.000000, 2261.000000, 866.000000, 2261.000000, 926.000000, 2232.000000, 927.000000,     small-vehicle,     1529
2501.000000, 1681.000000, 2539.000000, 1679.000000, 2539.000000, 1702.000000, 2501.000000, 1703.000000,     small-vehicle,     1530
2616.000000, 1676.000000, 2670.000000, 1673.000000, 2670.000000, 1701.000000, 2616.000000, 1704.000000,     small-vehicle,     1531
2444.000000, 994.000000, 2510.000000, 991.000000, 2509.000000, 1023.000000, 2444.000000, 1026.000000,     small-vehicle,     1532
2514.000000, 984.000000, 2578.000000, 981.000000, 2578.000000, 1015.000000, 2513.000000, 1018.000000,     small-vehicle,     1533
2230.000000, 784.000000, 2257.000000, 783.000000, 2256.000000, 841.000000, 2230.000000, 842.000000,     small-vehicle,     1536
1912.000000, 816.000000, 1942.000000, 814.000000, 1942.000000, 875.000000, 1912.000000, 877.000000,     small-vehicle,     1537
2542.000000, 1609.000000, 2593.000000, 1607.000000, 2592.000000, 1633.000000, 2542.000000, 1636.000000,     small-vehicle,     1541
1250.000000, 812.000000, 1274.000000, 811.000000, 1274.000000, 861.000000, 1250.000000, 862.000000,     small-vehicle,     1548
1921.000000, 746.000000, 1943.000000, 745.000000, 1943.000000, 804.000000, 1921.000000, 805.000000,     small-vehicle,     1549
2229.000000, 704.000000, 2257.000000, 703.000000, 2257.000000, 768.000000, 2229.000000, 770.000000,     small-vehicle,     1552
1244.000000, 729.000000, 1270.000000, 728.000000, 1270.000000, 787.000000, 1244.000000, 788.000000,     small-vehicle,     1554
1903.000000, 668.000000, 1930.000000, 666.000000, 1930.000000, 725.000000, 1902.000000, 726.000000,     small-vehicle,     1562
1929.000000, 615.000000, 1954.000000, 614.000000, 1954.000000, 673.000000, 1928.000000, 674.000000,     small-vehicle,     1566
2915.000000, 695.000000, 2942.000000, 694.000000, 2942.000000, 747.000000, 2914.000000, 749.000000,     small-vehicle,     1567
3181.000000, 1643.000000, 3253.000000, 1639.000000, 3253.000000, 1665.000000, 3181.000000, 1668.000000,     small-vehicle,     1568
2315.000000, 2148.000000, 2340.000000, 2147.000000, 2340.000000, 2181.000000, 2315.000000, 2182.000000,     small-vehicle,     1570
2193.000000, 605.000000, 2224.000000, 604.000000, 2223.000000, 664.000000, 2193.000000, 665.000000,     small-vehicle,     1571
685.000000, 632.000000, 741.000000, 629.000000, 741.000000, 661.000000, 685.000000, 664.000000,     small-vehicle,     1573
815.000000, 622.000000, 874.000000, 619.000000, 874.000000, 647.000000, 815.000000, 649.000000,     small-vehicle,     1574
397.000000, 640.000000, 455.000000, 638.000000, 455.000000, 669.000000, 397.000000, 671.000000,     small-vehicle,     1575
884.000000, 618.000000, 941.000000, 615.000000, 941.000000, 644.000000, 884.000000, 646.000000,     small-vehicle,     1576
474.000000, 643.000000, 517.000000, 641.000000, 517.000000, 668.000000, 474.000000, 670.000000,     small-vehicle,     1578
624.000000, 1264.000000, 652.000000, 1263.000000, 652.000000, 1331.000000, 624.000000, 1333.000000,     small-vehicle,     1582
751.000000, 624.000000, 805.000000, 622.000000, 805.000000, 653.000000, 751.000000, 656.000000,     small-vehicle,     1585
1730.000000, 528.000000, 1789.000000, 525.000000, 1789.000000, 558.000000, 1730.000000, 561.000000,     small-vehicle,     1586
1619.000000, 534.000000, 1670.000000, 531.000000, 1670.000000, 560.000000, 1619.000000, 562.000000,     small-vehicle,     1588
1234.000000, 580.000000, 1285.000000, 577.000000, 1285.000000, 608.000000, 1233.000000, 611.000000,     small-vehicle,     1589
1468.000000, 555.000000, 1521.000000, 553.000000, 1521.000000, 586.000000, 1468.000000, 588.000000,     small-vehicle,     1590
344.000000, 569.000000, 373.000000, 567.000000, 373.000000, 626.000000, 344.000000, 628.000000,     small-vehicle,     1594
3411.000000, 1614.000000, 3482.000000, 1611.000000, 3482.000000, 1636.000000, 3411.000000, 1640.000000,     small-vehicle,     1595
1128.000000, 1707.000000, 1175.000000, 1705.000000, 1175.000000, 1730.000000, 1128.000000, 1732.000000,     small-vehicle,     1596
2238.000000, 626.000000, 2257.000000, 625.000000, 2257.000000, 668.000000, 2237.000000, 669.000000,     small-vehicle,     1599
2397.000000, 444.000000, 2461.000000, 441.000000, 2461.000000, 475.000000, 2397.000000, 478.000000,     small-vehicle,     1600
655.000000, 1353.000000, 683.000000, 1351.000000, 683.000000, 1404.000000, 655.000000, 1405.000000,     small-vehicle,     1601
1916.000000, 452.000000, 1946.000000, 451.000000, 1946.000000, 504.000000, 1916.000000, 505.000000,     small-vehicle,     1602
3412.000000, 1633.000000, 3483.000000, 1630.000000, 3483.000000, 1656.000000, 3412.000000, 1659.000000,     large-vehicle,     1603
2290.000000, 1857.000000, 2316.000000, 1855.000000, 2316.000000, 1916.000000, 2289.000000, 1917.000000,     large-vehicle,     1604
2307.000000, 2315.000000, 2341.000000, 2314.000000, 2341.000000, 2385.000000, 2307.000000, 2386.000000,     large-vehicle,     1605
544.000000, 1228.000000, 579.000000, 1227.000000, 579.000000, 1367.000000, 544.000000, 1368.000000,     large-vehicle,     1606
1310.000000, 2067.000000, 1334.000000, 2066.000000, 1334.000000, 2121.000000, 1310.000000, 2122.000000,     large-vehicle,     1607
3618.000000, 1543.000000, 3665.000000, 1541.000000, 3665.000000, 1567.000000, 3618.000000, 1569.000000,     small-vehicle,     1608
2908.000000, 544.000000, 2938.000000, 543.000000, 2938.000000, 593.000000, 2907.000000, 594.000000,     small-vehicle,     1609
2939.000000, 411.000000, 2994.000000, 409.000000, 2994.000000, 439.000000, 2939.000000, 441.000000,     small-vehicle,     1610
2123.000000, 674.000000, 2139.000000, 673.000000, 2139.000000, 701.000000, 2123.000000, 702.000000,     small-vehicle,     1611
2586.000000, 420.000000, 2653.000000, 417.000000, 2652.000000, 447.000000, 2586.000000, 450.000000,     small-vehicle,     1612
