2013.000000, 2852.000000, 2041.000000, 2851.000000, 2042.000000, 2916.000000, 2014.000000, 2916.000000,     small-vehicle,     0
2342.000000, 2909.000000, 2371.000000, 2907.000000, 2373.000000, 2975.000000, 2344.000000, 2978.000000,     small-vehicle,     1
2021.000000, 2936.000000, 2046.000000, 2936.000000, 2047.000000, 2997.000000, 2023.000000, 2997.000000,     small-vehicle,     2
2218.000000, 3461.000000, 2243.000000, 3460.000000, 2245.000000, 3515.000000, 2220.000000, 3517.000000,     small-vehicle,     3
2024.000000, 2572.000000, 2049.000000, 2571.000000, 2051.000000, 2631.000000, 2025.000000, 2631.000000,     small-vehicle,     4
2364.000000, 3260.000000, 2393.000000, 3259.000000, 2396.000000, 3327.000000, 2367.000000, 3328.000000,     small-vehicle,     5
1381.000000, 3656.000000, 1413.000000, 3656.000000, 1412.000000, 3732.000000, 1381.000000, 3734.000000,     small-vehicle,     6
2335.000000, 3095.000000, 2362.000000, 3094.000000, 2365.000000, 3166.000000, 2338.000000, 3166.000000,     small-vehicle,     8
1406.000000, 2947.000000, 1436.000000, 2945.000000, 1436.000000, 3025.000000, 1406.000000, 3025.000000,     small-vehicle,     12
2334.000000, 2825.000000, 2364.000000, 2823.000000, 2367.000000, 2897.000000, 2336.000000, 2899.000000,     small-vehicle,     17
2312.000000, 3008.000000, 2365.000000, 3005.000000, 2368.000000, 3076.000000, 2315.000000, 3078.000000,     small-vehicle,     19
2040.000000, 2759.000000, 2067.000000, 2758.000000, 2069.000000, 2829.000000, 2041.000000, 2830.000000,     small-vehicle,     21
2376.000000, 3355.000000, 2406.000000, 3352.000000, 2410.000000, 3425.000000, 2378.000000, 3428.000000,     small-vehicle,     26
904.000000, 3837.000000, 967.000000, 3833.000000, 966.000000, 3867.000000, 903.000000, 3871.000000,     small-vehicle,     27
2450.000000, 4220.000000, 2485.000000, 4217.000000, 2490.000000, 4304.000000, 2453.000000, 4308.000000,     small-vehicle,     29
2352.000000, 3169.000000, 2387.000000, 3169.000000, 2390.000000, 3246.000000, 2354.000000, 3247.000000,     small-vehicle,     32
2095.000000, 2949.000000, 2122.000000, 2949.000000, 2124.000000, 3021.000000, 2098.000000, 3022.000000,     small-vehicle,     36
2341.000000, 3331.000000, 2370.000000, 3329.000000, 2372.000000, 3405.000000, 2344.000000, 3406.000000,     small-vehicle,     40
1411.000000, 2595.000000, 1467.000000, 2595.000000, 1466.000000, 2635.000000, 1412.000000, 2637.000000,     small-vehicle,     41
2822.000000, 3655.000000, 2855.000000, 3652.000000, 2859.000000, 3739.000000, 2825.000000, 3742.000000,     small-vehicle,     42
1406.000000, 2868.000000, 1430.000000, 2868.000000, 1430.000000, 2929.000000, 1405.000000, 2929.000000,     small-vehicle,     43
2299.000000, 2721.000000, 2324.000000, 2722.000000, 2327.000000, 2797.000000, 2302.000000, 2798.000000,     small-vehicle,     46
2362.000000, 3092.000000, 2388.000000, 3092.000000, 2390.000000, 3154.000000, 2365.000000, 3155.000000,     small-vehicle,     48
67.000000, 3909.000000, 137.000000, 3905.000000, 134.000000, 3939.000000, 64.000000, 3943.000000,     small-vehicle,     50
604.000000, 3861.000000, 676.000000, 3856.000000, 675.000000, 3890.000000, 604.000000, 3893.000000,     small-vehicle,     51
694.000000, 3851.000000, 752.000000, 3847.000000, 751.000000, 3882.000000, 694.000000, 3887.000000,     small-vehicle,     62
3503.000000, 3540.000000, 3531.000000, 3539.000000, 3536.000000, 3593.000000, 3508.000000, 3596.000000,     small-vehicle,     63
2271.000000, 2569.000000, 2328.000000, 2566.000000, 2330.000000, 2631.000000, 2273.000000, 2632.000000,     small-vehicle,     66
1398.000000, 3146.000000, 1430.000000, 3143.000000, 1430.000000, 3218.000000, 1398.000000, 3220.000000,     small-vehicle,     75
2140.000000, 3105.000000, 2168.000000, 3102.000000, 2171.000000, 3187.000000, 2142.000000, 3189.000000,     small-vehicle,     76
2067.000000, 3453.000000, 2094.000000, 3453.000000, 2095.000000, 3520.000000, 2069.000000, 3520.000000,     small-vehicle,     77
405.000000, 2821.000000, 468.000000, 2820.000000, 466.000000, 2851.000000, 404.000000, 2854.000000,     small-vehicle,     79
3029.000000, 2549.000000, 3068.000000, 2549.000000, 3069.000000, 2570.000000, 3031.000000, 2572.000000,     small-vehicle,     85
2293.000000, 2928.000000, 2322.000000, 2928.000000, 2326.000000, 3006.000000, 2295.000000, 3006.000000,     small-vehicle,     86
2209.000000, 3338.000000, 2236.000000, 3337.000000, 2237.000000, 3402.000000, 2211.000000, 3403.000000,     small-vehicle,     90
2112.000000, 3255.000000, 2141.000000, 3253.000000, 2143.000000, 3322.000000, 2113.000000, 3323.000000,     small-vehicle,     101
2084.000000, 3362.000000, 2114.000000, 3360.000000, 2116.000000, 3436.000000, 2086.000000, 3437.000000,     small-vehicle,     110
2428.000000, 4436.000000, 2460.000000, 4432.000000, 2463.000000, 4516.000000, 2431.000000, 4520.000000,     small-vehicle,     114
2015.000000, 2497.000000, 2045.000000, 2498.000000, 2046.000000, 2559.000000, 2017.000000, 2561.000000,     small-vehicle,     120
2911.000000, 2507.000000, 2959.000000, 2507.000000, 2961.000000, 2538.000000, 2911.000000, 2539.000000,     small-vehicle,     121
2095.000000, 2699.000000, 2126.000000, 2697.000000, 2128.000000, 2773.000000, 2098.000000, 2775.000000,     small-vehicle,     127
3044.000000, 2494.000000, 3098.000000, 2492.000000, 3100.000000, 2517.000000, 3045.000000, 2519.000000,     small-vehicle,     130
1396.000000, 3249.000000, 1423.000000, 3248.000000, 1424.000000, 3313.000000, 1396.000000, 3314.000000,     small-vehicle,     132
1390.000000, 3480.000000, 1419.000000, 3478.000000, 1420.000000, 3555.000000, 1390.000000, 3558.000000,     small-vehicle,     140
2063.000000, 3300.000000, 2087.000000, 3298.000000, 2088.000000, 3353.000000, 2064.000000, 3353.000000,     small-vehicle,     144
2356.000000, 3822.000000, 2388.000000, 3821.000000, 2391.000000, 3894.000000, 2359.000000, 3898.000000,     small-vehicle,     148
3579.000000, 3521.000000, 3613.000000, 3518.000000, 3619.000000, 3585.000000, 3585.000000, 3588.000000,     small-vehicle,     161
1766.000000, 2623.000000, 1828.000000, 2622.000000, 1827.000000, 2651.000000, 1767.000000, 2653.000000,     small-vehicle,     164
157.000000, 2818.000000, 228.000000, 2815.000000, 227.000000, 2853.000000, 156.000000, 2855.000000,     small-vehicle,     165
2921.000000, 2549.000000, 2986.000000, 2547.000000, 2988.000000, 2580.000000, 2924.000000, 2581.000000,     small-vehicle,     202
2036.000000, 3230.000000, 2061.000000, 3230.000000, 2064.000000, 3284.000000, 2037.000000, 3284.000000,     small-vehicle,     223
2310.000000, 3520.000000, 2347.000000, 3517.000000, 2351.000000, 3626.000000, 2314.000000, 3627.000000,     large-vehicle,     230
2054.000000, 3016.000000, 2094.000000, 3014.000000, 2095.000000, 3107.000000, 2056.000000, 3110.000000,     large-vehicle,     232
2409.000000, 3864.000000, 2442.000000, 3863.000000, 2445.000000, 3964.000000, 2414.000000, 3967.000000,     large-vehicle,     239
1114.000000, 3365.000000, 1178.000000, 3363.000000, 1178.000000, 3399.000000, 1114.000000, 3402.000000,     small-vehicle,     337
3414.000000, 2491.000000, 3476.000000, 2490.000000, 3480.000000, 2542.000000, 3418.000000, 2543.000000,     large-vehicle,     345
2111.000000, 3228.000000, 2140.000000, 3227.000000, 2142.000000, 3301.000000, 2112.000000, 3302.000000,     small-vehicle,     353
1287.000000, 3371.000000, 1340.000000, 3367.000000, 1340.000000, 3399.000000, 1287.000000, 3400.000000,     small-vehicle,     360
3564.000000, 2482.000000, 3624.000000, 2479.000000, 3627.000000, 2507.000000, 3567.000000, 2508.000000,     small-vehicle,     385
2822.000000, 2623.000000, 2881.000000, 2621.000000, 2884.000000, 2666.000000, 2825.000000, 2668.000000,     small-vehicle,     386
2185.000000, 3100.000000, 2216.000000, 3100.000000, 2218.000000, 3181.000000, 2189.000000, 3183.000000,     small-vehicle,     421
2196.000000, 3221.000000, 2224.000000, 3220.000000, 2228.000000, 3298.000000, 2198.000000, 3299.000000,     small-vehicle,     431
1988.000000, 2397.000000, 2013.000000, 2397.000000, 2015.000000, 2462.000000, 1989.000000, 2463.000000,     small-vehicle,     432
2017.000000, 2388.000000, 2045.000000, 2387.000000, 2047.000000, 2453.000000, 2019.000000, 2455.000000,     small-vehicle,     433
1214.000000, 3368.000000, 1261.000000, 3364.000000, 1261.000000, 3396.000000, 1214.000000, 3398.000000,     small-vehicle,     438
3058.000000, 2571.000000, 3117.000000, 2570.000000, 3120.000000, 2599.000000, 3059.000000, 2601.000000,     small-vehicle,     445
2157.000000, 3166.000000, 2182.000000, 3166.000000, 2184.000000, 3231.000000, 2159.000000, 3232.000000,     small-vehicle,     457
2274.000000, 2312.000000, 2301.000000, 2312.000000, 2304.000000, 2388.000000, 2276.000000, 2388.000000,     small-vehicle,     484
256.000000, 2894.000000, 337.000000, 2891.000000, 335.000000, 2913.000000, 256.000000, 2916.000000,     large-vehicle,     498
1988.000000, 2335.000000, 2010.000000, 2335.000000, 2011.000000, 2392.000000, 1989.000000, 2392.000000,     small-vehicle,     506
2115.000000, 3056.000000, 2141.000000, 3054.000000, 2143.000000, 3119.000000, 2116.000000, 3120.000000,     small-vehicle,     531
2252.000000, 2184.000000, 2277.000000, 2185.000000, 2279.000000, 2243.000000, 2255.000000, 2244.000000,     small-vehicle,     564
2288.000000, 2197.000000, 2316.000000, 2197.000000, 2318.000000, 2258.000000, 2290.000000, 2260.000000,     small-vehicle,     568
1648.000000, 2693.000000, 1707.000000, 2690.000000, 1707.000000, 2720.000000, 1648.000000, 2722.000000,     small-vehicle,     575
3513.000000, 2574.000000, 3570.000000, 2573.000000, 3572.000000, 2602.000000, 3516.000000, 2603.000000,     small-vehicle,     577
2281.000000, 2117.000000, 2306.000000, 2117.000000, 2309.000000, 2181.000000, 2283.000000, 2183.000000,     small-vehicle,     590
2036.000000, 3116.000000, 2075.000000, 3114.000000, 2077.000000, 3188.000000, 2037.000000, 3189.000000,     small-vehicle,     591
1991.000000, 2142.000000, 2021.000000, 2141.000000, 2022.000000, 2210.000000, 1993.000000, 2211.000000,     small-vehicle,     593
2688.000000, 2651.000000, 2747.000000, 2649.000000, 2749.000000, 2678.000000, 2690.000000, 2679.000000,     small-vehicle,     614
2264.000000, 2034.000000, 2290.000000, 2035.000000, 2292.000000, 2097.000000, 2267.000000, 2097.000000,     small-vehicle,     632
2075.000000, 2695.000000, 2106.000000, 2695.000000, 2108.000000, 2777.000000, 2078.000000, 2777.000000,     small-vehicle,     635
2946.000000, 2624.000000, 3005.000000, 2624.000000, 3006.000000, 2656.000000, 2949.000000, 2658.000000,     small-vehicle,     636
1958.000000, 1974.000000, 1985.000000, 1973.000000, 1986.000000, 2032.000000, 1960.000000, 2032.000000,     small-vehicle,     660
2246.000000, 3031.000000, 2275.000000, 3030.000000, 2278.000000, 3102.000000, 2248.000000, 3103.000000,     small-vehicle,     664
2263.000000, 1952.000000, 2291.000000, 1952.000000, 2294.000000, 2017.000000, 2266.000000, 2017.000000,     small-vehicle,     666
2175.000000, 2915.000000, 2202.000000, 2915.000000, 2204.000000, 2970.000000, 2177.000000, 2971.000000,     small-vehicle,     667
536.000000, 2028.000000, 589.000000, 2029.000000, 588.000000, 2053.000000, 534.000000, 2054.000000,     small-vehicle,     668
1951.000000, 1902.000000, 1978.000000, 1902.000000, 1979.000000, 1959.000000, 1952.000000, 1960.000000,     small-vehicle,     704
853.000000, 2838.000000, 914.000000, 2836.000000, 914.000000, 2875.000000, 851.000000, 2876.000000,     small-vehicle,     708
2260.000000, 1869.000000, 2286.000000, 1868.000000, 2287.000000, 1929.000000, 2262.000000, 1928.000000,     small-vehicle,     718
2697.000000, 2557.000000, 2755.000000, 2555.000000, 2757.000000, 2585.000000, 2699.000000, 2587.000000,     large-vehicle,     727
2565.000000, 2662.000000, 2616.000000, 2660.000000, 2617.000000, 2686.000000, 2566.000000, 2688.000000,     small-vehicle,     736
2053.000000, 2362.000000, 2086.000000, 2362.000000, 2087.000000, 2446.000000, 2056.000000, 2448.000000,     large-vehicle,     744
2501.000000, 2666.000000, 2557.000000, 2663.000000, 2558.000000, 2696.000000, 2503.000000, 2698.000000,     small-vehicle,     756
2217.000000, 1771.000000, 2247.000000, 1770.000000, 2250.000000, 1843.000000, 2218.000000, 1844.000000,     small-vehicle,     761
1944.000000, 1822.000000, 1973.000000, 1822.000000, 1975.000000, 1891.000000, 1946.000000, 1890.000000,     small-vehicle,     762
1854.000000, 2698.000000, 1905.000000, 2697.000000, 1906.000000, 2719.000000, 1854.000000, 2722.000000,     small-vehicle,     765
3724.000000, 2548.000000, 3774.000000, 2547.000000, 3776.000000, 2578.000000, 3727.000000, 2579.000000,     small-vehicle,     767
3210.000000, 2600.000000, 3268.000000, 2599.000000, 3271.000000, 2631.000000, 3212.000000, 2633.000000,     small-vehicle,     789
3647.000000, 2556.000000, 3711.000000, 2554.000000, 3714.000000, 2590.000000, 3650.000000, 2592.000000,     small-vehicle,     792
1932.000000, 1691.000000, 1960.000000, 1691.000000, 1961.000000, 1756.000000, 1932.000000, 1756.000000,     small-vehicle,     813
3318.000000, 1744.000000, 3339.000000, 1743.000000, 3344.000000, 1799.000000, 3323.000000, 1799.000000,     small-vehicle,     815
2049.000000, 1924.000000, 2078.000000, 1925.000000, 2081.000000, 1988.000000, 2051.000000, 1988.000000,     small-vehicle,     816
2433.000000, 1718.000000, 2481.000000, 1718.000000, 2483.000000, 1746.000000, 2434.000000, 1746.000000,     small-vehicle,     818
2637.000000, 2640.000000, 2683.000000, 2640.000000, 2686.000000, 2694.000000, 2640.000000, 2695.000000,     small-vehicle,     824
2564.000000, 2569.000000, 2615.000000, 2569.000000, 2618.000000, 2597.000000, 2566.000000, 2598.000000,     small-vehicle,     839
1941.000000, 1643.000000, 1962.000000, 1643.000000, 1962.000000, 1681.000000, 1941.000000, 1682.000000,     small-vehicle,     840
2416.000000, 1638.000000, 2469.000000, 1639.000000, 2470.000000, 1663.000000, 2417.000000, 1664.000000,     small-vehicle,     841
2476.000000, 1629.000000, 2530.000000, 1630.000000, 2532.000000, 1663.000000, 2477.000000, 1663.000000,     small-vehicle,     845
1280.000000, 2793.000000, 1339.000000, 2792.000000, 1339.000000, 2836.000000, 1280.000000, 2838.000000,     small-vehicle,     846
1749.000000, 2109.000000, 1806.000000, 2108.000000, 1806.000000, 2136.000000, 1750.000000, 2137.000000,     small-vehicle,     847
2121.000000, 2846.000000, 2164.000000, 2844.000000, 2165.000000, 2940.000000, 2125.000000, 2942.000000,     large-vehicle,     856
2045.000000, 1776.000000, 2074.000000, 1777.000000, 2076.000000, 1838.000000, 2046.000000, 1837.000000,     small-vehicle,     867
2729.000000, 1617.000000, 2785.000000, 1617.000000, 2786.000000, 1645.000000, 2731.000000, 1646.000000,     small-vehicle,     870
616.000000, 2039.000000, 713.000000, 2039.000000, 713.000000, 2069.000000, 614.000000, 2070.000000,     small-vehicle,     871
2851.000000, 1599.000000, 2904.000000, 1600.000000, 2905.000000, 1628.000000, 2853.000000, 1628.000000,     small-vehicle,     875
1579.000000, 2696.000000, 1638.000000, 2695.000000, 1639.000000, 2734.000000, 1579.000000, 2735.000000,     small-vehicle,     876
3108.000000, 2519.000000, 3157.000000, 2519.000000, 3160.000000, 2550.000000, 3111.000000, 2550.000000,     small-vehicle,     877
3308.000000, 1660.000000, 3333.000000, 1661.000000, 3336.000000, 1711.000000, 3312.000000, 1710.000000,     small-vehicle,     878
2661.000000, 1614.000000, 2708.000000, 1615.000000, 2710.000000, 1643.000000, 2663.000000, 1643.000000,     small-vehicle,     879
2606.000000, 1623.000000, 2658.000000, 1623.000000, 2660.000000, 1655.000000, 2607.000000, 1655.000000,     small-vehicle,     880
2067.000000, 3206.000000, 2095.000000, 3205.000000, 2098.000000, 3282.000000, 2070.000000, 3284.000000,     small-vehicle,     884
1916.000000, 1585.000000, 1939.000000, 1585.000000, 1940.000000, 1652.000000, 1919.000000, 1651.000000,     small-vehicle,     885
3369.000000, 1556.000000, 3416.000000, 1556.000000, 3418.000000, 1583.000000, 3372.000000, 1583.000000,     small-vehicle,     886
3026.000000, 1586.000000, 3085.000000, 1587.000000, 3087.000000, 1614.000000, 3028.000000, 1614.000000,     small-vehicle,     889
1366.000000, 1867.000000, 1388.000000, 1868.000000, 1388.000000, 1917.000000, 1366.000000, 1917.000000,     small-vehicle,     890
1918.000000, 1516.000000, 1946.000000, 1516.000000, 1947.000000, 1587.000000, 1919.000000, 1587.000000,     small-vehicle,     892
3145.000000, 1577.000000, 3198.000000, 1577.000000, 3201.000000, 1609.000000, 3146.000000, 1609.000000,     small-vehicle,     893
3314.000000, 1558.000000, 3366.000000, 1559.000000, 3369.000000, 1586.000000, 3316.000000, 1587.000000,     small-vehicle,     894
2943.000000, 1588.000000, 2999.000000, 1588.000000, 3001.000000, 1620.000000, 2945.000000, 1619.000000,     small-vehicle,     895
3471.000000, 1542.000000, 3520.000000, 1542.000000, 3522.000000, 1569.000000, 3473.000000, 1568.000000,     small-vehicle,     897
3317.000000, 1634.000000, 3351.000000, 1634.000000, 3354.000000, 1659.000000, 3320.000000, 1659.000000,     small-vehicle,     901
2795.000000, 1605.000000, 2843.000000, 1606.000000, 2845.000000, 1631.000000, 2797.000000, 1632.000000,     small-vehicle,     904
645.000000, 2485.000000, 713.000000, 2484.000000, 712.000000, 2525.000000, 644.000000, 2526.000000,     small-vehicle,     909
2488.000000, 1718.000000, 2524.000000, 1717.000000, 2525.000000, 1744.000000, 2489.000000, 1743.000000,     small-vehicle,     915
3132.000000, 1656.000000, 3185.000000, 1655.000000, 3186.000000, 1685.000000, 3134.000000, 1684.000000,     small-vehicle,     916
2218.000000, 1444.000000, 2248.000000, 1445.000000, 2250.000000, 1513.000000, 2220.000000, 1513.000000,     small-vehicle,     917
871.000000, 2878.000000, 934.000000, 2876.000000, 934.000000, 2915.000000, 871.000000, 2917.000000,     small-vehicle,     919
2198.000000, 1484.000000, 2230.000000, 1485.000000, 2232.000000, 1550.000000, 2200.000000, 1550.000000,     small-vehicle,     921
3597.000000, 1527.000000, 3643.000000, 1528.000000, 3645.000000, 1555.000000, 3600.000000, 1554.000000,     small-vehicle,     924
2002.000000, 1706.000000, 2030.000000, 1706.000000, 2032.000000, 1766.000000, 2004.000000, 1768.000000,     small-vehicle,     930
2778.000000, 2548.000000, 2825.000000, 2546.000000, 2828.000000, 2575.000000, 2780.000000, 2576.000000,     large-vehicle,     935
2376.000000, 3448.000000, 2410.000000, 3445.000000, 2413.000000, 3526.000000, 2380.000000, 3529.000000,     small-vehicle,     940
2301.000000, 2852.000000, 2335.000000, 2850.000000, 2338.000000, 2926.000000, 2303.000000, 2927.000000,     small-vehicle,     941
3308.000000, 2504.000000, 3358.000000, 2503.000000, 3361.000000, 2528.000000, 3310.000000, 2529.000000,     small-vehicle,     942
3578.000000, 2558.000000, 3644.000000, 2556.000000, 3646.000000, 2585.000000, 3580.000000, 2586.000000,     small-vehicle,     943
2212.000000, 1367.000000, 2241.000000, 1367.000000, 2243.000000, 1435.000000, 2214.000000, 1435.000000,     small-vehicle,     944
2294.000000, 3531.000000, 2332.000000, 3529.000000, 2336.000000, 3618.000000, 2297.000000, 3620.000000,     small-vehicle,     945
1909.000000, 1384.000000, 1936.000000, 1384.000000, 1938.000000, 1447.000000, 1910.000000, 1447.000000,     small-vehicle,     949
3272.000000, 2597.000000, 3333.000000, 2596.000000, 3335.000000, 2621.000000, 3274.000000, 2623.000000,     small-vehicle,     951
3485.000000, 2487.000000, 3553.000000, 2486.000000, 3555.000000, 2514.000000, 3488.000000, 2518.000000,     small-vehicle,     953
2062.000000, 2140.000000, 2089.000000, 2139.000000, 2092.000000, 2214.000000, 2063.000000, 2214.000000,     large-vehicle,     959
1994.000000, 2018.000000, 2019.000000, 2017.000000, 2020.000000, 2079.000000, 1996.000000, 2078.000000,     large-vehicle,     961
3074.000000, 1660.000000, 3127.000000, 1660.000000, 3130.000000, 1691.000000, 3077.000000, 1690.000000,     small-vehicle,     962
1983.000000, 1503.000000, 2011.000000, 1503.000000, 2013.000000, 1577.000000, 1985.000000, 1577.000000,     small-vehicle,     963
1066.000000, 1345.000000, 1116.000000, 1345.000000, 1115.000000, 1375.000000, 1066.000000, 1374.000000,     small-vehicle,     964
854.000000, 1350.000000, 926.000000, 1351.000000, 926.000000, 1382.000000, 854.000000, 1381.000000,     small-vehicle,     966
1992.000000, 2011.000000, 2019.000000, 2011.000000, 2020.000000, 2079.000000, 1994.000000, 2078.000000,     small-vehicle,     967
2064.000000, 2149.000000, 2090.000000, 2149.000000, 2093.000000, 2221.000000, 2066.000000, 2221.000000,     small-vehicle,     968
3470.000000, 1621.000000, 3510.000000, 1620.000000, 3512.000000, 1645.000000, 3473.000000, 1643.000000,     small-vehicle,     969
1237.000000, 1347.000000, 1262.000000, 1347.000000, 1262.000000, 1393.000000, 1236.000000, 1394.000000,     small-vehicle,     971
3019.000000, 2621.000000, 3087.000000, 2619.000000, 3089.000000, 2651.000000, 3022.000000, 2653.000000,     small-vehicle,     972
1618.000000, 2107.000000, 1681.000000, 2107.000000, 1681.000000, 2133.000000, 1618.000000, 2134.000000,     small-vehicle,     973
1227.000000, 1557.000000, 1269.000000, 1557.000000, 1269.000000, 1586.000000, 1227.000000, 1587.000000,     small-vehicle,     975
1963.000000, 2220.000000, 1983.000000, 2219.000000, 1984.000000, 2266.000000, 1965.000000, 2267.000000,     small-vehicle,     976
2327.000000, 3232.000000, 2360.000000, 3229.000000, 2363.000000, 3310.000000, 2330.000000, 3312.000000,     large-vehicle,     977
1285.000000, 2136.000000, 1325.000000, 2137.000000, 1325.000000, 2238.000000, 1285.000000, 2239.000000,     large-vehicle,     979
2017.000000, 1445.000000, 2045.000000, 1445.000000, 2047.000000, 1511.000000, 2019.000000, 1512.000000,     small-vehicle,     980
1903.000000, 1317.000000, 1931.000000, 1317.000000, 1932.000000, 1379.000000, 1904.000000, 1378.000000,     small-vehicle,     981
3632.000000, 2473.000000, 3691.000000, 2472.000000, 3693.000000, 2498.000000, 3635.000000, 2501.000000,     large-vehicle,     982
2293.000000, 3517.000000, 2331.000000, 3515.000000, 2335.000000, 3608.000000, 2295.000000, 3610.000000,     large-vehicle,     984
3177.000000, 2492.000000, 3228.000000, 2490.000000, 3231.000000, 2513.000000, 3179.000000, 2514.000000,     large-vehicle,     985
2177.000000, 1330.000000, 2206.000000, 1330.000000, 2208.000000, 1397.000000, 2179.000000, 1397.000000,     small-vehicle,     986
995.000000, 1345.000000, 1049.000000, 1347.000000, 1049.000000, 1375.000000, 995.000000, 1375.000000,     small-vehicle,     987
2108.000000, 2562.000000, 2139.000000, 2560.000000, 2142.000000, 2626.000000, 2109.000000, 2626.000000,     small-vehicle,     988
1137.000000, 1342.000000, 1198.000000, 1343.000000, 1197.000000, 1371.000000, 1137.000000, 1370.000000,     small-vehicle,     989
