2173.000000, 1225.000000, 2242.000000, 1225.000000, 2242.000000, 1273.000000, 2173.000000, 1273.000000,   small-vehicle,   1290
440.000000, 1174.000000, 496.000000, 1174.000000, 496.000000, 1204.000000, 440.000000, 1204.000000,   small-vehicle,   1575
384.000000, 1116.000000, 417.000000, 1116.000000, 417.000000, 1168.000000, 384.000000, 1168.000000,   small-vehicle,   1594
1961.000000, 1067.000000, 1989.000000, 1067.000000, 1989.000000, 1115.000000, 1961.000000, 1115.000000,   small-vehicle,   1602
2926.000000, 1060.000000, 2994.000000, 1060.000000, 2994.000000, 1095.000000, 2926.000000, 1095.000000,   small-vehicle,   1614
320.000000, 1034.000000, 368.000000, 1034.000000, 368.000000, 1094.000000, 320.000000, 1094.000000,   small-vehicle,   1615
2231.000000, 1038.000000, 2258.000000, 1038.000000, 2258.000000, 1096.000000, 2231.000000, 1096.000000,   small-vehicle,   1623
87.000000, 1089.000000, 138.000000, 1089.000000, 138.000000, 1132.000000, 87.000000, 1132.000000,   small-vehicle,   1632
2224.000000, 970.000000, 2256.000000, 970.000000, 2256.000000, 1035.000000, 2224.000000, 1035.000000,   small-vehicle,   1633
1929.000000, 901.000000, 1955.000000, 901.000000, 1955.000000, 954.000000, 1929.000000, 954.000000,   small-vehicle,   1637
3227.000000, 931.000000, 3262.000000, 931.000000, 3262.000000, 992.000000, 3227.000000, 992.000000,   small-vehicle,   1638
433.000000, 914.000000, 465.000000, 914.000000, 465.000000, 983.000000, 433.000000, 983.000000,   small-vehicle,   1643
356.000000, 893.000000, 387.000000, 893.000000, 387.000000, 947.000000, 356.000000, 947.000000,   small-vehicle,   1650
2247.000000, 845.000000, 2278.000000, 845.000000, 2278.000000, 907.000000, 2247.000000, 907.000000,   small-vehicle,   1656
1925.000000, 830.000000, 1953.000000, 830.000000, 1953.000000, 887.000000, 1925.000000, 887.000000,   small-vehicle,   1658
3222.000000, 852.000000, 3260.000000, 852.000000, 3260.000000, 911.000000, 3222.000000, 911.000000,   small-vehicle,   1665
359.000000, 836.000000, 387.000000, 836.000000, 387.000000, 887.000000, 359.000000, 887.000000,   small-vehicle,   1666
2209.000000, 778.000000, 2235.000000, 778.000000, 2235.000000, 836.000000, 2209.000000, 836.000000,   small-vehicle,   1680
1952.000000, 800.000000, 1977.000000, 800.000000, 1977.000000, 852.000000, 1952.000000, 852.000000,   small-vehicle,   1683
1926.000000, 774.000000, 1951.000000, 774.000000, 1951.000000, 820.000000, 1926.000000, 820.000000,   small-vehicle,   1687
3251.000000, 1118.000000, 3319.000000, 1118.000000, 3319.000000, 1149.000000, 3251.000000, 1149.000000,   small-vehicle,   1688
2467.000000, 1158.000000, 2518.000000, 1158.000000, 2518.000000, 1183.000000, 2467.000000, 1183.000000,   small-vehicle,   1693
2243.000000, 759.000000, 2270.000000, 759.000000, 2270.000000, 818.000000, 2243.000000, 818.000000,   small-vehicle,   1697
1950.000000, 723.000000, 1982.000000, 723.000000, 1982.000000, 789.000000, 1950.000000, 789.000000,   small-vehicle,   1699
2243.000000, 689.000000, 2269.000000, 689.000000, 2269.000000, 739.000000, 2243.000000, 739.000000,   small-vehicle,   1705
2153.000000, 481.000000, 2182.000000, 481.000000, 2182.000000, 550.000000, 2153.000000, 550.000000,   small-vehicle,   1706
1935.000000, 628.000000, 1964.000000, 628.000000, 1964.000000, 680.000000, 1935.000000, 680.000000,   small-vehicle,   1708
1915.000000, 690.000000, 1946.000000, 690.000000, 1946.000000, 748.000000, 1915.000000, 748.000000,   small-vehicle,   1709
3221.000000, 628.000000, 3253.000000, 628.000000, 3253.000000, 684.000000, 3221.000000, 684.000000,   small-vehicle,   1715
2723.000000, 606.000000, 2753.000000, 606.000000, 2753.000000, 667.000000, 2723.000000, 667.000000,   small-vehicle,   1727
2641.000000, 600.000000, 2675.000000, 600.000000, 2675.000000, 662.000000, 2641.000000, 662.000000,   small-vehicle,   1728
2230.000000, 561.000000, 2257.000000, 561.000000, 2257.000000, 624.000000, 2230.000000, 624.000000,   small-vehicle,   1729
2535.000000, 1152.000000, 2594.000000, 1152.000000, 2594.000000, 1184.000000, 2535.000000, 1184.000000,   small-vehicle,   1730
2761.000000, 595.000000, 2795.000000, 595.000000, 2795.000000, 655.000000, 2761.000000, 655.000000,   small-vehicle,   1731
2808.000000, 588.000000, 2839.000000, 588.000000, 2839.000000, 655.000000, 2808.000000, 655.000000,   small-vehicle,   1739
1918.000000, 534.000000, 1948.000000, 534.000000, 1948.000000, 593.000000, 1918.000000, 593.000000,   small-vehicle,   1742
1898.000000, 421.000000, 1929.000000, 421.000000, 1929.000000, 484.000000, 1898.000000, 484.000000,   small-vehicle,   1760
3203.000000, 484.000000, 3231.000000, 484.000000, 3231.000000, 547.000000, 3203.000000, 547.000000,   small-vehicle,   1763
65.000000, 429.000000, 123.000000, 429.000000, 123.000000, 459.000000, 65.000000, 459.000000,   small-vehicle,   1765
3197.000000, 408.000000, 3229.000000, 408.000000, 3229.000000, 476.000000, 3197.000000, 476.000000,   small-vehicle,   1767
1046.000000, 371.000000, 1105.000000, 371.000000, 1105.000000, 398.000000, 1046.000000, 398.000000,   small-vehicle,   1772
48.000000, 354.000000, 109.000000, 354.000000, 109.000000, 383.000000, 48.000000, 383.000000,   small-vehicle,   1773
1896.000000, 365.000000, 1921.000000, 365.000000, 1921.000000, 410.000000, 1896.000000, 410.000000,   small-vehicle,   1777
2152.000000, 307.000000, 2177.000000, 307.000000, 2177.000000, 360.000000, 2152.000000, 360.000000,   small-vehicle,   1785
2220.000000, 366.000000, 2250.000000, 366.000000, 2250.000000, 420.000000, 2220.000000, 420.000000,   small-vehicle,   1787
562.000000, 321.000000, 613.000000, 321.000000, 613.000000, 345.000000, 562.000000, 345.000000,   small-vehicle,   1790
498.000000, 326.000000, 551.000000, 326.000000, 551.000000, 351.000000, 498.000000, 351.000000,   small-vehicle,   1793
3195.000000, 325.000000, 3225.000000, 325.000000, 3225.000000, 384.000000, 3195.000000, 384.000000,   small-vehicle,   1794
631.000000, 319.000000, 686.000000, 319.000000, 686.000000, 343.000000, 631.000000, 343.000000,   small-vehicle,   1799
700.000000, 311.000000, 759.000000, 311.000000, 759.000000, 337.000000, 700.000000, 337.000000,   small-vehicle,   1804
889.000000, 303.000000, 945.000000, 303.000000, 945.000000, 327.000000, 889.000000, 327.000000,   small-vehicle,   1805
1744.000000, 305.000000, 1798.000000, 305.000000, 1798.000000, 338.000000, 1744.000000, 338.000000,   small-vehicle,   1807
949.000000, 296.000000, 1008.000000, 296.000000, 1008.000000, 322.000000, 949.000000, 322.000000,   small-vehicle,   1808
766.000000, 308.000000, 817.000000, 308.000000, 817.000000, 333.000000, 766.000000, 333.000000,   small-vehicle,   1810
349.000000, 281.000000, 380.000000, 281.000000, 380.000000, 336.000000, 349.000000, 336.000000,   small-vehicle,   1814
1029.000000, 290.000000, 1081.000000, 290.000000, 1081.000000, 316.000000, 1029.000000, 316.000000,   small-vehicle,   1817
828.000000, 305.000000, 880.000000, 305.000000, 880.000000, 330.000000, 828.000000, 330.000000,   small-vehicle,   1818
2183.000000, 297.000000, 2215.000000, 297.000000, 2215.000000, 356.000000, 2183.000000, 356.000000,   small-vehicle,   1819
1675.000000, 238.000000, 1731.000000, 238.000000, 1731.000000, 267.000000, 1675.000000, 267.000000,   small-vehicle,   1822
1162.000000, 281.000000, 1220.000000, 281.000000, 1220.000000, 310.000000, 1162.000000, 310.000000,   small-vehicle,   1825
1572.000000, 249.000000, 1627.000000, 249.000000, 1627.000000, 277.000000, 1572.000000, 277.000000,   small-vehicle,   1826
1397.000000, 264.000000, 1448.000000, 264.000000, 1448.000000, 288.000000, 1397.000000, 288.000000,   small-vehicle,   1827
1234.000000, 277.000000, 1284.000000, 277.000000, 1284.000000, 302.000000, 1234.000000, 302.000000,   small-vehicle,   1831
1738.000000, 232.000000, 1789.000000, 232.000000, 1789.000000, 259.000000, 1738.000000, 259.000000,   small-vehicle,   1833
3192.000000, 267.000000, 3216.000000, 267.000000, 3216.000000, 324.000000, 3192.000000, 324.000000,   small-vehicle,   1835
1338.000000, 269.000000, 1384.000000, 269.000000, 1384.000000, 292.000000, 1338.000000, 292.000000,   small-vehicle,   1836
1799.000000, 227.000000, 1851.000000, 227.000000, 1851.000000, 253.000000, 1799.000000, 253.000000,   small-vehicle,   1838
432.000000, 993.000000, 457.000000, 993.000000, 457.000000, 1035.000000, 432.000000, 1035.000000,   small-vehicle,   1839
351.000000, 220.000000, 378.000000, 220.000000, 378.000000, 270.000000, 351.000000, 270.000000,   small-vehicle,   1845
3145.000000, 536.000000, 3166.000000, 536.000000, 3166.000000, 578.000000, 3145.000000, 578.000000,   small-vehicle,   1850
2533.000000, 177.000000, 2584.000000, 177.000000, 2584.000000, 201.000000, 2533.000000, 201.000000,   small-vehicle,   1856
2478.000000, 184.000000, 2527.000000, 184.000000, 2527.000000, 204.000000, 2478.000000, 204.000000,   small-vehicle,   1858
2400.000000, 188.000000, 2457.000000, 188.000000, 2457.000000, 211.000000, 2400.000000, 211.000000,   small-vehicle,   1859
1774.000000, 173.000000, 1826.000000, 173.000000, 1826.000000, 200.000000, 1774.000000, 200.000000,   small-vehicle,   1860
409.000000, 1030.000000, 455.000000, 1030.000000, 455.000000, 1086.000000, 409.000000, 1086.000000,   small-vehicle,   1864
351.000000, 131.000000, 378.000000, 131.000000, 378.000000, 179.000000, 351.000000, 179.000000,   small-vehicle,   1868
2961.000000, 142.000000, 3015.000000, 142.000000, 3015.000000, 168.000000, 2961.000000, 168.000000,   small-vehicle,   1869
3044.000000, 142.000000, 3098.000000, 142.000000, 3098.000000, 170.000000, 3044.000000, 170.000000,   small-vehicle,   1872
2208.000000, 80.000000, 2235.000000, 80.000000, 2235.000000, 134.000000, 2208.000000, 134.000000,   small-vehicle,   1875
221.000000, 420.000000, 287.000000, 420.000000, 287.000000, 447.000000, 221.000000, 447.000000,   small-vehicle,   1876
350.000000, 68.000000, 373.000000, 68.000000, 373.000000, 120.000000, 350.000000, 120.000000,   small-vehicle,   1878
2233.000000, 511.000000, 2262.000000, 511.000000, 2262.000000, 552.000000, 2233.000000, 552.000000,   small-vehicle,   1889
1951.000000, 89.000000, 1977.000000, 89.000000, 1977.000000, 134.000000, 1951.000000, 134.000000,   small-vehicle,   1893
981.000000, 375.000000, 1030.000000, 375.000000, 1030.000000, 397.000000, 981.000000, 397.000000,   small-vehicle,   1895
1901.000000, -40.000000, 1929.000000, -40.000000, 1929.000000, 13.000000, 1901.000000, 13.000000,   small-vehicle,   1900
1875.000000, -9.000000, 1905.000000, -9.000000, 1905.000000, 41.000000, 1875.000000, 41.000000,   small-vehicle,   1902
150.000000, 353.000000, 203.000000, 353.000000, 203.000000, 383.000000, 150.000000, 383.000000,   small-vehicle,   1909
2351.000000, 236.000000, 2402.000000, 236.000000, 2402.000000, 261.000000, 2351.000000, 261.000000,   small-vehicle,   1918
2194.000000, -84.000000, 2225.000000, -84.000000, 2225.000000, -29.000000, 2194.000000, -29.000000,   small-vehicle,   1921
-12.000000, 411.000000, 48.000000, 411.000000, 48.000000, 438.000000, -12.000000, 438.000000,   small-vehicle,   1922
2009.000000, 953.000000, 2040.000000, 953.000000, 2040.000000, 1006.000000, 2009.000000, 1006.000000,   small-vehicle,   1936
1870.000000, -124.000000, 1892.000000, -124.000000, 1892.000000, -85.000000, 1870.000000, -85.000000,   small-vehicle,   1941
2191.000000, -169.000000, 2218.000000, -169.000000, 2218.000000, -113.000000, 2191.000000, -113.000000,   small-vehicle,   1945
907.000000, 359.000000, 959.000000, 359.000000, 959.000000, 383.000000, 907.000000, 383.000000,   small-vehicle,   1950
1895.000000, -177.000000, 1920.000000, -177.000000, 1920.000000, -114.000000, 1895.000000, -114.000000,   small-vehicle,   1952
2818.000000, 246.000000, 2877.000000, 246.000000, 2877.000000, 269.000000, 2818.000000, 269.000000,   small-vehicle,   1954
1906.000000, 594.000000, 1928.000000, 594.000000, 1928.000000, 636.000000, 1906.000000, 636.000000,   small-vehicle,   1955
274.000000, 390.000000, 331.000000, 390.000000, 331.000000, 417.000000, 274.000000, 417.000000,   small-vehicle,   1966
1863.000000, -215.000000, 1889.000000, -215.000000, 1889.000000, -166.000000, 1863.000000, -166.000000,   small-vehicle,   1967
3093.000000, -192.000000, 3123.000000, -192.000000, 3123.000000, -134.000000, 3093.000000, -134.000000,   small-vehicle,   1968
2664.000000, 252.000000, 2715.000000, 252.000000, 2715.000000, 277.000000, 2664.000000, 277.000000,   small-vehicle,   1970
1975.000000, 502.000000, 2002.000000, 502.000000, 2002.000000, 549.000000, 1975.000000, 549.000000,   small-vehicle,   1971
2185.000000, -242.000000, 2215.000000, -242.000000, 2215.000000, -184.000000, 2185.000000, -184.000000,   small-vehicle,   1972
1339.000000, 342.000000, 1400.000000, 342.000000, 1400.000000, 374.000000, 1339.000000, 374.000000,   small-vehicle,   1974
2158.000000, -227.000000, 2189.000000, -227.000000, 2189.000000, -167.000000, 2158.000000, -167.000000,   small-vehicle,   1977
2150.000000, -300.000000, 2178.000000, -300.000000, 2178.000000, -240.000000, 2150.000000, -240.000000,   small-vehicle,   1988
1954.000000, 287.000000, 1983.000000, 287.000000, 1983.000000, 343.000000, 1954.000000, 343.000000,   small-vehicle,   1997
3089.000000, -273.000000, 3117.000000, -273.000000, 3117.000000, -218.000000, 3089.000000, -218.000000,   small-vehicle,   2005
2179.000000, -321.000000, 2208.000000, -321.000000, 2208.000000, -262.000000, 2179.000000, -262.000000,   small-vehicle,   2006
250.000000, -344.000000, 301.000000, -344.000000, 301.000000, -297.000000, 250.000000, -297.000000,   small-vehicle,   2008
2616.000000, -384.000000, 2679.000000, -384.000000, 2679.000000, -357.000000, 2616.000000, -357.000000,   small-vehicle,   2013
3314.000000, 204.000000, 3381.000000, 204.000000, 3381.000000, 230.000000, 3314.000000, 230.000000,   small-vehicle,   2016
3317.000000, 214.000000, 3380.000000, 214.000000, 3380.000000, 240.000000, 3317.000000, 240.000000,   small-vehicle,   2017
3645.000000, 202.000000, 3716.000000, 202.000000, 3716.000000, 225.000000, 3645.000000, 225.000000,   small-vehicle,   2021
1854.000000, -380.000000, 1884.000000, -380.000000, 1884.000000, -324.000000, 1854.000000, -324.000000,   small-vehicle,   2023
186.000000, -485.000000, 242.000000, -485.000000, 242.000000, -433.000000, 186.000000, -433.000000,   small-vehicle,   2028
2949.000000, 233.000000, 3013.000000, 233.000000, 3013.000000, 265.000000, 2949.000000, 265.000000,   small-vehicle,   2030
240.000000, -442.000000, 286.000000, -442.000000, 286.000000, -399.000000, 240.000000, -399.000000,   small-vehicle,   2031
1875.000000, -448.000000, 1903.000000, -448.000000, 1903.000000, -391.000000, 1875.000000, -391.000000,   small-vehicle,   2033
2161.000000, -406.000000, 2185.000000, -406.000000, 2185.000000, -354.000000, 2161.000000, -354.000000,   small-vehicle,   2035
38.000000, -521.000000, 95.000000, -521.000000, 95.000000, -470.000000, 38.000000, -470.000000,   small-vehicle,   2038
2158.000000, -486.000000, 2183.000000, -486.000000, 2183.000000, -435.000000, 2158.000000, -435.000000,   small-vehicle,   2039
1936.000000, -35.000000, 1964.000000, -35.000000, 1964.000000, 29.000000, 1936.000000, 29.000000,   small-vehicle,   2041
1997.000000, 241.000000, 2027.000000, 241.000000, 2027.000000, 302.000000, 1997.000000, 302.000000,   small-vehicle,   2042
80.000000, -444.000000, 127.000000, -444.000000, 127.000000, -384.000000, 80.000000, -384.000000,   small-vehicle,   2043
342.000000, 942.000000, 384.000000, 942.000000, 384.000000, 1010.000000, 342.000000, 1010.000000,   large-vehicle,   2047
1871.000000, -518.000000, 1905.000000, -518.000000, 1905.000000, -453.000000, 1871.000000, -453.000000,   small-vehicle,   2050
3083.000000, -347.000000, 3112.000000, -347.000000, 3112.000000, -291.000000, 3083.000000, -291.000000,   small-vehicle,   2054
-15.000000, -559.000000, 42.000000, -559.000000, 42.000000, -512.000000, -15.000000, -512.000000,   small-vehicle,   2060
2472.000000, 257.000000, 2531.000000, 257.000000, 2531.000000, 284.000000, 2472.000000, 284.000000,   small-vehicle,   2064
2164.000000, -547.000000, 2189.000000, -547.000000, 2189.000000, -501.000000, 2164.000000, -501.000000,   small-vehicle,   2065
46.000000, -600.000000, 110.000000, -600.000000, 110.000000, -541.000000, 46.000000, -541.000000,   small-vehicle,   2066
2618.000000, -348.000000, 2663.000000, -348.000000, 2663.000000, -322.000000, 2618.000000, -322.000000,   small-vehicle,   2068
1887.000000, 107.000000, 1906.000000, 107.000000, 1906.000000, 136.000000, 1887.000000, 136.000000,   small-vehicle,   2069
1396.000000, -538.000000, 1448.000000, -538.000000, 1448.000000, -512.000000, 1396.000000, -512.000000,   small-vehicle,   2072
3667.000000, 129.000000, 3714.000000, 129.000000, 3714.000000, 150.000000, 3667.000000, 150.000000,   small-vehicle,   2075
1522.000000, 337.000000, 1564.000000, 337.000000, 1564.000000, 363.000000, 1522.000000, 363.000000,   small-vehicle,   2077
349.000000, 439.000000, 374.000000, 439.000000, 374.000000, 488.000000, 349.000000, 488.000000,   small-vehicle,   2080
-6.000000, -636.000000, 42.000000, -636.000000, 42.000000, -590.000000, -6.000000, -590.000000,   small-vehicle,   2084
291.000000, -311.000000, 347.000000, -311.000000, 347.000000, -262.000000, 291.000000, -262.000000,   small-vehicle,   2085
3055.000000, -669.000000, 3090.000000, -669.000000, 3090.000000, -606.000000, 3055.000000, -606.000000,   small-vehicle,   2090
2683.000000, 185.000000, 2738.000000, 185.000000, 2738.000000, 208.000000, 2683.000000, 208.000000,   small-vehicle,   2093
3061.000000, 192.000000, 3130.000000, 192.000000, 3130.000000, 239.000000, 3061.000000, 239.000000,   small-vehicle,   2108
2578.000000, -713.000000, 2641.000000, -713.000000, 2641.000000, -687.000000, 2578.000000, -687.000000,   small-vehicle,   2110
2676.000000, 216.000000, 2745.000000, 216.000000, 2745.000000, 246.000000, 2676.000000, 246.000000,   small-vehicle,   2111
3054.000000, -743.000000, 3114.000000, -743.000000, 3114.000000, -702.000000, 3054.000000, -702.000000,   small-vehicle,   2112
293.000000, -409.000000, 348.000000, -409.000000, 348.000000, -367.000000, 293.000000, -367.000000,   small-vehicle,   2113
297.000000, -340.000000, 342.000000, -340.000000, 342.000000, -300.000000, 297.000000, -300.000000,   small-vehicle,   2114
2072.000000, -925.000000, 2101.000000, -925.000000, 2101.000000, -864.000000, 2072.000000, -864.000000,   small-vehicle,   2118
2736.000000, -815.000000, 2799.000000, -815.000000, 2799.000000, -780.000000, 2736.000000, -780.000000,   small-vehicle,   2119
3027.000000, 230.000000, 3068.000000, 230.000000, 3068.000000, 255.000000, 3027.000000, 255.000000,   small-vehicle,   2120
1849.000000, -332.000000, 1872.000000, -332.000000, 1872.000000, -290.000000, 1849.000000, -290.000000,   small-vehicle,   2121
2427.000000, 234.000000, 2483.000000, 234.000000, 2483.000000, 263.000000, 2427.000000, 263.000000,   small-vehicle,   2122
-37.000000, -392.000000, 16.000000, -392.000000, 16.000000, -365.000000, -37.000000, -365.000000,   small-vehicle,   2126
2173.000000, 1014.000000, 2203.000000, 1014.000000, 2203.000000, 1085.000000, 2173.000000, 1085.000000,   small-vehicle,   2131
373.000000, 370.000000, 419.000000, 370.000000, 419.000000, 434.000000, 373.000000, 434.000000,   small-vehicle,   2132
2197.000000, 529.000000, 2227.000000, 529.000000, 2227.000000, 595.000000, 2197.000000, 595.000000,   small-vehicle,   2133
1829.000000, -788.000000, 1853.000000, -788.000000, 1853.000000, -747.000000, 1829.000000, -747.000000,   small-vehicle,   2135
2413.000000, -788.000000, 2466.000000, -788.000000, 2466.000000, -759.000000, 2413.000000, -759.000000,   small-vehicle,   2136
1975.000000, -186.000000, 1989.000000, -186.000000, 1989.000000, -159.000000, 1975.000000, -159.000000,   small-vehicle,   2139
-40.000000, -588.000000, -2.000000, -588.000000, -2.000000, -553.000000, -40.000000, -553.000000,   small-vehicle,   2142
3231.000000, 220.000000, 3312.000000, 220.000000, 3312.000000, 243.000000, 3231.000000, 243.000000,   large-vehicle,   2144
2134.000000, 226.000000, 2167.000000, 226.000000, 2167.000000, 291.000000, 2134.000000, 291.000000,   large-vehicle,   2148
2341.000000, -779.000000, 2398.000000, -779.000000, 2398.000000, -755.000000, 2341.000000, -755.000000,   small-vehicle,   2150
2828.000000, 180.000000, 2895.000000, 180.000000, 2895.000000, 204.000000, 2828.000000, 204.000000,   small-vehicle,   2151
3178.000000, -849.000000, 3252.000000, -849.000000, 3252.000000, -816.000000, 3178.000000, -816.000000,   small-vehicle,   2152
313.000000, -849.000000, 336.000000, -849.000000, 336.000000, -803.000000, 313.000000, -803.000000,   small-vehicle,   2155
2219.000000, -874.000000, 2246.000000, -874.000000, 2246.000000, -824.000000, 2219.000000, -824.000000,   small-vehicle,   2156
1855.000000, -651.000000, 1877.000000, -651.000000, 1877.000000, -625.000000, 1855.000000, -625.000000,   small-vehicle,   2158
3099.000000, -844.000000, 3166.000000, -844.000000, 3166.000000, -813.000000, 3099.000000, -813.000000,   small-vehicle,   2159
1826.000000, -860.000000, 1855.000000, -860.000000, 1855.000000, -804.000000, 1826.000000, -804.000000,   small-vehicle,   2161
1899.000000, -696.000000, 1940.000000, -696.000000, 1940.000000, -597.000000, 1899.000000, -597.000000,   large-vehicle,   2162
2870.000000, -830.000000, 2930.000000, -830.000000, 2930.000000, -798.000000, 2870.000000, -798.000000,   small-vehicle,   2164
1943.000000, -737.000000, 1972.000000, -737.000000, 1972.000000, -680.000000, 1943.000000, -680.000000,   small-vehicle,   2165
317.000000, 880.000000, 336.000000, 880.000000, 336.000000, 924.000000, 317.000000, 924.000000,   small-vehicle,   2166
1291.000000, 378.000000, 1318.000000, 378.000000, 1318.000000, 424.000000, 1291.000000, 424.000000,   small-vehicle,   2168
1928.000000, 451.000000, 1966.000000, 451.000000, 1966.000000, 524.000000, 1928.000000, 524.000000,   small-vehicle,   2170
2686.000000, 620.000000, 2722.000000, 620.000000, 2722.000000, 687.000000, 2686.000000, 687.000000,   small-vehicle,   2171
3662.000000, -801.000000, 3722.000000, -801.000000, 3722.000000, -743.000000, 3662.000000, -743.000000,   small-vehicle,   2172
1823.000000, -932.000000, 1852.000000, -932.000000, 1852.000000, -875.000000, 1823.000000, -875.000000,   small-vehicle,   2173
3030.000000, -902.000000, 3063.000000, -902.000000, 3063.000000, -843.000000, 3030.000000, -843.000000,   small-vehicle,   2174
3396.000000, -876.000000, 3482.000000, -876.000000, 3482.000000, -839.000000, 3396.000000, -839.000000,   large-vehicle,   2175
3109.000000, 28.000000, 3148.000000, 28.000000, 3148.000000, 94.000000, 3109.000000, 94.000000,   small-vehicle,   2176
3489.000000, -873.000000, 3549.000000, -873.000000, 3549.000000, -844.000000, 3489.000000, -844.000000,   small-vehicle,   2177
2075.000000, 515.000000, 2106.000000, 515.000000, 2106.000000, 578.000000, 2075.000000, 578.000000,   small-vehicle,   2178
3315.000000, 218.000000, 3379.000000, 218.000000, 3379.000000, 243.000000, 3315.000000, 243.000000,   large-vehicle,   2179
2074.000000, 520.000000, 2107.000000, 520.000000, 2107.000000, 583.000000, 2074.000000, 583.000000,   large-vehicle,   2180
39.000000, -948.000000, 99.000000, -948.000000, 99.000000, -922.000000, 39.000000, -922.000000,   small-vehicle,   2181
2.000000, -941.000000, 38.000000, -941.000000, 38.000000, -915.000000, 2.000000, -915.000000,   small-vehicle,   2182
2828.000000, -727.000000, 2876.000000, -727.000000, 2876.000000, -670.000000, 2828.000000, -670.000000,   small-vehicle,   2183
2136.000000, 222.000000, 2167.000000, 222.000000, 2167.000000, 289.000000, 2136.000000, 289.000000,   small-vehicle,   2184
2037.000000, -951.000000, 2056.000000, -951.000000, 2056.000000, -920.000000, 2037.000000, -920.000000,   small-vehicle,   2185
3734.000000, 159.000000, 3806.000000, 159.000000, 3806.000000, 187.000000, 3734.000000, 187.000000,   small-vehicle,   2186
2076.000000, -279.000000, 2093.000000, -279.000000, 2093.000000, -253.000000, 2076.000000, -253.000000,   small-vehicle,   2187
2687.000000, 612.000000, 2721.000000, 612.000000, 2721.000000, 679.000000, 2687.000000, 679.000000,   large-vehicle,   2188
2893.000000, -699.000000, 2942.000000, -699.000000, 2942.000000, -670.000000, 2893.000000, -670.000000,   small-vehicle,   2189
2591.000000, -887.000000, 2624.000000, -887.000000, 2624.000000, -838.000000, 2591.000000, -838.000000,   small-vehicle,   2190
1931.000000, 454.000000, 1966.000000, 454.000000, 1966.000000, 529.000000, 1931.000000, 529.000000,   large-vehicle,   2191
3026.000000, -960.000000, 3057.000000, -960.000000, 3057.000000, -905.000000, 3026.000000, -905.000000,   small-vehicle,   2192
3110.000000, 41.000000, 3148.000000, 41.000000, 3148.000000, 109.000000, 3110.000000, 109.000000,   large-vehicle,   2193
