2175.000000, 1217.000000, 2239.000000, 1217.000000, 2239.000000, 1281.000000, 2175.000000, 1281.000000,   small-vehicle,   1290
2275.000000, 1391.000000, 2304.000000, 1391.000000, 2304.000000, 1447.000000, 2275.000000, 1447.000000,   small-vehicle,   1536
1957.000000, 1401.000000, 1985.000000, 1401.000000, 1985.000000, 1462.000000, 1957.000000, 1462.000000,   small-vehicle,   1537
1290.000000, 1368.000000, 1317.000000, 1368.000000, 1317.000000, 1420.000000, 1290.000000, 1420.000000,   small-vehicle,   1548
1960.000000, 1334.000000, 1987.000000, 1334.000000, 1987.000000, 1394.000000, 1960.000000, 1394.000000,   small-vehicle,   1549
2273.000000, 1315.000000, 2304.000000, 1315.000000, 2304.000000, 1376.000000, 2273.000000, 1376.000000,   small-vehicle,   1552
1284.000000, 1289.000000, 1310.000000, 1289.000000, 1310.000000, 1349.000000, 1284.000000, 1349.000000,   small-vehicle,   1554
1946.000000, 1269.000000, 1974.000000, 1269.000000, 1974.000000, 1318.000000, 1946.000000, 1318.000000,   small-vehicle,   1562
1972.000000, 1222.000000, 2000.000000, 1222.000000, 2000.000000, 1272.000000, 1972.000000, 1272.000000,   small-vehicle,   1566
2237.000000, 1221.000000, 2272.000000, 1221.000000, 2272.000000, 1287.000000, 2237.000000, 1287.000000,   small-vehicle,   1571
438.000000, 1172.000000, 497.000000, 1172.000000, 497.000000, 1205.000000, 438.000000, 1205.000000,   small-vehicle,   1575
512.000000, 1183.000000, 561.000000, 1183.000000, 561.000000, 1208.000000, 512.000000, 1208.000000,   small-vehicle,   1578
387.000000, 1112.000000, 414.000000, 1112.000000, 414.000000, 1172.000000, 387.000000, 1172.000000,   small-vehicle,   1594
1960.000000, 1066.000000, 1989.000000, 1066.000000, 1989.000000, 1116.000000, 1960.000000, 1116.000000,   small-vehicle,   1602
2928.000000, 1061.000000, 2993.000000, 1061.000000, 2993.000000, 1095.000000, 2928.000000, 1095.000000,   small-vehicle,   1614
320.000000, 1034.000000, 368.000000, 1034.000000, 368.000000, 1094.000000, 320.000000, 1094.000000,   small-vehicle,   1615
2232.000000, 1040.000000, 2257.000000, 1040.000000, 2257.000000, 1094.000000, 2232.000000, 1094.000000,   small-vehicle,   1623
3418.000000, 1042.000000, 3472.000000, 1042.000000, 3472.000000, 1067.000000, 3418.000000, 1067.000000,   small-vehicle,   1631
85.000000, 1090.000000, 139.000000, 1090.000000, 139.000000, 1131.000000, 85.000000, 1131.000000,   small-vehicle,   1632
2224.000000, 969.000000, 2256.000000, 969.000000, 2256.000000, 1036.000000, 2224.000000, 1036.000000,   small-vehicle,   1633
1929.000000, 900.000000, 1954.000000, 900.000000, 1954.000000, 955.000000, 1929.000000, 955.000000,   small-vehicle,   1637
3227.000000, 931.000000, 3262.000000, 931.000000, 3262.000000, 992.000000, 3227.000000, 992.000000,   small-vehicle,   1638
433.000000, 916.000000, 464.000000, 916.000000, 464.000000, 981.000000, 433.000000, 981.000000,   small-vehicle,   1643
358.000000, 894.000000, 386.000000, 894.000000, 386.000000, 946.000000, 358.000000, 946.000000,   small-vehicle,   1650
2247.000000, 846.000000, 2278.000000, 846.000000, 2278.000000, 905.000000, 2247.000000, 905.000000,   small-vehicle,   1656
1925.000000, 831.000000, 1953.000000, 831.000000, 1953.000000, 887.000000, 1925.000000, 887.000000,   small-vehicle,   1658
1036.000000, 1222.000000, 1094.000000, 1222.000000, 1094.000000, 1252.000000, 1036.000000, 1252.000000,   small-vehicle,   1659
3223.000000, 853.000000, 3259.000000, 853.000000, 3259.000000, 910.000000, 3223.000000, 910.000000,   small-vehicle,   1665
359.000000, 834.000000, 387.000000, 834.000000, 387.000000, 888.000000, 359.000000, 888.000000,   small-vehicle,   1666
2207.000000, 779.000000, 2236.000000, 779.000000, 2236.000000, 835.000000, 2207.000000, 835.000000,   small-vehicle,   1680
1952.000000, 799.000000, 1978.000000, 799.000000, 1978.000000, 852.000000, 1952.000000, 852.000000,   small-vehicle,   1683
1925.000000, 772.000000, 1951.000000, 772.000000, 1951.000000, 822.000000, 1925.000000, 822.000000,   small-vehicle,   1687
3253.000000, 1116.000000, 3317.000000, 1116.000000, 3317.000000, 1150.000000, 3253.000000, 1150.000000,   small-vehicle,   1688
2962.000000, 1233.000000, 2991.000000, 1233.000000, 2991.000000, 1278.000000, 2962.000000, 1278.000000,   small-vehicle,   1689
2466.000000, 1159.000000, 2519.000000, 1159.000000, 2519.000000, 1181.000000, 2466.000000, 1181.000000,   small-vehicle,   1693
2242.000000, 763.000000, 2270.000000, 763.000000, 2270.000000, 815.000000, 2242.000000, 815.000000,   small-vehicle,   1697
1952.000000, 725.000000, 1981.000000, 725.000000, 1981.000000, 787.000000, 1952.000000, 787.000000,   small-vehicle,   1699
2242.000000, 687.000000, 2270.000000, 687.000000, 2270.000000, 741.000000, 2242.000000, 741.000000,   small-vehicle,   1705
2153.000000, 482.000000, 2183.000000, 482.000000, 2183.000000, 549.000000, 2153.000000, 549.000000,   small-vehicle,   1706
1935.000000, 627.000000, 1964.000000, 627.000000, 1964.000000, 680.000000, 1935.000000, 680.000000,   small-vehicle,   1708
1915.000000, 690.000000, 1947.000000, 690.000000, 1947.000000, 747.000000, 1915.000000, 747.000000,   small-vehicle,   1709
233.000000, 1223.000000, 277.000000, 1223.000000, 277.000000, 1285.000000, 233.000000, 1285.000000,   small-vehicle,   1710
3222.000000, 627.000000, 3252.000000, 627.000000, 3252.000000, 686.000000, 3222.000000, 686.000000,   small-vehicle,   1715
2284.000000, 1256.000000, 2305.000000, 1256.000000, 2305.000000, 1306.000000, 2284.000000, 1306.000000,   small-vehicle,   1719
2725.000000, 607.000000, 2751.000000, 607.000000, 2751.000000, 666.000000, 2725.000000, 666.000000,   small-vehicle,   1727
2641.000000, 598.000000, 2675.000000, 598.000000, 2675.000000, 663.000000, 2641.000000, 663.000000,   small-vehicle,   1728
2230.000000, 561.000000, 2257.000000, 561.000000, 2257.000000, 624.000000, 2230.000000, 624.000000,   small-vehicle,   1729
2535.000000, 1153.000000, 2593.000000, 1153.000000, 2593.000000, 1183.000000, 2535.000000, 1183.000000,   small-vehicle,   1730
2763.000000, 595.000000, 2793.000000, 595.000000, 2793.000000, 655.000000, 2763.000000, 655.000000,   small-vehicle,   1731
2809.000000, 591.000000, 2838.000000, 591.000000, 2838.000000, 652.000000, 2809.000000, 652.000000,   small-vehicle,   1739
1918.000000, 534.000000, 1947.000000, 534.000000, 1947.000000, 593.000000, 1918.000000, 593.000000,   small-vehicle,   1742
2197.000000, 524.000000, 2226.000000, 524.000000, 2226.000000, 588.000000, 2197.000000, 588.000000,   small-vehicle,   1744
1459.000000, 1206.000000, 1504.000000, 1206.000000, 1504.000000, 1224.000000, 1459.000000, 1224.000000,   small-vehicle,   1747
1899.000000, 421.000000, 1929.000000, 421.000000, 1929.000000, 483.000000, 1899.000000, 483.000000,   small-vehicle,   1760
3168.000000, 1121.000000, 3231.000000, 1121.000000, 3231.000000, 1149.000000, 3168.000000, 1149.000000,   small-vehicle,   1761
1517.000000, 1200.000000, 1578.000000, 1200.000000, 1578.000000, 1222.000000, 1517.000000, 1222.000000,   small-vehicle,   1762
3204.000000, 485.000000, 3230.000000, 485.000000, 3230.000000, 547.000000, 3204.000000, 547.000000,   small-vehicle,   1763
65.000000, 431.000000, 123.000000, 431.000000, 123.000000, 458.000000, 65.000000, 458.000000,   small-vehicle,   1765
3198.000000, 408.000000, 3229.000000, 408.000000, 3229.000000, 477.000000, 3198.000000, 477.000000,   small-vehicle,   1767
2372.000000, 657.000000, 2422.000000, 657.000000, 2422.000000, 681.000000, 2372.000000, 681.000000,   small-vehicle,   1769
1047.000000, 371.000000, 1104.000000, 371.000000, 1104.000000, 398.000000, 1047.000000, 398.000000,   small-vehicle,   1772
47.000000, 353.000000, 109.000000, 353.000000, 109.000000, 383.000000, 47.000000, 383.000000,   small-vehicle,   1773
1895.000000, 366.000000, 1922.000000, 366.000000, 1922.000000, 410.000000, 1895.000000, 410.000000,   small-vehicle,   1777
2151.000000, 307.000000, 2178.000000, 307.000000, 2178.000000, 360.000000, 2151.000000, 360.000000,   small-vehicle,   1785
2221.000000, 366.000000, 2250.000000, 366.000000, 2250.000000, 420.000000, 2221.000000, 420.000000,   small-vehicle,   1787
562.000000, 321.000000, 612.000000, 321.000000, 612.000000, 346.000000, 562.000000, 346.000000,   small-vehicle,   1790
3549.000000, 1110.000000, 3616.000000, 1110.000000, 3616.000000, 1134.000000, 3549.000000, 1134.000000,   small-vehicle,   1791
498.000000, 326.000000, 550.000000, 326.000000, 550.000000, 351.000000, 498.000000, 351.000000,   small-vehicle,   1793
3194.000000, 324.000000, 3225.000000, 324.000000, 3225.000000, 384.000000, 3194.000000, 384.000000,   small-vehicle,   1794
695.000000, 346.000000, 758.000000, 346.000000, 758.000000, 378.000000, 695.000000, 378.000000,   small-vehicle,   1795
633.000000, 318.000000, 685.000000, 318.000000, 685.000000, 343.000000, 633.000000, 343.000000,   small-vehicle,   1799
700.000000, 312.000000, 759.000000, 312.000000, 759.000000, 337.000000, 700.000000, 337.000000,   small-vehicle,   1804
890.000000, 302.000000, 944.000000, 302.000000, 944.000000, 329.000000, 890.000000, 329.000000,   small-vehicle,   1805
1744.000000, 305.000000, 1799.000000, 305.000000, 1799.000000, 339.000000, 1744.000000, 339.000000,   small-vehicle,   1807
948.000000, 296.000000, 1009.000000, 296.000000, 1009.000000, 323.000000, 948.000000, 323.000000,   small-vehicle,   1808
767.000000, 308.000000, 817.000000, 308.000000, 817.000000, 333.000000, 767.000000, 333.000000,   small-vehicle,   1810
478.000000, 1247.000000, 540.000000, 1247.000000, 540.000000, 1279.000000, 478.000000, 1279.000000,   small-vehicle,   1813
348.000000, 280.000000, 381.000000, 280.000000, 381.000000, 338.000000, 348.000000, 338.000000,   small-vehicle,   1814
1030.000000, 290.000000, 1080.000000, 290.000000, 1080.000000, 316.000000, 1030.000000, 316.000000,   small-vehicle,   1817
828.000000, 305.000000, 880.000000, 305.000000, 880.000000, 329.000000, 828.000000, 329.000000,   small-vehicle,   1818
2185.000000, 299.000000, 2213.000000, 299.000000, 2213.000000, 355.000000, 2185.000000, 355.000000,   small-vehicle,   1819
730.000000, 1238.000000, 791.000000, 1238.000000, 791.000000, 1257.000000, 730.000000, 1257.000000,   small-vehicle,   1821
1675.000000, 238.000000, 1730.000000, 238.000000, 1730.000000, 268.000000, 1675.000000, 268.000000,   small-vehicle,   1822
1164.000000, 281.000000, 1218.000000, 281.000000, 1218.000000, 310.000000, 1164.000000, 310.000000,   small-vehicle,   1825
1572.000000, 249.000000, 1627.000000, 249.000000, 1627.000000, 276.000000, 1572.000000, 276.000000,   small-vehicle,   1826
1397.000000, 264.000000, 1447.000000, 264.000000, 1447.000000, 288.000000, 1397.000000, 288.000000,   small-vehicle,   1827
1234.000000, 277.000000, 1285.000000, 277.000000, 1285.000000, 302.000000, 1234.000000, 302.000000,   small-vehicle,   1831
1738.000000, 231.000000, 1790.000000, 231.000000, 1790.000000, 259.000000, 1738.000000, 259.000000,   small-vehicle,   1833
3191.000000, 265.000000, 3217.000000, 265.000000, 3217.000000, 327.000000, 3191.000000, 327.000000,   small-vehicle,   1835
1339.000000, 270.000000, 1383.000000, 270.000000, 1383.000000, 291.000000, 1339.000000, 291.000000,   small-vehicle,   1836
2963.000000, 1281.000000, 2991.000000, 1281.000000, 2991.000000, 1335.000000, 2963.000000, 1335.000000,   small-vehicle,   1837
1800.000000, 227.000000, 1849.000000, 227.000000, 1849.000000, 253.000000, 1800.000000, 253.000000,   small-vehicle,   1838
432.000000, 993.000000, 458.000000, 993.000000, 458.000000, 1035.000000, 432.000000, 1035.000000,   small-vehicle,   1839
352.000000, 221.000000, 377.000000, 221.000000, 377.000000, 269.000000, 352.000000, 269.000000,   small-vehicle,   1845
3145.000000, 533.000000, 3166.000000, 533.000000, 3166.000000, 581.000000, 3145.000000, 581.000000,   small-vehicle,   1850
2531.000000, 175.000000, 2587.000000, 175.000000, 2587.000000, 203.000000, 2531.000000, 203.000000,   small-vehicle,   1856
2477.000000, 180.000000, 2527.000000, 180.000000, 2527.000000, 207.000000, 2477.000000, 207.000000,   small-vehicle,   1858
2394.000000, 186.000000, 2462.000000, 186.000000, 2462.000000, 213.000000, 2394.000000, 213.000000,   small-vehicle,   1859
1772.000000, 174.000000, 1828.000000, 174.000000, 1828.000000, 199.000000, 1772.000000, 199.000000,   small-vehicle,   1860
409.000000, 1031.000000, 455.000000, 1031.000000, 455.000000, 1085.000000, 409.000000, 1085.000000,   small-vehicle,   1864
1968.000000, 288.000000, 1997.000000, 288.000000, 1997.000000, 355.000000, 1968.000000, 355.000000,   small-vehicle,   1866
351.000000, 131.000000, 378.000000, 131.000000, 378.000000, 180.000000, 351.000000, 180.000000,   small-vehicle,   1868
2961.000000, 142.000000, 3015.000000, 142.000000, 3015.000000, 168.000000, 2961.000000, 168.000000,   small-vehicle,   1869
3041.000000, 141.000000, 3101.000000, 141.000000, 3101.000000, 170.000000, 3041.000000, 170.000000,   small-vehicle,   1872
2827.000000, 157.000000, 2885.000000, 157.000000, 2885.000000, 181.000000, 2827.000000, 181.000000,   small-vehicle,   1874
2208.000000, 79.000000, 2236.000000, 79.000000, 2236.000000, 135.000000, 2208.000000, 135.000000,   small-vehicle,   1875
223.000000, 420.000000, 285.000000, 420.000000, 285.000000, 447.000000, 223.000000, 447.000000,   small-vehicle,   1876
350.000000, 72.000000, 372.000000, 72.000000, 372.000000, 115.000000, 350.000000, 115.000000,   small-vehicle,   1878
2814.000000, 187.000000, 2872.000000, 187.000000, 2872.000000, 219.000000, 2814.000000, 219.000000,   small-vehicle,   1882
300.000000, 1250.000000, 347.000000, 1250.000000, 347.000000, 1308.000000, 300.000000, 1308.000000,   small-vehicle,   1888
2233.000000, 512.000000, 2263.000000, 512.000000, 2263.000000, 552.000000, 2233.000000, 552.000000,   small-vehicle,   1889
1949.000000, 84.000000, 1978.000000, 84.000000, 1978.000000, 139.000000, 1949.000000, 139.000000,   small-vehicle,   1893
981.000000, 374.000000, 1030.000000, 374.000000, 1030.000000, 398.000000, 981.000000, 398.000000,   small-vehicle,   1895
3110.000000, 10.000000, 3146.000000, 10.000000, 3146.000000, 75.000000, 3110.000000, 75.000000,   small-vehicle,   1898
1903.000000, -41.000000, 1930.000000, -41.000000, 1930.000000, 11.000000, 1903.000000, 11.000000,   small-vehicle,   1900
1876.000000, -11.000000, 1907.000000, -11.000000, 1907.000000, 43.000000, 1876.000000, 43.000000,   small-vehicle,   1902
312.000000, 349.000000, 368.000000, 349.000000, 368.000000, 389.000000, 312.000000, 389.000000,   small-vehicle,   1909
1931.000000, 450.000000, 1965.000000, 450.000000, 1965.000000, 521.000000, 1931.000000, 521.000000,   large-vehicle,   1917
2350.000000, 232.000000, 2401.000000, 232.000000, 2401.000000, 258.000000, 2350.000000, 258.000000,   small-vehicle,   1918
2194.000000, -83.000000, 2225.000000, -83.000000, 2225.000000, -29.000000, 2194.000000, -29.000000,   small-vehicle,   1921
-8.000000, 417.000000, 53.000000, 417.000000, 53.000000, 442.000000, -8.000000, 442.000000,   small-vehicle,   1922
182.000000, 1335.000000, 228.000000, 1335.000000, 228.000000, 1397.000000, 182.000000, 1397.000000,   small-vehicle,   1927
1980.000000, 539.000000, 2010.000000, 539.000000, 2010.000000, 592.000000, 1980.000000, 592.000000,   small-vehicle,   1936
1870.000000, -123.000000, 1893.000000, -123.000000, 1893.000000, -84.000000, 1870.000000, -84.000000,   small-vehicle,   1941
2191.000000, -170.000000, 2219.000000, -170.000000, 2219.000000, -109.000000, 2191.000000, -109.000000,   small-vehicle,   1945
910.000000, 363.000000, 961.000000, 363.000000, 961.000000, 387.000000, 910.000000, 387.000000,   small-vehicle,   1950
1896.000000, -175.000000, 1921.000000, -175.000000, 1921.000000, -114.000000, 1896.000000, -114.000000,   small-vehicle,   1952
2815.000000, 235.000000, 2882.000000, 235.000000, 2882.000000, 262.000000, 2815.000000, 262.000000,   small-vehicle,   1954
1907.000000, 591.000000, 1928.000000, 591.000000, 1928.000000, 638.000000, 1907.000000, 638.000000,   small-vehicle,   1955
283.000000, 395.000000, 334.000000, 395.000000, 334.000000, 421.000000, 283.000000, 421.000000,   small-vehicle,   1966
1864.000000, -215.000000, 1891.000000, -215.000000, 1891.000000, -159.000000, 1864.000000, -159.000000,   small-vehicle,   1967
3093.000000, -202.000000, 3124.000000, -202.000000, 3124.000000, -144.000000, 3093.000000, -144.000000,   small-vehicle,   1968
2658.000000, 245.000000, 2715.000000, 245.000000, 2715.000000, 272.000000, 2658.000000, 272.000000,   small-vehicle,   1970
1953.000000, 167.000000, 1983.000000, 167.000000, 1983.000000, 223.000000, 1953.000000, 223.000000,   small-vehicle,   1971
2184.000000, -244.000000, 2215.000000, -244.000000, 2215.000000, -186.000000, 2184.000000, -186.000000,   small-vehicle,   1972
1342.000000, 344.000000, 1403.000000, 344.000000, 1403.000000, 377.000000, 1342.000000, 377.000000,   small-vehicle,   1974
2158.000000, -227.000000, 2189.000000, -227.000000, 2189.000000, -169.000000, 2158.000000, -169.000000,   small-vehicle,   1977
2968.000000, 1372.000000, 3002.000000, 1372.000000, 3002.000000, 1435.000000, 2968.000000, 1435.000000,   small-vehicle,   1980
321.000000, 898.000000, 343.000000, 898.000000, 343.000000, 940.000000, 321.000000, 940.000000,   small-vehicle,   1981
156.000000, 1399.000000, 202.000000, 1399.000000, 202.000000, 1462.000000, 156.000000, 1462.000000,   small-vehicle,   1983
2150.000000, -301.000000, 2178.000000, -301.000000, 2178.000000, -241.000000, 2150.000000, -241.000000,   small-vehicle,   1988
3233.000000, 209.000000, 3283.000000, 209.000000, 3283.000000, 231.000000, 3233.000000, 231.000000,   small-vehicle,   1992
138.000000, 1436.000000, 176.000000, 1436.000000, 176.000000, 1480.000000, 138.000000, 1480.000000,   small-vehicle,   1995
1936.000000, -41.000000, 1964.000000, -41.000000, 1964.000000, 14.000000, 1936.000000, 14.000000,   small-vehicle,   1997
2050.000000, 1061.000000, 2082.000000, 1061.000000, 2082.000000, 1129.000000, 2050.000000, 1129.000000,   small-vehicle,   1998
3089.000000, -280.000000, 3116.000000, -280.000000, 3116.000000, -225.000000, 3089.000000, -225.000000,   small-vehicle,   2005
2180.000000, -321.000000, 2209.000000, -321.000000, 2209.000000, -261.000000, 2180.000000, -261.000000,   small-vehicle,   2006
1386.000000, 1209.000000, 1442.000000, 1209.000000, 1442.000000, 1228.000000, 1386.000000, 1228.000000,   small-vehicle,   2007
253.000000, -333.000000, 303.000000, -333.000000, 303.000000, -286.000000, 253.000000, -286.000000,   small-vehicle,   2008
2618.000000, -391.000000, 2676.000000, -391.000000, 2676.000000, -362.000000, 2618.000000, -362.000000,   small-vehicle,   2013
400.000000, 1252.000000, 461.000000, 1252.000000, 461.000000, 1284.000000, 400.000000, 1284.000000,   small-vehicle,   2014
3314.000000, 206.000000, 3380.000000, 206.000000, 3380.000000, 231.000000, 3314.000000, 231.000000,   small-vehicle,   2016
3449.000000, 199.000000, 3512.000000, 199.000000, 3512.000000, 222.000000, 3449.000000, 222.000000,   small-vehicle,   2017
3664.000000, 188.000000, 3714.000000, 188.000000, 3714.000000, 207.000000, 3664.000000, 207.000000,   small-vehicle,   2021
2686.000000, 613.000000, 2719.000000, 613.000000, 2719.000000, 679.000000, 2686.000000, 679.000000,   large-vehicle,   2022
1855.000000, -381.000000, 1885.000000, -381.000000, 1885.000000, -323.000000, 1855.000000, -323.000000,   small-vehicle,   2023
188.000000, -476.000000, 247.000000, -476.000000, 247.000000, -421.000000, 188.000000, -421.000000,   small-vehicle,   2028
2948.000000, 223.000000, 3010.000000, 223.000000, 3010.000000, 257.000000, 2948.000000, 257.000000,   small-vehicle,   2030
243.000000, -430.000000, 291.000000, -430.000000, 291.000000, -387.000000, 243.000000, -387.000000,   small-vehicle,   2031
1875.000000, -447.000000, 1904.000000, -447.000000, 1904.000000, -389.000000, 1875.000000, -389.000000,   small-vehicle,   2033
2162.000000, -426.000000, 2186.000000, -426.000000, 2186.000000, -376.000000, 2162.000000, -376.000000,   small-vehicle,   2035
1335.000000, 321.000000, 1514.000000, 321.000000, 1514.000000, 357.000000, 1335.000000, 357.000000,   large-vehicle,   2036
39.000000, -510.000000, 99.000000, -510.000000, 99.000000, -457.000000, 39.000000, -457.000000,   small-vehicle,   2038
2158.000000, -484.000000, 2184.000000, -484.000000, 2184.000000, -434.000000, 2158.000000, -434.000000,   small-vehicle,   2039
1924.000000, -329.000000, 1951.000000, -329.000000, 1951.000000, -260.000000, 1924.000000, -260.000000,   small-vehicle,   2041
1980.000000, -127.000000, 2007.000000, -127.000000, 2007.000000, -70.000000, 1980.000000, -70.000000,   small-vehicle,   2042
82.000000, -432.000000, 130.000000, -432.000000, 130.000000, -372.000000, 82.000000, -372.000000,   small-vehicle,   2043
347.000000, 945.000000, 386.000000, 945.000000, 386.000000, 1010.000000, 347.000000, 1010.000000,   large-vehicle,   2047
1869.000000, -520.000000, 1904.000000, -520.000000, 1904.000000, -454.000000, 1869.000000, -454.000000,   small-vehicle,   2050
3081.000000, -361.000000, 3112.000000, -361.000000, 3112.000000, -292.000000, 3081.000000, -292.000000,   small-vehicle,   2054
-15.000000, -548.000000, 45.000000, -548.000000, 45.000000, -499.000000, -15.000000, -499.000000,   small-vehicle,   2060
2476.000000, 255.000000, 2530.000000, 255.000000, 2530.000000, 277.000000, 2476.000000, 277.000000,   small-vehicle,   2064
2164.000000, -547.000000, 2191.000000, -547.000000, 2191.000000, -498.000000, 2164.000000, -498.000000,   small-vehicle,   2065
49.000000, -587.000000, 112.000000, -587.000000, 112.000000, -530.000000, 49.000000, -530.000000,   small-vehicle,   2066
2925.000000, 193.000000, 2996.000000, 193.000000, 2996.000000, 226.000000, 2925.000000, 226.000000,   small-vehicle,   2067
2620.000000, -357.000000, 2665.000000, -357.000000, 2665.000000, -331.000000, 2620.000000, -331.000000,   small-vehicle,   2068
1887.000000, 105.000000, 1908.000000, 105.000000, 1908.000000, 137.000000, 1887.000000, 137.000000,   small-vehicle,   2069
1395.000000, -535.000000, 1448.000000, -535.000000, 1448.000000, -508.000000, 1395.000000, -508.000000,   small-vehicle,   2072
2074.000000, 511.000000, 2106.000000, 511.000000, 2106.000000, 575.000000, 2074.000000, 575.000000,   small-vehicle,   2074
3665.000000, 109.000000, 3713.000000, 109.000000, 3713.000000, 134.000000, 3665.000000, 134.000000,   small-vehicle,   2075
2314.000000, 888.000000, 2334.000000, 888.000000, 2334.000000, 935.000000, 2314.000000, 935.000000,   small-vehicle,   2076
1519.000000, 330.000000, 1562.000000, 330.000000, 1562.000000, 355.000000, 1519.000000, 355.000000,   small-vehicle,   2077
1927.000000, 419.000000, 1964.000000, 419.000000, 1964.000000, 495.000000, 1927.000000, 495.000000,   small-vehicle,   2078
347.000000, 919.000000, 381.000000, 919.000000, 381.000000, 983.000000, 347.000000, 983.000000,   small-vehicle,   2079
353.000000, 438.000000, 382.000000, 438.000000, 382.000000, 480.000000, 353.000000, 480.000000,   small-vehicle,   2080
723.000000, 1190.000000, 784.000000, 1190.000000, 784.000000, 1207.000000, 723.000000, 1207.000000,   large-vehicle,   2081
-5.000000, -625.000000, 47.000000, -625.000000, 47.000000, -576.000000, -5.000000, -576.000000,   small-vehicle,   2084
295.000000, -301.000000, 349.000000, -301.000000, 349.000000, -252.000000, 295.000000, -252.000000,   small-vehicle,   2085
3231.000000, 188.000000, 3314.000000, 188.000000, 3314.000000, 212.000000, 3231.000000, 212.000000,   large-vehicle,   2086
3109.000000, 31.000000, 3146.000000, 31.000000, 3146.000000, 100.000000, 3109.000000, 100.000000,   large-vehicle,   2087
2154.000000, 706.000000, 2187.000000, 706.000000, 2187.000000, 774.000000, 2154.000000, 774.000000,   small-vehicle,   2088
2929.000000, 1063.000000, 2997.000000, 1063.000000, 2997.000000, 1096.000000, 2929.000000, 1096.000000,   large-vehicle,   2089
3056.000000, -678.000000, 3090.000000, -678.000000, 3090.000000, -623.000000, 3056.000000, -623.000000,   small-vehicle,   2090
727.000000, 1232.000000, 791.000000, 1232.000000, 791.000000, 1267.000000, 727.000000, 1267.000000,   small-vehicle,   2091
1856.000000, -647.000000, 1878.000000, -647.000000, 1878.000000, -622.000000, 1856.000000, -622.000000,   small-vehicle,   2092
2681.000000, 178.000000, 2735.000000, 178.000000, 2735.000000, 196.000000, 2681.000000, 196.000000,   small-vehicle,   2093
3111.000000, 28.000000, 3147.000000, 28.000000, 3147.000000, 94.000000, 3111.000000, 94.000000,   small-vehicle,   2094
1928.000000, 448.000000, 1966.000000, 448.000000, 1966.000000, 523.000000, 1928.000000, 523.000000,   small-vehicle,   2095
297.000000, 312.000000, 342.000000, 312.000000, 342.000000, 337.000000, 297.000000, 337.000000,   small-vehicle,   2096
1389.000000, 384.000000, 1431.000000, 384.000000, 1431.000000, 400.000000, 1389.000000, 400.000000,   small-vehicle,   2097
2154.000000, 715.000000, 2187.000000, 715.000000, 2187.000000, 784.000000, 2154.000000, 784.000000,   large-vehicle,   2098
2075.000000, 516.000000, 2106.000000, 516.000000, 2106.000000, 577.000000, 2075.000000, 577.000000,   large-vehicle,   2099
