2013.000000, 2852.000000, 2041.000000, 2850.000000, 2042.000000, 2916.000000, 2014.000000, 2917.000000,     small-vehicle,     0
2342.000000, 2911.000000, 2371.000000, 2910.000000, 2373.000000, 2973.000000, 2344.000000, 2975.000000,     small-vehicle,     1
2020.000000, 2936.000000, 2047.000000, 2935.000000, 2048.000000, 2997.000000, 2022.000000, 2998.000000,     small-vehicle,     2
2215.000000, 3458.000000, 2246.000000, 3456.000000, 2249.000000, 3520.000000, 2217.000000, 3521.000000,     small-vehicle,     3
2022.000000, 2569.000000, 2051.000000, 2568.000000, 2052.000000, 2633.000000, 2024.000000, 2634.000000,     small-vehicle,     4
2364.000000, 3261.000000, 2394.000000, 3259.000000, 2397.000000, 3327.000000, 2367.000000, 3327.000000,     small-vehicle,     5
1382.000000, 3659.000000, 1412.000000, 3658.000000, 1411.000000, 3728.000000, 1382.000000, 3731.000000,     small-vehicle,     6
1701.000000, 3939.000000, 1757.000000, 3936.000000, 1757.000000, 3967.000000, 1702.000000, 3970.000000,     small-vehicle,     7
2336.000000, 3098.000000, 2362.000000, 3097.000000, 2365.000000, 3163.000000, 2339.000000, 3163.000000,     small-vehicle,     8
3359.000000, 3638.000000, 3416.000000, 3634.000000, 3419.000000, 3667.000000, 3362.000000, 3670.000000,     small-vehicle,     9
1194.000000, 3816.000000, 1246.000000, 3813.000000, 1246.000000, 3846.000000, 1194.000000, 3849.000000,     small-vehicle,     10
490.000000, 3874.000000, 557.000000, 3869.000000, 555.000000, 3903.000000, 489.000000, 3906.000000,     small-vehicle,     11
1408.000000, 2951.000000, 1434.000000, 2950.000000, 1434.000000, 3021.000000, 1408.000000, 3022.000000,     small-vehicle,     12
3769.000000, 3886.000000, 3814.000000, 3884.000000, 3817.000000, 3910.000000, 3772.000000, 3912.000000,     small-vehicle,     13
2852.000000, 3784.000000, 2906.000000, 3779.000000, 2908.000000, 3808.000000, 2854.000000, 3813.000000,     small-vehicle,     14
2252.000000, 4134.000000, 2289.000000, 4131.000000, 2292.000000, 4211.000000, 2254.000000, 4214.000000,     small-vehicle,     15
1297.000000, 3802.000000, 1356.000000, 3800.000000, 1356.000000, 3834.000000, 1297.000000, 3837.000000,     small-vehicle,     16
2334.000000, 2823.000000, 2364.000000, 2823.000000, 2367.000000, 2898.000000, 2336.000000, 2899.000000,     small-vehicle,     17
1816.000000, 3842.000000, 1874.000000, 3837.000000, 1875.000000, 3874.000000, 1817.000000, 3877.000000,     small-vehicle,     18
2311.000000, 3008.000000, 2366.000000, 3005.000000, 2369.000000, 3076.000000, 2313.000000, 3078.000000,     small-vehicle,     19
2160.000000, 3345.000000, 2197.000000, 3344.000000, 2200.000000, 3415.000000, 2161.000000, 3416.000000,     small-vehicle,     20
2040.000000, 2759.000000, 2067.000000, 2758.000000, 2069.000000, 2829.000000, 2041.000000, 2830.000000,     small-vehicle,     21
1823.000000, 4034.000000, 1887.000000, 4028.000000, 1888.000000, 4059.000000, 1824.000000, 4064.000000,     small-vehicle,     22
2675.000000, 4010.000000, 2728.000000, 4005.000000, 2729.000000, 4034.000000, 2677.000000, 4039.000000,     small-vehicle,     23
2300.000000, 4392.000000, 2331.000000, 4388.000000, 2334.000000, 4465.000000, 2302.000000, 4467.000000,     small-vehicle,     24
145.000000, 3899.000000, 214.000000, 3895.000000, 212.000000, 3929.000000, 144.000000, 3933.000000,     small-vehicle,     25
2377.000000, 3361.000000, 2405.000000, 3361.000000, 2407.000000, 3419.000000, 2380.000000, 3420.000000,     small-vehicle,     26
904.000000, 3837.000000, 967.000000, 3832.000000, 965.000000, 3868.000000, 904.000000, 3872.000000,     small-vehicle,     27
2401.000000, 4783.000000, 2427.000000, 4780.000000, 2429.000000, 4842.000000, 2403.000000, 4845.000000,     small-vehicle,     28
2450.000000, 4220.000000, 2485.000000, 4218.000000, 2490.000000, 4303.000000, 2453.000000, 4307.000000,     small-vehicle,     29
2759.000000, 4399.000000, 2827.000000, 4394.000000, 2830.000000, 4436.000000, 2760.000000, 4442.000000,     small-vehicle,     30
2353.000000, 4829.000000, 2381.000000, 4827.000000, 2384.000000, 4901.000000, 2354.000000, 4904.000000,     small-vehicle,     31
2352.000000, 3172.000000, 2387.000000, 3170.000000, 2390.000000, 3245.000000, 2354.000000, 3245.000000,     small-vehicle,     32
2103.000000, 3528.000000, 2150.000000, 3526.000000, 2152.000000, 3598.000000, 2105.000000, 3602.000000,     small-vehicle,     33
2927.000000, 3766.000000, 2986.000000, 3763.000000, 2988.000000, 3795.000000, 2928.000000, 3798.000000,     small-vehicle,     34
2384.000000, 3474.000000, 2413.000000, 3472.000000, 2417.000000, 3551.000000, 2387.000000, 3552.000000,     small-vehicle,     35
2095.000000, 2950.000000, 2122.000000, 2950.000000, 2124.000000, 3020.000000, 2098.000000, 3021.000000,     small-vehicle,     36
2379.000000, 4943.000000, 2406.000000, 4940.000000, 2409.000000, 5009.000000, 2381.000000, 5013.000000,     small-vehicle,     37
3163.000000, 3748.000000, 3223.000000, 3744.000000, 3226.000000, 3774.000000, 3165.000000, 3778.000000,     small-vehicle,     38
301.000000, 3716.000000, 329.000000, 3714.000000, 326.000000, 3777.000000, 298.000000, 3779.000000,     small-vehicle,     39
2342.000000, 3334.000000, 2368.000000, 3333.000000, 2370.000000, 3402.000000, 2345.000000, 3403.000000,     small-vehicle,     40
1423.000000, 2585.000000, 1455.000000, 2583.000000, 1455.000000, 2647.000000, 1423.000000, 2647.000000,     small-vehicle,     41
2814.000000, 3682.000000, 2865.000000, 3679.000000, 2867.000000, 3712.000000, 2815.000000, 3715.000000,     small-vehicle,     42
1406.000000, 2869.000000, 1429.000000, 2869.000000, 1429.000000, 2927.000000, 1407.000000, 2927.000000,     small-vehicle,     43
1857.000000, 3926.000000, 1928.000000, 3921.000000, 1928.000000, 3957.000000, 1857.000000, 3962.000000,     small-vehicle,     44
1550.000000, 3949.000000, 1604.000000, 3946.000000, 1604.000000, 3980.000000, 1550.000000, 3985.000000,     small-vehicle,     45
2298.000000, 2723.000000, 2325.000000, 2722.000000, 2328.000000, 2797.000000, 2301.000000, 2798.000000,     small-vehicle,     46
1046.000000, 3828.000000, 1109.000000, 3823.000000, 1109.000000, 3861.000000, 1046.000000, 3864.000000,     small-vehicle,     47
2362.000000, 3093.000000, 2388.000000, 3093.000000, 2390.000000, 3153.000000, 2364.000000, 3153.000000,     small-vehicle,     48
3161.000000, 3658.000000, 3217.000000, 3654.000000, 3218.000000, 3684.000000, 3163.000000, 3687.000000,     small-vehicle,     49
68.000000, 3906.000000, 136.000000, 3902.000000, 134.000000, 3941.000000, 65.000000, 3947.000000,     small-vehicle,     50
605.000000, 3860.000000, 675.000000, 3855.000000, 674.000000, 3891.000000, 605.000000, 3895.000000,     small-vehicle,     51
2268.000000, 4214.000000, 2304.000000, 4210.000000, 2308.000000, 4292.000000, 2271.000000, 4295.000000,     small-vehicle,     52
1547.000000, 4006.000000, 1611.000000, 4002.000000, 1611.000000, 4034.000000, 1547.000000, 4038.000000,     small-vehicle,     53
2874.000000, 4390.000000, 2930.000000, 4384.000000, 2932.000000, 4417.000000, 2874.000000, 4422.000000,     small-vehicle,     54
328.000000, 4203.000000, 394.000000, 4196.000000, 393.000000, 4230.000000, 327.000000, 4236.000000,     small-vehicle,     55
3105.000000, 3976.000000, 3162.000000, 3972.000000, 3164.000000, 4003.000000, 3106.000000, 4008.000000,     small-vehicle,     56
3564.000000, 3438.000000, 3591.000000, 3436.000000, 3597.000000, 3500.000000, 3569.000000, 3503.000000,     small-vehicle,     57
1253.000000, 3989.000000, 1314.000000, 3985.000000, 1314.000000, 4019.000000, 1253.000000, 4023.000000,     small-vehicle,     58
3575.000000, 4920.000000, 3603.000000, 4916.000000, 3611.000000, 5003.000000, 3581.000000, 5007.000000,     small-vehicle,     59
2337.000000, 4302.000000, 2370.000000, 4298.000000, 2373.000000, 4387.000000, 2339.000000, 4390.000000,     small-vehicle,     60
2166.000000, 4425.000000, 2193.000000, 4422.000000, 2195.000000, 4492.000000, 2168.000000, 4496.000000,     small-vehicle,     61
693.000000, 3853.000000, 753.000000, 3848.000000, 752.000000, 3881.000000, 693.000000, 3886.000000,     small-vehicle,     62
3502.000000, 3532.000000, 3532.000000, 3531.000000, 3538.000000, 3603.000000, 3507.000000, 3605.000000,     small-vehicle,     63
1257.000000, 4134.000000, 1311.000000, 4129.000000, 1311.000000, 4161.000000, 1257.000000, 4164.000000,     small-vehicle,     64
3272.000000, 3645.000000, 3337.000000, 3641.000000, 3340.000000, 3673.000000, 3275.000000, 3677.000000,     small-vehicle,     65
2281.000000, 2569.000000, 2317.000000, 2568.000000, 2319.000000, 2630.000000, 2284.000000, 2631.000000,     small-vehicle,     66
953.000000, 4016.000000, 1017.000000, 4012.000000, 1016.000000, 4048.000000, 953.000000, 4053.000000,     small-vehicle,     67
2770.000000, 2518.000000, 2830.000000, 2516.000000, 2831.000000, 2555.000000, 2773.000000, 2556.000000,     small-vehicle,     69
3877.000000, 4215.000000, 3936.000000, 4210.000000, 3939.000000, 4244.000000, 3881.000000, 4249.000000,     small-vehicle,     70
2371.000000, 5080.000000, 2401.000000, 5077.000000, 2402.000000, 5142.000000, 2374.000000, 5145.000000,     small-vehicle,     71
2585.000000, 3852.000000, 2645.000000, 3848.000000, 2647.000000, 3880.000000, 2585.000000, 3884.000000,     small-vehicle,     72
3435.000000, 3630.000000, 3495.000000, 3627.000000, 3497.000000, 3662.000000, 3437.000000, 3664.000000,     small-vehicle,     73
225.000000, 3892.000000, 287.000000, 3889.000000, 286.000000, 3921.000000, 224.000000, 3925.000000,     small-vehicle,     74
1400.000000, 3148.000000, 1429.000000, 3146.000000, 1429.000000, 3216.000000, 1400.000000, 3216.000000,     small-vehicle,     75
2139.000000, 3106.000000, 2170.000000, 3104.000000, 2172.000000, 3186.000000, 2140.000000, 3188.000000,     small-vehicle,     76
2066.000000, 3452.000000, 2095.000000, 3450.000000, 2096.000000, 3521.000000, 2068.000000, 3523.000000,     small-vehicle,     77
2925.000000, 3988.000000, 2993.000000, 3984.000000, 2996.000000, 4016.000000, 2928.000000, 4022.000000,     small-vehicle,     78
407.000000, 2819.000000, 465.000000, 2816.000000, 464.000000, 2855.000000, 406.000000, 2856.000000,     small-vehicle,     79
1717.000000, 3976.000000, 1781.000000, 3972.000000, 1782.000000, 4006.000000, 1716.000000, 4011.000000,     small-vehicle,     80
2518.000000, 4904.000000, 2542.000000, 4901.000000, 2545.000000, 4968.000000, 2521.000000, 4970.000000,     small-vehicle,     81
1342.000000, 4030.000000, 1400.000000, 4025.000000, 1400.000000, 4056.000000, 1342.000000, 4061.000000,     small-vehicle,     82
2800.000000, 3835.000000, 2872.000000, 3830.000000, 2874.000000, 3862.000000, 2801.000000, 3867.000000,     small-vehicle,     83
1359.000000, 3971.000000, 1425.000000, 3966.000000, 1424.000000, 3998.000000, 1359.000000, 4004.000000,     small-vehicle,     84
3028.000000, 2547.000000, 3069.000000, 2547.000000, 3071.000000, 2572.000000, 3029.000000, 2574.000000,     small-vehicle,     85
2294.000000, 2931.000000, 2322.000000, 2930.000000, 2324.000000, 3003.000000, 2296.000000, 3004.000000,     small-vehicle,     86
2561.000000, 2546.000000, 2615.000000, 2544.000000, 2616.000000, 2581.000000, 2563.000000, 2584.000000,     small-vehicle,     87
2599.000000, 3737.000000, 2656.000000, 3732.000000, 2658.000000, 3765.000000, 2600.000000, 3768.000000,     small-vehicle,     88
3568.000000, 3943.000000, 3616.000000, 3938.000000, 3618.000000, 3966.000000, 3570.000000, 3971.000000,     small-vehicle,     89
2207.000000, 3329.000000, 2236.000000, 3328.000000, 2239.000000, 3411.000000, 2211.000000, 3412.000000,     small-vehicle,     90
3658.000000, 3624.000000, 3719.000000, 3621.000000, 3722.000000, 3651.000000, 3660.000000, 3654.000000,     small-vehicle,     91
3281.000000, 3962.000000, 3335.000000, 3958.000000, 3337.000000, 3984.000000, 3283.000000, 3988.000000,     small-vehicle,     92
3242.000000, 4267.000000, 3295.000000, 4262.000000, 3297.000000, 4295.000000, 3245.000000, 4299.000000,     small-vehicle,     93
2065.000000, 3214.000000, 2092.000000, 3212.000000, 2095.000000, 3289.000000, 2068.000000, 3291.000000,     small-vehicle,     94
2691.000000, 4406.000000, 2752.000000, 4400.000000, 2754.000000, 4445.000000, 2692.000000, 4451.000000,     small-vehicle,     95
3092.000000, 3754.000000, 3148.000000, 3751.000000, 3150.000000, 3783.000000, 3093.000000, 3787.000000,     small-vehicle,     96
881.000000, 4017.000000, 944.000000, 4012.000000, 944.000000, 4055.000000, 879.000000, 4059.000000,     small-vehicle,     97
3840.000000, 3667.000000, 3895.000000, 3665.000000, 3898.000000, 3698.000000, 3843.000000, 3702.000000,     small-vehicle,     98
3284.000000, 4345.000000, 3349.000000, 4340.000000, 3351.000000, 4372.000000, 3287.000000, 4378.000000,     small-vehicle,     99
3029.000000, 3979.000000, 3076.000000, 3975.000000, 3078.000000, 4009.000000, 3032.000000, 4014.000000,     small-vehicle,     100
2112.000000, 3255.000000, 2140.000000, 3252.000000, 2143.000000, 3323.000000, 2114.000000, 3323.000000,     small-vehicle,     101
3703.000000, 3933.000000, 3771.000000, 3929.000000, 3774.000000, 3963.000000, 3706.000000, 3970.000000,     small-vehicle,     102
1849.000000, 3974.000000, 1916.000000, 3969.000000, 1917.000000, 4002.000000, 1850.000000, 4006.000000,     small-vehicle,     103
3542.000000, 4432.000000, 3573.000000, 4431.000000, 3578.000000, 4504.000000, 3549.000000, 4507.000000,     small-vehicle,     104
2168.000000, 3508.000000, 2208.000000, 3506.000000, 2211.000000, 3597.000000, 2170.000000, 3600.000000,     small-vehicle,     105
3117.000000, 3700.000000, 3173.000000, 3696.000000, 3175.000000, 3727.000000, 3118.000000, 3731.000000,     small-vehicle,     106
3894.000000, 4329.000000, 3921.000000, 4327.000000, 3929.000000, 4399.000000, 3900.000000, 4400.000000,     small-vehicle,     107
3705.000000, 4224.000000, 3762.000000, 4220.000000, 3764.000000, 4252.000000, 3706.000000, 4257.000000,     small-vehicle,     108
3279.000000, 3689.000000, 3344.000000, 3684.000000, 3346.000000, 3716.000000, 3280.000000, 3721.000000,     small-vehicle,     109
2084.000000, 3360.000000, 2115.000000, 3360.000000, 2117.000000, 3437.000000, 2085.000000, 3437.000000,     small-vehicle,     110
2686.000000, 3727.000000, 2752.000000, 3722.000000, 2753.000000, 3758.000000, 2688.000000, 3762.000000,     small-vehicle,     111
3163.000000, 3905.000000, 3225.000000, 3901.000000, 3228.000000, 3932.000000, 3164.000000, 3936.000000,     small-vehicle,     112
1158.000000, 4089.000000, 1223.000000, 4084.000000, 1223.000000, 4122.000000, 1158.000000, 4126.000000,     small-vehicle,     113
2429.000000, 4436.000000, 2459.000000, 4434.000000, 2462.000000, 4515.000000, 2432.000000, 4519.000000,     small-vehicle,     114
2586.000000, 3792.000000, 2646.000000, 3789.000000, 2648.000000, 3823.000000, 2588.000000, 3828.000000,     small-vehicle,     115
1624.000000, 3940.000000, 1688.000000, 3936.000000, 1688.000000, 3970.000000, 1624.000000, 3974.000000,     small-vehicle,     116
3530.000000, 4246.000000, 3589.000000, 4241.000000, 3592.000000, 4275.000000, 3533.000000, 4281.000000,     small-vehicle,     117
1139.000000, 3993.000000, 1202.000000, 3989.000000, 1202.000000, 4023.000000, 1138.000000, 4027.000000,     small-vehicle,     118
3547.000000, 3719.000000, 3609.000000, 3716.000000, 3611.000000, 3752.000000, 3549.000000, 3755.000000,     small-vehicle,     119
2016.000000, 2498.000000, 2044.000000, 2498.000000, 2046.000000, 2559.000000, 2017.000000, 2559.000000,     small-vehicle,     120
2909.000000, 2505.000000, 2960.000000, 2504.000000, 2963.000000, 2540.000000, 2911.000000, 2542.000000,     small-vehicle,     121
3198.000000, 3700.000000, 3256.000000, 3696.000000, 3259.000000, 3726.000000, 3201.000000, 3729.000000,     small-vehicle,     122
1951.000000, 3960.000000, 2019.000000, 3956.000000, 2020.000000, 3994.000000, 1952.000000, 3998.000000,     small-vehicle,     123
320.000000, 4106.000000, 386.000000, 4102.000000, 385.000000, 4140.000000, 319.000000, 4144.000000,     small-vehicle,     124
2697.000000, 4315.000000, 2760.000000, 4310.000000, 2762.000000, 4344.000000, 2699.000000, 4349.000000,     small-vehicle,     125
1249.000000, 4080.000000, 1311.000000, 4074.000000, 1311.000000, 4109.000000, 1249.000000, 4113.000000,     small-vehicle,     126
2094.000000, 2698.000000, 2127.000000, 2697.000000, 2129.000000, 2774.000000, 2097.000000, 2775.000000,     small-vehicle,     127
417.000000, 3707.000000, 447.000000, 3706.000000, 444.000000, 3772.000000, 415.000000, 3775.000000,     small-vehicle,     128
1953.000000, 3921.000000, 2014.000000, 3917.000000, 2016.000000, 3949.000000, 1954.000000, 3953.000000,     small-vehicle,     129
3043.000000, 2487.000000, 3097.000000, 2486.000000, 3100.000000, 2524.000000, 3045.000000, 2525.000000,     small-vehicle,     130
3101.000000, 3660.000000, 3159.000000, 3656.000000, 3161.000000, 3685.000000, 3104.000000, 3690.000000,     small-vehicle,     131
1399.000000, 3253.000000, 1420.000000, 3252.000000, 1421.000000, 3308.000000, 1400.000000, 3310.000000,     small-vehicle,     132
3419.000000, 4254.000000, 3476.000000, 4248.000000, 3478.000000, 4278.000000, 3421.000000, 4283.000000,     small-vehicle,     133
281.000000, 2816.000000, 358.000000, 2813.000000, 356.000000, 2848.000000, 279.000000, 2850.000000,     small-vehicle,     134
410.000000, 4191.000000, 483.000000, 4185.000000, 482.000000, 4220.000000, 408.000000, 4225.000000,     small-vehicle,     135
1562.000000, 4104.000000, 1614.000000, 4101.000000, 1614.000000, 4132.000000, 1562.000000, 4136.000000,     small-vehicle,     136
627.000000, 4185.000000, 696.000000, 4180.000000, 694.000000, 4214.000000, 626.000000, 4219.000000,     small-vehicle,     137
2415.000000, 4260.000000, 2445.000000, 4257.000000, 2448.000000, 4332.000000, 2418.000000, 4335.000000,     small-vehicle,     138
3563.000000, 3669.000000, 3623.000000, 3664.000000, 3626.000000, 3695.000000, 3566.000000, 3699.000000,     small-vehicle,     139
1392.000000, 3486.000000, 1418.000000, 3484.000000, 1418.000000, 3549.000000, 1392.000000, 3551.000000,     small-vehicle,     140
2475.000000, 5065.000000, 2504.000000, 5061.000000, 2507.000000, 5145.000000, 2478.000000, 5149.000000,     small-vehicle,     141
2186.000000, 3131.000000, 2217.000000, 3129.000000, 2219.000000, 3205.000000, 2189.000000, 3207.000000,     small-vehicle,     142
583.000000, 4086.000000, 664.000000, 4080.000000, 663.000000, 4118.000000, 583.000000, 4124.000000,     small-vehicle,     143
2062.000000, 3302.000000, 2088.000000, 3300.000000, 2089.000000, 3350.000000, 2063.000000, 3352.000000,     small-vehicle,     144
903.000000, 4109.000000, 966.000000, 4102.000000, 964.000000, 4139.000000, 903.000000, 4143.000000,     small-vehicle,     145
2694.000000, 2528.000000, 2758.000000, 2527.000000, 2760.000000, 2569.000000, 2697.000000, 2570.000000,     small-vehicle,     146
982.000000, 3822.000000, 1032.000000, 3818.000000, 1032.000000, 3849.000000, 982.000000, 3853.000000,     small-vehicle,     147
2356.000000, 3819.000000, 2390.000000, 3816.000000, 2393.000000, 3898.000000, 2357.000000, 3900.000000,     small-vehicle,     148
3458.000000, 3677.000000, 3514.000000, 3673.000000, 3516.000000, 3706.000000, 3460.000000, 3710.000000,     small-vehicle,     149
2731.000000, 3995.000000, 2798.000000, 3991.000000, 2801.000000, 4028.000000, 2733.000000, 4032.000000,     small-vehicle,     150
2301.000000, 2851.000000, 2332.000000, 2849.000000, 2335.000000, 2920.000000, 2303.000000, 2923.000000,     small-vehicle,     151
3829.000000, 3625.000000, 3888.000000, 3622.000000, 3891.000000, 3650.000000, 3832.000000, 3653.000000,     small-vehicle,     152
3100.000000, 2483.000000, 3159.000000, 2482.000000, 3162.000000, 2518.000000, 3103.000000, 2519.000000,     small-vehicle,     153
3339.000000, 4257.000000, 3399.000000, 4251.000000, 3400.000000, 4285.000000, 3341.000000, 4290.000000,     small-vehicle,     154
2216.000000, 3747.000000, 2259.000000, 3745.000000, 2262.000000, 3834.000000, 2220.000000, 3836.000000,     small-vehicle,     155
3381.000000, 4332.000000, 3440.000000, 4326.000000, 3443.000000, 4365.000000, 3384.000000, 4370.000000,     small-vehicle,     156
1736.000000, 4036.000000, 1790.000000, 4032.000000, 1790.000000, 4065.000000, 1737.000000, 4070.000000,     small-vehicle,     158
2197.000000, 4495.000000, 2221.000000, 4492.000000, 2222.000000, 4534.000000, 2199.000000, 4536.000000,     small-vehicle,     159
1627.000000, 3999.000000, 1693.000000, 3994.000000, 1693.000000, 4034.000000, 1628.000000, 4038.000000,     small-vehicle,     160
3579.000000, 3518.000000, 3612.000000, 3515.000000, 3619.000000, 3588.000000, 3585.000000, 3591.000000,     small-vehicle,     161
1450.000000, 3972.000000, 1516.000000, 3968.000000, 1516.000000, 4005.000000, 1450.000000, 4010.000000,     small-vehicle,     162
3640.000000, 3669.000000, 3703.000000, 3664.000000, 3707.000000, 3699.000000, 3642.000000, 3703.000000,     small-vehicle,     163
1765.000000, 2620.000000, 1829.000000, 2619.000000, 1828.000000, 2654.000000, 1766.000000, 2656.000000,     small-vehicle,     164
159.000000, 2818.000000, 225.000000, 2817.000000, 224.000000, 2852.000000, 158.000000, 2855.000000,     small-vehicle,     165
3491.000000, 3948.000000, 3545.000000, 3945.000000, 3548.000000, 3969.000000, 3492.000000, 3973.000000,     small-vehicle,     166
1054.000000, 3997.000000, 1117.000000, 3993.000000, 1116.000000, 4032.000000, 1054.000000, 4037.000000,     small-vehicle,     167
3380.000000, 3686.000000, 3438.000000, 3682.000000, 3441.000000, 3713.000000, 3383.000000, 3717.000000,     small-vehicle,     168
1083.000000, 4143.000000, 1149.000000, 4139.000000, 1149.000000, 4179.000000, 1082.000000, 4184.000000,     small-vehicle,     169
3278.000000, 3738.000000, 3340.000000, 3734.000000, 3342.000000, 3768.000000, 3280.000000, 3771.000000,     small-vehicle,     170
1061.000000, 4094.000000, 1133.000000, 4089.000000, 1133.000000, 4125.000000, 1060.000000, 4131.000000,     small-vehicle,     171
3641.000000, 3720.000000, 3702.000000, 3716.000000, 3705.000000, 3751.000000, 3644.000000, 3755.000000,     small-vehicle,     172
2627.000000, 2540.000000, 2688.000000, 2539.000000, 2690.000000, 2576.000000, 2629.000000, 2578.000000,     small-vehicle,     173
1517.000000, 4049.000000, 1578.000000, 4045.000000, 1580.000000, 4081.000000, 1517.000000, 4085.000000,     small-vehicle,     175
3565.000000, 4745.000000, 3593.000000, 4742.000000, 3599.000000, 4822.000000, 3572.000000, 4826.000000,     small-vehicle,     176
1764.000000, 3768.000000, 1827.000000, 3763.000000, 1828.000000, 3798.000000, 1763.000000, 3803.000000,     small-vehicle,     177
3012.000000, 3762.000000, 3074.000000, 3758.000000, 3076.000000, 3793.000000, 3015.000000, 3797.000000,     small-vehicle,     178
1405.000000, 4115.000000, 1473.000000, 4110.000000, 1474.000000, 4145.000000, 1405.000000, 4151.000000,     small-vehicle,     179
772.000000, 4984.000000, 804.000000, 4980.000000, 803.000000, 5061.000000, 770.000000, 5065.000000,     small-vehicle,     181
3041.000000, 3705.000000, 3104.000000, 3701.000000, 3106.000000, 3736.000000, 3043.000000, 3741.000000,     small-vehicle,     182
717.000000, 4128.000000, 779.000000, 4124.000000, 778.000000, 4161.000000, 715.000000, 4166.000000,     small-vehicle,     183
1498.000000, 4109.000000, 1560.000000, 4104.000000, 1560.000000, 4137.000000, 1498.000000, 4142.000000,     small-vehicle,     186
2897.000000, 4439.000000, 2927.000000, 4436.000000, 2933.000000, 4522.000000, 2901.000000, 4525.000000,     small-vehicle,     187
2773.000000, 3780.000000, 2836.000000, 3775.000000, 2839.000000, 3811.000000, 2774.000000, 3816.000000,     small-vehicle,     188
1604.000000, 2613.000000, 1664.000000, 2612.000000, 1665.000000, 2645.000000, 1604.000000, 2647.000000,     small-vehicle,     189
1443.000000, 4017.000000, 1505.000000, 4013.000000, 1505.000000, 4047.000000, 1443.000000, 4051.000000,     small-vehicle,     190
2978.000000, 3922.000000, 3046.000000, 3917.000000, 3048.000000, 3952.000000, 2979.000000, 3956.000000,     small-vehicle,     192
3749.000000, 3712.000000, 3820.000000, 3708.000000, 3823.000000, 3747.000000, 3752.000000, 3751.000000,     small-vehicle,     193
2836.000000, 4307.000000, 2871.000000, 4304.000000, 2873.000000, 4332.000000, 2837.000000, 4335.000000,     small-vehicle,     194
3507.000000, 4874.000000, 3530.000000, 4871.000000, 3535.000000, 4943.000000, 3512.000000, 4947.000000,     small-vehicle,     195
3515.000000, 3621.000000, 3566.000000, 3618.000000, 3572.000000, 3686.000000, 3521.000000, 3690.000000,     small-vehicle,     196
1674.000000, 4088.000000, 1720.000000, 4085.000000, 1720.000000, 4117.000000, 1674.000000, 4119.000000,     small-vehicle,     198
2034.000000, 3117.000000, 2071.000000, 3116.000000, 2073.000000, 3193.000000, 2035.000000, 3196.000000,     small-vehicle,     199
3575.000000, 4842.000000, 3599.000000, 4841.000000, 3603.000000, 4907.000000, 3582.000000, 4909.000000,     small-vehicle,     200
3865.000000, 4413.000000, 3894.000000, 4411.000000, 3899.000000, 4466.000000, 3870.000000, 4470.000000,     small-vehicle,     201
2926.000000, 2550.000000, 2982.000000, 2548.000000, 2984.000000, 2578.000000, 2928.000000, 2580.000000,     small-vehicle,     202
1421.000000, 4063.000000, 1475.000000, 4059.000000, 1475.000000, 4091.000000, 1420.000000, 4094.000000,     small-vehicle,     203
1874.000000, 3774.000000, 1921.000000, 3771.000000, 1922.000000, 3803.000000, 1875.000000, 3805.000000,     small-vehicle,     204
3364.000000, 3731.000000, 3428.000000, 3727.000000, 3431.000000, 3761.000000, 3367.000000, 3765.000000,     small-vehicle,     206
3750.000000, 3664.000000, 3818.000000, 3659.000000, 3821.000000, 3698.000000, 3753.000000, 3702.000000,     small-vehicle,     209
2492.000000, 2560.000000, 2553.000000, 2558.000000, 2555.000000, 2594.000000, 2494.000000, 2596.000000,     small-vehicle,     212
122.000000, 4127.000000, 199.000000, 4120.000000, 196.000000, 4164.000000, 119.000000, 4168.000000,     small-vehicle,     213
1171.000000, 4141.000000, 1227.000000, 4137.000000, 1227.000000, 4170.000000, 1171.000000, 4175.000000,     small-vehicle,     214
2405.000000, 3368.000000, 2425.000000, 3366.000000, 2425.000000, 3417.000000, 2406.000000, 3419.000000,     small-vehicle,     215
38.000000, 4242.000000, 85.000000, 4237.000000, 83.000000, 4263.000000, 37.000000, 4267.000000,     small-vehicle,     216
985.000000, 4096.000000, 1047.000000, 4091.000000, 1045.000000, 4130.000000, 985.000000, 4134.000000,     small-vehicle,     217
3461.000000, 3725.000000, 3530.000000, 3721.000000, 3532.000000, 3753.000000, 3464.000000, 3759.000000,     small-vehicle,     218
67.000000, 4178.000000, 155.000000, 4172.000000, 153.000000, 4217.000000, 67.000000, 4224.000000,     small-vehicle,     219
2350.000000, 4938.000000, 2375.000000, 4936.000000, 2377.000000, 4996.000000, 2352.000000, 5000.000000,     small-vehicle,     220
2039.000000, 3232.000000, 2059.000000, 3232.000000, 2061.000000, 3282.000000, 2039.000000, 3282.000000,     small-vehicle,     223
550.000000, 3858.000000, 593.000000, 3856.000000, 592.000000, 3876.000000, 549.000000, 3879.000000,     small-vehicle,     224
3507.000000, 4777.000000, 3533.000000, 4774.000000, 3538.000000, 4847.000000, 3513.000000, 4851.000000,     small-vehicle,     227
2309.000000, 3519.000000, 2348.000000, 3516.000000, 2351.000000, 3628.000000, 2313.000000, 3630.000000,     large-vehicle,     230
1910.000000, 4022.000000, 2010.000000, 4015.000000, 2011.000000, 4061.000000, 1910.000000, 4066.000000,     large-vehicle,     231
2053.000000, 3012.000000, 2095.000000, 3012.000000, 2096.000000, 3110.000000, 2055.000000, 3112.000000,     large-vehicle,     232
2267.000000, 3988.000000, 2314.000000, 3985.000000, 2318.000000, 4089.000000, 2271.000000, 4091.000000,     large-vehicle,     233
2320.000000, 4630.000000, 2368.000000, 4625.000000, 2372.000000, 4746.000000, 2325.000000, 4750.000000,     large-vehicle,     234
3858.000000, 3927.000000, 3926.000000, 3922.000000, 3930.000000, 3966.000000, 3862.000000, 3972.000000,     large-vehicle,     235
705.000000, 4174.000000, 793.000000, 4168.000000, 791.000000, 4216.000000, 703.000000, 4222.000000,     large-vehicle,     236
936.000000, 4153.000000, 1045.000000, 4147.000000, 1044.000000, 4196.000000, 935.000000, 4204.000000,     large-vehicle,     237
2873.000000, 3722.000000, 2938.000000, 3717.000000, 2940.000000, 3755.000000, 2875.000000, 3758.000000,     large-vehicle,     238
2403.000000, 3865.000000, 2448.000000, 3861.000000, 2452.000000, 3964.000000, 2408.000000, 3968.000000,     large-vehicle,     239
1649.000000, 4037.000000, 1719.000000, 4033.000000, 1720.000000, 4077.000000, 1649.000000, 4082.000000,     large-vehicle,     240
2951.000000, 3715.000000, 3029.000000, 3710.000000, 3030.000000, 3746.000000, 2953.000000, 3751.000000,     large-vehicle,     242
2676.000000, 3831.000000, 2776.000000, 3825.000000, 2778.000000, 3876.000000, 2679.000000, 3882.000000,     large-vehicle,     243
2943.000000, 4426.000000, 2970.000000, 4424.000000, 2975.000000, 4520.000000, 2949.000000, 4523.000000,     large-vehicle,     244
2778.000000, 3732.000000, 2856.000000, 3725.000000, 2858.000000, 3759.000000, 2779.000000, 3764.000000,     large-vehicle,     246
2475.000000, 4929.000000, 2503.000000, 4926.000000, 2507.000000, 5017.000000, 2478.000000, 5019.000000,     large-vehicle,     247
2440.000000, 4643.000000, 2473.000000, 4639.000000, 2477.000000, 4730.000000, 2444.000000, 4734.000000,     large-vehicle,     248
201.000000, 4212.000000, 280.000000, 4207.000000, 279.000000, 4244.000000, 198.000000, 4250.000000,     large-vehicle,     250
2307.000000, 4528.000000, 2346.000000, 4525.000000, 2350.000000, 4619.000000, 2310.000000, 4623.000000,     large-vehicle,     253
2773.000000, 3781.000000, 2839.000000, 3777.000000, 2842.000000, 3811.000000, 2774.000000, 3815.000000,     large-vehicle,     254
3946.000000, 4294.000000, 3990.000000, 4289.000000, 3993.000000, 4317.000000, 3949.000000, 4321.000000,     small-vehicle,     270
1946.000000, 3782.000000, 2018.000000, 3777.000000, 2021.000000, 3844.000000, 1948.000000, 3850.000000,     large-vehicle,     279
2667.000000, 3783.000000, 2749.000000, 3777.000000, 2752.000000, 3821.000000, 2668.000000, 3826.000000,     large-vehicle,     282
1771.000000, 4079.000000, 1838.000000, 4074.000000, 1839.000000, 4110.000000, 1772.000000, 4114.000000,     large-vehicle,     284
1334.000000, 4079.000000, 1398.000000, 4073.000000, 1398.000000, 4111.000000, 1333.000000, 4115.000000,     small-vehicle,     288
2455.000000, 4288.000000, 2490.000000, 4286.000000, 2493.000000, 4375.000000, 2459.000000, 4378.000000,     small-vehicle,     289
3897.000000, 4425.000000, 3932.000000, 4422.000000, 3938.000000, 4493.000000, 3903.000000, 4496.000000,     small-vehicle,     291
2902.000000, 4291.000000, 2956.000000, 4287.000000, 2958.000000, 4330.000000, 2904.000000, 4335.000000,     small-vehicle,     299
1338.000000, 4076.000000, 1408.000000, 4071.000000, 1408.000000, 4111.000000, 1338.000000, 4115.000000,     large-vehicle,     303
3579.000000, 3871.000000, 3645.000000, 3867.000000, 3649.000000, 3903.000000, 3583.000000, 3907.000000,     large-vehicle,     304
1842.000000, 4056.000000, 1909.000000, 4051.000000, 1911.000000, 4095.000000, 1843.000000, 4099.000000,     large-vehicle,     306
2332.000000, 3233.000000, 2359.000000, 3231.000000, 2362.000000, 3302.000000, 2334.000000, 3302.000000,     small-vehicle,     309
723.000000, 5004.000000, 763.000000, 5001.000000, 760.000000, 5086.000000, 720.000000, 5090.000000,     small-vehicle,     310
2434.000000, 4523.000000, 2465.000000, 4521.000000, 2469.000000, 4611.000000, 2437.000000, 4615.000000,     small-vehicle,     313
550.000000, 4183.000000, 612.000000, 4177.000000, 611.000000, 4210.000000, 549.000000, 4215.000000,     small-vehicle,     317
2161.000000, 4562.000000, 2208.000000, 4559.000000, 2207.000000, 4587.000000, 2162.000000, 4592.000000,     large-vehicle,     320
2329.000000, 3224.000000, 2359.000000, 3224.000000, 2362.000000, 3296.000000, 2331.000000, 3298.000000,     large-vehicle,     321
2469.000000, 4794.000000, 2494.000000, 4791.000000, 2498.000000, 4870.000000, 2470.000000, 4872.000000,     large-vehicle,     322
3249.000000, 2466.000000, 3309.000000, 2465.000000, 3312.000000, 2499.000000, 3252.000000, 2501.000000,     small-vehicle,     329
3179.000000, 2470.000000, 3236.000000, 2469.000000, 3239.000000, 2504.000000, 3182.000000, 2504.000000,     small-vehicle,     330
2670.000000, 3782.000000, 2742.000000, 3777.000000, 2745.000000, 3815.000000, 2670.000000, 3822.000000,     small-vehicle,     332
3854.000000, 3719.000000, 3926.000000, 3715.000000, 3929.000000, 3750.000000, 3858.000000, 3756.000000,     small-vehicle,     334
1108.000000, 3380.000000, 1173.000000, 3377.000000, 1173.000000, 3410.000000, 1107.000000, 3413.000000,     small-vehicle,     337
1532.000000, 2603.000000, 1590.000000, 2602.000000, 1590.000000, 2632.000000, 1532.000000, 2634.000000,     small-vehicle,     338
2770.000000, 3768.000000, 2836.000000, 3764.000000, 2838.000000, 3797.000000, 2772.000000, 3801.000000,     large-vehicle,     343
2666.000000, 3774.000000, 2743.000000, 3768.000000, 2744.000000, 3814.000000, 2668.000000, 3819.000000,     large-vehicle,     344
3414.000000, 2435.000000, 3480.000000, 2433.000000, 3484.000000, 2488.000000, 3418.000000, 2490.000000,     large-vehicle,     345
1847.000000, 4070.000000, 1912.000000, 4066.000000, 1914.000000, 4109.000000, 1847.000000, 4114.000000,     small-vehicle,     346
3348.000000, 3734.000000, 3416.000000, 3729.000000, 3420.000000, 3769.000000, 3352.000000, 3773.000000,     large-vehicle,     347
68.000000, 4174.000000, 151.000000, 4169.000000, 149.000000, 4209.000000, 67.000000, 4214.000000,     large-vehicle,     348
1780.000000, 3932.000000, 1839.000000, 3928.000000, 1840.000000, 3963.000000, 1780.000000, 3968.000000,     large-vehicle,     351
3515.000000, 3620.000000, 3566.000000, 3617.000000, 3572.000000, 3687.000000, 3521.000000, 3691.000000,     large-vehicle,     352
2063.000000, 2523.000000, 2093.000000, 2523.000000, 2096.000000, 2594.000000, 2065.000000, 2594.000000,     small-vehicle,     353
1777.000000, 3923.000000, 1837.000000, 3919.000000, 1837.000000, 3951.000000, 1778.000000, 3955.000000,     small-vehicle,     354
3606.000000, 3886.000000, 3666.000000, 3882.000000, 3669.000000, 3916.000000, 3609.000000, 3920.000000,     small-vehicle,     355
2468.000000, 4788.000000, 2494.000000, 4784.000000, 2498.000000, 4865.000000, 2470.000000, 4868.000000,     small-vehicle,     356
1770.000000, 4079.000000, 1837.000000, 4074.000000, 1838.000000, 4109.000000, 1771.000000, 4113.000000,     small-vehicle,     357
1271.000000, 3383.000000, 1338.000000, 3379.000000, 1338.000000, 3414.000000, 1271.000000, 3417.000000,     small-vehicle,     360
1409.000000, 3704.000000, 1460.000000, 3702.000000, 1461.000000, 3797.000000, 1407.000000, 3799.000000,     small-vehicle,     361
2778.000000, 3734.000000, 2856.000000, 3729.000000, 2857.000000, 3760.000000, 2780.000000, 3765.000000,     small-vehicle,     362
148.000000, 4198.000000, 195.000000, 4194.000000, 194.000000, 4228.000000, 146.000000, 4231.000000,     small-vehicle,     363
3310.000000, 2458.000000, 3365.000000, 2457.000000, 3368.000000, 2493.000000, 3313.000000, 2495.000000,     small-vehicle,     364
3458.000000, 3726.000000, 3531.000000, 3722.000000, 3534.000000, 3757.000000, 3461.000000, 3762.000000,     large-vehicle,     365
2779.000000, 3733.000000, 2857.000000, 3728.000000, 2858.000000, 3761.000000, 2781.000000, 3766.000000,     large-vehicle,     366
3604.000000, 3886.000000, 3670.000000, 3882.000000, 3673.000000, 3917.000000, 3607.000000, 3921.000000,     large-vehicle,     367
2776.000000, 3783.000000, 2835.000000, 3778.000000, 2837.000000, 3813.000000, 2778.000000, 3817.000000,     large-vehicle,     368
2433.000000, 4522.000000, 2465.000000, 4520.000000, 2469.000000, 4611.000000, 2436.000000, 4615.000000,     large-vehicle,     369
2330.000000, 3233.000000, 2359.000000, 3231.000000, 2362.000000, 3304.000000, 2332.000000, 3305.000000,     large-vehicle,     370
3378.000000, 3893.000000, 3440.000000, 3889.000000, 3442.000000, 3918.000000, 3380.000000, 3923.000000,     large-vehicle,     371
2035.000000, 3121.000000, 2072.000000, 3118.000000, 2073.000000, 3191.000000, 2036.000000, 3193.000000,     large-vehicle,     372
3027.000000, 2584.000000, 3087.000000, 2583.000000, 3088.000000, 2608.000000, 3028.000000, 2610.000000,     large-vehicle,     373
2455.000000, 4288.000000, 2491.000000, 4286.000000, 2494.000000, 4379.000000, 2459.000000, 4381.000000,     large-vehicle,     374
783.000000, 4121.000000, 845.000000, 4117.000000, 845.000000, 4152.000000, 782.000000, 4158.000000,     large-vehicle,     375
753.000000, 4074.000000, 827.000000, 4069.000000, 827.000000, 4105.000000, 751.000000, 4110.000000,     large-vehicle,     376
2201.000000, 3738.000000, 2243.000000, 3736.000000, 2246.000000, 3830.000000, 2204.000000, 3833.000000,     large-vehicle,     377
3742.000000, 3667.000000, 3810.000000, 3661.000000, 3813.000000, 3701.000000, 3744.000000, 3705.000000,     large-vehicle,     378
3350.000000, 3737.000000, 3415.000000, 3733.000000, 3418.000000, 3768.000000, 3353.000000, 3772.000000,     small-vehicle,     379
2469.000000, 4796.000000, 2494.000000, 4794.000000, 2498.000000, 4870.000000, 2470.000000, 4872.000000,     small-vehicle,     380
1779.000000, 3934.000000, 1838.000000, 3930.000000, 1839.000000, 3961.000000, 1779.000000, 3964.000000,     small-vehicle,     381
3486.000000, 2430.000000, 3554.000000, 2429.000000, 3558.000000, 2471.000000, 3490.000000, 2472.000000,     small-vehicle,     382
783.000000, 4124.000000, 849.000000, 4120.000000, 848.000000, 4153.000000, 782.000000, 4160.000000,     small-vehicle,     383
1772.000000, 4083.000000, 1836.000000, 4076.000000, 1837.000000, 4111.000000, 1772.000000, 4115.000000,     small-vehicle,     384
3560.000000, 2418.000000, 3628.000000, 2416.000000, 3632.000000, 2458.000000, 3565.000000, 2459.000000,     small-vehicle,     385
2752.000000, 2579.000000, 2804.000000, 2578.000000, 2805.000000, 2597.000000, 2753.000000, 2598.000000,     small-vehicle,     386
3756.000000, 2485.000000, 3789.000000, 2486.000000, 3793.000000, 2515.000000, 3759.000000, 2515.000000,     small-vehicle,     387
1410.000000, 3707.000000, 1463.000000, 3704.000000, 1463.000000, 3799.000000, 1408.000000, 3801.000000,     small-vehicle,     388
2670.000000, 3786.000000, 2745.000000, 3782.000000, 2747.000000, 3821.000000, 2670.000000, 3826.000000,     small-vehicle,     389
202.000000, 4208.000000, 277.000000, 4203.000000, 276.000000, 4241.000000, 201.000000, 4247.000000,     small-vehicle,     390
1944.000000, 3783.000000, 2015.000000, 3779.000000, 2018.000000, 3847.000000, 1946.000000, 3851.000000,     small-vehicle,     391
1409.000000, 3708.000000, 1460.000000, 3704.000000, 1461.000000, 3799.000000, 1407.000000, 3801.000000,     large-vehicle,     392
