2065.000000, 3498.000000, 2093.000000, 3497.000000, 2094.000000, 3558.000000, 2067.000000, 3560.000000,     small-vehicle,     0
2395.000000, 3544.000000, 2425.000000, 3542.000000, 2426.000000, 3613.000000, 2398.000000, 3615.000000,     small-vehicle,     1
2071.000000, 3575.000000, 2097.000000, 3574.000000, 2098.000000, 3642.000000, 2073.000000, 3643.000000,     small-vehicle,     2
2078.000000, 3212.000000, 2105.000000, 3211.000000, 2107.000000, 3272.000000, 2079.000000, 3274.000000,     small-vehicle,     4
1449.000000, 3608.000000, 1481.000000, 3605.000000, 1481.000000, 3681.000000, 1450.000000, 3683.000000,     small-vehicle,     12
2391.000000, 3460.000000, 2421.000000, 3457.000000, 2424.000000, 3534.000000, 2392.000000, 3535.000000,     small-vehicle,     17
2367.000000, 3649.000000, 2419.000000, 3646.000000, 2421.000000, 3713.000000, 2369.000000, 3716.000000,     small-vehicle,     19
2090.000000, 3396.000000, 2121.000000, 3393.000000, 2122.000000, 3465.000000, 2092.000000, 3466.000000,     small-vehicle,     21
2326.000000, 3709.000000, 2357.000000, 3706.000000, 2360.000000, 3792.000000, 2329.000000, 3794.000000,     small-vehicle,     29
1385.000000, 3441.000000, 1444.000000, 3437.000000, 1444.000000, 3486.000000, 1386.000000, 3489.000000,     small-vehicle,     41
1450.000000, 3534.000000, 1478.000000, 3531.000000, 1479.000000, 3592.000000, 1450.000000, 3594.000000,     small-vehicle,     43
2356.000000, 3352.000000, 2381.000000, 3349.000000, 2384.000000, 3433.000000, 2357.000000, 3435.000000,     small-vehicle,     46
2284.000000, 2299.000000, 2342.000000, 2298.000000, 2343.000000, 2331.000000, 2284.000000, 2333.000000,     small-vehicle,     66
2347.000000, 3566.000000, 2375.000000, 3565.000000, 2378.000000, 3645.000000, 2349.000000, 3648.000000,     small-vehicle,     86
2306.000000, 3909.000000, 2338.000000, 3906.000000, 2340.000000, 3984.000000, 2307.000000, 3986.000000,     small-vehicle,     114
2070.000000, 3136.000000, 2098.000000, 3135.000000, 2100.000000, 3196.000000, 2071.000000, 3198.000000,     small-vehicle,     120
2223.000000, 2485.000000, 2253.000000, 2484.000000, 2255.000000, 2551.000000, 2224.000000, 2552.000000,     small-vehicle,     148
2923.000000, 3197.000000, 2977.000000, 3194.000000, 2978.000000, 3222.000000, 2924.000000, 3226.000000,     small-vehicle,     202
2183.000000, 2090.000000, 2215.000000, 2089.000000, 2218.000000, 2193.000000, 2185.000000, 2194.000000,     large-vehicle,     230
2891.000000, 3237.000000, 2951.000000, 3234.000000, 2953.000000, 3277.000000, 2893.000000, 3281.000000,     small-vehicle,     386
2037.000000, 3031.000000, 2066.000000, 3030.000000, 2067.000000, 3097.000000, 2038.000000, 3100.000000,     small-vehicle,     432
2067.000000, 3022.000000, 2099.000000, 3021.000000, 2099.000000, 3086.000000, 2068.000000, 3089.000000,     small-vehicle,     433
3126.000000, 3176.000000, 3188.000000, 3172.000000, 3190.000000, 3201.000000, 3128.000000, 3205.000000,     small-vehicle,     445
2313.000000, 2802.000000, 2340.000000, 2800.000000, 2341.000000, 2863.000000, 2314.000000, 2864.000000,     small-vehicle,     564
2348.000000, 2816.000000, 2378.000000, 2814.000000, 2380.000000, 2878.000000, 2350.000000, 2879.000000,     small-vehicle,     568
1691.000000, 3342.000000, 1748.000000, 3338.000000, 1748.000000, 3370.000000, 1692.000000, 3374.000000,     small-vehicle,     575
3602.000000, 3164.000000, 3658.000000, 3162.000000, 3660.000000, 3191.000000, 3604.000000, 3195.000000,     small-vehicle,     577
2343.000000, 2731.000000, 2370.000000, 2729.000000, 2371.000000, 2800.000000, 2345.000000, 2801.000000,     small-vehicle,     590
2042.000000, 2767.000000, 2076.000000, 2765.000000, 2078.000000, 2836.000000, 2044.000000, 2837.000000,     small-vehicle,     593
2755.000000, 3267.000000, 2810.000000, 3264.000000, 2811.000000, 3295.000000, 2756.000000, 3299.000000,     small-vehicle,     614
2325.000000, 2647.000000, 2353.000000, 2645.000000, 2355.000000, 2713.000000, 2327.000000, 2714.000000,     small-vehicle,     632
2132.000000, 3422.000000, 2162.000000, 3421.000000, 2163.000000, 3481.000000, 2133.000000, 3483.000000,     small-vehicle,     635
3020.000000, 3233.000000, 3080.000000, 3229.000000, 3081.000000, 3263.000000, 3022.000000, 3266.000000,     small-vehicle,     636
2011.000000, 2594.000000, 2038.000000, 2593.000000, 2040.000000, 2655.000000, 2011.000000, 2656.000000,     small-vehicle,     660
2294.000000, 3581.000000, 2317.000000, 3579.000000, 2319.000000, 3639.000000, 2295.000000, 3640.000000,     small-vehicle,     664
2327.000000, 2559.000000, 2354.000000, 2558.000000, 2355.000000, 2628.000000, 2329.000000, 2630.000000,     small-vehicle,     666
2228.000000, 3564.000000, 2253.000000, 3562.000000, 2254.000000, 3620.000000, 2228.000000, 3621.000000,     small-vehicle,     667
2004.000000, 2521.000000, 2031.000000, 2520.000000, 2031.000000, 2576.000000, 2005.000000, 2577.000000,     small-vehicle,     704
2323.000000, 2471.000000, 2349.000000, 2470.000000, 2352.000000, 2540.000000, 2325.000000, 2541.000000,     small-vehicle,     718
2563.000000, 3290.000000, 2618.000000, 3287.000000, 2620.000000, 3319.000000, 2564.000000, 3323.000000,     small-vehicle,     756
2278.000000, 2373.000000, 2313.000000, 2371.000000, 2315.000000, 2446.000000, 2280.000000, 2447.000000,     small-vehicle,     761
1998.000000, 2440.000000, 2028.000000, 2438.000000, 2030.000000, 2503.000000, 1999.000000, 2504.000000,     small-vehicle,     762
1911.000000, 3323.000000, 1942.000000, 3322.000000, 1942.000000, 3388.000000, 1913.000000, 3390.000000,     small-vehicle,     765
3288.000000, 3200.000000, 3350.000000, 3196.000000, 3351.000000, 3229.000000, 3290.000000, 3233.000000,     small-vehicle,     789
3737.000000, 3143.000000, 3800.000000, 3139.000000, 3803.000000, 3172.000000, 3739.000000, 3176.000000,     small-vehicle,     792
1985.000000, 2295.000000, 2016.000000, 2294.000000, 2017.000000, 2362.000000, 1986.000000, 2363.000000,     small-vehicle,     813
3423.000000, 2308.000000, 3442.000000, 2308.000000, 3446.000000, 2363.000000, 3425.000000, 2363.000000,     small-vehicle,     815
2113.000000, 2605.000000, 2140.000000, 2603.000000, 2142.000000, 2666.000000, 2114.000000, 2667.000000,     small-vehicle,     816
2505.000000, 2308.000000, 2556.000000, 2307.000000, 2557.000000, 2337.000000, 2506.000000, 2339.000000,     small-vehicle,     818
2700.000000, 3258.000000, 2750.000000, 3255.000000, 2753.000000, 3315.000000, 2702.000000, 3318.000000,     small-vehicle,     824
1996.000000, 2243.000000, 2018.000000, 2243.000000, 2019.000000, 2290.000000, 1997.000000, 2291.000000,     small-vehicle,     840
2488.000000, 2228.000000, 2541.000000, 2227.000000, 2542.000000, 2252.000000, 2488.000000, 2254.000000,     small-vehicle,     841
2550.000000, 2218.000000, 2606.000000, 2215.000000, 2607.000000, 2245.000000, 2551.000000, 2248.000000,     small-vehicle,     845
1793.000000, 2743.000000, 1855.000000, 2741.000000, 1855.000000, 2768.000000, 1793.000000, 2771.000000,     small-vehicle,     847
2108.000000, 2438.000000, 2135.000000, 2436.000000, 2136.000000, 2498.000000, 2109.000000, 2498.000000,     small-vehicle,     867
2815.000000, 2195.000000, 2869.000000, 2194.000000, 2870.000000, 2217.000000, 2816.000000, 2219.000000,     small-vehicle,     870
2936.000000, 2172.000000, 2998.000000, 2170.000000, 2999.000000, 2198.000000, 2938.000000, 2201.000000,     small-vehicle,     875
1619.000000, 3351.000000, 1680.000000, 3347.000000, 1680.000000, 3392.000000, 1619.000000, 3396.000000,     small-vehicle,     876
3414.000000, 2217.000000, 3437.000000, 2217.000000, 3440.000000, 2273.000000, 3416.000000, 2274.000000,     small-vehicle,     878
2685.000000, 2210.000000, 2739.000000, 2207.000000, 2738.000000, 2231.000000, 2686.000000, 2232.000000,     small-vehicle,     880
1972.000000, 2195.000000, 1992.000000, 2194.000000, 1993.000000, 2239.000000, 1973.000000, 2240.000000,     small-vehicle,     885
3479.000000, 2106.000000, 3528.000000, 2105.000000, 3530.000000, 2133.000000, 3479.000000, 2134.000000,     small-vehicle,     886
3118.000000, 2149.000000, 3184.000000, 2147.000000, 3186.000000, 2176.000000, 3119.000000, 2178.000000,     small-vehicle,     889
1975.000000, 2123.000000, 1997.000000, 2123.000000, 1998.000000, 2182.000000, 1976.000000, 2183.000000,     small-vehicle,     892
3245.000000, 2137.000000, 3301.000000, 2136.000000, 3303.000000, 2166.000000, 3247.000000, 2168.000000,     small-vehicle,     893
3422.000000, 2111.000000, 3474.000000, 2110.000000, 3475.000000, 2136.000000, 3423.000000, 2138.000000,     small-vehicle,     894
3033.000000, 2157.000000, 3094.000000, 2155.000000, 3096.000000, 2188.000000, 3034.000000, 2189.000000,     small-vehicle,     895
3584.000000, 2091.000000, 3635.000000, 2090.000000, 3637.000000, 2116.000000, 3585.000000, 2117.000000,     small-vehicle,     897
2880.000000, 2177.000000, 2933.000000, 2176.000000, 2934.000000, 2208.000000, 2882.000000, 2209.000000,     small-vehicle,     904
663.000000, 3174.000000, 728.000000, 3170.000000, 727.000000, 3209.000000, 663.000000, 3213.000000,     small-vehicle,     909
3231.000000, 2219.000000, 3285.000000, 2217.000000, 3287.000000, 2245.000000, 3232.000000, 2247.000000,     small-vehicle,     916
2285.000000, 2028.000000, 2315.000000, 2026.000000, 2317.000000, 2098.000000, 2286.000000, 2100.000000,     small-vehicle,     917
2264.000000, 2073.000000, 2295.000000, 2073.000000, 2297.000000, 2140.000000, 2265.000000, 2141.000000,     small-vehicle,     921
3722.000000, 2070.000000, 3758.000000, 2068.000000, 3761.000000, 2098.000000, 3725.000000, 2098.000000,     small-vehicle,     924
2064.000000, 2378.000000, 2093.000000, 2377.000000, 2094.000000, 2438.000000, 2066.000000, 2439.000000,     small-vehicle,     930
3666.000000, 3153.000000, 3730.000000, 3149.000000, 3733.000000, 3182.000000, 3668.000000, 3186.000000,     small-vehicle,     943
2279.000000, 1944.000000, 2308.000000, 1944.000000, 2310.000000, 2015.000000, 2281.000000, 2015.000000,     small-vehicle,     944
1965.000000, 1977.000000, 1992.000000, 1975.000000, 1993.000000, 2041.000000, 1966.000000, 2041.000000,     small-vehicle,     949
3584.000000, 3080.000000, 3627.000000, 3078.000000, 3628.000000, 3102.000000, 3586.000000, 3104.000000,     small-vehicle,     953
3169.000000, 2229.000000, 3223.000000, 2227.000000, 3225.000000, 2256.000000, 3171.000000, 2257.000000,     small-vehicle,     962
1087.000000, 1968.000000, 1138.000000, 1967.000000, 1138.000000, 1999.000000, 1087.000000, 2000.000000,     small-vehicle,     964
873.000000, 1983.000000, 940.000000, 1982.000000, 940.000000, 2014.000000, 872.000000, 2015.000000,     small-vehicle,     966
3582.000000, 2172.000000, 3624.000000, 2170.000000, 3626.000000, 2195.000000, 3582.000000, 2197.000000,     small-vehicle,     969
1263.000000, 1962.000000, 1291.000000, 1961.000000, 1290.000000, 2010.000000, 1263.000000, 2010.000000,     small-vehicle,     971
1660.000000, 2748.000000, 1721.000000, 2745.000000, 1721.000000, 2772.000000, 1660.000000, 2775.000000,     small-vehicle,     973
1258.000000, 2194.000000, 1299.000000, 2193.000000, 1299.000000, 2221.000000, 1258.000000, 2221.000000,     small-vehicle,     975
2015.000000, 2852.000000, 2037.000000, 2851.000000, 2038.000000, 2898.000000, 2016.000000, 2899.000000,     small-vehicle,     976
2080.000000, 2120.000000, 2111.000000, 2119.000000, 2113.000000, 2188.000000, 2081.000000, 2189.000000,     small-vehicle,     980
1958.000000, 1907.000000, 1985.000000, 1907.000000, 1986.000000, 1967.000000, 1959.000000, 1967.000000,     small-vehicle,     981
2244.000000, 1909.000000, 2272.000000, 1908.000000, 2273.000000, 1973.000000, 2244.000000, 1973.000000,     small-vehicle,     986
1011.000000, 1973.000000, 1071.000000, 1973.000000, 1070.000000, 2002.000000, 1011.000000, 2003.000000,     small-vehicle,     987
2170.000000, 3282.000000, 2199.000000, 3280.000000, 2201.000000, 3344.000000, 2171.000000, 3346.000000,     small-vehicle,     988
1163.000000, 1962.000000, 1224.000000, 1962.000000, 1224.000000, 1990.000000, 1163.000000, 1992.000000,     small-vehicle,     989
775.000000, 1899.000000, 841.000000, 1897.000000, 840.000000, 1930.000000, 774.000000, 1932.000000,     small-vehicle,     990
2658.000000, 2288.000000, 2708.000000, 2286.000000, 2708.000000, 2314.000000, 2659.000000, 2315.000000,     small-vehicle,     994
96.000000, 1982.000000, 157.000000, 1981.000000, 156.000000, 2008.000000, 95.000000, 2010.000000,     small-vehicle,     995
1983.000000, 1824.000000, 2009.000000, 1824.000000, 2011.000000, 1886.000000, 1984.000000, 1886.000000,     small-vehicle,     996
372.000000, 1944.000000, 436.000000, 1943.000000, 436.000000, 1976.000000, 371.000000, 1977.000000,     small-vehicle,     997
1956.000000, 1842.000000, 1981.000000, 1842.000000, 1982.000000, 1902.000000, 1957.000000, 1903.000000,     small-vehicle,     998
2276.000000, 1870.000000, 2302.000000, 1870.000000, 2304.000000, 1931.000000, 2277.000000, 1932.000000,     small-vehicle,     1001
444.000000, 1941.000000, 502.000000, 1939.000000, 502.000000, 1968.000000, 443.000000, 1970.000000,     small-vehicle,     1008
1149.000000, 1871.000000, 1222.000000, 1870.000000, 1222.000000, 1899.000000, 1149.000000, 1900.000000,     small-vehicle,     1009
2044.000000, 2180.000000, 2074.000000, 2180.000000, 2076.000000, 2257.000000, 2045.000000, 2258.000000,     small-vehicle,     1010
985.000000, 1882.000000, 1054.000000, 1881.000000, 1052.000000, 1913.000000, 984.000000, 1914.000000,     small-vehicle,     1012
683.000000, 1898.000000, 730.000000, 1897.000000, 729.000000, 1927.000000, 682.000000, 1928.000000,     small-vehicle,     1013
1067.000000, 1874.000000, 1122.000000, 1874.000000, 1122.000000, 1904.000000, 1067.000000, 1905.000000,     small-vehicle,     1014
2272.000000, 1804.000000, 2295.000000, 1804.000000, 2296.000000, 1848.000000, 2273.000000, 1849.000000,     small-vehicle,     1017
2034.000000, 1893.000000, 2067.000000, 1891.000000, 2067.000000, 1956.000000, 2035.000000, 1957.000000,     small-vehicle,     1032
2641.000000, 1788.000000, 2668.000000, 1788.000000, 2670.000000, 1847.000000, 2644.000000, 1848.000000,     small-vehicle,     1033
2617.000000, 2310.000000, 2654.000000, 2309.000000, 2656.000000, 2368.000000, 2618.000000, 2370.000000,     small-vehicle,     1038
1954.000000, 1757.000000, 1979.000000, 1757.000000, 1980.000000, 1816.000000, 1955.000000, 1817.000000,     small-vehicle,     1039
817.000000, 2781.000000, 895.000000, 2777.000000, 894.000000, 2809.000000, 817.000000, 2812.000000,     small-vehicle,     1042
2034.000000, 2962.000000, 2060.000000, 2960.000000, 2062.000000, 3019.000000, 2036.000000, 3021.000000,     small-vehicle,     1052
2231.000000, 1707.000000, 2257.000000, 1707.000000, 2258.000000, 1763.000000, 2233.000000, 1764.000000,     small-vehicle,     1056
1190.000000, 2773.000000, 1260.000000, 2769.000000, 1260.000000, 2802.000000, 1190.000000, 2805.000000,     large-vehicle,     1065
3330.000000, 2119.000000, 3357.000000, 2118.000000, 3358.000000, 2135.000000, 3331.000000, 2135.000000,     small-vehicle,     1067
3431.000000, 2392.000000, 3457.000000, 2391.000000, 3459.000000, 2444.000000, 3434.000000, 2445.000000,     small-vehicle,     1069
3198.000000, 3222.000000, 3261.000000, 3218.000000, 3262.000000, 3248.000000, 3199.000000, 3252.000000,     small-vehicle,     1070
3111.000000, 2225.000000, 3160.000000, 2223.000000, 3162.000000, 2265.000000, 3113.000000, 2267.000000,     small-vehicle,     1071
534.000000, 1715.000000, 567.000000, 1715.000000, 566.000000, 1772.000000, 532.000000, 1773.000000,     small-vehicle,     1076
2251.000000, 2527.000000, 2286.000000, 2527.000000, 2288.000000, 2614.000000, 2253.000000, 2615.000000,     large-vehicle,     1078
1947.000000, 1667.000000, 1971.000000, 1666.000000, 1972.000000, 1731.000000, 1947.000000, 1731.000000,     small-vehicle,     1079
2257.000000, 1631.000000, 2282.000000, 1631.000000, 2283.000000, 1683.000000, 2258.000000, 1683.000000,     small-vehicle,     1086
2755.000000, 1772.000000, 2782.000000, 1771.000000, 2784.000000, 1838.000000, 2758.000000, 1839.000000,     small-vehicle,     1088
2134.000000, 3464.000000, 2170.000000, 3462.000000, 2172.000000, 3551.000000, 2137.000000, 3554.000000,     large-vehicle,     1091
1261.000000, 1655.000000, 1290.000000, 1654.000000, 1290.000000, 1720.000000, 1261.000000, 1721.000000,     small-vehicle,     1092
1793.000000, 1991.000000, 1848.000000, 1989.000000, 1849.000000, 2017.000000, 1794.000000, 2018.000000,     small-vehicle,     1099
1263.000000, 1596.000000, 1286.000000, 1596.000000, 1286.000000, 1643.000000, 1263.000000, 1643.000000,     small-vehicle,     1104
2396.000000, 3393.000000, 2422.000000, 3392.000000, 2423.000000, 3445.000000, 2397.000000, 3447.000000,     small-vehicle,     1105
2251.000000, 1563.000000, 2274.000000, 1562.000000, 2275.000000, 1616.000000, 2253.000000, 1616.000000,     small-vehicle,     1113
1940.000000, 1581.000000, 1967.000000, 1581.000000, 1968.000000, 1643.000000, 1941.000000, 1643.000000,     small-vehicle,     1115
1223.000000, 1562.000000, 1268.000000, 1560.000000, 1268.000000, 1590.000000, 1223.000000, 1591.000000,     small-vehicle,     1116
2405.000000, 1810.000000, 2425.000000, 1809.000000, 2427.000000, 1858.000000, 2406.000000, 1859.000000,     small-vehicle,     1117
2628.000000, 3284.000000, 2680.000000, 3280.000000, 2682.000000, 3312.000000, 2629.000000, 3315.000000,     small-vehicle,     1118
2152.000000, 3255.000000, 2182.000000, 3253.000000, 2183.000000, 3330.000000, 2154.000000, 3333.000000,     small-vehicle,     1120
856.000000, 1565.000000, 909.000000, 1565.000000, 909.000000, 1598.000000, 856.000000, 1598.000000,     small-vehicle,     1121
3448.000000, 2552.000000, 3476.000000, 2551.000000, 3480.000000, 2615.000000, 3451.000000, 2615.000000,     small-vehicle,     1122
1135.000000, 1562.000000, 1186.000000, 1561.000000, 1186.000000, 1590.000000, 1135.000000, 1591.000000,     small-vehicle,     1135
783.000000, 1491.000000, 837.000000, 1491.000000, 837.000000, 1519.000000, 782.000000, 1520.000000,     small-vehicle,     1139
1931.000000, 1494.000000, 1961.000000, 1494.000000, 1962.000000, 1552.000000, 1932.000000, 1553.000000,     small-vehicle,     1140
1962.000000, 1462.000000, 2006.000000, 1462.000000, 2007.000000, 1590.000000, 1965.000000, 1591.000000,     large-vehicle,     1141
2216.000000, 1509.000000, 2244.000000, 1509.000000, 2244.000000, 1562.000000, 2218.000000, 1562.000000,     small-vehicle,     1142
3093.000000, 3235.000000, 3163.000000, 3230.000000, 3165.000000, 3266.000000, 3095.000000, 3270.000000,     large-vehicle,     1143
965.000000, 1556.000000, 1015.000000, 1556.000000, 1015.000000, 1588.000000, 965.000000, 1589.000000,     small-vehicle,     1144
2354.000000, 3485.000000, 2387.000000, 3482.000000, 2389.000000, 3561.000000, 2356.000000, 3563.000000,     small-vehicle,     1150
2825.000000, 2264.000000, 2880.000000, 2262.000000, 2881.000000, 2293.000000, 2827.000000, 2294.000000,     small-vehicle,     1151
770.000000, 1565.000000, 786.000000, 1564.000000, 785.000000, 1595.000000, 770.000000, 1595.000000,     small-vehicle,     1153
1179.000000, 1482.000000, 1250.000000, 1481.000000, 1250.000000, 1513.000000, 1178.000000, 1513.000000,     small-vehicle,     1155
625.000000, 1502.000000, 673.000000, 1502.000000, 672.000000, 1529.000000, 624.000000, 1529.000000,     small-vehicle,     1156
686.000000, 1498.000000, 738.000000, 1498.000000, 738.000000, 1525.000000, 686.000000, 1525.000000,     small-vehicle,     1157
1009.000000, 1483.000000, 1067.000000, 1482.000000, 1067.000000, 1511.000000, 1009.000000, 1512.000000,     small-vehicle,     1159
3036.000000, 2244.000000, 3083.000000, 2243.000000, 3084.000000, 2271.000000, 3036.000000, 2273.000000,     small-vehicle,     1164
1931.000000, 1418.000000, 1957.000000, 1417.000000, 1958.000000, 1480.000000, 1931.000000, 1480.000000,     small-vehicle,     1168
680.000000, 1571.000000, 722.000000, 1570.000000, 722.000000, 1597.000000, 679.000000, 1597.000000,     small-vehicle,     1170
240.000000, 2812.000000, 314.000000, 2808.000000, 313.000000, 2840.000000, 239.000000, 2844.000000,     small-vehicle,     1171
2213.000000, 1415.000000, 2240.000000, 1415.000000, 2242.000000, 1479.000000, 2215.000000, 1479.000000,     small-vehicle,     1175
1472.000000, 2766.000000, 1525.000000, 2763.000000, 1525.000000, 2792.000000, 1472.000000, 2794.000000,     small-vehicle,     1176
325.000000, 2812.000000, 383.000000, 2809.000000, 382.000000, 2837.000000, 324.000000, 2840.000000,     small-vehicle,     1177
1270.000000, 1426.000000, 1296.000000, 1426.000000, 1295.000000, 1479.000000, 1270.000000, 1479.000000,     small-vehicle,     1179
3093.000000, 3203.000000, 3159.000000, 3199.000000, 3161.000000, 3233.000000, 3095.000000, 3238.000000,     small-vehicle,     1180
3425.000000, 2198.000000, 3463.000000, 2197.000000, 3464.000000, 2221.000000, 3426.000000, 2223.000000,     small-vehicle,     1182
1920.000000, 1325.000000, 1951.000000, 1325.000000, 1953.000000, 1412.000000, 1922.000000, 1413.000000,     small-vehicle,     1183
2333.000000, 2930.000000, 2362.000000, 2928.000000, 2363.000000, 3011.000000, 2336.000000, 3012.000000,     small-vehicle,     1190
2047.000000, 2654.000000, 2084.000000, 2653.000000, 2086.000000, 2726.000000, 2048.000000, 2727.000000,     small-vehicle,     1191
2958.000000, 2253.000000, 3016.000000, 2252.000000, 3018.000000, 2282.000000, 2958.000000, 2284.000000,     small-vehicle,     1192
3667.000000, 3132.000000, 3727.000000, 3128.000000, 3729.000000, 3155.000000, 3669.000000, 3158.000000,     small-vehicle,     1193
2762.000000, 2274.000000, 2809.000000, 2272.000000, 2810.000000, 2302.000000, 2763.000000, 2305.000000,     small-vehicle,     1195
2045.000000, 2631.000000, 2081.000000, 2630.000000, 2081.000000, 2698.000000, 2047.000000, 2700.000000,     large-vehicle,     1196
2258.000000, 3207.000000, 2277.000000, 3206.000000, 2277.000000, 3251.000000, 2259.000000, 3252.000000,     small-vehicle,     1197
2329.000000, 2904.000000, 2359.000000, 2903.000000, 2360.000000, 2983.000000, 2332.000000, 2985.000000,     large-vehicle,     1200
2148.000000, 3203.000000, 2178.000000, 3201.000000, 2180.000000, 3282.000000, 2150.000000, 3283.000000,     large-vehicle,     1201
523.000000, 1311.000000, 554.000000, 1310.000000, 552.000000, 1381.000000, 522.000000, 1381.000000,     small-vehicle,     1202
2033.000000, 3108.000000, 2053.000000, 3106.000000, 2054.000000, 3159.000000, 2034.000000, 3160.000000,     small-vehicle,     1204
1948.000000, 1306.000000, 1980.000000, 1307.000000, 1981.000000, 1373.000000, 1949.000000, 1372.000000,     small-vehicle,     1205
2200.000000, 2012.000000, 2219.000000, 2013.000000, 2218.000000, 2045.000000, 2201.000000, 2044.000000,     small-vehicle,     1206
2301.000000, 2101.000000, 2324.000000, 2101.000000, 2325.000000, 2121.000000, 2301.000000, 2122.000000,     small-vehicle,     1207
2562.000000, 2297.000000, 2600.000000, 2296.000000, 2601.000000, 2325.000000, 2564.000000, 2327.000000,     small-vehicle,     1208
2352.000000, 3470.000000, 2389.000000, 3468.000000, 2391.000000, 3548.000000, 2355.000000, 3551.000000,     large-vehicle,     1209
2048.000000, 2650.000000, 2082.000000, 2650.000000, 2084.000000, 2718.000000, 2049.000000, 2720.000000,     large-vehicle,     1210
1919.000000, 1236.000000, 1950.000000, 1237.000000, 1952.000000, 1308.000000, 1920.000000, 1308.000000,     small-vehicle,     1211
2615.000000, 1261.000000, 2663.000000, 1261.000000, 2664.000000, 1285.000000, 2616.000000, 1285.000000,     small-vehicle,     1212
2331.000000, 2915.000000, 2360.000000, 2914.000000, 2362.000000, 2996.000000, 2333.000000, 2997.000000,     large-vehicle,     1213
2418.000000, 1278.000000, 2480.000000, 1279.000000, 2481.000000, 1311.000000, 2419.000000, 1310.000000,     small-vehicle,     1214
3096.000000, 3224.000000, 3162.000000, 3220.000000, 3164.000000, 3255.000000, 3098.000000, 3260.000000,     small-vehicle,     1215
2362.000000, 1287.000000, 2415.000000, 1287.000000, 2415.000000, 1314.000000, 2363.000000, 1314.000000,     small-vehicle,     1216
2552.000000, 1266.000000, 2602.000000, 1267.000000, 2603.000000, 1292.000000, 2553.000000, 1293.000000,     small-vehicle,     1217
