1848.000000, 854.000000, 1876.000000, 854.000000, 1876.000000, 887.000000, 1848.000000, 887.000000,   small-vehicle,   0
2175.000000, 894.000000, 2204.000000, 894.000000, 2205.000000, 929.000000, 2176.000000, 929.000000,   small-vehicle,   1
1854.000000, 897.000000, 1879.000000, 897.000000, 1879.000000, 931.000000, 1855.000000, 930.000000,   small-vehicle,   2
2036.000000, 1174.000000, 2062.000000, 1175.000000, 2062.000000, 1206.000000, 2036.000000, 1205.000000,   small-vehicle,   3
1865.000000, 704.000000, 1890.000000, 705.000000, 1890.000000, 739.000000, 1866.000000, 739.000000,   small-vehicle,   4
2187.000000, 1078.000000, 2216.000000, 1078.000000, 2217.000000, 1114.000000, 2187.000000, 1113.000000,   small-vehicle,   5
1234.000000, 1240.000000, 1262.000000, 1240.000000, 1262.000000, 1277.000000, 1234.000000, 1277.000000,   small-vehicle,   6
1531.000000, 1391.000000, 1584.000000, 1392.000000, 1584.000000, 1408.000000, 1531.000000, 1407.000000,   small-vehicle,   7
2163.000000, 992.000000, 2190.000000, 992.000000, 2191.000000, 1029.000000, 2163.000000, 1028.000000,   small-vehicle,   8
3189.000000, 1315.000000, 3243.000000, 1315.000000, 3244.000000, 1332.000000, 3189.000000, 1331.000000,   small-vehicle,   9
1059.000000, 1309.000000, 1112.000000, 1310.000000, 1112.000000, 1327.000000, 1059.000000, 1327.000000,   small-vehicle,   10
430.000000, 1309.000000, 487.000000, 1309.000000, 487.000000, 1324.000000, 430.000000, 1324.000000,   small-vehicle,   11
1259.000000, 886.000000, 1286.000000, 887.000000, 1286.000000, 923.000000, 1258.000000, 923.000000,   small-vehicle,   12
2658.000000, 1365.000000, 2711.000000, 1366.000000, 2711.000000, 1382.000000, 2658.000000, 1381.000000,   small-vehicle,   14
2054.000000, 1513.000000, 2086.000000, 1513.000000, 2087.000000, 1551.000000, 2055.000000, 1551.000000,   small-vehicle,   15
2169.000000, 850.000000, 2200.000000, 850.000000, 2201.000000, 888.000000, 2170.000000, 887.000000,   small-vehicle,   17
1642.000000, 1350.000000, 1694.000000, 1350.000000, 1694.000000, 1366.000000, 1642.000000, 1365.000000,   small-vehicle,   18
2141.000000, 945.000000, 2196.000000, 945.000000, 2196.000000, 982.000000, 2142.000000, 982.000000,   small-vehicle,   19
1981.000000, 1113.000000, 2018.000000, 1114.000000, 2019.000000, 1152.000000, 1982.000000, 1151.000000,   small-vehicle,   20
1877.000000, 809.000000, 1903.000000, 810.000000, 1903.000000, 839.000000, 1877.000000, 839.000000,   small-vehicle,   21
1645.000000, 1441.000000, 1706.000000, 1442.000000, 1706.000000, 1460.000000, 1645.000000, 1459.000000,   small-vehicle,   22
2469.000000, 1471.000000, 2525.000000, 1472.000000, 2525.000000, 1487.000000, 2469.000000, 1486.000000,   small-vehicle,   23
130.000000, 1307.000000, 189.000000, 1308.000000, 189.000000, 1322.000000, 130.000000, 1321.000000,   small-vehicle,   25
2196.000000, 1128.000000, 2225.000000, 1128.000000, 2225.000000, 1164.000000, 2197.000000, 1164.000000,   small-vehicle,   26
799.000000, 1307.000000, 853.000000, 1308.000000, 853.000000, 1325.000000, 799.000000, 1325.000000,   small-vehicle,   27
2240.000000, 1563.000000, 2279.000000, 1564.000000, 2279.000000, 1608.000000, 2241.000000, 1607.000000,   small-vehicle,   29
2177.000000, 1032.000000, 2212.000000, 1033.000000, 2212.000000, 1070.000000, 2177.000000, 1069.000000,   small-vehicle,   32
1915.000000, 1211.000000, 1976.000000, 1212.000000, 1976.000000, 1236.000000, 1915.000000, 1235.000000,   small-vehicle,   33
2734.000000, 1362.000000, 2794.000000, 1363.000000, 2794.000000, 1377.000000, 2734.000000, 1376.000000,   small-vehicle,   34
2199.000000, 1187.000000, 2230.000000, 1188.000000, 2230.000000, 1230.000000, 2199.000000, 1230.000000,   small-vehicle,   35
1928.000000, 906.000000, 1954.000000, 907.000000, 1954.000000, 946.000000, 1928.000000, 946.000000,   small-vehicle,   36
2977.000000, 1362.000000, 3038.000000, 1363.000000, 3039.000000, 1379.000000, 2977.000000, 1378.000000,   small-vehicle,   38
2162.000000, 1114.000000, 2190.000000, 1114.000000, 2190.000000, 1152.000000, 2162.000000, 1152.000000,   small-vehicle,   40
1275.000000, 698.000000, 1304.000000, 698.000000, 1304.000000, 728.000000, 1275.000000, 728.000000,   small-vehicle,   41
2622.000000, 1313.000000, 2675.000000, 1314.000000, 2676.000000, 1330.000000, 2622.000000, 1329.000000,   small-vehicle,   42
1258.000000, 844.000000, 1281.000000, 845.000000, 1281.000000, 875.000000, 1258.000000, 875.000000,   small-vehicle,   43
1680.000000, 1392.000000, 1744.000000, 1393.000000, 1745.000000, 1410.000000, 1680.000000, 1410.000000,   small-vehicle,   44
1388.000000, 1390.000000, 1442.000000, 1390.000000, 1442.000000, 1408.000000, 1388.000000, 1407.000000,   small-vehicle,   45
2136.000000, 793.000000, 2164.000000, 793.000000, 2165.000000, 834.000000, 2137.000000, 834.000000,   small-vehicle,   46
927.000000, 1309.000000, 983.000000, 1310.000000, 983.000000, 1328.000000, 927.000000, 1327.000000,   small-vehicle,   47
2190.000000, 991.000000, 2216.000000, 991.000000, 2216.000000, 1023.000000, 2190.000000, 1023.000000,   small-vehicle,   48
2980.000000, 1316.000000, 3036.000000, 1316.000000, 3036.000000, 1331.000000, 2980.000000, 1331.000000,   small-vehicle,   49
64.000000, 1309.000000, 122.000000, 1310.000000, 122.000000, 1323.000000, 64.000000, 1323.000000,   small-vehicle,   50
533.000000, 1306.000000, 592.000000, 1307.000000, 592.000000, 1324.000000, 533.000000, 1323.000000,   small-vehicle,   51
2065.000000, 1551.000000, 2102.000000, 1551.000000, 2102.000000, 1593.000000, 2066.000000, 1593.000000,   small-vehicle,   52
1387.000000, 1416.000000, 1445.000000, 1417.000000, 1445.000000, 1433.000000, 1387.000000, 1433.000000,   small-vehicle,   53
296.000000, 1455.000000, 353.000000, 1455.000000, 352.000000, 1472.000000, 296.000000, 1471.000000,   small-vehicle,   55
2903.000000, 1474.000000, 2963.000000, 1475.000000, 2963.000000, 1493.000000, 2904.000000, 1493.000000,   small-vehicle,   56
1115.000000, 1395.000000, 1174.000000, 1395.000000, 1174.000000, 1414.000000, 1115.000000, 1413.000000,   small-vehicle,   58
609.000000, 1306.000000, 663.000000, 1307.000000, 662.000000, 1323.000000, 608.000000, 1323.000000,   small-vehicle,   62
3343.000000, 1267.000000, 3375.000000, 1267.000000, 3376.000000, 1303.000000, 3344.000000, 1303.000000,   small-vehicle,   63
1119.000000, 1464.000000, 1169.000000, 1464.000000, 1169.000000, 1481.000000, 1119.000000, 1481.000000,   small-vehicle,   64
3095.000000, 1314.000000, 3164.000000, 1315.000000, 3164.000000, 1333.000000, 3096.000000, 1332.000000,   small-vehicle,   65
2128.000000, 710.000000, 2157.000000, 711.000000, 2157.000000, 745.000000, 2128.000000, 745.000000,   small-vehicle,   66
846.000000, 1395.000000, 900.000000, 1396.000000, 900.000000, 1414.000000, 846.000000, 1413.000000,   small-vehicle,   67
2632.000000, 698.000000, 2691.000000, 698.000000, 2691.000000, 717.000000, 2632.000000, 716.000000,   small-vehicle,   69
3267.000000, 1315.000000, 3327.000000, 1316.000000, 3328.000000, 1331.000000, 3267.000000, 1330.000000,   small-vehicle,   73
201.000000, 1306.000000, 250.000000, 1307.000000, 250.000000, 1322.000000, 201.000000, 1322.000000,   small-vehicle,   74
1252.000000, 987.000000, 1279.000000, 987.000000, 1279.000000, 1021.000000, 1252.000000, 1021.000000,   small-vehicle,   75
1968.000000, 991.000000, 1996.000000, 991.000000, 1996.000000, 1032.000000, 1969.000000, 1032.000000,   small-vehicle,   76
1889.000000, 1166.000000, 1915.000000, 1166.000000, 1915.000000, 1200.000000, 1889.000000, 1200.000000,   small-vehicle,   77
2723.000000, 1473.000000, 2789.000000, 1474.000000, 2790.000000, 1490.000000, 2723.000000, 1490.000000,   small-vehicle,   78
330.000000, 791.000000, 383.000000, 791.000000, 382.000000, 809.000000, 330.000000, 808.000000,   small-vehicle,   79
1545.000000, 1410.000000, 1606.000000, 1411.000000, 1607.000000, 1428.000000, 1545.000000, 1427.000000,   small-vehicle,   80
1196.000000, 1418.000000, 1252.000000, 1419.000000, 1252.000000, 1435.000000, 1196.000000, 1435.000000,   small-vehicle,   82
2604.000000, 1389.000000, 2673.000000, 1390.000000, 2674.000000, 1407.000000, 2604.000000, 1406.000000,   small-vehicle,   83
1210.000000, 1392.000000, 1275.000000, 1392.000000, 1275.000000, 1408.000000, 1210.000000, 1407.000000,   small-vehicle,   84
2900.000000, 720.000000, 2944.000000, 720.000000, 2945.000000, 734.000000, 2900.000000, 733.000000,   small-vehicle,   85
2125.000000, 904.000000, 2154.000000, 904.000000, 2155.000000, 943.000000, 2126.000000, 943.000000,   small-vehicle,   86
2412.000000, 708.000000, 2466.000000, 708.000000, 2466.000000, 725.000000, 2412.000000, 725.000000,   small-vehicle,   87
2403.000000, 1329.000000, 2464.000000, 1330.000000, 2464.000000, 1350.000000, 2403.000000, 1349.000000,   small-vehicle,   88
3380.000000, 1480.000000, 3440.000000, 1481.000000, 3440.000000, 1497.000000, 3381.000000, 1497.000000,   small-vehicle,   89
2029.000000, 1107.000000, 2058.000000, 1108.000000, 2059.000000, 1151.000000, 2029.000000, 1151.000000,   small-vehicle,   90
3501.000000, 1320.000000, 3569.000000, 1321.000000, 3570.000000, 1339.000000, 3502.000000, 1338.000000,   small-vehicle,   91
3085.000000, 1477.000000, 3141.000000, 1478.000000, 3141.000000, 1491.000000, 3086.000000, 1490.000000,   small-vehicle,   92
1892.000000, 1043.000000, 1919.000000, 1043.000000, 1920.000000, 1083.000000, 1892.000000, 1083.000000,   small-vehicle,   94
2904.000000, 1362.000000, 2958.000000, 1363.000000, 2959.000000, 1380.000000, 2904.000000, 1379.000000,   small-vehicle,   96
780.000000, 1393.000000, 835.000000, 1394.000000, 835.000000, 1413.000000, 779.000000, 1412.000000,   small-vehicle,   97
3692.000000, 1350.000000, 3756.000000, 1351.000000, 3757.000000, 1373.000000, 3693.000000, 1372.000000,   small-vehicle,   98
2828.000000, 1473.000000, 2875.000000, 1473.000000, 2875.000000, 1491.000000, 2828.000000, 1491.000000,   small-vehicle,   100
1936.000000, 1066.000000, 1967.000000, 1066.000000, 1967.000000, 1102.000000, 1936.000000, 1101.000000,   small-vehicle,   101
3528.000000, 1484.000000, 3600.000000, 1485.000000, 3601.000000, 1502.000000, 3529.000000, 1501.000000,   small-vehicle,   102
1671.000000, 1415.000000, 1733.000000, 1416.000000, 1733.000000, 1432.000000, 1671.000000, 1431.000000,   small-vehicle,   103
2931.000000, 1335.000000, 2989.000000, 1335.000000, 2989.000000, 1353.000000, 2932.000000, 1352.000000,   small-vehicle,   106
3099.000000, 1337.000000, 3166.000000, 1338.000000, 3167.000000, 1354.000000, 3099.000000, 1353.000000,   small-vehicle,   109
1907.000000, 1120.000000, 1937.000000, 1120.000000, 1937.000000, 1158.000000, 1908.000000, 1158.000000,   small-vehicle,   110
2493.000000, 1329.000000, 2558.000000, 1330.000000, 2559.000000, 1350.000000, 2493.000000, 1349.000000,   small-vehicle,   111
1031.000000, 1440.000000, 1088.000000, 1441.000000, 1088.000000, 1456.000000, 1031.000000, 1456.000000,   small-vehicle,   113
2209.000000, 1666.000000, 2250.000000, 1667.000000, 2250.000000, 1710.000000, 2209.000000, 1709.000000,   small-vehicle,   114
2389.000000, 1358.000000, 2451.000000, 1359.000000, 2451.000000, 1378.000000, 2390.000000, 1377.000000,   small-vehicle,   115
1459.000000, 1389.000000, 1518.000000, 1389.000000, 1518.000000, 1406.000000, 1459.000000, 1405.000000,   small-vehicle,   116
1011.000000, 1392.000000, 1070.000000, 1393.000000, 1070.000000, 1410.000000, 1011.000000, 1410.000000,   small-vehicle,   118
3377.000000, 1364.000000, 3445.000000, 1365.000000, 3445.000000, 1386.000000, 3378.000000, 1385.000000,   small-vehicle,   119
1856.000000, 665.000000, 1887.000000, 666.000000, 1888.000000, 700.000000, 1857.000000, 700.000000,   small-vehicle,   120
2777.000000, 694.000000, 2830.000000, 694.000000, 2831.000000, 713.000000, 2778.000000, 712.000000,   small-vehicle,   121
3016.000000, 1339.000000, 3075.000000, 1340.000000, 3076.000000, 1355.000000, 3016.000000, 1354.000000,   small-vehicle,   122
1770.000000, 1413.000000, 1830.000000, 1414.000000, 1830.000000, 1432.000000, 1770.000000, 1432.000000,   small-vehicle,   123
1113.000000, 1439.000000, 1169.000000, 1440.000000, 1169.000000, 1455.000000, 1113.000000, 1455.000000,   small-vehicle,   126
1933.000000, 776.000000, 1964.000000, 776.000000, 1964.000000, 815.000000, 1933.000000, 815.000000,   small-vehicle,   127
2920.000000, 688.000000, 2979.000000, 689.000000, 2979.000000, 707.000000, 2920.000000, 706.000000,   small-vehicle,   130
2914.000000, 1313.000000, 2981.000000, 1314.000000, 2981.000000, 1331.000000, 2915.000000, 1331.000000,   small-vehicle,   131
1249.000000, 1038.000000, 1273.000000, 1039.000000, 1273.000000, 1070.000000, 1249.000000, 1070.000000,   small-vehicle,   132
217.000000, 785.000000, 285.000000, 786.000000, 285.000000, 803.000000, 216.000000, 802.000000,   small-vehicle,   134
368.000000, 1453.000000, 429.000000, 1453.000000, 429.000000, 1471.000000, 368.000000, 1471.000000,   small-vehicle,   135
1399.000000, 1465.000000, 1450.000000, 1465.000000, 1450.000000, 1481.000000, 1399.000000, 1481.000000,   small-vehicle,   136
556.000000, 1460.000000, 617.000000, 1461.000000, 617.000000, 1478.000000, 556.000000, 1477.000000,   small-vehicle,   137
3398.000000, 1338.000000, 3462.000000, 1339.000000, 3463.000000, 1358.000000, 3399.000000, 1357.000000,   small-vehicle,   139
1242.000000, 1154.000000, 1270.000000, 1154.000000, 1270.000000, 1190.000000, 1242.000000, 1190.000000,   small-vehicle,   140
1890.000000, 1088.000000, 1910.000000, 1088.000000, 1910.000000, 1114.000000, 1890.000000, 1114.000000,   small-vehicle,   144
801.000000, 1437.000000, 855.000000, 1437.000000, 855.000000, 1454.000000, 801.000000, 1454.000000,   small-vehicle,   145
868.000000, 1304.000000, 914.000000, 1305.000000, 914.000000, 1319.000000, 867.000000, 1318.000000,   small-vehicle,   147
2163.000000, 1363.000000, 2193.000000, 1363.000000, 2193.000000, 1401.000000, 2164.000000, 1401.000000,   small-vehicle,   148
3286.000000, 1338.000000, 3346.000000, 1339.000000, 3346.000000, 1357.000000, 3287.000000, 1357.000000,   small-vehicle,   149
2528.000000, 1467.000000, 2594.000000, 1468.000000, 2595.000000, 1487.000000, 2528.000000, 1486.000000,   small-vehicle,   150
3685.000000, 1327.000000, 3752.000000, 1328.000000, 3753.000000, 1347.000000, 3686.000000, 1346.000000,   small-vehicle,   152
2982.000000, 686.000000, 3044.000000, 687.000000, 3044.000000, 706.000000, 2982.000000, 705.000000,   small-vehicle,   153
1564.000000, 1440.000000, 1612.000000, 1440.000000, 1613.000000, 1458.000000, 1564.000000, 1457.000000,   small-vehicle,   158
1463.000000, 1416.000000, 1521.000000, 1417.000000, 1521.000000, 1438.000000, 1463.000000, 1437.000000,   small-vehicle,   160
3425.000000, 1260.000000, 3464.000000, 1261.000000, 3466.000000, 1302.000000, 3426.000000, 1301.000000,   small-vehicle,   161
1298.000000, 1396.000000, 1358.000000, 1397.000000, 1358.000000, 1416.000000, 1298.000000, 1415.000000,   small-vehicle,   162
3480.000000, 1342.000000, 3549.000000, 1342.000000, 3550.000000, 1364.000000, 3481.000000, 1363.000000,   small-vehicle,   163
1608.000000, 725.000000, 1669.000000, 726.000000, 1669.000000, 743.000000, 1608.000000, 742.000000,   small-vehicle,   164
108.000000, 783.000000, 168.000000, 784.000000, 167.000000, 802.000000, 108.000000, 801.000000,   small-vehicle,   165
3303.000000, 1477.000000, 3361.000000, 1478.000000, 3362.000000, 1497.000000, 3304.000000, 1496.000000,   small-vehicle,   166
933.000000, 1391.000000, 992.000000, 1391.000000, 992.000000, 1411.000000, 933.000000, 1410.000000,   small-vehicle,   167
3205.000000, 1339.000000, 3266.000000, 1340.000000, 3266.000000, 1358.000000, 3206.000000, 1358.000000,   small-vehicle,   168
960.000000, 1462.000000, 1023.000000, 1463.000000, 1023.000000, 1481.000000, 960.000000, 1480.000000,   small-vehicle,   169
3096.000000, 1362.000000, 3160.000000, 1363.000000, 3160.000000, 1381.000000, 3097.000000, 1380.000000,   small-vehicle,   170
941.000000, 1437.000000, 1009.000000, 1438.000000, 1008.000000, 1456.000000, 941.000000, 1455.000000,   small-vehicle,   171
3478.000000, 1368.000000, 3542.000000, 1369.000000, 3543.000000, 1391.000000, 3479.000000, 1390.000000,   small-vehicle,   172
2479.000000, 705.000000, 2545.000000, 706.000000, 2545.000000, 725.000000, 2479.000000, 724.000000,   small-vehicle,   173
1358.000000, 1436.000000, 1416.000000, 1437.000000, 1416.000000, 1455.000000, 1358.000000, 1455.000000,   small-vehicle,   175
1595.000000, 1311.000000, 1650.000000, 1311.000000, 1650.000000, 1328.000000, 1595.000000, 1327.000000,   small-vehicle,   177
2820.000000, 1362.000000, 2884.000000, 1363.000000, 2885.000000, 1381.000000, 2820.000000, 1381.000000,   small-vehicle,   178
1257.000000, 1462.000000, 1316.000000, 1463.000000, 1316.000000, 1481.000000, 1257.000000, 1481.000000,   small-vehicle,   179
2855.000000, 1335.000000, 2915.000000, 1336.000000, 2915.000000, 1353.000000, 2856.000000, 1353.000000,   small-vehicle,   182
1340.000000, 1464.000000, 1400.000000, 1465.000000, 1400.000000, 1481.000000, 1340.000000, 1481.000000,   small-vehicle,   186
1448.000000, 716.000000, 1509.000000, 717.000000, 1509.000000, 735.000000, 1448.000000, 734.000000,   small-vehicle,   189
1291.000000, 1417.000000, 1348.000000, 1418.000000, 1348.000000, 1436.000000, 1291.000000, 1435.000000,   small-vehicle,   190
3606.000000, 1372.000000, 3656.000000, 1373.000000, 3657.000000, 1391.000000, 3607.000000, 1391.000000,   small-vehicle,   193
3352.000000, 1314.000000, 3405.000000, 1314.000000, 3406.000000, 1348.000000, 3353.000000, 1347.000000,   small-vehicle,   196
1496.000000, 1462.000000, 1555.000000, 1463.000000, 1555.000000, 1479.000000, 1496.000000, 1478.000000,   small-vehicle,   198
2786.000000, 718.000000, 2858.000000, 718.000000, 2859.000000, 736.000000, 2786.000000, 735.000000,   small-vehicle,   202
1269.000000, 1438.000000, 1321.000000, 1439.000000, 1321.000000, 1455.000000, 1269.000000, 1455.000000,   small-vehicle,   203
2339.000000, 712.000000, 2403.000000, 713.000000, 2403.000000, 730.000000, 2339.000000, 730.000000,   small-vehicle,   212
119.000000, 1412.000000, 180.000000, 1413.000000, 180.000000, 1431.000000, 119.000000, 1430.000000,   small-vehicle,   213
1041.000000, 1465.000000, 1092.000000, 1466.000000, 1092.000000, 1481.000000, 1041.000000, 1480.000000,   small-vehicle,   214
873.000000, 1435.000000, 929.000000, 1435.000000, 929.000000, 1454.000000, 872.000000, 1453.000000,   small-vehicle,   217
1865.000000, 1051.000000, 1887.000000, 1052.000000, 1888.000000, 1078.000000, 1865.000000, 1078.000000,   small-vehicle,   223
2125.000000, 1209.000000, 2162.000000, 1209.000000, 2163.000000, 1265.000000, 2125.000000, 1265.000000,   large-vehicle,   230
1726.000000, 1438.000000, 1824.000000, 1439.000000, 1824.000000, 1468.000000, 1726.000000, 1467.000000,   large-vehicle,   231
1883.000000, 941.000000, 1925.000000, 941.000000, 1926.000000, 989.000000, 1884.000000, 989.000000,   large-vehicle,   232
625.000000, 1459.000000, 702.000000, 1460.000000, 702.000000, 1482.000000, 625.000000, 1482.000000,   large-vehicle,   236
834.000000, 1460.000000, 923.000000, 1461.000000, 923.000000, 1485.000000, 834.000000, 1484.000000,   large-vehicle,   237
2210.000000, 1386.000000, 2248.000000, 1387.000000, 2249.000000, 1438.000000, 2211.000000, 1438.000000,   large-vehicle,   239
1484.000000, 1438.000000, 1546.000000, 1438.000000, 1546.000000, 1458.000000, 1484.000000, 1458.000000,   large-vehicle,   240
2763.000000, 1336.000000, 2838.000000, 1337.000000, 2838.000000, 1355.000000, 2763.000000, 1354.000000,   large-vehicle,   242
494.000000, 1444.000000, 550.000000, 1445.000000, 550.000000, 1462.000000, 494.000000, 1462.000000,   small-vehicle,   317
3138.000000, 696.000000, 3205.000000, 697.000000, 3206.000000, 714.000000, 3138.000000, 713.000000,   small-vehicle,   329
3066.000000, 694.000000, 3124.000000, 694.000000, 3125.000000, 713.000000, 3066.000000, 713.000000,   small-vehicle,   330
3654.000000, 1394.000000, 3731.000000, 1395.000000, 3732.000000, 1417.000000, 3655.000000, 1416.000000,   small-vehicle,   334
984.000000, 1090.000000, 1046.000000, 1090.000000, 1046.000000, 1109.000000, 984.000000, 1108.000000,   small-vehicle,   337
3317.000000, 681.000000, 3394.000000, 682.000000, 3395.000000, 719.000000, 3318.000000, 718.000000,   large-vehicle,   345
1935.000000, 987.000000, 1963.000000, 988.000000, 1963.000000, 1025.000000, 1936.000000, 1025.000000,   small-vehicle,   353
1133.000000, 1094.000000, 1194.000000, 1095.000000, 1194.000000, 1114.000000, 1133.000000, 1114.000000,   small-vehicle,   360
3206.000000, 695.000000, 3261.000000, 696.000000, 3262.000000, 712.000000, 3207.000000, 711.000000,   small-vehicle,   364
3401.000000, 686.000000, 3476.000000, 687.000000, 3477.000000, 706.000000, 3401.000000, 705.000000,   small-vehicle,   382
731.000000, 1426.000000, 786.000000, 1427.000000, 786.000000, 1445.000000, 731.000000, 1444.000000,   small-vehicle,   383
3483.000000, 681.000000, 3558.000000, 682.000000, 3559.000000, 701.000000, 3484.000000, 700.000000,   small-vehicle,   385
2673.000000, 741.000000, 2733.000000, 741.000000, 2734.000000, 771.000000, 2674.000000, 770.000000,   small-vehicle,   386
1035.000000, 1406.000000, 1100.000000, 1407.000000, 1100.000000, 1424.000000, 1035.000000, 1423.000000,   small-vehicle,   409
2005.000000, 921.000000, 2034.000000, 921.000000, 2034.000000, 963.000000, 2005.000000, 963.000000,   small-vehicle,   421
535.000000, 1396.000000, 591.000000, 1396.000000, 591.000000, 1414.000000, 535.000000, 1413.000000,   small-vehicle,   430
2020.000000, 1054.000000, 2049.000000, 1054.000000, 2049.000000, 1093.000000, 2020.000000, 1092.000000,   small-vehicle,   431
1830.000000, 611.000000, 1856.000000, 611.000000, 1857.000000, 645.000000, 1830.000000, 645.000000,   small-vehicle,   432
1859.000000, 605.000000, 1887.000000, 605.000000, 1888.000000, 641.000000, 1859.000000, 641.000000,   small-vehicle,   433
1064.000000, 1093.000000, 1120.000000, 1094.000000, 1120.000000, 1110.000000, 1064.000000, 1109.000000,   small-vehicle,   438
2945.000000, 724.000000, 3011.000000, 725.000000, 3011.000000, 744.000000, 2945.000000, 743.000000,   small-vehicle,   445
1388.000000, 716.000000, 1440.000000, 717.000000, 1440.000000, 732.000000, 1388.000000, 731.000000,   small-vehicle,   446
1968.000000, 851.000000, 1995.000000, 851.000000, 1996.000000, 886.000000, 1968.000000, 886.000000,   small-vehicle,   457
3168.000000, 1376.000000, 3236.000000, 1376.000000, 3236.000000, 1396.000000, 3169.000000, 1395.000000,   small-vehicle,   462
1677.000000, 1454.000000, 1734.000000, 1454.000000, 1734.000000, 1478.000000, 1677.000000, 1477.000000,   small-vehicle,   463
2995.000000, 748.000000, 3061.000000, 749.000000, 3062.000000, 766.000000, 2995.000000, 765.000000,   small-vehicle,   465
2123.000000, 571.000000, 2150.000000, 571.000000, 2151.000000, 612.000000, 2124.000000, 612.000000,   small-vehicle,   484
197.000000, 826.000000, 266.000000, 827.000000, 266.000000, 837.000000, 197.000000, 836.000000,   large-vehicle,   498
1828.000000, 577.000000, 1847.000000, 577.000000, 1848.000000, 610.000000, 1828.000000, 609.000000,   small-vehicle,   506
18.000000, 776.000000, 83.000000, 777.000000, 83.000000, 795.000000, 17.000000, 795.000000,   small-vehicle,   511
1920.000000, 753.000000, 1948.000000, 753.000000, 1948.000000, 788.000000, 1921.000000, 788.000000,   small-vehicle,   531
1396.000000, 1509.000000, 1442.000000, 1510.000000, 1442.000000, 1539.000000, 1396.000000, 1539.000000,   small-vehicle,   537
2680.000000, 1342.000000, 2746.000000, 1343.000000, 2747.000000, 1363.000000, 2680.000000, 1362.000000,   large-vehicle,   553
2105.000000, 500.000000, 2130.000000, 500.000000, 2131.000000, 531.000000, 2106.000000, 531.000000,   small-vehicle,   564
2140.000000, 506.000000, 2169.000000, 507.000000, 2169.000000, 540.000000, 2140.000000, 540.000000,   small-vehicle,   568
352.000000, 1397.000000, 416.000000, 1398.000000, 416.000000, 1416.000000, 352.000000, 1415.000000,   small-vehicle,   569
1490.000000, 757.000000, 1545.000000, 758.000000, 1545.000000, 770.000000, 1490.000000, 770.000000,   small-vehicle,   575
3419.000000, 735.000000, 3489.000000, 736.000000, 3490.000000, 754.000000, 3419.000000, 753.000000,   small-vehicle,   577
3562.000000, 677.000000, 3631.000000, 678.000000, 3632.000000, 699.000000, 3563.000000, 698.000000,   small-vehicle,   578
2384.000000, 1391.000000, 2445.000000, 1392.000000, 2445.000000, 1408.000000, 2384.000000, 1408.000000,   small-vehicle,   583
2136.000000, 461.000000, 2164.000000, 462.000000, 2164.000000, 498.000000, 2136.000000, 498.000000,   small-vehicle,   590
1864.000000, 993.000000, 1903.000000, 993.000000, 1904.000000, 1031.000000, 1865.000000, 1030.000000,   small-vehicle,   591
1837.000000, 470.000000, 1870.000000, 470.000000, 1870.000000, 508.000000, 1837.000000, 508.000000,   small-vehicle,   593
2151.000000, 1053.000000, 2184.000000, 1053.000000, 2185.000000, 1094.000000, 2152.000000, 1094.000000,   small-vehicle,   595
1701.000000, 1307.000000, 1748.000000, 1308.000000, 1748.000000, 1330.000000, 1701.000000, 1330.000000,   small-vehicle,   598
1191.000000, 1434.000000, 1255.000000, 1434.000000, 1255.000000, 1454.000000, 1191.000000, 1453.000000,   small-vehicle,   613
2538.000000, 763.000000, 2590.000000, 763.000000, 2591.000000, 779.000000, 2538.000000, 778.000000,   small-vehicle,   614
878.000000, 1405.000000, 931.000000, 1405.000000, 931.000000, 1422.000000, 878.000000, 1422.000000,   small-vehicle,   615
2121.000000, 415.000000, 2148.000000, 416.000000, 2149.000000, 451.000000, 2121.000000, 450.000000,   small-vehicle,   632
1885.000000, 507.000000, 1913.000000, 507.000000, 1914.000000, 551.000000, 1886.000000, 551.000000,   small-vehicle,   635
2813.000000, 753.000000, 2874.000000, 754.000000, 2875.000000, 773.000000, 2814.000000, 772.000000,   small-vehicle,   636
3572.000000, 1364.000000, 3649.000000, 1364.000000, 3650.000000, 1386.000000, 3573.000000, 1385.000000,   small-vehicle,   637
1841.000000, 401.000000, 1870.000000, 402.000000, 1870.000000, 439.000000, 1841.000000, 438.000000,   small-vehicle,   638
1604.000000, 1389.000000, 1658.000000, 1390.000000, 1658.000000, 1405.000000, 1604.000000, 1405.000000,   small-vehicle,   659
1808.000000, 377.000000, 1835.000000, 377.000000, 1835.000000, 411.000000, 1808.000000, 411.000000,   small-vehicle,   660
152.000000, 1389.000000, 207.000000, 1389.000000, 207.000000, 1408.000000, 152.000000, 1407.000000,   small-vehicle,   661
2181.000000, 1436.000000, 2220.000000, 1436.000000, 2220.000000, 1482.000000, 2182.000000, 1482.000000,   small-vehicle,   662
1923.000000, 448.000000, 1952.000000, 449.000000, 1953.000000, 483.000000, 1924.000000, 483.000000,   small-vehicle,   663
2108.000000, 1210.000000, 2144.000000, 1210.000000, 2145.000000, 1248.000000, 2109.000000, 1247.000000,   small-vehicle,   664
1597.000000, 1459.000000, 1659.000000, 1460.000000, 1659.000000, 1477.000000, 1597.000000, 1477.000000,   small-vehicle,   665
2123.000000, 369.000000, 2151.000000, 370.000000, 2151.000000, 406.000000, 2123.000000, 406.000000,   small-vehicle,   666
1979.000000, 759.000000, 2010.000000, 759.000000, 2010.000000, 790.000000, 1979.000000, 790.000000,   small-vehicle,   667
416.000000, 375.000000, 475.000000, 376.000000, 475.000000, 393.000000, 416.000000, 392.000000,   small-vehicle,   668
58.000000, 1442.000000, 94.000000, 1443.000000, 94.000000, 1455.000000, 58.000000, 1455.000000,   small-vehicle,   672
194.000000, 1436.000000, 259.000000, 1437.000000, 259.000000, 1456.000000, 194.000000, 1455.000000,   large-vehicle,   676
77.000000, 1408.000000, 147.000000, 1409.000000, 147.000000, 1429.000000, 77.000000, 1428.000000,   large-vehicle,   678
3262.000000, 1377.000000, 3334.000000, 1378.000000, 3335.000000, 1397.000000, 3262.000000, 1396.000000,   small-vehicle,   685
3540.000000, 1464.000000, 3612.000000, 1465.000000, 3612.000000, 1483.000000, 3541.000000, 1482.000000,   small-vehicle,   686
356.000000, 833.000000, 414.000000, 834.000000, 414.000000, 848.000000, 356.000000, 848.000000,   small-vehicle,   687
766.000000, 1556.000000, 794.000000, 1556.000000, 794.000000, 1585.000000, 766.000000, 1584.000000,   small-vehicle,   691
2582.000000, 1342.000000, 2660.000000, 1343.000000, 2661.000000, 1360.000000, 2583.000000, 1359.000000,   large-vehicle,   692
1638.000000, 1341.000000, 1699.000000, 1341.000000, 1699.000000, 1361.000000, 1639.000000, 1360.000000,   large-vehicle,   693
2135.000000, 863.000000, 2167.000000, 863.000000, 2167.000000, 901.000000, 2135.000000, 901.000000,   large-vehicle,   695
2469.000000, 1390.000000, 2582.000000, 1391.000000, 2583.000000, 1417.000000, 2470.000000, 1415.000000,   large-vehicle,   697
2179.000000, 1436.000000, 2219.000000, 1437.000000, 2219.000000, 1483.000000, 2180.000000, 1483.000000,   large-vehicle,   698
2155.000000, 609.000000, 2185.000000, 610.000000, 2185.000000, 648.000000, 2155.000000, 647.000000,   large-vehicle,   700
1801.000000, 337.000000, 1828.000000, 337.000000, 1828.000000, 371.000000, 1801.000000, 370.000000,   small-vehicle,   704
1784.000000, 1410.000000, 1848.000000, 1411.000000, 1849.000000, 1428.000000, 1784.000000, 1427.000000,   small-vehicle,   706
559.000000, 819.000000, 621.000000, 819.000000, 621.000000, 850.000000, 558.000000, 849.000000,   small-vehicle,   708
2584.000000, 1341.000000, 2631.000000, 1342.000000, 2632.000000, 1361.000000, 2585.000000, 1361.000000,   small-vehicle,   709
909.000000, 1365.000000, 952.000000, 1365.000000, 951.000000, 1379.000000, 909.000000, 1378.000000,   small-vehicle,   713
2121.000000, 321.000000, 2146.000000, 321.000000, 2147.000000, 355.000000, 2122.000000, 355.000000,   small-vehicle,   718
2153.000000, 1062.000000, 2183.000000, 1063.000000, 2184.000000, 1102.000000, 2154.000000, 1102.000000,   large-vehicle,   720
2891.000000, 751.000000, 2958.000000, 751.000000, 2959.000000, 772.000000, 2891.000000, 771.000000,   large-vehicle,   721
2473.000000, 1363.000000, 2550.000000, 1364.000000, 2550.000000, 1385.000000, 2473.000000, 1384.000000,   large-vehicle,   722
1193.000000, 1434.000000, 1259.000000, 1434.000000, 1259.000000, 1453.000000, 1193.000000, 1452.000000,   large-vehicle,   724
2809.000000, 1360.000000, 2874.000000, 1360.000000, 2875.000000, 1382.000000, 2810.000000, 1381.000000,   large-vehicle,   725
2552.000000, 708.000000, 2612.000000, 709.000000, 2613.000000, 729.000000, 2553.000000, 729.000000,   large-vehicle,   727
1929.000000, 591.000000, 1969.000000, 592.000000, 1970.000000, 648.000000, 1929.000000, 647.000000,   large-vehicle,   728
2137.000000, 859.000000, 2169.000000, 859.000000, 2169.000000, 900.000000, 2137.000000, 899.000000,   small-vehicle,   729
2343.000000, 1441.000000, 2405.000000, 1442.000000, 2405.000000, 1468.000000, 2343.000000, 1468.000000,   small-vehicle,   730
2573.000000, 1363.000000, 2642.000000, 1364.000000, 2643.000000, 1382.000000, 2573.000000, 1382.000000,   small-vehicle,   731
493.000000, 371.000000, 584.000000, 372.000000, 584.000000, 391.000000, 492.000000, 390.000000,   small-vehicle,   732
2582.000000, 1333.000000, 2650.000000, 1333.000000, 2650.000000, 1350.000000, 2583.000000, 1349.000000,   small-vehicle,   733
195.000000, 1431.000000, 260.000000, 1432.000000, 260.000000, 1450.000000, 195.000000, 1450.000000,   small-vehicle,   734
3692.000000, 1475.000000, 3747.000000, 1475.000000, 3748.000000, 1494.000000, 3693.000000, 1493.000000,   small-vehicle,   735
2411.000000, 765.000000, 2464.000000, 766.000000, 2464.000000, 779.000000, 2412.000000, 778.000000,   small-vehicle,   736
2890.000000, 749.000000, 2958.000000, 750.000000, 2959.000000, 769.000000, 2891.000000, 768.000000,   small-vehicle,   737
2179.000000, 1437.000000, 2219.000000, 1437.000000, 2219.000000, 1484.000000, 2180.000000, 1483.000000,   small-vehicle,   738
1244.000000, 1193.000000, 1261.000000, 1193.000000, 1261.000000, 1212.000000, 1244.000000, 1211.000000,   small-vehicle,   739
146.000000, 1436.000000, 187.000000, 1436.000000, 187.000000, 1453.000000, 145.000000, 1452.000000,   small-vehicle,   742
1876.000000, 351.000000, 1913.000000, 352.000000, 1913.000000, 400.000000, 1877.000000, 400.000000,   large-vehicle,   744
2556.000000, 708.000000, 2613.000000, 709.000000, 2614.000000, 726.000000, 2557.000000, 725.000000,   small-vehicle,   745
2151.000000, 1050.000000, 2184.000000, 1050.000000, 2185.000000, 1091.000000, 2151.000000, 1090.000000,   large-vehicle,   746
2573.000000, 1364.000000, 2642.000000, 1364.000000, 2643.000000, 1387.000000, 2574.000000, 1386.000000,   large-vehicle,   747
2346.000000, 1444.000000, 2412.000000, 1445.000000, 2413.000000, 1475.000000, 2346.000000, 1475.000000,   large-vehicle,   748
1606.000000, 1385.000000, 1659.000000, 1385.000000, 1659.000000, 1402.000000, 1606.000000, 1402.000000,   large-vehicle,   749
