1848.000000, 854.000000, 1876.000000, 854.000000, 1876.000000, 887.000000, 1848.000000, 887.000000,   small-vehicle,   0
2176.000000, 894.000000, 2204.000000, 894.000000, 2204.000000, 930.000000, 2176.000000, 929.000000,   small-vehicle,   1
1854.000000, 897.000000, 1879.000000, 897.000000, 1879.000000, 931.000000, 1854.000000, 930.000000,   small-vehicle,   2
2036.000000, 1174.000000, 2062.000000, 1175.000000, 2062.000000, 1206.000000, 2036.000000, 1205.000000,   small-vehicle,   3
1865.000000, 705.000000, 1890.000000, 705.000000, 1890.000000, 738.000000, 1865.000000, 738.000000,   small-vehicle,   4
2187.000000, 1078.000000, 2216.000000, 1078.000000, 2216.000000, 1114.000000, 2188.000000, 1113.000000,   small-vehicle,   5
1234.000000, 1240.000000, 1262.000000, 1240.000000, 1262.000000, 1278.000000, 1234.000000, 1278.000000,   small-vehicle,   6
2162.000000, 990.000000, 2190.000000, 991.000000, 2191.000000, 1030.000000, 2163.000000, 1030.000000,   small-vehicle,   8
1258.000000, 885.000000, 1286.000000, 885.000000, 1286.000000, 924.000000, 1258.000000, 924.000000,   small-vehicle,   12
2169.000000, 849.000000, 2201.000000, 849.000000, 2201.000000, 888.000000, 2169.000000, 888.000000,   small-vehicle,   17
2141.000000, 945.000000, 2196.000000, 946.000000, 2197.000000, 982.000000, 2141.000000, 981.000000,   small-vehicle,   19
1875.000000, 806.000000, 1905.000000, 806.000000, 1905.000000, 843.000000, 1876.000000, 843.000000,   small-vehicle,   21
2195.000000, 1127.000000, 2225.000000, 1128.000000, 2226.000000, 1165.000000, 2196.000000, 1164.000000,   small-vehicle,   26
2242.000000, 1562.000000, 2277.000000, 1563.000000, 2277.000000, 1609.000000, 2243.000000, 1608.000000,   small-vehicle,   29
2176.000000, 1031.000000, 2212.000000, 1032.000000, 2213.000000, 1071.000000, 2177.000000, 1070.000000,   small-vehicle,   32
1928.000000, 908.000000, 1954.000000, 908.000000, 1954.000000, 944.000000, 1929.000000, 944.000000,   small-vehicle,   36
2162.000000, 1114.000000, 2189.000000, 1114.000000, 2190.000000, 1153.000000, 2163.000000, 1152.000000,   small-vehicle,   40
1263.000000, 702.000000, 1317.000000, 703.000000, 1317.000000, 724.000000, 1263.000000, 723.000000,   small-vehicle,   41
2632.000000, 1300.000000, 2665.000000, 1301.000000, 2666.000000, 1343.000000, 2633.000000, 1342.000000,   small-vehicle,   42
1257.000000, 844.000000, 1282.000000, 844.000000, 1282.000000, 875.000000, 1257.000000, 875.000000,   small-vehicle,   43
2137.000000, 793.000000, 2163.000000, 793.000000, 2164.000000, 834.000000, 2137.000000, 834.000000,   small-vehicle,   46
2191.000000, 991.000000, 2214.000000, 991.000000, 2215.000000, 1023.000000, 2191.000000, 1023.000000,   small-vehicle,   48
2115.000000, 712.000000, 2170.000000, 713.000000, 2170.000000, 743.000000, 2115.000000, 742.000000,   small-vehicle,   66
1251.000000, 985.000000, 1280.000000, 985.000000, 1280.000000, 1023.000000, 1251.000000, 1023.000000,   small-vehicle,   75
1968.000000, 990.000000, 1996.000000, 991.000000, 1997.000000, 1033.000000, 1968.000000, 1032.000000,   small-vehicle,   76
1889.000000, 1166.000000, 1915.000000, 1166.000000, 1915.000000, 1200.000000, 1890.000000, 1200.000000,   small-vehicle,   77
329.000000, 791.000000, 384.000000, 792.000000, 384.000000, 809.000000, 328.000000, 808.000000,   small-vehicle,   79
2901.000000, 721.000000, 2943.000000, 721.000000, 2943.000000, 733.000000, 2902.000000, 732.000000,   small-vehicle,   85
2125.000000, 903.000000, 2154.000000, 903.000000, 2155.000000, 944.000000, 2126.000000, 944.000000,   small-vehicle,   86
2029.000000, 1107.000000, 2058.000000, 1107.000000, 2059.000000, 1152.000000, 2030.000000, 1151.000000,   small-vehicle,   90
1937.000000, 1067.000000, 1966.000000, 1067.000000, 1966.000000, 1101.000000, 1937.000000, 1100.000000,   small-vehicle,   101
1908.000000, 1120.000000, 1936.000000, 1120.000000, 1936.000000, 1158.000000, 1908.000000, 1158.000000,   small-vehicle,   110
2214.000000, 1668.000000, 2244.000000, 1668.000000, 2245.000000, 1708.000000, 2215.000000, 1708.000000,   small-vehicle,   114
1857.000000, 666.000000, 1887.000000, 667.000000, 1887.000000, 699.000000, 1857.000000, 699.000000,   small-vehicle,   120
2781.000000, 695.000000, 2827.000000, 696.000000, 2827.000000, 711.000000, 2781.000000, 710.000000,   small-vehicle,   121
1933.000000, 775.000000, 1963.000000, 776.000000, 1964.000000, 815.000000, 1934.000000, 815.000000,   small-vehicle,   127
1248.000000, 1037.000000, 1274.000000, 1038.000000, 1274.000000, 1071.000000, 1248.000000, 1071.000000,   small-vehicle,   132
1242.000000, 1155.000000, 1270.000000, 1155.000000, 1270.000000, 1189.000000, 1242.000000, 1189.000000,   small-vehicle,   140
1890.000000, 1088.000000, 1910.000000, 1088.000000, 1910.000000, 1114.000000, 1890.000000, 1114.000000,   small-vehicle,   144
2163.000000, 1363.000000, 2193.000000, 1363.000000, 2194.000000, 1401.000000, 2163.000000, 1401.000000,   small-vehicle,   148
1609.000000, 726.000000, 1668.000000, 727.000000, 1668.000000, 742.000000, 1609.000000, 741.000000,   small-vehicle,   164
105.000000, 783.000000, 171.000000, 784.000000, 171.000000, 802.000000, 104.000000, 801.000000,   small-vehicle,   165
2786.000000, 718.000000, 2858.000000, 719.000000, 2858.000000, 735.000000, 2787.000000, 734.000000,   small-vehicle,   202
1863.000000, 1050.000000, 1889.000000, 1050.000000, 1889.000000, 1080.000000, 1864.000000, 1080.000000,   small-vehicle,   223
2126.000000, 1209.000000, 2161.000000, 1209.000000, 2162.000000, 1265.000000, 2126.000000, 1265.000000,   large-vehicle,   230
1883.000000, 941.000000, 1925.000000, 941.000000, 1926.000000, 989.000000, 1884.000000, 989.000000,   large-vehicle,   232
2212.000000, 1387.000000, 2246.000000, 1388.000000, 2247.000000, 1437.000000, 2213.000000, 1437.000000,   large-vehicle,   239
984.000000, 1086.000000, 1042.000000, 1087.000000, 1042.000000, 1104.000000, 984.000000, 1103.000000,   small-vehicle,   337
3320.000000, 687.000000, 3386.000000, 687.000000, 3387.000000, 715.000000, 3321.000000, 715.000000,   large-vehicle,   345
1936.000000, 1053.000000, 1966.000000, 1053.000000, 1967.000000, 1091.000000, 1936.000000, 1091.000000,   small-vehicle,   353
3506.000000, 691.000000, 3550.000000, 691.000000, 3551.000000, 704.000000, 3506.000000, 704.000000,   small-vehicle,   385
2678.000000, 755.000000, 2741.000000, 755.000000, 2741.000000, 781.000000, 2679.000000, 780.000000,   small-vehicle,   386
2013.000000, 990.000000, 2042.000000, 990.000000, 2043.000000, 1032.000000, 2014.000000, 1032.000000,   small-vehicle,   421
2020.000000, 1054.000000, 2049.000000, 1054.000000, 2049.000000, 1093.000000, 2020.000000, 1092.000000,   small-vehicle,   431
1831.000000, 611.000000, 1858.000000, 612.000000, 1859.000000, 646.000000, 1831.000000, 646.000000,   small-vehicle,   432
1860.000000, 607.000000, 1888.000000, 607.000000, 1889.000000, 642.000000, 1860.000000, 642.000000,   small-vehicle,   433
1066.000000, 1084.000000, 1119.000000, 1085.000000, 1119.000000, 1102.000000, 1065.000000, 1101.000000,   small-vehicle,   438
2928.000000, 733.000000, 2993.000000, 734.000000, 2994.000000, 751.000000, 2928.000000, 750.000000,   small-vehicle,   445
1982.000000, 1027.000000, 2009.000000, 1028.000000, 2009.000000, 1061.000000, 1983.000000, 1061.000000,   small-vehicle,   457
2123.000000, 569.000000, 2150.000000, 569.000000, 2151.000000, 612.000000, 2124.000000, 611.000000,   small-vehicle,   484
198.000000, 823.000000, 269.000000, 824.000000, 269.000000, 836.000000, 198.000000, 835.000000,   large-vehicle,   498
1828.000000, 576.000000, 1855.000000, 576.000000, 1855.000000, 608.000000, 1828.000000, 608.000000,   small-vehicle,   506
1944.000000, 971.000000, 1970.000000, 972.000000, 1971.000000, 1006.000000, 1944.000000, 1006.000000,   small-vehicle,   531
2105.000000, 500.000000, 2130.000000, 501.000000, 2131.000000, 534.000000, 2106.000000, 533.000000,   small-vehicle,   564
2143.000000, 510.000000, 2170.000000, 510.000000, 2170.000000, 542.000000, 2143.000000, 542.000000,   small-vehicle,   568
1493.000000, 760.000000, 1548.000000, 761.000000, 1548.000000, 775.000000, 1493.000000, 774.000000,   small-vehicle,   575
3428.000000, 749.000000, 3486.000000, 750.000000, 3486.000000, 766.000000, 3428.000000, 765.000000,   small-vehicle,   577
2137.000000, 464.000000, 2163.000000, 464.000000, 2163.000000, 501.000000, 2137.000000, 500.000000,   small-vehicle,   590
1865.000000, 991.000000, 1904.000000, 992.000000, 1905.000000, 1028.000000, 1866.000000, 1027.000000,   small-vehicle,   591
1840.000000, 472.000000, 1870.000000, 472.000000, 1870.000000, 510.000000, 1840.000000, 509.000000,   small-vehicle,   593
2538.000000, 767.000000, 2598.000000, 768.000000, 2598.000000, 783.000000, 2538.000000, 782.000000,   small-vehicle,   614
2122.000000, 418.000000, 2149.000000, 419.000000, 2150.000000, 454.000000, 2122.000000, 453.000000,   small-vehicle,   632
1914.000000, 789.000000, 1944.000000, 789.000000, 1945.000000, 834.000000, 1914.000000, 834.000000,   small-vehicle,   635
2813.000000, 760.000000, 2872.000000, 761.000000, 2873.000000, 779.000000, 2814.000000, 778.000000,   small-vehicle,   636
1809.000000, 379.000000, 1836.000000, 379.000000, 1836.000000, 411.000000, 1809.000000, 411.000000,   small-vehicle,   660
2072.000000, 933.000000, 2104.000000, 933.000000, 2104.000000, 971.000000, 2072.000000, 971.000000,   small-vehicle,   664
2123.000000, 370.000000, 2151.000000, 371.000000, 2151.000000, 409.000000, 2123.000000, 409.000000,   small-vehicle,   666
2006.000000, 893.000000, 2034.000000, 894.000000, 2035.000000, 925.000000, 2007.000000, 924.000000,   small-vehicle,   667
427.000000, 386.000000, 478.000000, 387.000000, 478.000000, 400.000000, 426.000000, 399.000000,   small-vehicle,   668
1803.000000, 339.000000, 1831.000000, 339.000000, 1831.000000, 371.000000, 1803.000000, 370.000000,   small-vehicle,   704
756.000000, 813.000000, 813.000000, 813.000000, 813.000000, 832.000000, 756.000000, 831.000000,   small-vehicle,   708
2121.000000, 324.000000, 2148.000000, 325.000000, 2149.000000, 358.000000, 2122.000000, 358.000000,   small-vehicle,   718
2553.000000, 717.000000, 2612.000000, 718.000000, 2612.000000, 732.000000, 2553.000000, 732.000000,   large-vehicle,   727
2410.000000, 768.000000, 2464.000000, 769.000000, 2464.000000, 783.000000, 2410.000000, 782.000000,   small-vehicle,   736
1900.000000, 612.000000, 1934.000000, 613.000000, 1934.000000, 658.000000, 1900.000000, 657.000000,   large-vehicle,   744
2344.000000, 769.000000, 2402.000000, 770.000000, 2402.000000, 787.000000, 2344.000000, 787.000000,   small-vehicle,   756
2079.000000, 268.000000, 2112.000000, 268.000000, 2112.000000, 311.000000, 2080.000000, 311.000000,   small-vehicle,   761
1799.000000, 294.000000, 1828.000000, 294.000000, 1828.000000, 332.000000, 1799.000000, 332.000000,   small-vehicle,   762
1691.000000, 768.000000, 1743.000000, 769.000000, 1743.000000, 781.000000, 1691.000000, 780.000000,   small-vehicle,   765
3657.000000, 740.000000, 3708.000000, 740.000000, 3709.000000, 759.000000, 3658.000000, 759.000000,   small-vehicle,   767
3096.000000, 754.000000, 3155.000000, 755.000000, 3156.000000, 772.000000, 3097.000000, 772.000000,   small-vehicle,   789
3572.000000, 743.000000, 3642.000000, 744.000000, 3642.000000, 763.000000, 3573.000000, 762.000000,   small-vehicle,   792
1789.000000, 219.000000, 1817.000000, 219.000000, 1818.000000, 258.000000, 1789.000000, 257.000000,   small-vehicle,   813
3267.000000, 268.000000, 3289.000000, 268.000000, 3290.000000, 301.000000, 3268.000000, 301.000000,   small-vehicle,   815
1906.000000, 366.000000, 1935.000000, 367.000000, 1935.000000, 402.000000, 1907.000000, 402.000000,   small-vehicle,   816
2309.000000, 241.000000, 2359.000000, 241.000000, 2359.000000, 257.000000, 2310.000000, 256.000000,   small-vehicle,   818
2481.000000, 758.000000, 2535.000000, 759.000000, 2536.000000, 794.000000, 2482.000000, 793.000000,   small-vehicle,   824
2414.000000, 720.000000, 2466.000000, 721.000000, 2466.000000, 735.000000, 2414.000000, 734.000000,   small-vehicle,   839
1798.000000, 192.000000, 1819.000000, 192.000000, 1819.000000, 216.000000, 1798.000000, 215.000000,   small-vehicle,   840
2289.000000, 197.000000, 2349.000000, 197.000000, 2349.000000, 211.000000, 2290.000000, 210.000000,   small-vehicle,   841
2356.000000, 191.000000, 2413.000000, 192.000000, 2413.000000, 211.000000, 2356.000000, 210.000000,   small-vehicle,   845
1138.000000, 802.000000, 1192.000000, 803.000000, 1192.000000, 823.000000, 1138.000000, 822.000000,   small-vehicle,   846
1599.000000, 450.000000, 1655.000000, 450.000000, 1655.000000, 465.000000, 1599.000000, 465.000000,   small-vehicle,   847
1957.000000, 864.000000, 1998.000000, 864.000000, 1999.000000, 918.000000, 1958.000000, 917.000000,   large-vehicle,   856
1906.000000, 282.000000, 1933.000000, 283.000000, 1934.000000, 317.000000, 1907.000000, 316.000000,   small-vehicle,   867
2628.000000, 186.000000, 2687.000000, 187.000000, 2687.000000, 205.000000, 2628.000000, 204.000000,   small-vehicle,   870
502.000000, 393.000000, 595.000000, 395.000000, 595.000000, 410.000000, 502.000000, 409.000000,   small-vehicle,   871
2761.000000, 179.000000, 2816.000000, 180.000000, 2816.000000, 195.000000, 2762.000000, 194.000000,   small-vehicle,   875
1424.000000, 759.000000, 1481.000000, 760.000000, 1481.000000, 781.000000, 1424.000000, 780.000000,   small-vehicle,   876
2987.000000, 707.000000, 3039.000000, 708.000000, 3039.000000, 724.000000, 2987.000000, 724.000000,   small-vehicle,   877
3261.000000, 220.000000, 3289.000000, 220.000000, 3290.000000, 252.000000, 3262.000000, 252.000000,   small-vehicle,   878
2557.000000, 186.000000, 2604.000000, 186.000000, 2604.000000, 200.000000, 2557.000000, 200.000000,   small-vehicle,   879
2494.000000, 189.000000, 2552.000000, 190.000000, 2552.000000, 209.000000, 2494.000000, 208.000000,   small-vehicle,   880
1894.000000, 1041.000000, 1920.000000, 1041.000000, 1921.000000, 1080.000000, 1894.000000, 1080.000000,   small-vehicle,   884
1774.000000, 160.000000, 1797.000000, 160.000000, 1797.000000, 194.000000, 1774.000000, 193.000000,   small-vehicle,   885
3337.000000, 157.000000, 3389.000000, 158.000000, 3390.000000, 174.000000, 3338.000000, 173.000000,   small-vehicle,   886
2950.000000, 171.000000, 3016.000000, 172.000000, 3016.000000, 189.000000, 2950.000000, 188.000000,   small-vehicle,   889
1219.000000, 312.000000, 1241.000000, 312.000000, 1241.000000, 338.000000, 1219.000000, 338.000000,   small-vehicle,   890
1776.000000, 121.000000, 1804.000000, 122.000000, 1805.000000, 160.000000, 1777.000000, 160.000000,   small-vehicle,   892
3085.000000, 168.000000, 3143.000000, 169.000000, 3143.000000, 187.000000, 3086.000000, 186.000000,   small-vehicle,   893
3276.000000, 158.000000, 3331.000000, 159.000000, 3331.000000, 176.000000, 3277.000000, 175.000000,   small-vehicle,   894
2859.000000, 172.000000, 2923.000000, 173.000000, 2923.000000, 192.000000, 2859.000000, 191.000000,   small-vehicle,   895
3449.000000, 150.000000, 3506.000000, 151.000000, 3507.000000, 169.000000, 3449.000000, 168.000000,   small-vehicle,   897
3279.000000, 203.000000, 3315.000000, 204.000000, 3315.000000, 218.000000, 3279.000000, 218.000000,   small-vehicle,   901
2698.000000, 180.000000, 2755.000000, 181.000000, 2755.000000, 197.000000, 2699.000000, 197.000000,   small-vehicle,   904
540.000000, 626.000000, 603.000000, 627.000000, 603.000000, 648.000000, 539.000000, 647.000000,   small-vehicle,   909
2365.000000, 234.000000, 2401.000000, 234.000000, 2402.000000, 249.000000, 2365.000000, 249.000000,   small-vehicle,   915
3067.000000, 214.000000, 3124.000000, 215.000000, 3125.000000, 231.000000, 3067.000000, 230.000000,   small-vehicle,   916
2091.000000, 83.000000, 2121.000000, 84.000000, 2122.000000, 122.000000, 2092.000000, 121.000000,   small-vehicle,   917
756.000000, 833.000000, 814.000000, 834.000000, 813.000000, 854.000000, 756.000000, 853.000000,   small-vehicle,   919
2068.000000, 105.000000, 2100.000000, 105.000000, 2101.000000, 141.000000, 2068.000000, 140.000000,   small-vehicle,   921
3602.000000, 144.000000, 3651.000000, 144.000000, 3652.000000, 160.000000, 3603.000000, 159.000000,   small-vehicle,   924
1862.000000, 244.000000, 1891.000000, 244.000000, 1891.000000, 279.000000, 1862.000000, 279.000000,   small-vehicle,   930
2136.000000, 862.000000, 2168.000000, 863.000000, 2168.000000, 899.000000, 2136.000000, 899.000000,   small-vehicle,   941
3493.000000, 745.000000, 3568.000000, 746.000000, 3568.000000, 765.000000, 3494.000000, 764.000000,   small-vehicle,   943
2088.000000, 40.000000, 2115.000000, 40.000000, 2115.000000, 77.000000, 2088.000000, 76.000000,   small-vehicle,   944
2106.000000, 1202.000000, 2144.000000, 1203.000000, 2145.000000, 1248.000000, 2107.000000, 1248.000000,   small-vehicle,   945
1770.000000, 44.000000, 1798.000000, 45.000000, 1798.000000, 81.000000, 1770.000000, 81.000000,   small-vehicle,   949
3156.000000, 755.000000, 3225.000000, 756.000000, 3225.000000, 771.000000, 3157.000000, 770.000000,   small-vehicle,   951
3396.000000, 700.000000, 3472.000000, 701.000000, 3473.000000, 717.000000, 3397.000000, 716.000000,   small-vehicle,   953
1912.000000, 487.000000, 1940.000000, 487.000000, 1941.000000, 527.000000, 1913.000000, 527.000000,   large-vehicle,   959
2999.000000, 216.000000, 3059.000000, 217.000000, 3060.000000, 234.000000, 2999.000000, 233.000000,   small-vehicle,   962
924.000000, 18.000000, 969.000000, 18.000000, 969.000000, 35.000000, 924.000000, 34.000000,   small-vehicle,   964
721.000000, 19.000000, 787.000000, 20.000000, 786.000000, 39.000000, 721.000000, 38.000000,   small-vehicle,   966
3445.000000, 198.000000, 3492.000000, 199.000000, 3492.000000, 213.000000, 3445.000000, 212.000000,   small-vehicle,   969
1090.000000, 18.000000, 1117.000000, 19.000000, 1117.000000, 46.000000, 1090.000000, 45.000000,   small-vehicle,   971
2891.000000, 760.000000, 2958.000000, 761.000000, 2959.000000, 778.000000, 2891.000000, 778.000000,   small-vehicle,   972
1464.000000, 447.000000, 1529.000000, 447.000000, 1529.000000, 463.000000, 1464.000000, 462.000000,   small-vehicle,   973
1083.000000, 141.000000, 1124.000000, 142.000000, 1124.000000, 157.000000, 1083.000000, 157.000000,   small-vehicle,   975
1811.000000, 514.000000, 1830.000000, 515.000000, 1831.000000, 540.000000, 1811.000000, 540.000000,   small-vehicle,   976
2152.000000, 1064.000000, 2182.000000, 1065.000000, 2183.000000, 1102.000000, 2153.000000, 1102.000000,   large-vehicle,   977
1032.000000, 437.000000, 1084.000000, 438.000000, 1084.000000, 448.000000, 1032.000000, 447.000000,   large-vehicle,   979
1883.000000, 101.000000, 1911.000000, 101.000000, 1912.000000, 139.000000, 1883.000000, 138.000000,   small-vehicle,   980
1765.000000, 7.000000, 1793.000000, 7.000000, 1793.000000, 40.000000, 1765.000000, 40.000000,   small-vehicle,   981
3561.000000, 698.000000, 3627.000000, 698.000000, 3628.000000, 711.000000, 3561.000000, 710.000000,   large-vehicle,   982
2050.000000, 15.000000, 2081.000000, 15.000000, 2081.000000, 53.000000, 2051.000000, 53.000000,   small-vehicle,   986
853.000000, 20.000000, 907.000000, 21.000000, 907.000000, 35.000000, 853.000000, 34.000000,   small-vehicle,   987
1953.000000, 722.000000, 1981.000000, 723.000000, 1982.000000, 756.000000, 1953.000000, 755.000000,   small-vehicle,   988
994.000000, 18.000000, 1053.000000, 18.000000, 1053.000000, 34.000000, 994.000000, 33.000000,   small-vehicle,   989
631.000000, -27.000000, 696.000000, -26.000000, 696.000000, -6.000000, 630.000000, -7.000000,   small-vehicle,   990
1915.000000, 496.000000, 1944.000000, 496.000000, 1945.000000, 538.000000, 1916.000000, 538.000000,   small-vehicle,   991
2555.000000, 715.000000, 2613.000000, 716.000000, 2613.000000, 729.000000, 2555.000000, 729.000000,   small-vehicle,   992
3272.000000, 313.000000, 3299.000000, 314.000000, 3300.000000, 340.000000, 3272.000000, 339.000000,   small-vehicle,   993
2423.000000, 238.000000, 2461.000000, 239.000000, 2461.000000, 270.000000, 2424.000000, 270.000000,   small-vehicle,   994
19.000000, 3.000000, 70.000000, 4.000000, 70.000000, 18.000000, 19.000000, 17.000000,   small-vehicle,   995
1792.000000, -35.000000, 1819.000000, -34.000000, 1820.000000, -1.000000, 1792.000000, -1.000000,   small-vehicle,   996
265.000000, -10.000000, 320.000000, -9.000000, 320.000000, 6.000000, 265.000000, 5.000000,   small-vehicle,   997
1764.000000, -28.000000, 1790.000000, -27.000000, 1790.000000, 6.000000, 1764.000000, 5.000000,   small-vehicle,   998
2149.000000, 1047.000000, 2180.000000, 1047.000000, 2181.000000, 1091.000000, 2150.000000, 1090.000000,   small-vehicle,   999
1024.000000, 431.000000, 1084.000000, 432.000000, 1084.000000, 445.000000, 1024.000000, 444.000000,   small-vehicle,   1000
2084.000000, -5.000000, 2112.000000, -5.000000, 2113.000000, 28.000000, 2084.000000, 28.000000,   small-vehicle,   1001
2106.000000, 1202.000000, 2143.000000, 1202.000000, 2144.000000, 1247.000000, 2107.000000, 1247.000000,   large-vehicle,   1003
2134.000000, 849.000000, 2166.000000, 849.000000, 2166.000000, 888.000000, 2134.000000, 888.000000,   large-vehicle,   1004
2888.000000, 757.000000, 2956.000000, 758.000000, 2957.000000, 777.000000, 2888.000000, 776.000000,   large-vehicle,   1005
1266.000000, 465.000000, 1364.000000, 466.000000, 1364.000000, 488.000000, 1266.000000, 487.000000,   large-vehicle,   1007
329.000000, -11.000000, 380.000000, -10.000000, 380.000000, 4.000000, 329.000000, 3.000000,   small-vehicle,   1008
980.000000, -30.000000, 1050.000000, -29.000000, 1050.000000, -13.000000, 980.000000, -14.000000,   small-vehicle,   1009
1846.000000, 131.000000, 1875.000000, 132.000000, 1876.000000, 175.000000, 1846.000000, 174.000000,   small-vehicle,   1010
1845.000000, 404.000000, 1871.000000, 404.000000, 1871.000000, 440.000000, 1845.000000, 440.000000,   small-vehicle,   1011
829.000000, -29.000000, 892.000000, -28.000000, 892.000000, -11.000000, 829.000000, -12.000000,   small-vehicle,   1012
544.000000, -27.000000, 600.000000, -26.000000, 600.000000, -8.000000, 544.000000, -9.000000,   small-vehicle,   1013
905.000000, -31.000000, 960.000000, -30.000000, 960.000000, -14.000000, 905.000000, -15.000000,   small-vehicle,   1014
2123.000000, 571.000000, 2151.000000, 572.000000, 2152.000000, 614.000000, 2124.000000, 614.000000,   small-vehicle,   1015
2552.000000, 719.000000, 2614.000000, 720.000000, 2614.000000, 732.000000, 2552.000000, 731.000000,   small-vehicle,   1016
2083.000000, -39.000000, 2105.000000, -39.000000, 2106.000000, -13.000000, 2084.000000, -14.000000,   small-vehicle,   1017
2153.000000, 1062.000000, 2183.000000, 1063.000000, 2184.000000, 1104.000000, 2154.000000, 1104.000000,   small-vehicle,   1018
1022.000000, 438.000000, 1087.000000, 439.000000, 1087.000000, 455.000000, 1022.000000, 454.000000,   small-vehicle,   1019
2184.000000, 326.000000, 2201.000000, 326.000000, 2201.000000, 343.000000, 2184.000000, 343.000000,   small-vehicle,   1020
804.000000, 436.000000, 854.000000, 437.000000, 854.000000, 450.000000, 804.000000, 449.000000,   small-vehicle,   1021
2156.000000, 575.000000, 2181.000000, 575.000000, 2182.000000, 602.000000, 2157.000000, 602.000000,   small-vehicle,   1022
2134.000000, 864.000000, 2168.000000, 864.000000, 2168.000000, 903.000000, 2134.000000, 903.000000,   large-vehicle,   1023
3595.000000, 182.000000, 3668.000000, 183.000000, 3668.000000, 195.000000, 3596.000000, 194.000000,   large-vehicle,   1024
2888.000000, 760.000000, 2956.000000, 761.000000, 2957.000000, 780.000000, 2888.000000, 779.000000,   large-vehicle,   1025
1140.000000, 457.000000, 1179.000000, 457.000000, 1179.000000, 513.000000, 1140.000000, 513.000000,   large-vehicle,   1026
2105.000000, 1203.000000, 2145.000000, 1204.000000, 2146.000000, 1249.000000, 2106.000000, 1248.000000,   large-vehicle,   1027
1913.000000, 498.000000, 1943.000000, 498.000000, 1944.000000, 539.000000, 1914.000000, 539.000000,   large-vehicle,   1028
1847.000000, 132.000000, 1874.000000, 132.000000, 1875.000000, 175.000000, 1847.000000, 175.000000,   large-vehicle,   1029
2123.000000, 571.000000, 2151.000000, 572.000000, 2152.000000, 614.000000, 2123.000000, 614.000000,   large-vehicle,   1030
1019.000000, 439.000000, 1084.000000, 440.000000, 1084.000000, 451.000000, 1019.000000, 450.000000,   large-vehicle,   1031
1840.000000, -35.000000, 1869.000000, -35.000000, 1869.000000, 2.000000, 1841.000000, 2.000000,   small-vehicle,   1032
2464.000000, -34.000000, 2486.000000, -34.000000, 2487.000000, -8.000000, 2465.000000, -9.000000,   small-vehicle,   1033
