1848.000000, 854.000000, 1876.000000, 854.000000, 1876.000000, 888.000000, 1848.000000, 887.000000,   small-vehicle,   0
2175.000000, 895.000000, 2204.000000, 895.000000, 2205.000000, 928.000000, 2176.000000, 928.000000,   small-vehicle,   1
1854.000000, 897.000000, 1879.000000, 897.000000, 1879.000000, 931.000000, 1854.000000, 930.000000,   small-vehicle,   2
2034.000000, 1173.000000, 2064.000000, 1174.000000, 2064.000000, 1207.000000, 2034.000000, 1206.000000,   small-vehicle,   3
1864.000000, 704.000000, 1891.000000, 704.000000, 1891.000000, 739.000000, 1864.000000, 739.000000,   small-vehicle,   4
2186.000000, 1078.000000, 2216.000000, 1078.000000, 2217.000000, 1114.000000, 2187.000000, 1113.000000,   small-vehicle,   5
1235.000000, 1241.000000, 1261.000000, 1241.000000, 1261.000000, 1277.000000, 1235.000000, 1276.000000,   small-vehicle,   6
1532.000000, 1392.000000, 1583.000000, 1392.000000, 1583.000000, 1407.000000, 1532.000000, 1406.000000,   small-vehicle,   7
2163.000000, 992.000000, 2190.000000, 992.000000, 2191.000000, 1028.000000, 2163.000000, 1028.000000,   small-vehicle,   8
3186.000000, 1315.000000, 3246.000000, 1316.000000, 3246.000000, 1332.000000, 3187.000000, 1331.000000,   small-vehicle,   9
1061.000000, 1310.000000, 1109.000000, 1311.000000, 1109.000000, 1326.000000, 1061.000000, 1326.000000,   small-vehicle,   10
429.000000, 1309.000000, 488.000000, 1310.000000, 488.000000, 1324.000000, 429.000000, 1323.000000,   small-vehicle,   11
1260.000000, 886.000000, 1284.000000, 887.000000, 1284.000000, 923.000000, 1260.000000, 923.000000,   small-vehicle,   12
2657.000000, 1366.000000, 2712.000000, 1366.000000, 2712.000000, 1382.000000, 2657.000000, 1381.000000,   small-vehicle,   14
2053.000000, 1513.000000, 2088.000000, 1513.000000, 2088.000000, 1551.000000, 2053.000000, 1551.000000,   small-vehicle,   15
1157.000000, 1308.000000, 1208.000000, 1309.000000, 1208.000000, 1325.000000, 1157.000000, 1324.000000,   small-vehicle,   16
2169.000000, 848.000000, 2201.000000, 849.000000, 2201.000000, 889.000000, 2169.000000, 889.000000,   small-vehicle,   17
1640.000000, 1349.000000, 1697.000000, 1349.000000, 1697.000000, 1367.000000, 1640.000000, 1366.000000,   small-vehicle,   18
2140.000000, 944.000000, 2197.000000, 945.000000, 2198.000000, 983.000000, 2140.000000, 982.000000,   small-vehicle,   19
1981.000000, 1113.000000, 2019.000000, 1114.000000, 2019.000000, 1152.000000, 1981.000000, 1151.000000,   small-vehicle,   20
1876.000000, 804.000000, 1904.000000, 804.000000, 1904.000000, 845.000000, 1876.000000, 844.000000,   small-vehicle,   21
1645.000000, 1443.000000, 1705.000000, 1443.000000, 1705.000000, 1458.000000, 1645.000000, 1458.000000,   small-vehicle,   22
2470.000000, 1472.000000, 2524.000000, 1472.000000, 2525.000000, 1486.000000, 2470.000000, 1485.000000,   small-vehicle,   23
2091.000000, 1639.000000, 2123.000000, 1639.000000, 2124.000000, 1677.000000, 2091.000000, 1677.000000,   small-vehicle,   24
131.000000, 1306.000000, 188.000000, 1307.000000, 188.000000, 1323.000000, 131.000000, 1322.000000,   small-vehicle,   25
2197.000000, 1129.000000, 2224.000000, 1130.000000, 2224.000000, 1163.000000, 2198.000000, 1162.000000,   small-vehicle,   26
797.000000, 1307.000000, 855.000000, 1307.000000, 855.000000, 1326.000000, 797.000000, 1325.000000,   small-vehicle,   27
2242.000000, 1564.000000, 2277.000000, 1564.000000, 2277.000000, 1607.000000, 2243.000000, 1607.000000,   small-vehicle,   29
2539.000000, 1668.000000, 2605.000000, 1669.000000, 2605.000000, 1689.000000, 2539.000000, 1688.000000,   small-vehicle,   30
2131.000000, 1851.000000, 2157.000000, 1852.000000, 2157.000000, 1885.000000, 2132.000000, 1885.000000,   small-vehicle,   31
2177.000000, 1032.000000, 2212.000000, 1032.000000, 2212.000000, 1070.000000, 2177.000000, 1070.000000,   small-vehicle,   32
1920.000000, 1205.000000, 1970.000000, 1205.000000, 1970.000000, 1242.000000, 1921.000000, 1242.000000,   small-vehicle,   33
2736.000000, 1362.000000, 2792.000000, 1362.000000, 2792.000000, 1377.000000, 2736.000000, 1377.000000,   small-vehicle,   34
2199.000000, 1188.000000, 2229.000000, 1189.000000, 2230.000000, 1229.000000, 2200.000000, 1229.000000,   small-vehicle,   35
1927.000000, 909.000000, 1954.000000, 909.000000, 1955.000000, 944.000000, 1928.000000, 943.000000,   small-vehicle,   36
2152.000000, 1905.000000, 2179.000000, 1905.000000, 2179.000000, 1939.000000, 2153.000000, 1939.000000,   small-vehicle,   37
2976.000000, 1362.000000, 3039.000000, 1363.000000, 3040.000000, 1379.000000, 2976.000000, 1378.000000,   small-vehicle,   38
259.000000, 1226.000000, 285.000000, 1226.000000, 284.000000, 1257.000000, 259.000000, 1256.000000,   small-vehicle,   39
2162.000000, 1114.000000, 2190.000000, 1115.000000, 2190.000000, 1152.000000, 2162.000000, 1152.000000,   small-vehicle,   40
1275.000000, 697.000000, 1305.000000, 698.000000, 1305.000000, 729.000000, 1275.000000, 729.000000,   small-vehicle,   41
2622.000000, 1313.000000, 2675.000000, 1314.000000, 2676.000000, 1330.000000, 2622.000000, 1329.000000,   small-vehicle,   42
1258.000000, 845.000000, 1280.000000, 845.000000, 1280.000000, 874.000000, 1258.000000, 874.000000,   small-vehicle,   43
1681.000000, 1392.000000, 1743.000000, 1393.000000, 1743.000000, 1410.000000, 1681.000000, 1409.000000,   small-vehicle,   44
1387.000000, 1389.000000, 1442.000000, 1390.000000, 1442.000000, 1408.000000, 1387.000000, 1408.000000,   small-vehicle,   45
2137.000000, 795.000000, 2163.000000, 796.000000, 2164.000000, 832.000000, 2137.000000, 831.000000,   small-vehicle,   46
927.000000, 1309.000000, 983.000000, 1310.000000, 983.000000, 1328.000000, 927.000000, 1327.000000,   small-vehicle,   47
2189.000000, 991.000000, 2217.000000, 991.000000, 2217.000000, 1023.000000, 2189.000000, 1023.000000,   small-vehicle,   48
2981.000000, 1315.000000, 3035.000000, 1316.000000, 3035.000000, 1332.000000, 2981.000000, 1331.000000,   small-vehicle,   49
64.000000, 1306.000000, 122.000000, 1307.000000, 122.000000, 1326.000000, 64.000000, 1325.000000,   small-vehicle,   50
531.000000, 1306.000000, 594.000000, 1307.000000, 594.000000, 1324.000000, 530.000000, 1323.000000,   small-vehicle,   51
2065.000000, 1550.000000, 2102.000000, 1551.000000, 2102.000000, 1594.000000, 2066.000000, 1593.000000,   small-vehicle,   52
1387.000000, 1417.000000, 1445.000000, 1418.000000, 1445.000000, 1433.000000, 1387.000000, 1432.000000,   small-vehicle,   53
2652.000000, 1669.000000, 2708.000000, 1670.000000, 2708.000000, 1685.000000, 2652.000000, 1685.000000,   small-vehicle,   54
296.000000, 1455.000000, 353.000000, 1456.000000, 352.000000, 1471.000000, 296.000000, 1471.000000,   small-vehicle,   55
2904.000000, 1476.000000, 2962.000000, 1476.000000, 2963.000000, 1492.000000, 2904.000000, 1491.000000,   small-vehicle,   56
3415.000000, 1219.000000, 3445.000000, 1220.000000, 3446.000000, 1252.000000, 3416.000000, 1252.000000,   small-vehicle,   57
1114.000000, 1395.000000, 1174.000000, 1396.000000, 1174.000000, 1413.000000, 1114.000000, 1413.000000,   small-vehicle,   58
3327.000000, 1975.000000, 3356.000000, 1975.000000, 3357.000000, 2002.000000, 3328.000000, 2001.000000,   small-vehicle,   59
2130.000000, 1599.000000, 2162.000000, 1599.000000, 2163.000000, 1640.000000, 2130.000000, 1640.000000,   small-vehicle,   60
1963.000000, 1650.000000, 1989.000000, 1650.000000, 1989.000000, 1681.000000, 1964.000000, 1680.000000,   small-vehicle,   61
610.000000, 1307.000000, 662.000000, 1307.000000, 661.000000, 1323.000000, 609.000000, 1322.000000,   small-vehicle,   62
3343.000000, 1265.000000, 3376.000000, 1265.000000, 3377.000000, 1305.000000, 3344.000000, 1304.000000,   small-vehicle,   63
1120.000000, 1465.000000, 1169.000000, 1466.000000, 1168.000000, 1480.000000, 1120.000000, 1479.000000,   small-vehicle,   64
3095.000000, 1315.000000, 3164.000000, 1315.000000, 3164.000000, 1332.000000, 3096.000000, 1331.000000,   small-vehicle,   65
2125.000000, 711.000000, 2159.000000, 711.000000, 2160.000000, 745.000000, 2126.000000, 744.000000,   small-vehicle,   66
845.000000, 1396.000000, 901.000000, 1396.000000, 901.000000, 1413.000000, 845.000000, 1413.000000,   small-vehicle,   67
2632.000000, 696.000000, 2690.000000, 696.000000, 2691.000000, 718.000000, 2633.000000, 718.000000,   small-vehicle,   69
3690.000000, 1637.000000, 3755.000000, 1638.000000, 3756.000000, 1654.000000, 3690.000000, 1653.000000,   small-vehicle,   70
2141.000000, 1966.000000, 2169.000000, 1966.000000, 2170.000000, 2002.000000, 2141.000000, 2001.000000,   small-vehicle,   71
2387.000000, 1389.000000, 2447.000000, 1389.000000, 2447.000000, 1405.000000, 2387.000000, 1404.000000,   small-vehicle,   72
3266.000000, 1314.000000, 3328.000000, 1315.000000, 3328.000000, 1333.000000, 3267.000000, 1332.000000,   small-vehicle,   73
200.000000, 1306.000000, 251.000000, 1307.000000, 251.000000, 1322.000000, 200.000000, 1321.000000,   small-vehicle,   74
1252.000000, 988.000000, 1279.000000, 988.000000, 1279.000000, 1021.000000, 1252.000000, 1020.000000,   small-vehicle,   75
1967.000000, 990.000000, 1997.000000, 991.000000, 1998.000000, 1033.000000, 1967.000000, 1032.000000,   small-vehicle,   76
1888.000000, 1165.000000, 1916.000000, 1165.000000, 1916.000000, 1201.000000, 1888.000000, 1201.000000,   small-vehicle,   77
2721.000000, 1472.000000, 2791.000000, 1473.000000, 2791.000000, 1491.000000, 2722.000000, 1490.000000,   small-vehicle,   78
330.000000, 790.000000, 383.000000, 790.000000, 382.000000, 810.000000, 330.000000, 809.000000,   small-vehicle,   79
1545.000000, 1410.000000, 1606.000000, 1411.000000, 1607.000000, 1428.000000, 1545.000000, 1427.000000,   small-vehicle,   80
2284.000000, 1894.000000, 2311.000000, 1895.000000, 2312.000000, 1928.000000, 2284.000000, 1927.000000,   small-vehicle,   81
1197.000000, 1419.000000, 1251.000000, 1420.000000, 1251.000000, 1435.000000, 1197.000000, 1434.000000,   small-vehicle,   82
2601.000000, 1389.000000, 2676.000000, 1390.000000, 2676.000000, 1407.000000, 2602.000000, 1406.000000,   small-vehicle,   83
1210.000000, 1392.000000, 1275.000000, 1392.000000, 1275.000000, 1408.000000, 1210.000000, 1407.000000,   small-vehicle,   84
2900.000000, 720.000000, 2944.000000, 720.000000, 2944.000000, 733.000000, 2901.000000, 733.000000,   small-vehicle,   85
2125.000000, 904.000000, 2154.000000, 904.000000, 2155.000000, 943.000000, 2126.000000, 943.000000,   small-vehicle,   86
2411.000000, 706.000000, 2466.000000, 707.000000, 2467.000000, 727.000000, 2412.000000, 726.000000,   small-vehicle,   87
2405.000000, 1331.000000, 2462.000000, 1332.000000, 2462.000000, 1348.000000, 2405.000000, 1347.000000,   small-vehicle,   88
3381.000000, 1480.000000, 3439.000000, 1481.000000, 3439.000000, 1497.000000, 3382.000000, 1496.000000,   small-vehicle,   89
2029.000000, 1107.000000, 2058.000000, 1108.000000, 2059.000000, 1151.000000, 2029.000000, 1151.000000,   small-vehicle,   90
3502.000000, 1321.000000, 3568.000000, 1322.000000, 3568.000000, 1337.000000, 3503.000000, 1337.000000,   small-vehicle,   91
3085.000000, 1475.000000, 3141.000000, 1476.000000, 3141.000000, 1493.000000, 3086.000000, 1492.000000,   small-vehicle,   92
3027.000000, 1628.000000, 3083.000000, 1628.000000, 3084.000000, 1645.000000, 3028.000000, 1645.000000,   small-vehicle,   93
1892.000000, 1043.000000, 1920.000000, 1044.000000, 1920.000000, 1083.000000, 1892.000000, 1082.000000,   small-vehicle,   94
2472.000000, 1667.000000, 2530.000000, 1668.000000, 2530.000000, 1690.000000, 2472.000000, 1689.000000,   small-vehicle,   95
2901.000000, 1362.000000, 2961.000000, 1363.000000, 2961.000000, 1380.000000, 2902.000000, 1379.000000,   small-vehicle,   96
779.000000, 1393.000000, 836.000000, 1394.000000, 836.000000, 1413.000000, 779.000000, 1412.000000,   small-vehicle,   97
3695.000000, 1352.000000, 3753.000000, 1353.000000, 3754.000000, 1371.000000, 3696.000000, 1370.000000,   small-vehicle,   98
3068.000000, 1669.000000, 3131.000000, 1670.000000, 3131.000000, 1686.000000, 3069.000000, 1686.000000,   small-vehicle,   99
2826.000000, 1473.000000, 2876.000000, 1474.000000, 2877.000000, 1491.000000, 2827.000000, 1490.000000,   small-vehicle,   100
1937.000000, 1065.000000, 1965.000000, 1065.000000, 1966.000000, 1103.000000, 1937.000000, 1102.000000,   small-vehicle,   101
3529.000000, 1483.000000, 3599.000000, 1484.000000, 3599.000000, 1502.000000, 3530.000000, 1502.000000,   small-vehicle,   102
1671.000000, 1415.000000, 1733.000000, 1416.000000, 1733.000000, 1432.000000, 1671.000000, 1431.000000,   small-vehicle,   103
3325.000000, 1727.000000, 3357.000000, 1727.000000, 3358.000000, 1764.000000, 3327.000000, 1764.000000,   small-vehicle,   104
1985.000000, 1197.000000, 2026.000000, 1198.000000, 2027.000000, 1244.000000, 1986.000000, 1243.000000,   small-vehicle,   105
2931.000000, 1335.000000, 2989.000000, 1336.000000, 2989.000000, 1352.000000, 2932.000000, 1352.000000,   small-vehicle,   106
3701.000000, 1695.000000, 3728.000000, 1696.000000, 3729.000000, 1731.000000, 3702.000000, 1731.000000,   small-vehicle,   107
3506.000000, 1632.000000, 3570.000000, 1632.000000, 3570.000000, 1649.000000, 3507.000000, 1648.000000,   small-vehicle,   108
3098.000000, 1337.000000, 3168.000000, 1338.000000, 3168.000000, 1354.000000, 3098.000000, 1353.000000,   small-vehicle,   109
1907.000000, 1119.000000, 1937.000000, 1119.000000, 1937.000000, 1159.000000, 1908.000000, 1159.000000,   small-vehicle,   110
2493.000000, 1330.000000, 2558.000000, 1331.000000, 2559.000000, 1348.000000, 2493.000000, 1348.000000,   small-vehicle,   111
2966.000000, 1442.000000, 3033.000000, 1443.000000, 3033.000000, 1459.000000, 2967.000000, 1458.000000,   small-vehicle,   112
1030.000000, 1440.000000, 1089.000000, 1441.000000, 1088.000000, 1457.000000, 1030.000000, 1456.000000,   small-vehicle,   113
2213.000000, 1668.000000, 2245.000000, 1668.000000, 2245.000000, 1708.000000, 2214.000000, 1708.000000,   small-vehicle,   114
2389.000000, 1359.000000, 2451.000000, 1360.000000, 2451.000000, 1377.000000, 2390.000000, 1376.000000,   small-vehicle,   115
1459.000000, 1389.000000, 1518.000000, 1389.000000, 1518.000000, 1406.000000, 1459.000000, 1405.000000,   small-vehicle,   116
3324.000000, 1633.000000, 3386.000000, 1634.000000, 3387.000000, 1651.000000, 3325.000000, 1651.000000,   small-vehicle,   117
1011.000000, 1392.000000, 1069.000000, 1393.000000, 1069.000000, 1410.000000, 1011.000000, 1409.000000,   small-vehicle,   118
3377.000000, 1365.000000, 3445.000000, 1366.000000, 3446.000000, 1385.000000, 3378.000000, 1384.000000,   small-vehicle,   119
1858.000000, 666.000000, 1886.000000, 667.000000, 1886.000000, 699.000000, 1858.000000, 699.000000,   small-vehicle,   120
2777.000000, 693.000000, 2830.000000, 693.000000, 2831.000000, 714.000000, 2778.000000, 713.000000,   small-vehicle,   121
3014.000000, 1339.000000, 3077.000000, 1339.000000, 3078.000000, 1356.000000, 3014.000000, 1355.000000,   small-vehicle,   122
1769.000000, 1414.000000, 1831.000000, 1414.000000, 1831.000000, 1432.000000, 1769.000000, 1431.000000,   small-vehicle,   123
287.000000, 1411.000000, 344.000000, 1411.000000, 344.000000, 1428.000000, 287.000000, 1428.000000,   small-vehicle,   124
2480.000000, 1623.000000, 2543.000000, 1624.000000, 2543.000000, 1640.000000, 2480.000000, 1640.000000,   small-vehicle,   125
1111.000000, 1439.000000, 1170.000000, 1440.000000, 1170.000000, 1455.000000, 1111.000000, 1454.000000,   small-vehicle,   126
1933.000000, 775.000000, 1964.000000, 775.000000, 1964.000000, 816.000000, 1933.000000, 816.000000,   small-vehicle,   127
362.000000, 1225.000000, 387.000000, 1225.000000, 387.000000, 1260.000000, 361.000000, 1259.000000,   small-vehicle,   128
1770.000000, 1393.000000, 1830.000000, 1394.000000, 1830.000000, 1411.000000, 1770.000000, 1411.000000,   small-vehicle,   129
2919.000000, 686.000000, 2979.000000, 687.000000, 2980.000000, 708.000000, 2920.000000, 708.000000,   small-vehicle,   130
2920.000000, 1314.000000, 2975.000000, 1314.000000, 2976.000000, 1331.000000, 2920.000000, 1330.000000,   small-vehicle,   131
1249.000000, 1040.000000, 1272.000000, 1040.000000, 1272.000000, 1069.000000, 1249.000000, 1069.000000,   small-vehicle,   132
3208.000000, 1630.000000, 3271.000000, 1631.000000, 3271.000000, 1647.000000, 3208.000000, 1646.000000,   small-vehicle,   133
217.000000, 785.000000, 285.000000, 786.000000, 285.000000, 803.000000, 216.000000, 802.000000,   small-vehicle,   134
367.000000, 1454.000000, 429.000000, 1455.000000, 429.000000, 1470.000000, 367.000000, 1469.000000,   small-vehicle,   135
1401.000000, 1464.000000, 1447.000000, 1465.000000, 1447.000000, 1482.000000, 1401.000000, 1481.000000,   small-vehicle,   136
556.000000, 1460.000000, 617.000000, 1461.000000, 617.000000, 1478.000000, 556.000000, 1477.000000,   small-vehicle,   137
2206.000000, 1581.000000, 2236.000000, 1582.000000, 2237.000000, 1619.000000, 2206.000000, 1618.000000,   small-vehicle,   138
3398.000000, 1338.000000, 3462.000000, 1339.000000, 3463.000000, 1358.000000, 3399.000000, 1357.000000,   small-vehicle,   139
1242.000000, 1154.000000, 1269.000000, 1154.000000, 1269.000000, 1190.000000, 1242.000000, 1190.000000,   small-vehicle,   140
517.000000, 1411.000000, 586.000000, 1412.000000, 586.000000, 1432.000000, 517.000000, 1432.000000,   small-vehicle,   143
1888.000000, 1088.000000, 1911.000000, 1088.000000, 1912.000000, 1114.000000, 1888.000000, 1114.000000,   small-vehicle,   144
801.000000, 1437.000000, 854.000000, 1438.000000, 854.000000, 1454.000000, 801.000000, 1453.000000,   small-vehicle,   145
2551.000000, 701.000000, 2616.000000, 702.000000, 2616.000000, 723.000000, 2551.000000, 722.000000,   small-vehicle,   146
869.000000, 1304.000000, 913.000000, 1305.000000, 913.000000, 1319.000000, 868.000000, 1318.000000,   small-vehicle,   147
2162.000000, 1362.000000, 2194.000000, 1363.000000, 2195.000000, 1402.000000, 2162.000000, 1401.000000,   small-vehicle,   148
3287.000000, 1339.000000, 3346.000000, 1340.000000, 3346.000000, 1356.000000, 3287.000000, 1356.000000,   small-vehicle,   149
2526.000000, 1467.000000, 2596.000000, 1468.000000, 2596.000000, 1486.000000, 2527.000000, 1486.000000,   small-vehicle,   150
2135.000000, 862.000000, 2168.000000, 863.000000, 2168.000000, 899.000000, 2135.000000, 899.000000,   small-vehicle,   151
3686.000000, 1329.000000, 3751.000000, 1330.000000, 3752.000000, 1345.000000, 3687.000000, 1344.000000,   small-vehicle,   152
2982.000000, 686.000000, 3044.000000, 687.000000, 3044.000000, 706.000000, 2982.000000, 705.000000,   small-vehicle,   153
3129.000000, 1628.000000, 3187.000000, 1628.000000, 3187.000000, 1646.000000, 3130.000000, 1645.000000,   small-vehicle,   154
2028.000000, 1319.000000, 2068.000000, 1319.000000, 2069.000000, 1365.000000, 2029.000000, 1365.000000,   small-vehicle,   155
3166.000000, 1668.000000, 3228.000000, 1669.000000, 3228.000000, 1688.000000, 3167.000000, 1687.000000,   small-vehicle,   156
1564.000000, 1440.000000, 1613.000000, 1440.000000, 1613.000000, 1458.000000, 1564.000000, 1457.000000,   small-vehicle,   158
1991.000000, 1683.000000, 2014.000000, 1684.000000, 2014.000000, 1704.000000, 1991.000000, 1703.000000,   small-vehicle,   159
1462.000000, 1417.000000, 1522.000000, 1417.000000, 1522.000000, 1437.000000, 1462.000000, 1437.000000,   small-vehicle,   160
3425.000000, 1261.000000, 3464.000000, 1262.000000, 3465.000000, 1300.000000, 3426.000000, 1300.000000,   small-vehicle,   161
1297.000000, 1396.000000, 1359.000000, 1397.000000, 1359.000000, 1416.000000, 1297.000000, 1415.000000,   small-vehicle,   162
3480.000000, 1343.000000, 3548.000000, 1344.000000, 3549.000000, 1362.000000, 3481.000000, 1361.000000,   small-vehicle,   163
1608.000000, 724.000000, 1669.000000, 725.000000, 1669.000000, 744.000000, 1608.000000, 744.000000,   small-vehicle,   164
108.000000, 783.000000, 168.000000, 784.000000, 167.000000, 802.000000, 108.000000, 801.000000,   small-vehicle,   165
3304.000000, 1480.000000, 3361.000000, 1481.000000, 3361.000000, 1494.000000, 3304.000000, 1494.000000,   small-vehicle,   166
934.000000, 1391.000000, 991.000000, 1392.000000, 991.000000, 1411.000000, 934.000000, 1410.000000,   small-vehicle,   167
3205.000000, 1340.000000, 3266.000000, 1341.000000, 3267.000000, 1357.000000, 3205.000000, 1356.000000,   small-vehicle,   168
960.000000, 1462.000000, 1023.000000, 1463.000000, 1023.000000, 1481.000000, 960.000000, 1481.000000,   small-vehicle,   169
3096.000000, 1362.000000, 3160.000000, 1363.000000, 3160.000000, 1381.000000, 3097.000000, 1380.000000,   small-vehicle,   170
941.000000, 1437.000000, 1008.000000, 1438.000000, 1008.000000, 1456.000000, 941.000000, 1455.000000,   small-vehicle,   171
3477.000000, 1370.000000, 3543.000000, 1370.000000, 3544.000000, 1390.000000, 3477.000000, 1389.000000,   small-vehicle,   172
2479.000000, 704.000000, 2545.000000, 705.000000, 2545.000000, 726.000000, 2479.000000, 725.000000,   small-vehicle,   173
1359.000000, 1436.000000, 1415.000000, 1436.000000, 1415.000000, 1456.000000, 1359.000000, 1455.000000,   small-vehicle,   175
3329.000000, 1884.000000, 3356.000000, 1885.000000, 3357.000000, 1919.000000, 3330.000000, 1919.000000,   small-vehicle,   176
1593.000000, 1311.000000, 1651.000000, 1312.000000, 1651.000000, 1327.000000, 1593.000000, 1326.000000,   small-vehicle,   177
2821.000000, 1362.000000, 2883.000000, 1363.000000, 2884.000000, 1381.000000, 2821.000000, 1381.000000,   small-vehicle,   178
1254.000000, 1462.000000, 1318.000000, 1463.000000, 1318.000000, 1481.000000, 1254.000000, 1481.000000,   small-vehicle,   179
695.000000, 1833.000000, 725.000000, 1833.000000, 724.000000, 1870.000000, 695.000000, 1870.000000,   small-vehicle,   181
2852.000000, 1335.000000, 2918.000000, 1336.000000, 2919.000000, 1354.000000, 2852.000000, 1353.000000,   small-vehicle,   182
1342.000000, 1464.000000, 1397.000000, 1465.000000, 1397.000000, 1481.000000, 1342.000000, 1480.000000,   small-vehicle,   186
2672.000000, 1695.000000, 2703.000000, 1695.000000, 2704.000000, 1736.000000, 2673.000000, 1735.000000,   small-vehicle,   187
2577.000000, 1361.000000, 2641.000000, 1362.000000, 2642.000000, 1379.000000, 2577.000000, 1378.000000,   small-vehicle,   188
1447.000000, 717.000000, 1511.000000, 718.000000, 1511.000000, 735.000000, 1447.000000, 734.000000,   small-vehicle,   189
1289.000000, 1418.000000, 1349.000000, 1418.000000, 1349.000000, 1435.000000, 1289.000000, 1434.000000,   small-vehicle,   190
2778.000000, 1442.000000, 2847.000000, 1443.000000, 2847.000000, 1460.000000, 2779.000000, 1459.000000,   small-vehicle,   192
3594.000000, 1372.000000, 3669.000000, 1373.000000, 3669.000000, 1391.000000, 3594.000000, 1391.000000,   small-vehicle,   193
2618.000000, 1627.000000, 2652.000000, 1627.000000, 2653.000000, 1641.000000, 2618.000000, 1640.000000,   small-vehicle,   194
3260.000000, 1941.000000, 3285.000000, 1942.000000, 3286.000000, 1975.000000, 3261.000000, 1975.000000,   small-vehicle,   195
3351.000000, 1311.000000, 3406.000000, 1312.000000, 3408.000000, 1350.000000, 3352.000000, 1349.000000,   small-vehicle,   196
1500.000000, 1462.000000, 1552.000000, 1462.000000, 1552.000000, 1479.000000, 1500.000000, 1479.000000,   small-vehicle,   198
1863.000000, 994.000000, 1900.000000, 994.000000, 1900.000000, 1032.000000, 1863.000000, 1032.000000,   small-vehicle,   199
3331.000000, 1929.000000, 3358.000000, 1929.000000, 3359.000000, 1963.000000, 3332.000000, 1963.000000,   small-vehicle,   200
3666.000000, 1736.000000, 3690.000000, 1736.000000, 3691.000000, 1764.000000, 3667.000000, 1764.000000,   small-vehicle,   201
2787.000000, 718.000000, 2857.000000, 718.000000, 2858.000000, 736.000000, 2787.000000, 735.000000,   small-vehicle,   202
1270.000000, 1439.000000, 1320.000000, 1439.000000, 1320.000000, 1455.000000, 1270.000000, 1454.000000,   small-vehicle,   203
1696.000000, 1318.000000, 1743.000000, 1319.000000, 1743.000000, 1334.000000, 1696.000000, 1334.000000,   small-vehicle,   204
3597.000000, 1346.000000, 3672.000000, 1347.000000, 3672.000000, 1366.000000, 3597.000000, 1365.000000,   small-vehicle,   209
2338.000000, 712.000000, 2403.000000, 712.000000, 2404.000000, 731.000000, 2339.000000, 730.000000,   small-vehicle,   212
117.000000, 1412.000000, 182.000000, 1413.000000, 182.000000, 1431.000000, 116.000000, 1430.000000,   small-vehicle,   213
1044.000000, 1465.000000, 1089.000000, 1466.000000, 1089.000000, 1481.000000, 1044.000000, 1480.000000,   small-vehicle,   214
2223.000000, 1135.000000, 2244.000000, 1135.000000, 2244.000000, 1162.000000, 2223.000000, 1161.000000,   small-vehicle,   215
50.000000, 1460.000000, 89.000000, 1461.000000, 89.000000, 1473.000000, 49.000000, 1472.000000,   small-vehicle,   216
873.000000, 1435.000000, 929.000000, 1435.000000, 928.000000, 1454.000000, 873.000000, 1453.000000,   small-vehicle,   217
3288.000000, 1365.000000, 3360.000000, 1365.000000, 3360.000000, 1382.000000, 3288.000000, 1381.000000,   small-vehicle,   218
72.000000, 1433.000000, 147.000000, 1434.000000, 147.000000, 1455.000000, 72.000000, 1454.000000,   small-vehicle,   219
2126.000000, 1903.000000, 2148.000000, 1904.000000, 2148.000000, 1928.000000, 2126.000000, 1928.000000,   small-vehicle,   220
1865.000000, 1052.000000, 1887.000000, 1052.000000, 1887.000000, 1078.000000, 1866.000000, 1078.000000,   small-vehicle,   223
480.000000, 1303.000000, 522.000000, 1303.000000, 522.000000, 1314.000000, 480.000000, 1314.000000,   small-vehicle,   224
3268.000000, 1894.000000, 3292.000000, 1894.000000, 3293.000000, 1931.000000, 3269.000000, 1930.000000,   small-vehicle,   227
2124.000000, 1208.000000, 2162.000000, 1209.000000, 2163.000000, 1265.000000, 2125.000000, 1265.000000,   large-vehicle,   230
1728.000000, 1441.000000, 1821.000000, 1442.000000, 1821.000000, 1465.000000, 1728.000000, 1464.000000,   large-vehicle,   231
1884.000000, 939.000000, 1925.000000, 940.000000, 1925.000000, 990.000000, 1884.000000, 990.000000,   large-vehicle,   232
2071.000000, 1441.000000, 2116.000000, 1442.000000, 2117.000000, 1494.000000, 2072.000000, 1493.000000,   large-vehicle,   233
2108.000000, 1754.000000, 2148.000000, 1754.000000, 2149.000000, 1813.000000, 2109.000000, 1812.000000,   large-vehicle,   234
3692.000000, 1487.000000, 3766.000000, 1488.000000, 3767.000000, 1513.000000, 3693.000000, 1512.000000,   large-vehicle,   235
623.000000, 1458.000000, 704.000000, 1459.000000, 704.000000, 1483.000000, 622.000000, 1482.000000,   large-vehicle,   236
830.000000, 1460.000000, 928.000000, 1462.000000, 928.000000, 1485.000000, 829.000000, 1484.000000,   large-vehicle,   237
2681.000000, 1335.000000, 2747.000000, 1336.000000, 2747.000000, 1355.000000, 2682.000000, 1355.000000,   large-vehicle,   238
2208.000000, 1387.000000, 2251.000000, 1388.000000, 2251.000000, 1437.000000, 2208.000000, 1437.000000,   large-vehicle,   239
1483.000000, 1437.000000, 1547.000000, 1438.000000, 1547.000000, 1459.000000, 1483.000000, 1458.000000,   large-vehicle,   240
2761.000000, 1337.000000, 2840.000000, 1337.000000, 2840.000000, 1354.000000, 2761.000000, 1353.000000,   large-vehicle,   242
2472.000000, 1383.000000, 2585.000000, 1384.000000, 2586.000000, 1409.000000, 2472.000000, 1407.000000,   large-vehicle,   243
2719.000000, 1691.000000, 2746.000000, 1691.000000, 2747.000000, 1738.000000, 2720.000000, 1738.000000,   large-vehicle,   244
2244.000000, 1904.000000, 2271.000000, 1904.000000, 2272.000000, 1948.000000, 2245.000000, 1947.000000,   large-vehicle,   247
2220.000000, 1767.000000, 2251.000000, 1767.000000, 2252.000000, 1812.000000, 2220.000000, 1812.000000,   large-vehicle,   248
190.000000, 1454.000000, 253.000000, 1455.000000, 252.000000, 1473.000000, 189.000000, 1472.000000,   large-vehicle,   250
2096.000000, 1705.000000, 2133.000000, 1706.000000, 2134.000000, 1751.000000, 2096.000000, 1751.000000,   large-vehicle,   253
3761.000000, 1675.000000, 3802.000000, 1675.000000, 3803.000000, 1692.000000, 3762.000000, 1691.000000,   small-vehicle,   270
1737.000000, 1330.000000, 1807.000000, 1331.000000, 1807.000000, 1361.000000, 1737.000000, 1361.000000,   large-vehicle,   279
1597.000000, 1464.000000, 1660.000000, 1465.000000, 1660.000000, 1480.000000, 1597.000000, 1479.000000,   large-vehicle,   284
1189.000000, 1432.000000, 1252.000000, 1433.000000, 1252.000000, 1451.000000, 1189.000000, 1450.000000,   small-vehicle,   288
2241.000000, 1580.000000, 2277.000000, 1580.000000, 2278.000000, 1624.000000, 2241.000000, 1623.000000,   small-vehicle,   289
3699.000000, 1740.000000, 3733.000000, 1741.000000, 3734.000000, 1774.000000, 3701.000000, 1774.000000,   small-vehicle,   291
1191.000000, 1441.000000, 1257.000000, 1442.000000, 1257.000000, 1461.000000, 1191.000000, 1460.000000,   large-vehicle,   303
1665.000000, 1453.000000, 1727.000000, 1454.000000, 1727.000000, 1477.000000, 1665.000000, 1476.000000,   large-vehicle,   306
2154.000000, 1062.000000, 2185.000000, 1062.000000, 2185.000000, 1100.000000, 2154.000000, 1100.000000,   small-vehicle,   309
652.000000, 1858.000000, 685.000000, 1859.000000, 685.000000, 1896.000000, 652.000000, 1895.000000,   small-vehicle,   310
490.000000, 1459.000000, 543.000000, 1459.000000, 543.000000, 1476.000000, 490.000000, 1475.000000,   small-vehicle,   317
2239.000000, 1829.000000, 2267.000000, 1830.000000, 2267.000000, 1868.000000, 2240.000000, 1867.000000,   large-vehicle,   322
3143.000000, 680.000000, 3208.000000, 681.000000, 3209.000000, 702.000000, 3143.000000, 701.000000,   small-vehicle,   329
3068.000000, 681.000000, 3128.000000, 682.000000, 3129.000000, 702.000000, 3068.000000, 702.000000,   small-vehicle,   330
3688.000000, 1380.000000, 3766.000000, 1381.000000, 3766.000000, 1400.000000, 3689.000000, 1399.000000,   small-vehicle,   334
978.000000, 1093.000000, 1040.000000, 1094.000000, 1040.000000, 1111.000000, 978.000000, 1110.000000,   small-vehicle,   337
2472.000000, 1356.000000, 2550.000000, 1356.000000, 2550.000000, 1378.000000, 2472.000000, 1377.000000,   large-vehicle,   344
3322.000000, 665.000000, 3397.000000, 666.000000, 3398.000000, 705.000000, 3323.000000, 704.000000,   large-vehicle,   345
1668.000000, 1462.000000, 1731.000000, 1462.000000, 1731.000000, 1484.000000, 1668.000000, 1484.000000,   small-vehicle,   346
3169.000000, 1361.000000, 3239.000000, 1361.000000, 3240.000000, 1381.000000, 3170.000000, 1380.000000,   large-vehicle,   347
75.000000, 1431.000000, 146.000000, 1432.000000, 146.000000, 1451.000000, 75.000000, 1451.000000,   large-vehicle,   348
1608.000000, 1390.000000, 1662.000000, 1390.000000, 1662.000000, 1407.000000, 1608.000000, 1406.000000,   large-vehicle,   351
3350.000000, 1305.000000, 3404.000000, 1306.000000, 3405.000000, 1342.000000, 3351.000000, 1342.000000,   large-vehicle,   352
1910.000000, 718.000000, 1940.000000, 718.000000, 1940.000000, 753.000000, 1910.000000, 753.000000,   small-vehicle,   353
1590.000000, 1373.000000, 1642.000000, 1374.000000, 1642.000000, 1388.000000, 1590.000000, 1388.000000,   small-vehicle,   354
1135.000000, 1101.000000, 1190.000000, 1101.000000, 1190.000000, 1119.000000, 1135.000000, 1118.000000,   small-vehicle,   360
2585.000000, 1333.000000, 2664.000000, 1334.000000, 2664.000000, 1352.000000, 2585.000000, 1351.000000,   small-vehicle,   362
3211.000000, 678.000000, 3269.000000, 679.000000, 3270.000000, 699.000000, 3212.000000, 699.000000,   small-vehicle,   364
3284.000000, 1358.000000, 3356.000000, 1359.000000, 3357.000000, 1378.000000, 3285.000000, 1377.000000,   large-vehicle,   365
2586.000000, 1326.000000, 2664.000000, 1327.000000, 2664.000000, 1343.000000, 2586.000000, 1342.000000,   large-vehicle,   366
3482.000000, 1457.000000, 3551.000000, 1458.000000, 3552.000000, 1476.000000, 3483.000000, 1475.000000,   large-vehicle,   367
2215.000000, 1689.000000, 2247.000000, 1690.000000, 2248.000000, 1734.000000, 2215.000000, 1734.000000,   large-vehicle,   369
2150.000000, 1051.000000, 2183.000000, 1051.000000, 2183.000000, 1089.000000, 2151.000000, 1088.000000,   large-vehicle,   370
3222.000000, 1437.000000, 3289.000000, 1438.000000, 3289.000000, 1455.000000, 3223.000000, 1454.000000,   large-vehicle,   371
1865.000000, 993.000000, 1902.000000, 993.000000, 1902.000000, 1032.000000, 1865.000000, 1032.000000,   large-vehicle,   372
2898.000000, 742.000000, 2960.000000, 742.000000, 2961.000000, 757.000000, 2898.000000, 756.000000,   large-vehicle,   373
3170.000000, 1366.000000, 3238.000000, 1367.000000, 3238.000000, 1385.000000, 3171.000000, 1384.000000,   small-vehicle,   379
2239.000000, 1836.000000, 2268.000000, 1836.000000, 2269.000000, 1875.000000, 2240.000000, 1874.000000,   small-vehicle,   380
1603.000000, 1381.000000, 1658.000000, 1381.000000, 1658.000000, 1396.000000, 1603.000000, 1396.000000,   small-vehicle,   381
3404.000000, 667.000000, 3479.000000, 668.000000, 3479.000000, 692.000000, 3405.000000, 691.000000,   small-vehicle,   382
705.000000, 1439.000000, 762.000000, 1439.000000, 762.000000, 1456.000000, 705.000000, 1455.000000,   small-vehicle,   383
1595.000000, 1460.000000, 1659.000000, 1461.000000, 1659.000000, 1477.000000, 1595.000000, 1477.000000,   small-vehicle,   384
3486.000000, 662.000000, 3562.000000, 663.000000, 3563.000000, 688.000000, 3487.000000, 687.000000,   small-vehicle,   385
2621.000000, 729.000000, 2670.000000, 729.000000, 2671.000000, 742.000000, 2621.000000, 742.000000,   small-vehicle,   386
3680.000000, 655.000000, 3744.000000, 656.000000, 3744.000000, 675.000000, 3681.000000, 674.000000,   small-vehicle,   387
1259.000000, 1261.000000, 1306.000000, 1261.000000, 1306.000000, 1307.000000, 1259.000000, 1307.000000,   small-vehicle,   388
1665.000000, 1457.000000, 1730.000000, 1457.000000, 1730.000000, 1478.000000, 1665.000000, 1477.000000,   small-vehicle,   393
1957.000000, 1719.000000, 2002.000000, 1720.000000, 2002.000000, 1734.000000, 1957.000000, 1733.000000,   large-vehicle,   394
3586.000000, 1348.000000, 3661.000000, 1348.000000, 3662.000000, 1369.000000, 3586.000000, 1368.000000,   large-vehicle,   395
2582.000000, 1362.000000, 2642.000000, 1363.000000, 2642.000000, 1380.000000, 2583.000000, 1379.000000,   large-vehicle,   396
2008.000000, 1211.000000, 2055.000000, 1212.000000, 2056.000000, 1308.000000, 2009.000000, 1307.000000,   large-vehicle,   397
1950.000000, 646.000000, 1983.000000, 646.000000, 1983.000000, 691.000000, 1950.000000, 691.000000,   large-vehicle,   398
1189.000000, 1442.000000, 1249.000000, 1442.000000, 1249.000000, 1460.000000, 1189.000000, 1459.000000,   small-vehicle,   399
2153.000000, 1057.000000, 2184.000000, 1058.000000, 2184.000000, 1096.000000, 2153.000000, 1096.000000,   large-vehicle,   400
694.000000, 1405.000000, 759.000000, 1406.000000, 759.000000, 1424.000000, 694.000000, 1423.000000,   large-vehicle,   401
2079.000000, 1448.000000, 2120.000000, 1448.000000, 2121.000000, 1491.000000, 2080.000000, 1491.000000,   large-vehicle,   402
2017.000000, 1048.000000, 2049.000000, 1048.000000, 2050.000000, 1090.000000, 2018.000000, 1090.000000,   large-vehicle,   403
70.000000, 1424.000000, 145.000000, 1424.000000, 145.000000, 1445.000000, 69.000000, 1444.000000,   large-vehicle,   404
3351.000000, 1310.000000, 3406.000000, 1311.000000, 3408.000000, 1349.000000, 3352.000000, 1348.000000,   large-vehicle,   405
1951.000000, 905.000000, 1984.000000, 905.000000, 1984.000000, 947.000000, 1951.000000, 947.000000,   large-vehicle,   406
2019.000000, 1051.000000, 2048.000000, 1052.000000, 2049.000000, 1090.000000, 2020.000000, 1090.000000,   small-vehicle,   407
1605.000000, 1393.000000, 1662.000000, 1394.000000, 1662.000000, 1409.000000, 1605.000000, 1408.000000,   small-vehicle,   408
708.000000, 1414.000000, 771.000000, 1414.000000, 771.000000, 1432.000000, 708.000000, 1432.000000,   small-vehicle,   409
2217.000000, 1690.000000, 2247.000000, 1690.000000, 2248.000000, 1734.000000, 2217.000000, 1733.000000,   small-vehicle,   410
3464.000000, 1449.000000, 3531.000000, 1450.000000, 3531.000000, 1467.000000, 3465.000000, 1466.000000,   small-vehicle,   411
3285.000000, 1362.000000, 3356.000000, 1363.000000, 3357.000000, 1381.000000, 3286.000000, 1380.000000,   small-vehicle,   412
3567.000000, 658.000000, 3637.000000, 659.000000, 3638.000000, 681.000000, 3568.000000, 681.000000,   small-vehicle,   413
188.000000, 1444.000000, 254.000000, 1445.000000, 254.000000, 1463.000000, 188.000000, 1463.000000,   small-vehicle,   414
2798.000000, 1301.000000, 2827.000000, 1301.000000, 2827.000000, 1312.000000, 2798.000000, 1312.000000,   small-vehicle,   415
3269.000000, 1766.000000, 3295.000000, 1766.000000, 3296.000000, 1806.000000, 3271.000000, 1806.000000,   small-vehicle,   416
2473.000000, 1360.000000, 2549.000000, 1361.000000, 2549.000000, 1380.000000, 2473.000000, 1379.000000,   small-vehicle,   417
1736.000000, 1333.000000, 1802.000000, 1334.000000, 1802.000000, 1363.000000, 1736.000000, 1362.000000,   small-vehicle,   418
2586.000000, 1337.000000, 2664.000000, 1338.000000, 2664.000000, 1356.000000, 2586.000000, 1355.000000,   large-vehicle,   419
1259.000000, 1259.000000, 1306.000000, 1259.000000, 1306.000000, 1307.000000, 1259.000000, 1306.000000,   large-vehicle,   420
