2132.000000, 301.000000, 2193.000000, 301.000000, 2193.000000, 317.000000, 2132.000000, 317.000000,   small-vehicle,   66
2065.000000, 399.000000, 2097.000000, 399.000000, 2097.000000, 436.000000, 2065.000000, 436.000000,   small-vehicle,   148
2148.000000, 571.000000, 2176.000000, 571.000000, 2176.000000, 605.000000, 2148.000000, 605.000000,   small-vehicle,   564
2185.000000, 577.000000, 2215.000000, 577.000000, 2215.000000, 616.000000, 2185.000000, 616.000000,   small-vehicle,   568
1880.000000, 545.000000, 1911.000000, 545.000000, 1911.000000, 584.000000, 1880.000000, 584.000000,   small-vehicle,   593
2165.000000, 488.000000, 2195.000000, 488.000000, 2195.000000, 526.000000, 2165.000000, 526.000000,   small-vehicle,   632
1849.000000, 452.000000, 1878.000000, 452.000000, 1878.000000, 488.000000, 1849.000000, 488.000000,   small-vehicle,   660
2168.000000, 442.000000, 2198.000000, 442.000000, 2198.000000, 478.000000, 2168.000000, 478.000000,   small-vehicle,   666
1845.000000, 413.000000, 1871.000000, 413.000000, 1871.000000, 444.000000, 1845.000000, 444.000000,   small-vehicle,   704
2167.000000, 393.000000, 2196.000000, 393.000000, 2196.000000, 432.000000, 2167.000000, 432.000000,   small-vehicle,   718
2125.000000, 338.000000, 2159.000000, 338.000000, 2159.000000, 381.000000, 2125.000000, 381.000000,   small-vehicle,   761
1841.000000, 369.000000, 1869.000000, 369.000000, 1869.000000, 406.000000, 1841.000000, 406.000000,   small-vehicle,   762
1828.000000, 292.000000, 1860.000000, 292.000000, 1860.000000, 329.000000, 1828.000000, 329.000000,   small-vehicle,   813
3336.000000, 323.000000, 3363.000000, 323.000000, 3363.000000, 358.000000, 3336.000000, 358.000000,   small-vehicle,   815
2359.000000, 308.000000, 2413.000000, 308.000000, 2413.000000, 326.000000, 2359.000000, 326.000000,   small-vehicle,   818
1840.000000, 264.000000, 1863.000000, 264.000000, 1863.000000, 290.000000, 1840.000000, 290.000000,   small-vehicle,   840
1818.000000, 239.000000, 1837.000000, 239.000000, 1837.000000, 261.000000, 1818.000000, 261.000000,   small-vehicle,   885
3421.000000, 212.000000, 3459.000000, 212.000000, 3459.000000, 226.000000, 3421.000000, 226.000000,   small-vehicle,   886
1822.000000, 199.000000, 1844.000000, 199.000000, 1844.000000, 230.000000, 1822.000000, 230.000000,   small-vehicle,   892
3349.000000, 213.000000, 3408.000000, 213.000000, 3408.000000, 228.000000, 3349.000000, 228.000000,   small-vehicle,   894
2139.000000, 149.000000, 2172.000000, 149.000000, 2172.000000, 191.000000, 2139.000000, 191.000000,   small-vehicle,   917
2115.000000, 175.000000, 2151.000000, 175.000000, 2151.000000, 213.000000, 2115.000000, 213.000000,   small-vehicle,   921
1908.000000, 338.000000, 1936.000000, 338.000000, 1936.000000, 371.000000, 1908.000000, 371.000000,   small-vehicle,   930
2135.000000, 103.000000, 2166.000000, 103.000000, 2166.000000, 143.000000, 2135.000000, 143.000000,   small-vehicle,   944
1814.000000, 118.000000, 1842.000000, 118.000000, 1842.000000, 153.000000, 1814.000000, 153.000000,   small-vehicle,   949
3069.000000, 276.000000, 3122.000000, 276.000000, 3122.000000, 290.000000, 3069.000000, 290.000000,   small-vehicle,   962
941.000000, 101.000000, 1005.000000, 101.000000, 1005.000000, 121.000000, 941.000000, 121.000000,   small-vehicle,   964
746.000000, 108.000000, 807.000000, 108.000000, 807.000000, 127.000000, 746.000000, 127.000000,   small-vehicle,   966
3520.000000, 249.000000, 3572.000000, 249.000000, 3572.000000, 265.000000, 3520.000000, 265.000000,   small-vehicle,   969
1118.000000, 100.000000, 1145.000000, 100.000000, 1145.000000, 130.000000, 1118.000000, 130.000000,   small-vehicle,   971
1115.000000, 226.000000, 1153.000000, 226.000000, 1153.000000, 242.000000, 1115.000000, 242.000000,   small-vehicle,   975
1809.000000, 79.000000, 1835.000000, 79.000000, 1835.000000, 112.000000, 1809.000000, 112.000000,   small-vehicle,   981
2099.000000, 83.000000, 2130.000000, 83.000000, 2130.000000, 120.000000, 2099.000000, 120.000000,   small-vehicle,   986
875.000000, 104.000000, 934.000000, 104.000000, 934.000000, 123.000000, 875.000000, 123.000000,   small-vehicle,   987
1022.000000, 100.000000, 1081.000000, 100.000000, 1081.000000, 118.000000, 1022.000000, 118.000000,   small-vehicle,   989
652.000000, 62.000000, 712.000000, 62.000000, 712.000000, 81.000000, 652.000000, 81.000000,   small-vehicle,   990
2518.000000, 299.000000, 2573.000000, 299.000000, 2573.000000, 315.000000, 2518.000000, 315.000000,   small-vehicle,   994
1834.000000, 34.000000, 1863.000000, 34.000000, 1863.000000, 68.000000, 1834.000000, 68.000000,   small-vehicle,   996
279.000000, 85.000000, 332.000000, 85.000000, 332.000000, 99.000000, 279.000000, 99.000000,   small-vehicle,   997
1807.000000, 44.000000, 1833.000000, 44.000000, 1833.000000, 76.000000, 1807.000000, 76.000000,   small-vehicle,   998
2134.000000, 60.000000, 2162.000000, 60.000000, 2162.000000, 99.000000, 2134.000000, 99.000000,   small-vehicle,   1001
344.000000, 82.000000, 396.000000, 82.000000, 396.000000, 96.000000, 344.000000, 96.000000,   small-vehicle,   1008
1008.000000, 50.000000, 1078.000000, 50.000000, 1078.000000, 69.000000, 1008.000000, 69.000000,   small-vehicle,   1009
1891.000000, 230.000000, 1922.000000, 230.000000, 1922.000000, 273.000000, 1891.000000, 273.000000,   small-vehicle,   1010
848.000000, 55.000000, 917.000000, 55.000000, 917.000000, 74.000000, 848.000000, 74.000000,   small-vehicle,   1012
564.000000, 61.000000, 609.000000, 61.000000, 609.000000, 78.000000, 564.000000, 78.000000,   small-vehicle,   1013
928.000000, 51.000000, 984.000000, 51.000000, 984.000000, 70.000000, 928.000000, 70.000000,   small-vehicle,   1014
2132.000000, 26.000000, 2156.000000, 26.000000, 2156.000000, 50.000000, 2132.000000, 50.000000,   small-vehicle,   1017
1888.000000, 73.000000, 1917.000000, 73.000000, 1917.000000, 107.000000, 1888.000000, 107.000000,   small-vehicle,   1032
2521.000000, 20.000000, 2547.000000, 20.000000, 2547.000000, 53.000000, 2521.000000, 53.000000,   small-vehicle,   1033
2478.000000, 313.000000, 2513.000000, 313.000000, 2513.000000, 342.000000, 2478.000000, 342.000000,   small-vehicle,   1038
1805.000000, -4.000000, 1832.000000, -4.000000, 1832.000000, 30.000000, 1805.000000, 30.000000,   small-vehicle,   1039
2092.000000, -32.000000, 2119.000000, -32.000000, 2119.000000, 0.000000, 2092.000000, 0.000000,   small-vehicle,   1056
3342.000000, 382.000000, 3371.000000, 382.000000, 3371.000000, 416.000000, 3342.000000, 416.000000,   small-vehicle,   1069
3006.000000, 280.000000, 3058.000000, 280.000000, 3058.000000, 303.000000, 3006.000000, 303.000000,   small-vehicle,   1071
424.000000, -21.000000, 455.000000, -21.000000, 455.000000, 10.000000, 424.000000, 10.000000,   small-vehicle,   1076
2050.000000, -48.000000, 2084.000000, -48.000000, 2084.000000, -1.000000, 2050.000000, -1.000000,   large-vehicle,   1078
1801.000000, -55.000000, 1826.000000, -55.000000, 1826.000000, -23.000000, 1801.000000, -23.000000,   small-vehicle,   1079
2120.000000, -76.000000, 2146.000000, -76.000000, 2146.000000, -43.000000, 2120.000000, -43.000000,   small-vehicle,   1086
2640.000000, 12.000000, 2673.000000, 12.000000, 2673.000000, 53.000000, 2640.000000, 53.000000,   small-vehicle,   1088
1122.000000, -83.000000, 1141.000000, -83.000000, 1141.000000, -59.000000, 1122.000000, -59.000000,   small-vehicle,   1104
2116.000000, -114.000000, 2141.000000, -114.000000, 2141.000000, -84.000000, 2116.000000, -84.000000,   small-vehicle,   1113
1795.000000, -106.000000, 1821.000000, -106.000000, 1821.000000, -73.000000, 1795.000000, -73.000000,   small-vehicle,   1115
1080.000000, -101.000000, 1126.000000, -101.000000, 1126.000000, -84.000000, 1080.000000, -84.000000,   small-vehicle,   1116
721.000000, -97.000000, 777.000000, -97.000000, 777.000000, -80.000000, 721.000000, -80.000000,   small-vehicle,   1121
3355.000000, 476.000000, 3380.000000, 476.000000, 3380.000000, 510.000000, 3355.000000, 510.000000,   small-vehicle,   1122
993.000000, -101.000000, 1047.000000, -101.000000, 1047.000000, -84.000000, 993.000000, -84.000000,   small-vehicle,   1135
658.000000, -138.000000, 711.000000, -138.000000, 711.000000, -123.000000, 658.000000, -123.000000,   small-vehicle,   1139
1788.000000, -155.000000, 1817.000000, -155.000000, 1817.000000, -123.000000, 1788.000000, -123.000000,   small-vehicle,   1140
1817.000000, -169.000000, 1865.000000, -169.000000, 1865.000000, -98.000000, 1817.000000, -98.000000,   large-vehicle,   1141
2080.000000, -145.000000, 2110.000000, -145.000000, 2110.000000, -114.000000, 2080.000000, -114.000000,   small-vehicle,   1142
829.000000, -101.000000, 882.000000, -101.000000, 882.000000, -84.000000, 829.000000, -84.000000,   small-vehicle,   1144
2695.000000, 293.000000, 2757.000000, 293.000000, 2757.000000, 312.000000, 2695.000000, 312.000000,   small-vehicle,   1151
1039.000000, -145.000000, 1107.000000, -145.000000, 1107.000000, -129.000000, 1039.000000, -129.000000,   small-vehicle,   1155
506.000000, -134.000000, 554.000000, -134.000000, 554.000000, -120.000000, 506.000000, -120.000000,   small-vehicle,   1156
563.000000, -135.000000, 617.000000, -135.000000, 617.000000, -120.000000, 563.000000, -120.000000,   small-vehicle,   1157
874.000000, -143.000000, 928.000000, -143.000000, 928.000000, -128.000000, 874.000000, -128.000000,   small-vehicle,   1159
2918.000000, 288.000000, 2974.000000, 288.000000, 2974.000000, 305.000000, 2918.000000, 305.000000,   small-vehicle,   1164
1787.000000, -199.000000, 1816.000000, -199.000000, 1816.000000, -163.000000, 1787.000000, -163.000000,   small-vehicle,   1168
2080.000000, -199.000000, 2109.000000, -199.000000, 2109.000000, -162.000000, 2080.000000, -162.000000,   small-vehicle,   1175
251.000000, 537.000000, 305.000000, 537.000000, 305.000000, 558.000000, 251.000000, 558.000000,   small-vehicle,   1177
1127.000000, -179.000000, 1150.000000, -179.000000, 1150.000000, -151.000000, 1127.000000, -151.000000,   small-vehicle,   1179
3351.000000, 271.000000, 3403.000000, 271.000000, 3403.000000, 288.000000, 3351.000000, 288.000000,   small-vehicle,   1182
2838.000000, 289.000000, 2901.000000, 289.000000, 2901.000000, 308.000000, 2838.000000, 308.000000,   small-vehicle,   1192
409.000000, -240.000000, 434.000000, -240.000000, 434.000000, -202.000000, 409.000000, -202.000000,   small-vehicle,   1202
1806.000000, -261.000000, 1839.000000, -261.000000, 1839.000000, -225.000000, 1806.000000, -225.000000,   small-vehicle,   1205
1780.000000, -299.000000, 1810.000000, -299.000000, 1810.000000, -262.000000, 1780.000000, -262.000000,   small-vehicle,   1211
2509.000000, -282.000000, 2558.000000, -282.000000, 2558.000000, -268.000000, 2509.000000, -268.000000,   small-vehicle,   1212
2298.000000, -275.000000, 2365.000000, -275.000000, 2365.000000, -258.000000, 2298.000000, -258.000000,   small-vehicle,   1214
2240.000000, -270.000000, 2291.000000, -270.000000, 2291.000000, -256.000000, 2240.000000, -256.000000,   small-vehicle,   1216
2442.000000, -281.000000, 2497.000000, -281.000000, 2497.000000, -265.000000, 2442.000000, -265.000000,   small-vehicle,   1217
3362.000000, 518.000000, 3390.000000, 518.000000, 3390.000000, 549.000000, 3362.000000, 549.000000,   small-vehicle,   1218
2068.000000, -299.000000, 2097.000000, -299.000000, 2097.000000, -266.000000, 2068.000000, -266.000000,   small-vehicle,   1232
1782.000000, -341.000000, 1813.000000, -341.000000, 1813.000000, -308.000000, 1782.000000, -308.000000,   small-vehicle,   1236
1898.000000, 196.000000, 1927.000000, 196.000000, 1927.000000, 235.000000, 1898.000000, 235.000000,   small-vehicle,   1241
1765.000000, -337.000000, 1790.000000, -337.000000, 1790.000000, -304.000000, 1765.000000, -304.000000,   small-vehicle,   1245
3266.000000, -319.000000, 3325.000000, -319.000000, 3325.000000, -303.000000, 3266.000000, -303.000000,   small-vehicle,   1248
3343.000000, -322.000000, 3407.000000, -322.000000, 3407.000000, -305.000000, 3343.000000, -305.000000,   small-vehicle,   1249
1115.000000, -341.000000, 1142.000000, -341.000000, 1142.000000, -304.000000, 1115.000000, -304.000000,   small-vehicle,   1250
3490.000000, -329.000000, 3543.000000, -329.000000, 3543.000000, -311.000000, 3490.000000, -311.000000,   small-vehicle,   1251
1769.000000, -385.000000, 1799.000000, -385.000000, 1799.000000, -349.000000, 1769.000000, -349.000000,   small-vehicle,   1254
2067.000000, -403.000000, 2104.000000, -403.000000, 2104.000000, -364.000000, 2067.000000, -364.000000,   small-vehicle,   1257
2087.000000, -358.000000, 2125.000000, -358.000000, 2125.000000, -317.000000, 2087.000000, -317.000000,   small-vehicle,   1258
3572.000000, -332.000000, 3637.000000, -332.000000, 3637.000000, -312.000000, 3572.000000, -312.000000,   small-vehicle,   1260
206.000000, 156.000000, 270.000000, 156.000000, 270.000000, 172.000000, 206.000000, 172.000000,   small-vehicle,   1271
1111.000000, -406.000000, 1139.000000, -406.000000, 1139.000000, -368.000000, 1111.000000, -368.000000,   small-vehicle,   1273
2048.000000, -456.000000, 2075.000000, -456.000000, 2075.000000, -423.000000, 2048.000000, -423.000000,   small-vehicle,   1277
1764.000000, -435.000000, 1794.000000, -435.000000, 1794.000000, -397.000000, 1764.000000, -397.000000,   small-vehicle,   1282
929.000000, -97.000000, 984.000000, -97.000000, 984.000000, -82.000000, 929.000000, -82.000000,   small-vehicle,   1284
2080.000000, 285.000000, 2110.000000, 285.000000, 2110.000000, 325.000000, 2080.000000, 325.000000,   small-vehicle,   1290
1759.000000, -482.000000, 1787.000000, -482.000000, 1787.000000, -447.000000, 1759.000000, -447.000000,   small-vehicle,   1292
1105.000000, -449.000000, 1127.000000, -449.000000, 1127.000000, -427.000000, 1105.000000, -427.000000,   small-vehicle,   1293
539.000000, 144.000000, 598.000000, 144.000000, 598.000000, 161.000000, 539.000000, 161.000000,   small-vehicle,   1294
675.000000, 138.000000, 733.000000, 138.000000, 733.000000, 155.000000, 675.000000, 155.000000,   small-vehicle,   1295
2080.000000, -483.000000, 2107.000000, -483.000000, 2107.000000, -447.000000, 2080.000000, -447.000000,   small-vehicle,   1298
1874.000000, -169.000000, 1901.000000, -169.000000, 1901.000000, -128.000000, 1874.000000, -128.000000,   small-vehicle,   1302
2262.000000, -225.000000, 2324.000000, -225.000000, 2324.000000, -212.000000, 2262.000000, -212.000000,   small-vehicle,   1303
-73.000000, 117.000000, -27.000000, 117.000000, -27.000000, 133.000000, -73.000000, 133.000000,   small-vehicle,   1305
2270.000000, 34.000000, 2294.000000, 34.000000, 2294.000000, 63.000000, 2270.000000, 63.000000,   small-vehicle,   1306
646.000000, -96.000000, 660.000000, -96.000000, 660.000000, -79.000000, 646.000000, -79.000000,   small-vehicle,   1307
2176.000000, 526.000000, 2208.000000, 526.000000, 2208.000000, 566.000000, 2176.000000, 566.000000,   large-vehicle,   1308
1758.000000, -525.000000, 1785.000000, -525.000000, 1785.000000, -490.000000, 1758.000000, -490.000000,   small-vehicle,   1309
1102.000000, -526.000000, 1125.000000, -526.000000, 1125.000000, -494.000000, 1102.000000, -494.000000,   small-vehicle,   1312
2121.000000, -33.000000, 2156.000000, -33.000000, 2156.000000, -5.000000, 2121.000000, -5.000000,   small-vehicle,   1314
3314.000000, -271.000000, 3384.000000, -271.000000, 3384.000000, -253.000000, 3314.000000, -253.000000,   large-vehicle,   1317
606.000000, 144.000000, 663.000000, 144.000000, 663.000000, 159.000000, 606.000000, 159.000000,   small-vehicle,   1318
1613.000000, 137.000000, 1682.000000, 137.000000, 1682.000000, 158.000000, 1613.000000, 158.000000,   small-vehicle,   1320
1120.000000, -50.000000, 1147.000000, -50.000000, 1147.000000, -13.000000, 1120.000000, -13.000000,   small-vehicle,   1329
1093.000000, -574.000000, 1121.000000, -574.000000, 1121.000000, -539.000000, 1093.000000, -539.000000,   small-vehicle,   1330
561.000000, -92.000000, 601.000000, -92.000000, 601.000000, -78.000000, 561.000000, -78.000000,   small-vehicle,   1331
1090.000000, -615.000000, 1120.000000, -615.000000, 1120.000000, -578.000000, 1090.000000, -578.000000,   small-vehicle,   1333
1781.000000, -250.000000, 1809.000000, -250.000000, 1809.000000, -208.000000, 1781.000000, -208.000000,   small-vehicle,   1335
1748.000000, -621.000000, 1776.000000, -621.000000, 1776.000000, -586.000000, 1748.000000, -586.000000,   small-vehicle,   1337
2042.000000, -651.000000, 2068.000000, -651.000000, 2068.000000, -613.000000, 2042.000000, -613.000000,   small-vehicle,   1342
1047.000000, 528.000000, 1111.000000, 528.000000, 1111.000000, 545.000000, 1047.000000, 545.000000,   small-vehicle,   1343
2556.000000, -238.000000, 2614.000000, -238.000000, 2614.000000, -220.000000, 2556.000000, -220.000000,   small-vehicle,   1347
1086.000000, -651.000000, 1113.000000, -651.000000, 1113.000000, -621.000000, 1086.000000, -621.000000,   small-vehicle,   1348
2228.000000, 354.000000, 2246.000000, 354.000000, 2246.000000, 373.000000, 2228.000000, 373.000000,   small-vehicle,   1350
2157.000000, 198.000000, 2179.000000, 198.000000, 2179.000000, 227.000000, 2157.000000, 227.000000,   small-vehicle,   1352
2179.000000, 529.000000, 2209.000000, 529.000000, 2209.000000, 569.000000, 2179.000000, 569.000000,   small-vehicle,   1354
1784.000000, -219.000000, 1811.000000, -219.000000, 1811.000000, -207.000000, 1784.000000, -207.000000,   small-vehicle,   1355
3140.000000, 283.000000, 3193.000000, 283.000000, 3193.000000, 295.000000, 3140.000000, 295.000000,   small-vehicle,   1356
1611.000000, 135.000000, 1686.000000, 135.000000, 1686.000000, 156.000000, 1611.000000, 156.000000,   large-vehicle,   1357
2178.000000, 532.000000, 2209.000000, 532.000000, 2209.000000, 571.000000, 2178.000000, 571.000000,   large-vehicle,   1358
1780.000000, -301.000000, 1810.000000, -301.000000, 1810.000000, -264.000000, 1780.000000, -264.000000,   large-vehicle,   1359
1767.000000, -694.000000, 1798.000000, -694.000000, 1798.000000, -662.000000, 1767.000000, -662.000000,   small-vehicle,   1360
2033.000000, -691.000000, 2066.000000, -691.000000, 2066.000000, -654.000000, 2033.000000, -654.000000,   small-vehicle,   1361
191.000000, 537.000000, 244.000000, 537.000000, 244.000000, 551.000000, 191.000000, 551.000000,   small-vehicle,   1362
