1887.000000, 927.000000, 1916.000000, 927.000000, 1916.000000, 959.000000, 1887.000000, 959.000000,   small-vehicle,   0
2214.000000, 962.000000, 2243.000000, 962.000000, 2243.000000, 999.000000, 2214.000000, 999.000000,   small-vehicle,   1
1892.000000, 967.000000, 1918.000000, 967.000000, 1918.000000, 1001.000000, 1892.000000, 1001.000000,   small-vehicle,   2
1907.000000, 781.000000, 1931.000000, 781.000000, 1931.000000, 812.000000, 1907.000000, 812.000000,   small-vehicle,   4
2199.000000, 1059.000000, 2228.000000, 1059.000000, 2228.000000, 1092.000000, 2199.000000, 1092.000000,   small-vehicle,   8
1297.000000, 960.000000, 1325.000000, 960.000000, 1325.000000, 999.000000, 1297.000000, 999.000000,   small-vehicle,   12
2211.000000, 919.000000, 2241.000000, 919.000000, 2241.000000, 957.000000, 2211.000000, 957.000000,   small-vehicle,   17
2181.000000, 1015.000000, 2235.000000, 1015.000000, 2235.000000, 1051.000000, 2181.000000, 1051.000000,   small-vehicle,   19
1914.000000, 874.000000, 1944.000000, 874.000000, 1944.000000, 914.000000, 1914.000000, 914.000000,   small-vehicle,   21
2140.000000, 1044.000000, 2171.000000, 1044.000000, 2171.000000, 1088.000000, 2140.000000, 1088.000000,   small-vehicle,   29
1237.000000, 876.000000, 1292.000000, 876.000000, 1292.000000, 899.000000, 1237.000000, 899.000000,   small-vehicle,   41
1298.000000, 923.000000, 1324.000000, 923.000000, 1324.000000, 954.000000, 1298.000000, 954.000000,   small-vehicle,   43
2178.000000, 861.000000, 2205.000000, 861.000000, 2205.000000, 905.000000, 2178.000000, 905.000000,   small-vehicle,   46
2227.000000, 1061.000000, 2254.000000, 1061.000000, 2254.000000, 1087.000000, 2227.000000, 1087.000000,   small-vehicle,   48
2133.000000, 300.000000, 2191.000000, 300.000000, 2191.000000, 318.000000, 2133.000000, 318.000000,   small-vehicle,   66
1285.000000, 1055.000000, 1318.000000, 1055.000000, 1318.000000, 1089.000000, 1285.000000, 1089.000000,   small-vehicle,   75
2864.000000, 802.000000, 2904.000000, 802.000000, 2904.000000, 813.000000, 2864.000000, 813.000000,   small-vehicle,   85
2165.000000, 972.000000, 2193.000000, 972.000000, 2193.000000, 1014.000000, 2165.000000, 1014.000000,   small-vehicle,   86
2116.000000, 1144.000000, 2148.000000, 1144.000000, 2148.000000, 1184.000000, 2116.000000, 1184.000000,   small-vehicle,   114
1898.000000, 741.000000, 1929.000000, 741.000000, 1929.000000, 773.000000, 1898.000000, 773.000000,   small-vehicle,   120
2066.000000, 399.000000, 2096.000000, 399.000000, 2096.000000, 435.000000, 2066.000000, 435.000000,   small-vehicle,   148
2756.000000, 799.000000, 2824.000000, 799.000000, 2824.000000, 816.000000, 2756.000000, 816.000000,   small-vehicle,   202
2033.000000, 184.000000, 2068.000000, 184.000000, 2068.000000, 239.000000, 2033.000000, 239.000000,   large-vehicle,   230
1922.000000, 1012.000000, 1963.000000, 1012.000000, 1963.000000, 1060.000000, 1922.000000, 1060.000000,   large-vehicle,   232
2727.000000, 820.000000, 2789.000000, 820.000000, 2789.000000, 842.000000, 2727.000000, 842.000000,   small-vehicle,   386
2052.000000, 1065.000000, 2078.000000, 1065.000000, 2078.000000, 1095.000000, 2052.000000, 1095.000000,   small-vehicle,   421
1870.000000, 684.000000, 1897.000000, 684.000000, 1897.000000, 722.000000, 1870.000000, 722.000000,   small-vehicle,   432
1899.000000, 681.000000, 1928.000000, 681.000000, 1928.000000, 715.000000, 1899.000000, 715.000000,   small-vehicle,   433
2974.000000, 794.000000, 3040.000000, 794.000000, 3040.000000, 811.000000, 2974.000000, 811.000000,   small-vehicle,   445
227.000000, 915.000000, 297.000000, 915.000000, 297.000000, 931.000000, 227.000000, 931.000000,   large-vehicle,   498
1981.000000, 1055.000000, 2007.000000, 1055.000000, 2007.000000, 1080.000000, 1981.000000, 1080.000000,   small-vehicle,   531
2149.000000, 572.000000, 2175.000000, 572.000000, 2175.000000, 604.000000, 2149.000000, 604.000000,   small-vehicle,   564
2186.000000, 580.000000, 2214.000000, 580.000000, 2214.000000, 613.000000, 2186.000000, 613.000000,   small-vehicle,   568
1526.000000, 834.000000, 1583.000000, 834.000000, 1583.000000, 851.000000, 1526.000000, 851.000000,   small-vehicle,   575
3483.000000, 804.000000, 3546.000000, 804.000000, 3546.000000, 821.000000, 3483.000000, 821.000000,   small-vehicle,   577
2181.000000, 534.000000, 2208.000000, 534.000000, 2208.000000, 572.000000, 2181.000000, 572.000000,   small-vehicle,   590
1902.000000, 1065.000000, 1938.000000, 1065.000000, 1938.000000, 1096.000000, 1902.000000, 1096.000000,   small-vehicle,   591
1881.000000, 546.000000, 1910.000000, 546.000000, 1910.000000, 584.000000, 1881.000000, 584.000000,   small-vehicle,   593
2582.000000, 833.000000, 2645.000000, 833.000000, 2645.000000, 847.000000, 2582.000000, 847.000000,   small-vehicle,   614
2166.000000, 489.000000, 2194.000000, 489.000000, 2194.000000, 525.000000, 2166.000000, 525.000000,   small-vehicle,   632
1954.000000, 885.000000, 1985.000000, 885.000000, 1985.000000, 928.000000, 1954.000000, 928.000000,   small-vehicle,   635
2860.000000, 821.000000, 2924.000000, 821.000000, 2924.000000, 840.000000, 2860.000000, 840.000000,   small-vehicle,   636
1850.000000, 453.000000, 1877.000000, 453.000000, 1877.000000, 487.000000, 1850.000000, 487.000000,   small-vehicle,   660
2109.000000, 974.000000, 2138.000000, 974.000000, 2138.000000, 1012.000000, 2109.000000, 1012.000000,   small-vehicle,   664
2168.000000, 442.000000, 2198.000000, 442.000000, 2198.000000, 479.000000, 2168.000000, 479.000000,   small-vehicle,   666
2045.000000, 966.000000, 2072.000000, 966.000000, 2072.000000, 996.000000, 2045.000000, 996.000000,   small-vehicle,   667
1844.000000, 414.000000, 1872.000000, 414.000000, 1872.000000, 444.000000, 1844.000000, 444.000000,   small-vehicle,   704
2167.000000, 393.000000, 2196.000000, 393.000000, 2196.000000, 432.000000, 2167.000000, 432.000000,   small-vehicle,   718
2388.000000, 837.000000, 2445.000000, 837.000000, 2445.000000, 854.000000, 2388.000000, 854.000000,   small-vehicle,   756
2125.000000, 338.000000, 2159.000000, 338.000000, 2159.000000, 381.000000, 2125.000000, 381.000000,   small-vehicle,   761
1841.000000, 371.000000, 1869.000000, 371.000000, 1869.000000, 404.000000, 1841.000000, 404.000000,   small-vehicle,   762
1729.000000, 844.000000, 1781.000000, 844.000000, 1781.000000, 855.000000, 1729.000000, 855.000000,   small-vehicle,   765
3146.000000, 813.000000, 3210.000000, 813.000000, 3210.000000, 831.000000, 3146.000000, 831.000000,   small-vehicle,   789
3632.000000, 797.000000, 3702.000000, 797.000000, 3702.000000, 815.000000, 3632.000000, 815.000000,   small-vehicle,   792
1829.000000, 292.000000, 1859.000000, 292.000000, 1859.000000, 329.000000, 1829.000000, 329.000000,   small-vehicle,   813
3337.000000, 323.000000, 3362.000000, 323.000000, 3362.000000, 358.000000, 3337.000000, 358.000000,   small-vehicle,   815
1951.000000, 461.000000, 1980.000000, 461.000000, 1980.000000, 495.000000, 1951.000000, 495.000000,   small-vehicle,   816
2359.000000, 309.000000, 2413.000000, 309.000000, 2413.000000, 325.000000, 2359.000000, 325.000000,   small-vehicle,   818
2532.000000, 826.000000, 2580.000000, 826.000000, 2580.000000, 855.000000, 2532.000000, 855.000000,   small-vehicle,   824
1840.000000, 266.000000, 1863.000000, 266.000000, 1863.000000, 288.000000, 1840.000000, 288.000000,   small-vehicle,   840
2342.000000, 263.000000, 2401.000000, 263.000000, 2401.000000, 278.000000, 2342.000000, 278.000000,   small-vehicle,   841
2407.000000, 258.000000, 2469.000000, 258.000000, 2469.000000, 276.000000, 2407.000000, 276.000000,   small-vehicle,   845
1632.000000, 527.000000, 1692.000000, 527.000000, 1692.000000, 543.000000, 1632.000000, 543.000000,   small-vehicle,   847
1997.000000, 951.000000, 2038.000000, 951.000000, 2038.000000, 1001.000000, 1997.000000, 1001.000000,   large-vehicle,   856
1949.000000, 371.000000, 1978.000000, 371.000000, 1978.000000, 404.000000, 1949.000000, 404.000000,   small-vehicle,   867
2687.000000, 250.000000, 2747.000000, 250.000000, 2747.000000, 265.000000, 2687.000000, 265.000000,   small-vehicle,   870
536.000000, 488.000000, 590.000000, 488.000000, 590.000000, 501.000000, 536.000000, 501.000000,   small-vehicle,   871
2820.000000, 240.000000, 2884.000000, 240.000000, 2884.000000, 256.000000, 2820.000000, 256.000000,   small-vehicle,   875
1458.000000, 837.000000, 1517.000000, 837.000000, 1517.000000, 860.000000, 1458.000000, 860.000000,   small-vehicle,   876
3333.000000, 275.000000, 3361.000000, 275.000000, 3361.000000, 305.000000, 3333.000000, 305.000000,   small-vehicle,   878
2614.000000, 250.000000, 2665.000000, 250.000000, 2665.000000, 262.000000, 2614.000000, 262.000000,   small-vehicle,   879
2550.000000, 256.000000, 2607.000000, 256.000000, 2607.000000, 270.000000, 2550.000000, 270.000000,   small-vehicle,   880
1818.000000, 237.000000, 1837.000000, 237.000000, 1837.000000, 263.000000, 1818.000000, 263.000000,   small-vehicle,   885
3414.000000, 211.000000, 3465.000000, 211.000000, 3465.000000, 227.000000, 3414.000000, 227.000000,   small-vehicle,   886
3017.000000, 230.000000, 3085.000000, 230.000000, 3085.000000, 246.000000, 3017.000000, 246.000000,   small-vehicle,   889
1822.000000, 199.000000, 1844.000000, 199.000000, 1844.000000, 231.000000, 1822.000000, 231.000000,   small-vehicle,   892
3155.000000, 225.000000, 3216.000000, 225.000000, 3216.000000, 243.000000, 3155.000000, 243.000000,   small-vehicle,   893
3350.000000, 213.000000, 3407.000000, 213.000000, 3407.000000, 228.000000, 3350.000000, 228.000000,   small-vehicle,   894
2924.000000, 232.000000, 2988.000000, 232.000000, 2988.000000, 252.000000, 2924.000000, 252.000000,   small-vehicle,   895
3529.000000, 203.000000, 3589.000000, 203.000000, 3589.000000, 219.000000, 3529.000000, 219.000000,   small-vehicle,   897
2760.000000, 243.000000, 2814.000000, 243.000000, 2814.000000, 258.000000, 2760.000000, 258.000000,   small-vehicle,   904
564.000000, 717.000000, 628.000000, 717.000000, 628.000000, 739.000000, 564.000000, 739.000000,   small-vehicle,   909
3133.000000, 271.000000, 3196.000000, 271.000000, 3196.000000, 288.000000, 3133.000000, 288.000000,   small-vehicle,   916
2139.000000, 150.000000, 2171.000000, 150.000000, 2171.000000, 189.000000, 2139.000000, 189.000000,   small-vehicle,   917
2116.000000, 175.000000, 2150.000000, 175.000000, 2150.000000, 212.000000, 2116.000000, 212.000000,   small-vehicle,   921
3684.000000, 193.000000, 3732.000000, 193.000000, 3732.000000, 211.000000, 3684.000000, 211.000000,   small-vehicle,   924
1908.000000, 338.000000, 1936.000000, 338.000000, 1936.000000, 372.000000, 1908.000000, 372.000000,   small-vehicle,   930
3552.000000, 801.000000, 3626.000000, 801.000000, 3626.000000, 817.000000, 3552.000000, 817.000000,   small-vehicle,   943
2135.000000, 105.000000, 2166.000000, 105.000000, 2166.000000, 142.000000, 2135.000000, 142.000000,   small-vehicle,   944
1814.000000, 118.000000, 1842.000000, 118.000000, 1842.000000, 153.000000, 1814.000000, 153.000000,   small-vehicle,   949
3469.000000, 757.000000, 3517.000000, 757.000000, 3517.000000, 772.000000, 3469.000000, 772.000000,   small-vehicle,   953
3067.000000, 276.000000, 3124.000000, 276.000000, 3124.000000, 291.000000, 3067.000000, 291.000000,   small-vehicle,   962
949.000000, 102.000000, 998.000000, 102.000000, 998.000000, 120.000000, 949.000000, 120.000000,   small-vehicle,   964
745.000000, 109.000000, 808.000000, 109.000000, 808.000000, 126.000000, 745.000000, 126.000000,   small-vehicle,   966
3522.000000, 250.000000, 3571.000000, 250.000000, 3571.000000, 264.000000, 3522.000000, 264.000000,   small-vehicle,   969
1119.000000, 102.000000, 1144.000000, 102.000000, 1144.000000, 128.000000, 1119.000000, 128.000000,   small-vehicle,   971
1502.000000, 526.000000, 1562.000000, 526.000000, 1562.000000, 542.000000, 1502.000000, 542.000000,   small-vehicle,   973
1113.000000, 226.000000, 1154.000000, 226.000000, 1154.000000, 241.000000, 1113.000000, 241.000000,   small-vehicle,   975
1851.000000, 589.000000, 1871.000000, 589.000000, 1871.000000, 615.000000, 1851.000000, 615.000000,   small-vehicle,   976
1929.000000, 198.000000, 1959.000000, 198.000000, 1959.000000, 235.000000, 1929.000000, 235.000000,   small-vehicle,   980
1808.000000, 79.000000, 1836.000000, 79.000000, 1836.000000, 112.000000, 1808.000000, 112.000000,   small-vehicle,   981
2100.000000, 84.000000, 2129.000000, 84.000000, 2129.000000, 119.000000, 2100.000000, 119.000000,   small-vehicle,   986
876.000000, 105.000000, 932.000000, 105.000000, 932.000000, 122.000000, 876.000000, 122.000000,   small-vehicle,   987
1995.000000, 821.000000, 2024.000000, 821.000000, 2024.000000, 852.000000, 1995.000000, 852.000000,   small-vehicle,   988
1021.000000, 102.000000, 1082.000000, 102.000000, 1082.000000, 117.000000, 1021.000000, 117.000000,   small-vehicle,   989
652.000000, 62.000000, 712.000000, 62.000000, 712.000000, 81.000000, 652.000000, 81.000000,   small-vehicle,   990
2520.000000, 299.000000, 2571.000000, 299.000000, 2571.000000, 315.000000, 2520.000000, 315.000000,   small-vehicle,   994
25.000000, 100.000000, 81.000000, 100.000000, 81.000000, 115.000000, 25.000000, 115.000000,   small-vehicle,   995
1835.000000, 34.000000, 1862.000000, 34.000000, 1862.000000, 68.000000, 1835.000000, 68.000000,   small-vehicle,   996
278.000000, 84.000000, 334.000000, 84.000000, 334.000000, 100.000000, 278.000000, 100.000000,   small-vehicle,   997
1807.000000, 44.000000, 1833.000000, 44.000000, 1833.000000, 76.000000, 1807.000000, 76.000000,   small-vehicle,   998
2134.000000, 62.000000, 2162.000000, 62.000000, 2162.000000, 97.000000, 2134.000000, 97.000000,   small-vehicle,   1001
342.000000, 82.000000, 398.000000, 82.000000, 398.000000, 97.000000, 342.000000, 97.000000,   small-vehicle,   1008
1009.000000, 51.000000, 1077.000000, 51.000000, 1077.000000, 68.000000, 1009.000000, 68.000000,   small-vehicle,   1009
1891.000000, 230.000000, 1922.000000, 230.000000, 1922.000000, 273.000000, 1891.000000, 273.000000,   small-vehicle,   1010
850.000000, 56.000000, 915.000000, 56.000000, 915.000000, 73.000000, 850.000000, 73.000000,   small-vehicle,   1012
564.000000, 61.000000, 609.000000, 61.000000, 609.000000, 78.000000, 564.000000, 78.000000,   small-vehicle,   1013
929.000000, 53.000000, 983.000000, 53.000000, 983.000000, 69.000000, 929.000000, 69.000000,   small-vehicle,   1014
2133.000000, 23.000000, 2155.000000, 23.000000, 2155.000000, 52.000000, 2133.000000, 52.000000,   small-vehicle,   1017
1886.000000, 72.000000, 1919.000000, 72.000000, 1919.000000, 108.000000, 1886.000000, 108.000000,   small-vehicle,   1032
2519.000000, 20.000000, 2549.000000, 20.000000, 2549.000000, 54.000000, 2519.000000, 54.000000,   small-vehicle,   1033
2474.000000, 310.000000, 2516.000000, 310.000000, 2516.000000, 345.000000, 2474.000000, 345.000000,   small-vehicle,   1038
1806.000000, -3.000000, 1831.000000, -3.000000, 1831.000000, 30.000000, 1806.000000, 30.000000,   small-vehicle,   1039
704.000000, 524.000000, 772.000000, 524.000000, 772.000000, 541.000000, 704.000000, 541.000000,   small-vehicle,   1042
2074.000000, 655.000000, 2103.000000, 655.000000, 2103.000000, 698.000000, 2074.000000, 698.000000,   small-vehicle,   1050
1870.000000, 650.000000, 1894.000000, 650.000000, 1894.000000, 681.000000, 1870.000000, 681.000000,   small-vehicle,   1052
980.000000, 528.000000, 1028.000000, 528.000000, 1028.000000, 540.000000, 980.000000, 540.000000,   small-vehicle,   1053
2093.000000, -27.000000, 2119.000000, -27.000000, 2119.000000, 3.000000, 2093.000000, 3.000000,   small-vehicle,   1056
1049.000000, 529.000000, 1115.000000, 529.000000, 1115.000000, 542.000000, 1049.000000, 542.000000,   large-vehicle,   1065
3247.000000, 213.000000, 3279.000000, 213.000000, 3279.000000, 226.000000, 3247.000000, 226.000000,   small-vehicle,   1067
3346.000000, 374.000000, 3371.000000, 374.000000, 3371.000000, 403.000000, 3346.000000, 403.000000,   small-vehicle,   1069
3049.000000, 822.000000, 3112.000000, 822.000000, 3112.000000, 837.000000, 3049.000000, 837.000000,   small-vehicle,   1070
3005.000000, 274.000000, 3058.000000, 274.000000, 3058.000000, 296.000000, 3005.000000, 296.000000,   small-vehicle,   1071
419.000000, -38.000000, 453.000000, -38.000000, 453.000000, -5.000000, 419.000000, -5.000000,   small-vehicle,   1076
2100.000000, 487.000000, 2134.000000, 487.000000, 2134.000000, 534.000000, 2100.000000, 534.000000,   large-vehicle,   1078
1799.000000, -51.000000, 1825.000000, -51.000000, 1825.000000, -15.000000, 1799.000000, -15.000000,   small-vehicle,   1079
2120.000000, -71.000000, 2146.000000, -71.000000, 2146.000000, -39.000000, 2120.000000, -39.000000,   small-vehicle,   1086
2641.000000, 12.000000, 2672.000000, 12.000000, 2672.000000, 50.000000, 2641.000000, 50.000000,   small-vehicle,   1088
1954.000000, 887.000000, 1990.000000, 887.000000, 1990.000000, 932.000000, 1954.000000, 932.000000,   large-vehicle,   1091
1117.000000, -64.000000, 1145.000000, -64.000000, 1145.000000, -28.000000, 1117.000000, -28.000000,   small-vehicle,   1092
1641.000000, 125.000000, 1696.000000, 125.000000, 1696.000000, 140.000000, 1641.000000, 140.000000,   small-vehicle,   1099
1120.000000, -98.000000, 1139.000000, -98.000000, 1139.000000, -73.000000, 1120.000000, -73.000000,   small-vehicle,   1104
2217.000000, 887.000000, 2242.000000, 887.000000, 2242.000000, 916.000000, 2217.000000, 916.000000,   small-vehicle,   1105
2118.000000, -107.000000, 2141.000000, -107.000000, 2141.000000, -79.000000, 2118.000000, -79.000000,   small-vehicle,   1113
1795.000000, -100.000000, 1821.000000, -100.000000, 1821.000000, -66.000000, 1795.000000, -66.000000,   small-vehicle,   1115
1075.000000, -116.000000, 1124.000000, -116.000000, 1124.000000, -99.000000, 1075.000000, -99.000000,   small-vehicle,   1116
2269.000000, 30.000000, 2293.000000, 30.000000, 2293.000000, 58.000000, 2269.000000, 58.000000,   small-vehicle,   1117
2462.000000, 836.000000, 2509.000000, 836.000000, 2509.000000, 852.000000, 2462.000000, 852.000000,   small-vehicle,   1118
1974.000000, 773.000000, 2006.000000, 773.000000, 2006.000000, 813.000000, 1974.000000, 813.000000,   small-vehicle,   1120
720.000000, -115.000000, 774.000000, -115.000000, 774.000000, -99.000000, 720.000000, -99.000000,   small-vehicle,   1121
3351.000000, 461.000000, 3382.000000, 461.000000, 3382.000000, 498.000000, 3351.000000, 498.000000,   small-vehicle,   1122
2192.000000, 660.000000, 2227.000000, 660.000000, 2227.000000, 721.000000, 2192.000000, 721.000000,   large-vehicle,   1131
992.000000, -118.000000, 1042.000000, -118.000000, 1042.000000, -99.000000, 992.000000, -99.000000,   small-vehicle,   1135
650.000000, -157.000000, 705.000000, -157.000000, 705.000000, -141.000000, 650.000000, -141.000000,   small-vehicle,   1139
1788.000000, -149.000000, 1817.000000, -149.000000, 1817.000000, -116.000000, 1788.000000, -116.000000,   small-vehicle,   1140
1819.000000, -164.000000, 1864.000000, -164.000000, 1864.000000, -97.000000, 1819.000000, -97.000000,   large-vehicle,   1141
2081.000000, -141.000000, 2110.000000, -141.000000, 2110.000000, -109.000000, 2081.000000, -109.000000,   small-vehicle,   1142
2940.000000, 824.000000, 3013.000000, 824.000000, 3013.000000, 843.000000, 2940.000000, 843.000000,   large-vehicle,   1143
828.000000, -121.000000, 878.000000, -121.000000, 878.000000, -104.000000, 828.000000, -104.000000,   small-vehicle,   1144
2173.000000, 930.000000, 2209.000000, 930.000000, 2209.000000, 972.000000, 2173.000000, 972.000000,   small-vehicle,   1150
2700.000000, 290.000000, 2754.000000, 290.000000, 2754.000000, 305.000000, 2700.000000, 305.000000,   small-vehicle,   1151
638.000000, -112.000000, 696.000000, -112.000000, 696.000000, -95.000000, 638.000000, -95.000000,   small-vehicle,   1153
1037.000000, -161.000000, 1105.000000, -161.000000, 1105.000000, -143.000000, 1037.000000, -143.000000,   small-vehicle,   1155
503.000000, -152.000000, 549.000000, -152.000000, 549.000000, -136.000000, 503.000000, -136.000000,   small-vehicle,   1156
562.000000, -153.000000, 613.000000, -153.000000, 613.000000, -139.000000, 562.000000, -139.000000,   small-vehicle,   1157
872.000000, -161.000000, 925.000000, -161.000000, 925.000000, -146.000000, 872.000000, -146.000000,   small-vehicle,   1159
1973.000000, 769.000000, 2003.000000, 769.000000, 2003.000000, 810.000000, 1973.000000, 810.000000,   large-vehicle,   1162
2922.000000, 283.000000, 2975.000000, 283.000000, 2975.000000, 297.000000, 2922.000000, 297.000000,   small-vehicle,   1164
1788.000000, -192.000000, 1816.000000, -192.000000, 1816.000000, -157.000000, 1788.000000, -157.000000,   small-vehicle,   1168
554.000000, -112.000000, 602.000000, -112.000000, 602.000000, -97.000000, 554.000000, -97.000000,   small-vehicle,   1170
177.000000, 526.000000, 246.000000, 526.000000, 246.000000, 539.000000, 177.000000, 539.000000,   small-vehicle,   1171
3641.000000, 780.000000, 3704.000000, 780.000000, 3704.000000, 798.000000, 3641.000000, 798.000000,   small-vehicle,   1173
2080.000000, -194.000000, 2110.000000, -194.000000, 2110.000000, -157.000000, 2080.000000, -157.000000,   small-vehicle,   1175
1322.000000, 532.000000, 1374.000000, 532.000000, 1374.000000, 546.000000, 1322.000000, 546.000000,   small-vehicle,   1176
253.000000, 528.000000, 311.000000, 528.000000, 311.000000, 542.000000, 253.000000, 542.000000,   small-vehicle,   1177
1884.000000, 472.000000, 1915.000000, 472.000000, 1915.000000, 509.000000, 1884.000000, 509.000000,   small-vehicle,   1178
1122.000000, -188.000000, 1149.000000, -188.000000, 1149.000000, -160.000000, 1122.000000, -160.000000,   small-vehicle,   1179
2941.000000, 821.000000, 3015.000000, 821.000000, 3015.000000, 840.000000, 2941.000000, 840.000000,   small-vehicle,   1180
2058.000000, 210.000000, 2077.000000, 210.000000, 2077.000000, 228.000000, 2058.000000, 228.000000,   small-vehicle,   1181
3351.000000, 256.000000, 3394.000000, 256.000000, 3394.000000, 270.000000, 3351.000000, 270.000000,   small-vehicle,   1182
1783.000000, -223.000000, 1809.000000, -223.000000, 1809.000000, -197.000000, 1783.000000, -197.000000,   small-vehicle,   1183
2173.000000, 930.000000, 2207.000000, 930.000000, 2207.000000, 972.000000, 2173.000000, 972.000000,   large-vehicle,   1184
1288.000000, 949.000000, 1325.000000, 949.000000, 1325.000000, 1057.000000, 1288.000000, 1057.000000,   large-vehicle,   1185
1884.000000, 476.000000, 1916.000000, 476.000000, 1916.000000, 511.000000, 1884.000000, 511.000000,   large-vehicle,   1186
528.000000, 768.000000, 586.000000, 768.000000, 586.000000, 779.000000, 528.000000, 779.000000,   large-vehicle,   1187
1049.000000, 522.000000, 1117.000000, 522.000000, 1117.000000, 542.000000, 1049.000000, 542.000000,   small-vehicle,   1188
2164.000000, 635.000000, 2194.000000, 635.000000, 2194.000000, 678.000000, 2164.000000, 678.000000,   large-vehicle,   1189
2167.000000, 641.000000, 2195.000000, 641.000000, 2195.000000, 684.000000, 2167.000000, 684.000000,   small-vehicle,   1190
1885.000000, 481.000000, 1916.000000, 481.000000, 1916.000000, 518.000000, 1885.000000, 518.000000,   small-vehicle,   1191
2834.000000, 285.000000, 2901.000000, 285.000000, 2901.000000, 299.000000, 2834.000000, 299.000000,   small-vehicle,   1192
