1847.000000, 853.000000, 1876.000000, 854.000000, 1877.000000, 888.000000, 1847.000000, 888.000000,   small-vehicle,   0
2176.000000, 895.000000, 2204.000000, 895.000000, 2204.000000, 929.000000, 2176.000000, 928.000000,   small-vehicle,   1
1854.000000, 897.000000, 1879.000000, 898.000000, 1879.000000, 930.000000, 1854.000000, 930.000000,   small-vehicle,   2
2035.000000, 1173.000000, 2062.000000, 1173.000000, 2063.000000, 1207.000000, 2035.000000, 1207.000000,   small-vehicle,   3
1865.000000, 705.000000, 1890.000000, 705.000000, 1890.000000, 738.000000, 1865.000000, 738.000000,   small-vehicle,   4
2186.000000, 1078.000000, 2217.000000, 1078.000000, 2217.000000, 1114.000000, 2186.000000, 1113.000000,   small-vehicle,   5
1234.000000, 1239.000000, 1262.000000, 1240.000000, 1262.000000, 1278.000000, 1234.000000, 1278.000000,   small-vehicle,   6
1531.000000, 1391.000000, 1584.000000, 1392.000000, 1584.000000, 1408.000000, 1531.000000, 1407.000000,   small-vehicle,   7
2163.000000, 992.000000, 2190.000000, 992.000000, 2191.000000, 1028.000000, 2163.000000, 1028.000000,   small-vehicle,   8
3189.000000, 1315.000000, 3243.000000, 1315.000000, 3243.000000, 1332.000000, 3190.000000, 1331.000000,   small-vehicle,   9
1062.000000, 1310.000000, 1108.000000, 1311.000000, 1108.000000, 1326.000000, 1062.000000, 1326.000000,   small-vehicle,   10
429.000000, 1308.000000, 488.000000, 1309.000000, 488.000000, 1325.000000, 429.000000, 1324.000000,   small-vehicle,   11
1259.000000, 886.000000, 1286.000000, 886.000000, 1286.000000, 923.000000, 1258.000000, 923.000000,   small-vehicle,   12
2659.000000, 1365.000000, 2709.000000, 1366.000000, 2710.000000, 1382.000000, 2660.000000, 1381.000000,   small-vehicle,   14
2054.000000, 1513.000000, 2086.000000, 1513.000000, 2087.000000, 1551.000000, 2055.000000, 1551.000000,   small-vehicle,   15
2169.000000, 849.000000, 2200.000000, 850.000000, 2201.000000, 888.000000, 2170.000000, 887.000000,   small-vehicle,   17
1643.000000, 1349.000000, 1694.000000, 1350.000000, 1694.000000, 1366.000000, 1643.000000, 1366.000000,   small-vehicle,   18
2141.000000, 945.000000, 2196.000000, 946.000000, 2197.000000, 982.000000, 2141.000000, 981.000000,   small-vehicle,   19
1981.000000, 1113.000000, 2019.000000, 1114.000000, 2019.000000, 1152.000000, 1981.000000, 1152.000000,   small-vehicle,   20
1875.000000, 805.000000, 1905.000000, 805.000000, 1905.000000, 844.000000, 1876.000000, 844.000000,   small-vehicle,   21
1645.000000, 1442.000000, 1706.000000, 1443.000000, 1706.000000, 1459.000000, 1645.000000, 1458.000000,   small-vehicle,   22
2469.000000, 1471.000000, 2525.000000, 1472.000000, 2526.000000, 1487.000000, 2469.000000, 1486.000000,   small-vehicle,   23
2091.000000, 1638.000000, 2123.000000, 1638.000000, 2123.000000, 1678.000000, 2092.000000, 1678.000000,   small-vehicle,   24
129.000000, 1306.000000, 190.000000, 1307.000000, 190.000000, 1323.000000, 129.000000, 1322.000000,   small-vehicle,   25
2197.000000, 1128.000000, 2224.000000, 1128.000000, 2224.000000, 1164.000000, 2198.000000, 1164.000000,   small-vehicle,   26
797.000000, 1307.000000, 854.000000, 1308.000000, 854.000000, 1325.000000, 797.000000, 1325.000000,   small-vehicle,   27
2239.000000, 1563.000000, 2280.000000, 1563.000000, 2281.000000, 1608.000000, 2240.000000, 1608.000000,   small-vehicle,   29
2538.000000, 1668.000000, 2605.000000, 1669.000000, 2605.000000, 1689.000000, 2539.000000, 1688.000000,   small-vehicle,   30
2176.000000, 1032.000000, 2212.000000, 1032.000000, 2213.000000, 1070.000000, 2177.000000, 1070.000000,   small-vehicle,   32
1917.000000, 1211.000000, 1974.000000, 1212.000000, 1974.000000, 1236.000000, 1917.000000, 1235.000000,   small-vehicle,   33
2734.000000, 1362.000000, 2794.000000, 1363.000000, 2794.000000, 1377.000000, 2734.000000, 1376.000000,   small-vehicle,   34
2198.000000, 1189.000000, 2230.000000, 1189.000000, 2231.000000, 1229.000000, 2199.000000, 1228.000000,   small-vehicle,   35
1928.000000, 907.000000, 1953.000000, 907.000000, 1954.000000, 946.000000, 1929.000000, 945.000000,   small-vehicle,   36
2977.000000, 1363.000000, 3038.000000, 1363.000000, 3039.000000, 1378.000000, 2977.000000, 1378.000000,   small-vehicle,   38
2161.000000, 1115.000000, 2190.000000, 1115.000000, 2191.000000, 1151.000000, 2162.000000, 1151.000000,   small-vehicle,   40
1274.000000, 697.000000, 1305.000000, 697.000000, 1305.000000, 729.000000, 1274.000000, 729.000000,   small-vehicle,   41
2622.000000, 1313.000000, 2675.000000, 1314.000000, 2675.000000, 1330.000000, 2623.000000, 1329.000000,   small-vehicle,   42
1257.000000, 844.000000, 1281.000000, 844.000000, 1281.000000, 875.000000, 1257.000000, 875.000000,   small-vehicle,   43
1678.000000, 1392.000000, 1746.000000, 1393.000000, 1746.000000, 1410.000000, 1678.000000, 1409.000000,   small-vehicle,   44
1388.000000, 1390.000000, 1441.000000, 1390.000000, 1441.000000, 1408.000000, 1388.000000, 1407.000000,   small-vehicle,   45
2137.000000, 793.000000, 2163.000000, 793.000000, 2164.000000, 834.000000, 2137.000000, 834.000000,   small-vehicle,   46
925.000000, 1309.000000, 984.000000, 1310.000000, 984.000000, 1328.000000, 925.000000, 1327.000000,   small-vehicle,   47
2190.000000, 991.000000, 2216.000000, 991.000000, 2216.000000, 1023.000000, 2190.000000, 1023.000000,   small-vehicle,   48
2981.000000, 1315.000000, 3035.000000, 1316.000000, 3035.000000, 1332.000000, 2981.000000, 1331.000000,   small-vehicle,   49
64.000000, 1309.000000, 122.000000, 1309.000000, 122.000000, 1324.000000, 64.000000, 1323.000000,   small-vehicle,   50
531.000000, 1307.000000, 594.000000, 1307.000000, 594.000000, 1324.000000, 531.000000, 1323.000000,   small-vehicle,   51
2066.000000, 1551.000000, 2101.000000, 1552.000000, 2102.000000, 1593.000000, 2066.000000, 1592.000000,   small-vehicle,   52
1388.000000, 1416.000000, 1445.000000, 1417.000000, 1445.000000, 1433.000000, 1388.000000, 1433.000000,   small-vehicle,   53
2652.000000, 1669.000000, 2707.000000, 1670.000000, 2707.000000, 1685.000000, 2652.000000, 1684.000000,   small-vehicle,   54
296.000000, 1455.000000, 353.000000, 1456.000000, 352.000000, 1471.000000, 296.000000, 1471.000000,   small-vehicle,   55
2904.000000, 1474.000000, 2962.000000, 1475.000000, 2963.000000, 1493.000000, 2904.000000, 1492.000000,   small-vehicle,   56
3414.000000, 1229.000000, 3446.000000, 1229.000000, 3447.000000, 1242.000000, 3415.000000, 1242.000000,   small-vehicle,   57
1114.000000, 1394.000000, 1174.000000, 1395.000000, 1174.000000, 1414.000000, 1114.000000, 1413.000000,   small-vehicle,   58
1963.000000, 1648.000000, 1989.000000, 1649.000000, 1989.000000, 1683.000000, 1964.000000, 1682.000000,   small-vehicle,   61
610.000000, 1306.000000, 662.000000, 1307.000000, 661.000000, 1323.000000, 609.000000, 1323.000000,   small-vehicle,   62
3342.000000, 1265.000000, 3377.000000, 1266.000000, 3378.000000, 1304.000000, 3343.000000, 1304.000000,   small-vehicle,   63
1120.000000, 1464.000000, 1169.000000, 1465.000000, 1169.000000, 1481.000000, 1120.000000, 1480.000000,   small-vehicle,   64
3093.000000, 1314.000000, 3166.000000, 1315.000000, 3167.000000, 1332.000000, 3093.000000, 1331.000000,   small-vehicle,   65
2129.000000, 710.000000, 2156.000000, 710.000000, 2156.000000, 745.000000, 2129.000000, 745.000000,   small-vehicle,   66
844.000000, 1395.000000, 902.000000, 1396.000000, 902.000000, 1414.000000, 844.000000, 1413.000000,   small-vehicle,   67
2632.000000, 697.000000, 2691.000000, 698.000000, 2691.000000, 717.000000, 2632.000000, 716.000000,   small-vehicle,   69
3693.000000, 1636.000000, 3752.000000, 1637.000000, 3753.000000, 1655.000000, 3693.000000, 1654.000000,   small-vehicle,   70
2387.000000, 1388.000000, 2447.000000, 1389.000000, 2447.000000, 1405.000000, 2387.000000, 1404.000000,   small-vehicle,   72
3267.000000, 1315.000000, 3327.000000, 1316.000000, 3327.000000, 1332.000000, 3268.000000, 1331.000000,   small-vehicle,   73
201.000000, 1306.000000, 251.000000, 1306.000000, 250.000000, 1323.000000, 200.000000, 1322.000000,   small-vehicle,   74
1251.000000, 986.000000, 1279.000000, 987.000000, 1279.000000, 1022.000000, 1251.000000, 1022.000000,   small-vehicle,   75
1968.000000, 990.000000, 1996.000000, 990.000000, 1997.000000, 1033.000000, 1968.000000, 1033.000000,   small-vehicle,   76
1889.000000, 1166.000000, 1915.000000, 1166.000000, 1915.000000, 1200.000000, 1890.000000, 1199.000000,   small-vehicle,   77
2723.000000, 1473.000000, 2789.000000, 1474.000000, 2790.000000, 1490.000000, 2723.000000, 1490.000000,   small-vehicle,   78
330.000000, 791.000000, 383.000000, 791.000000, 382.000000, 809.000000, 330.000000, 808.000000,   small-vehicle,   79
1542.000000, 1410.000000, 1609.000000, 1411.000000, 1609.000000, 1428.000000, 1542.000000, 1427.000000,   small-vehicle,   80
1198.000000, 1419.000000, 1251.000000, 1420.000000, 1251.000000, 1435.000000, 1198.000000, 1434.000000,   small-vehicle,   82
2603.000000, 1389.000000, 2674.000000, 1390.000000, 2674.000000, 1407.000000, 2604.000000, 1406.000000,   small-vehicle,   83
1210.000000, 1392.000000, 1275.000000, 1393.000000, 1275.000000, 1408.000000, 1210.000000, 1407.000000,   small-vehicle,   84
2900.000000, 720.000000, 2944.000000, 720.000000, 2945.000000, 734.000000, 2900.000000, 733.000000,   small-vehicle,   85
2125.000000, 904.000000, 2154.000000, 904.000000, 2155.000000, 943.000000, 2126.000000, 943.000000,   small-vehicle,   86
2411.000000, 707.000000, 2467.000000, 707.000000, 2467.000000, 726.000000, 2411.000000, 726.000000,   small-vehicle,   87
2405.000000, 1330.000000, 2462.000000, 1331.000000, 2462.000000, 1349.000000, 2405.000000, 1348.000000,   small-vehicle,   88
3384.000000, 1480.000000, 3436.000000, 1481.000000, 3437.000000, 1497.000000, 3384.000000, 1496.000000,   small-vehicle,   89
2029.000000, 1107.000000, 2058.000000, 1107.000000, 2059.000000, 1151.000000, 2029.000000, 1151.000000,   small-vehicle,   90
3501.000000, 1320.000000, 3569.000000, 1321.000000, 3569.000000, 1339.000000, 3502.000000, 1338.000000,   small-vehicle,   91
3086.000000, 1475.000000, 3140.000000, 1475.000000, 3140.000000, 1493.000000, 3087.000000, 1492.000000,   small-vehicle,   92
3029.000000, 1628.000000, 3082.000000, 1629.000000, 3082.000000, 1645.000000, 3029.000000, 1644.000000,   small-vehicle,   93
1892.000000, 1043.000000, 1919.000000, 1044.000000, 1920.000000, 1083.000000, 1892.000000, 1082.000000,   small-vehicle,   94
2471.000000, 1666.000000, 2530.000000, 1667.000000, 2530.000000, 1690.000000, 2472.000000, 1690.000000,   small-vehicle,   95
2905.000000, 1360.000000, 2957.000000, 1361.000000, 2957.000000, 1382.000000, 2906.000000, 1381.000000,   small-vehicle,   96
778.000000, 1393.000000, 837.000000, 1394.000000, 837.000000, 1413.000000, 777.000000, 1412.000000,   small-vehicle,   97
3692.000000, 1350.000000, 3756.000000, 1351.000000, 3757.000000, 1373.000000, 3693.000000, 1372.000000,   small-vehicle,   98
3070.000000, 1669.000000, 3129.000000, 1670.000000, 3129.000000, 1687.000000, 3071.000000, 1686.000000,   small-vehicle,   99
2827.000000, 1473.000000, 2876.000000, 1474.000000, 2876.000000, 1491.000000, 2827.000000, 1491.000000,   small-vehicle,   100
1937.000000, 1066.000000, 1965.000000, 1067.000000, 1966.000000, 1101.000000, 1937.000000, 1101.000000,   small-vehicle,   101
3529.000000, 1483.000000, 3599.000000, 1484.000000, 3600.000000, 1503.000000, 3530.000000, 1502.000000,   small-vehicle,   102
1671.000000, 1415.000000, 1733.000000, 1416.000000, 1733.000000, 1432.000000, 1671.000000, 1431.000000,   small-vehicle,   103
1986.000000, 1198.000000, 2025.000000, 1198.000000, 2026.000000, 1243.000000, 1987.000000, 1243.000000,   small-vehicle,   105
2930.000000, 1335.000000, 2990.000000, 1335.000000, 2990.000000, 1353.000000, 2931.000000, 1352.000000,   small-vehicle,   106
3511.000000, 1631.000000, 3565.000000, 1632.000000, 3566.000000, 1649.000000, 3511.000000, 1648.000000,   small-vehicle,   108
3099.000000, 1337.000000, 3166.000000, 1338.000000, 3167.000000, 1354.000000, 3099.000000, 1353.000000,   small-vehicle,   109
1907.000000, 1119.000000, 1937.000000, 1120.000000, 1937.000000, 1159.000000, 1908.000000, 1158.000000,   small-vehicle,   110
2492.000000, 1329.000000, 2559.000000, 1329.000000, 2559.000000, 1350.000000, 2493.000000, 1349.000000,   small-vehicle,   111
1030.000000, 1440.000000, 1088.000000, 1440.000000, 1088.000000, 1457.000000, 1030.000000, 1456.000000,   small-vehicle,   113
2208.000000, 1666.000000, 2251.000000, 1667.000000, 2251.000000, 1710.000000, 2208.000000, 1709.000000,   small-vehicle,   114
2390.000000, 1358.000000, 2450.000000, 1358.000000, 2451.000000, 1378.000000, 2390.000000, 1378.000000,   small-vehicle,   115
1458.000000, 1388.000000, 1520.000000, 1388.000000, 1520.000000, 1407.000000, 1458.000000, 1406.000000,   small-vehicle,   116
3324.000000, 1631.000000, 3386.000000, 1632.000000, 3387.000000, 1654.000000, 3325.000000, 1653.000000,   small-vehicle,   117
1010.000000, 1392.000000, 1070.000000, 1393.000000, 1070.000000, 1410.000000, 1010.000000, 1410.000000,   small-vehicle,   118
3377.000000, 1364.000000, 3445.000000, 1365.000000, 3445.000000, 1386.000000, 3378.000000, 1385.000000,   small-vehicle,   119
1857.000000, 666.000000, 1886.000000, 667.000000, 1887.000000, 699.000000, 1858.000000, 699.000000,   small-vehicle,   120
2776.000000, 693.000000, 2832.000000, 694.000000, 2832.000000, 713.000000, 2776.000000, 712.000000,   small-vehicle,   121
3017.000000, 1339.000000, 3074.000000, 1339.000000, 3074.000000, 1355.000000, 3018.000000, 1355.000000,   small-vehicle,   122
1768.000000, 1414.000000, 1832.000000, 1414.000000, 1832.000000, 1432.000000, 1768.000000, 1431.000000,   small-vehicle,   123
2483.000000, 1624.000000, 2540.000000, 1624.000000, 2541.000000, 1640.000000, 2483.000000, 1639.000000,   small-vehicle,   125
1113.000000, 1439.000000, 1169.000000, 1439.000000, 1169.000000, 1456.000000, 1113.000000, 1455.000000,   small-vehicle,   126
1933.000000, 776.000000, 1963.000000, 776.000000, 1964.000000, 815.000000, 1934.000000, 814.000000,   small-vehicle,   127
1770.000000, 1393.000000, 1830.000000, 1394.000000, 1830.000000, 1411.000000, 1770.000000, 1410.000000,   small-vehicle,   129
2919.000000, 687.000000, 2979.000000, 688.000000, 2980.000000, 707.000000, 2920.000000, 706.000000,   small-vehicle,   130
2916.000000, 1314.000000, 2979.000000, 1315.000000, 2979.000000, 1331.000000, 2916.000000, 1330.000000,   small-vehicle,   131
1249.000000, 1038.000000, 1272.000000, 1039.000000, 1272.000000, 1070.000000, 1249.000000, 1070.000000,   small-vehicle,   132
3209.000000, 1631.000000, 3269.000000, 1632.000000, 3270.000000, 1646.000000, 3210.000000, 1645.000000,   small-vehicle,   133
222.000000, 786.000000, 280.000000, 787.000000, 279.000000, 803.000000, 222.000000, 802.000000,   small-vehicle,   134
368.000000, 1454.000000, 429.000000, 1454.000000, 429.000000, 1470.000000, 368.000000, 1469.000000,   small-vehicle,   135
1399.000000, 1463.000000, 1449.000000, 1464.000000, 1449.000000, 1483.000000, 1399.000000, 1482.000000,   small-vehicle,   136
555.000000, 1460.000000, 619.000000, 1460.000000, 618.000000, 1478.000000, 554.000000, 1477.000000,   small-vehicle,   137
3397.000000, 1338.000000, 3463.000000, 1339.000000, 3463.000000, 1358.000000, 3398.000000, 1357.000000,   small-vehicle,   139
1242.000000, 1154.000000, 1269.000000, 1154.000000, 1269.000000, 1190.000000, 1242.000000, 1190.000000,   small-vehicle,   140
1890.000000, 1088.000000, 1910.000000, 1088.000000, 1910.000000, 1114.000000, 1890.000000, 1114.000000,   small-vehicle,   144
800.000000, 1437.000000, 855.000000, 1437.000000, 855.000000, 1454.000000, 800.000000, 1454.000000,   small-vehicle,   145
2552.000000, 702.000000, 2614.000000, 703.000000, 2615.000000, 722.000000, 2553.000000, 721.000000,   small-vehicle,   146
868.000000, 1303.000000, 913.000000, 1304.000000, 913.000000, 1320.000000, 868.000000, 1319.000000,   small-vehicle,   147
2163.000000, 1362.000000, 2193.000000, 1362.000000, 2194.000000, 1402.000000, 2163.000000, 1402.000000,   small-vehicle,   148
3286.000000, 1338.000000, 3346.000000, 1339.000000, 3347.000000, 1357.000000, 3287.000000, 1357.000000,   small-vehicle,   149
2528.000000, 1467.000000, 2594.000000, 1468.000000, 2594.000000, 1486.000000, 2529.000000, 1486.000000,   small-vehicle,   150
3686.000000, 1328.000000, 3751.000000, 1328.000000, 3752.000000, 1346.000000, 3687.000000, 1346.000000,   small-vehicle,   152
2981.000000, 687.000000, 3045.000000, 688.000000, 3045.000000, 705.000000, 2981.000000, 704.000000,   small-vehicle,   153
3124.000000, 1628.000000, 3192.000000, 1629.000000, 3192.000000, 1646.000000, 3125.000000, 1645.000000,   small-vehicle,   154
3166.000000, 1668.000000, 3228.000000, 1669.000000, 3229.000000, 1688.000000, 3166.000000, 1687.000000,   small-vehicle,   156
1563.000000, 1440.000000, 1613.000000, 1440.000000, 1614.000000, 1457.000000, 1563.000000, 1457.000000,   small-vehicle,   158
1991.000000, 1684.000000, 2014.000000, 1684.000000, 2014.000000, 1703.000000, 1991.000000, 1703.000000,   small-vehicle,   159
1463.000000, 1417.000000, 1522.000000, 1418.000000, 1522.000000, 1437.000000, 1463.000000, 1436.000000,   small-vehicle,   160
3424.000000, 1260.000000, 3465.000000, 1261.000000, 3466.000000, 1302.000000, 3425.000000, 1301.000000,   small-vehicle,   161
1298.000000, 1396.000000, 1358.000000, 1397.000000, 1358.000000, 1416.000000, 1298.000000, 1415.000000,   small-vehicle,   162
3480.000000, 1343.000000, 3549.000000, 1344.000000, 3550.000000, 1362.000000, 3480.000000, 1362.000000,   small-vehicle,   163
1606.000000, 725.000000, 1671.000000, 725.000000, 1671.000000, 744.000000, 1606.000000, 743.000000,   small-vehicle,   164
110.000000, 784.000000, 166.000000, 784.000000, 166.000000, 801.000000, 109.000000, 801.000000,   small-vehicle,   165
3303.000000, 1479.000000, 3362.000000, 1479.000000, 3363.000000, 1496.000000, 3303.000000, 1495.000000,   small-vehicle,   166
933.000000, 1390.000000, 992.000000, 1391.000000, 992.000000, 1411.000000, 933.000000, 1411.000000,   small-vehicle,   167
3205.000000, 1339.000000, 3266.000000, 1340.000000, 3266.000000, 1358.000000, 3206.000000, 1358.000000,   small-vehicle,   168
962.000000, 1462.000000, 1021.000000, 1462.000000, 1021.000000, 1482.000000, 962.000000, 1481.000000,   small-vehicle,   169
3097.000000, 1362.000000, 3159.000000, 1363.000000, 3159.000000, 1380.000000, 3098.000000, 1380.000000,   small-vehicle,   170
941.000000, 1437.000000, 1008.000000, 1437.000000, 1008.000000, 1456.000000, 941.000000, 1455.000000,   small-vehicle,   171
3479.000000, 1370.000000, 3541.000000, 1371.000000, 3542.000000, 1389.000000, 3479.000000, 1389.000000,   small-vehicle,   172
2480.000000, 705.000000, 2543.000000, 706.000000, 2544.000000, 725.000000, 2481.000000, 724.000000,   small-vehicle,   173
1359.000000, 1435.000000, 1416.000000, 1436.000000, 1416.000000, 1456.000000, 1359.000000, 1455.000000,   small-vehicle,   175
1593.000000, 1311.000000, 1651.000000, 1311.000000, 1652.000000, 1328.000000, 1593.000000, 1327.000000,   small-vehicle,   177
2821.000000, 1363.000000, 2883.000000, 1364.000000, 2883.000000, 1381.000000, 2822.000000, 1380.000000,   small-vehicle,   178
1256.000000, 1462.000000, 1317.000000, 1463.000000, 1317.000000, 1481.000000, 1256.000000, 1480.000000,   small-vehicle,   179
2853.000000, 1335.000000, 2917.000000, 1336.000000, 2918.000000, 1353.000000, 2853.000000, 1352.000000,   small-vehicle,   182
1341.000000, 1464.000000, 1399.000000, 1465.000000, 1399.000000, 1481.000000, 1341.000000, 1481.000000,   small-vehicle,   186
1447.000000, 716.000000, 1511.000000, 717.000000, 1511.000000, 736.000000, 1447.000000, 735.000000,   small-vehicle,   189
1290.000000, 1417.000000, 1349.000000, 1418.000000, 1349.000000, 1435.000000, 1290.000000, 1435.000000,   small-vehicle,   190
3592.000000, 1371.000000, 3670.000000, 1372.000000, 3671.000000, 1392.000000, 3593.000000, 1392.000000,   small-vehicle,   193
3351.000000, 1313.000000, 3406.000000, 1314.000000, 3407.000000, 1349.000000, 3353.000000, 1348.000000,   small-vehicle,   196
1496.000000, 1461.000000, 1556.000000, 1462.000000, 1556.000000, 1480.000000, 1496.000000, 1479.000000,   small-vehicle,   198
2786.000000, 716.000000, 2858.000000, 717.000000, 2858.000000, 737.000000, 2787.000000, 736.000000,   small-vehicle,   202
1270.000000, 1438.000000, 1319.000000, 1439.000000, 1319.000000, 1455.000000, 1270.000000, 1455.000000,   small-vehicle,   203
2338.000000, 711.000000, 2404.000000, 712.000000, 2404.000000, 732.000000, 2338.000000, 731.000000,   small-vehicle,   212
116.000000, 1412.000000, 183.000000, 1413.000000, 183.000000, 1431.000000, 115.000000, 1430.000000,   small-vehicle,   213
1043.000000, 1465.000000, 1090.000000, 1465.000000, 1090.000000, 1481.000000, 1043.000000, 1480.000000,   small-vehicle,   214
32.000000, 1456.000000, 106.000000, 1457.000000, 106.000000, 1477.000000, 32.000000, 1476.000000,   small-vehicle,   216
873.000000, 1434.000000, 929.000000, 1435.000000, 929.000000, 1454.000000, 872.000000, 1454.000000,   small-vehicle,   217
1865.000000, 1052.000000, 1887.000000, 1052.000000, 1888.000000, 1078.000000, 1865.000000, 1078.000000,   small-vehicle,   223
2125.000000, 1208.000000, 2162.000000, 1208.000000, 2163.000000, 1266.000000, 2125.000000, 1265.000000,   large-vehicle,   230
1727.000000, 1440.000000, 1822.000000, 1442.000000, 1822.000000, 1465.000000, 1727.000000, 1464.000000,   large-vehicle,   231
1885.000000, 940.000000, 1924.000000, 941.000000, 1924.000000, 989.000000, 1885.000000, 989.000000,   large-vehicle,   232
3698.000000, 1489.000000, 3761.000000, 1490.000000, 3761.000000, 1511.000000, 3699.000000, 1510.000000,   large-vehicle,   235
623.000000, 1459.000000, 704.000000, 1460.000000, 704.000000, 1482.000000, 623.000000, 1482.000000,   large-vehicle,   236
831.000000, 1460.000000, 927.000000, 1461.000000, 927.000000, 1485.000000, 830.000000, 1484.000000,   large-vehicle,   237
2209.000000, 1387.000000, 2249.000000, 1387.000000, 2250.000000, 1438.000000, 2210.000000, 1437.000000,   large-vehicle,   239
1484.000000, 1438.000000, 1546.000000, 1438.000000, 1546.000000, 1458.000000, 1484.000000, 1458.000000,   large-vehicle,   240
2762.000000, 1337.000000, 2838.000000, 1338.000000, 2839.000000, 1354.000000, 2763.000000, 1353.000000,   large-vehicle,   242
2471.000000, 1382.000000, 2586.000000, 1384.000000, 2587.000000, 1409.000000, 2471.000000, 1408.000000,   large-vehicle,   243
494.000000, 1448.000000, 550.000000, 1448.000000, 550.000000, 1465.000000, 494.000000, 1464.000000,   small-vehicle,   317
3138.000000, 690.000000, 3206.000000, 691.000000, 3206.000000, 711.000000, 3139.000000, 710.000000,   small-vehicle,   329
3067.000000, 690.000000, 3125.000000, 691.000000, 3125.000000, 709.000000, 3067.000000, 708.000000,   small-vehicle,   330
3652.000000, 1390.000000, 3732.000000, 1391.000000, 3733.000000, 1412.000000, 3653.000000, 1411.000000,   small-vehicle,   334
982.000000, 1090.000000, 1044.000000, 1090.000000, 1044.000000, 1109.000000, 982.000000, 1108.000000,   small-vehicle,   337
3320.000000, 679.000000, 3393.000000, 680.000000, 3394.000000, 714.000000, 3321.000000, 714.000000,   large-vehicle,   345
1607.000000, 1385.000000, 1665.000000, 1385.000000, 1665.000000, 1404.000000, 1607.000000, 1403.000000,   large-vehicle,   351
1930.000000, 949.000000, 1962.000000, 949.000000, 1962.000000, 986.000000, 1930.000000, 986.000000,   small-vehicle,   353
1133.000000, 1095.000000, 1195.000000, 1096.000000, 1195.000000, 1115.000000, 1133.000000, 1114.000000,   small-vehicle,   360
3207.000000, 690.000000, 3266.000000, 691.000000, 3267.000000, 709.000000, 3207.000000, 708.000000,   small-vehicle,   364
3400.000000, 680.000000, 3481.000000, 681.000000, 3482.000000, 703.000000, 3401.000000, 702.000000,   small-vehicle,   382
730.000000, 1430.000000, 788.000000, 1430.000000, 787.000000, 1447.000000, 729.000000, 1446.000000,   small-vehicle,   383
3486.000000, 678.000000, 3558.000000, 679.000000, 3559.000000, 698.000000, 3486.000000, 697.000000,   small-vehicle,   385
2670.000000, 737.000000, 2727.000000, 738.000000, 2727.000000, 765.000000, 2671.000000, 764.000000,   small-vehicle,   386
986.000000, 1406.000000, 1051.000000, 1407.000000, 1051.000000, 1424.000000, 986.000000, 1423.000000,   small-vehicle,   409
3564.000000, 673.000000, 3636.000000, 674.000000, 3636.000000, 694.000000, 3565.000000, 693.000000,   small-vehicle,   413
1998.000000, 882.000000, 2030.000000, 882.000000, 2030.000000, 925.000000, 1998.000000, 924.000000,   small-vehicle,   421
455.000000, 1399.000000, 511.000000, 1400.000000, 510.000000, 1418.000000, 454.000000, 1418.000000,   small-vehicle,   430
2020.000000, 1053.000000, 2049.000000, 1053.000000, 2050.000000, 1093.000000, 2021.000000, 1092.000000,   small-vehicle,   431
1830.000000, 608.000000, 1857.000000, 609.000000, 1857.000000, 646.000000, 1830.000000, 646.000000,   small-vehicle,   432
1860.000000, 606.000000, 1887.000000, 606.000000, 1887.000000, 641.000000, 1860.000000, 641.000000,   small-vehicle,   433
1065.000000, 1094.000000, 1120.000000, 1094.000000, 1120.000000, 1110.000000, 1065.000000, 1109.000000,   small-vehicle,   438
2952.000000, 721.000000, 3019.000000, 722.000000, 3019.000000, 741.000000, 2953.000000, 740.000000,   small-vehicle,   445
1385.000000, 718.000000, 1439.000000, 719.000000, 1439.000000, 734.000000, 1385.000000, 734.000000,   small-vehicle,   446
1962.000000, 797.000000, 1990.000000, 797.000000, 1991.000000, 831.000000, 1962.000000, 830.000000,   small-vehicle,   457
3171.000000, 1374.000000, 3240.000000, 1375.000000, 3240.000000, 1393.000000, 3171.000000, 1392.000000,   small-vehicle,   462
1676.000000, 1454.000000, 1735.000000, 1455.000000, 1735.000000, 1479.000000, 1676.000000, 1478.000000,   small-vehicle,   463
2995.000000, 745.000000, 3062.000000, 746.000000, 3062.000000, 765.000000, 2996.000000, 764.000000,   small-vehicle,   465
2124.000000, 569.000000, 2150.000000, 569.000000, 2151.000000, 610.000000, 2124.000000, 610.000000,   small-vehicle,   484
3264.000000, 1364.000000, 3335.000000, 1365.000000, 3336.000000, 1385.000000, 3265.000000, 1384.000000,   small-vehicle,   487
189.000000, 823.000000, 264.000000, 824.000000, 264.000000, 837.000000, 189.000000, 836.000000,   large-vehicle,   498
1825.000000, 576.000000, 1847.000000, 576.000000, 1847.000000, 607.000000, 1825.000000, 607.000000,   small-vehicle,   506
20.000000, 777.000000, 80.000000, 778.000000, 80.000000, 794.000000, 20.000000, 794.000000,   small-vehicle,   511
3458.000000, 1449.000000, 3528.000000, 1450.000000, 3528.000000, 1467.000000, 3458.000000, 1467.000000,   small-vehicle,   528
1915.000000, 689.000000, 1941.000000, 690.000000, 1941.000000, 725.000000, 1915.000000, 724.000000,   small-vehicle,   531
1395.000000, 1512.000000, 1441.000000, 1513.000000, 1442.000000, 1541.000000, 1395.000000, 1540.000000,   small-vehicle,   537
2472.000000, 1361.000000, 2550.000000, 1362.000000, 2551.000000, 1383.000000, 2472.000000, 1382.000000,   large-vehicle,   543
2680.000000, 1339.000000, 2748.000000, 1340.000000, 2748.000000, 1362.000000, 2681.000000, 1361.000000,   large-vehicle,   553
1192.000000, 1435.000000, 1258.000000, 1436.000000, 1258.000000, 1455.000000, 1192.000000, 1454.000000,   large-vehicle,   560
2106.000000, 498.000000, 2129.000000, 498.000000, 2129.000000, 530.000000, 2106.000000, 530.000000,   small-vehicle,   564
3623.000000, 1468.000000, 3690.000000, 1469.000000, 3691.000000, 1485.000000, 3624.000000, 1485.000000,   small-vehicle,   565
2139.000000, 502.000000, 2168.000000, 502.000000, 2169.000000, 538.000000, 2140.000000, 538.000000,   small-vehicle,   568
270.000000, 1398.000000, 335.000000, 1399.000000, 334.000000, 1416.000000, 270.000000, 1415.000000,   small-vehicle,   569
2575.000000, 1364.000000, 2643.000000, 1365.000000, 2643.000000, 1384.000000, 2575.000000, 1383.000000,   small-vehicle,   574
1491.000000, 759.000000, 1543.000000, 760.000000, 1543.000000, 774.000000, 1491.000000, 773.000000,   small-vehicle,   575
3416.000000, 729.000000, 3499.000000, 730.000000, 3500.000000, 752.000000, 3417.000000, 751.000000,   small-vehicle,   577
3670.000000, 719.000000, 3734.000000, 720.000000, 3734.000000, 740.000000, 3671.000000, 739.000000,   small-vehicle,   578
193.000000, 1431.000000, 258.000000, 1432.000000, 258.000000, 1450.000000, 193.000000, 1450.000000,   large-vehicle,   581
2289.000000, 1448.000000, 2352.000000, 1449.000000, 2353.000000, 1486.000000, 2289.000000, 1485.000000,   small-vehicle,   583
2136.000000, 862.000000, 2169.000000, 862.000000, 2170.000000, 901.000000, 2137.000000, 901.000000,   small-vehicle,   588
2136.000000, 460.000000, 2163.000000, 460.000000, 2164.000000, 497.000000, 2137.000000, 496.000000,   small-vehicle,   590
1864.000000, 992.000000, 1903.000000, 992.000000, 1903.000000, 1030.000000, 1864.000000, 1030.000000,   small-vehicle,   591
1837.000000, 468.000000, 1867.000000, 468.000000, 1868.000000, 505.000000, 1838.000000, 505.000000,   small-vehicle,   593
2152.000000, 1056.000000, 2183.000000, 1056.000000, 2183.000000, 1095.000000, 2153.000000, 1095.000000,   small-vehicle,   595
1694.000000, 1313.000000, 1743.000000, 1314.000000, 1744.000000, 1329.000000, 1694.000000, 1328.000000,   small-vehicle,   598
1921.000000, 534.000000, 1961.000000, 535.000000, 1962.000000, 590.000000, 1921.000000, 589.000000,   large-vehicle,   608
1191.000000, 1435.000000, 1251.000000, 1436.000000, 1251.000000, 1454.000000, 1191.000000, 1453.000000,   small-vehicle,   613
2538.000000, 762.000000, 2594.000000, 762.000000, 2594.000000, 778.000000, 2538.000000, 778.000000,   small-vehicle,   614
816.000000, 1406.000000, 869.000000, 1406.000000, 869.000000, 1424.000000, 816.000000, 1423.000000,   small-vehicle,   615
2478.000000, 1361.000000, 2549.000000, 1362.000000, 2550.000000, 1383.000000, 2478.000000, 1383.000000,   small-vehicle,   620
2120.000000, 413.000000, 2148.000000, 413.000000, 2148.000000, 449.000000, 2120.000000, 449.000000,   small-vehicle,   632
1881.000000, 450.000000, 1909.000000, 451.000000, 1910.000000, 496.000000, 1881.000000, 495.000000,   small-vehicle,   635
2813.000000, 752.000000, 2876.000000, 752.000000, 2876.000000, 770.000000, 2813.000000, 769.000000,   small-vehicle,   636
3573.000000, 1361.000000, 3646.000000, 1361.000000, 3647.000000, 1382.000000, 3574.000000, 1381.000000,   small-vehicle,   637
1842.000000, 399.000000, 1869.000000, 399.000000, 1870.000000, 437.000000, 1842.000000, 437.000000,   small-vehicle,   638
1645.000000, 1335.000000, 1704.000000, 1336.000000, 1705.000000, 1355.000000, 1645.000000, 1355.000000,   small-vehicle,   641
2584.000000, 1340.000000, 2655.000000, 1341.000000, 2655.000000, 1358.000000, 2584.000000, 1358.000000,   small-vehicle,   642
2892.000000, 737.000000, 2960.000000, 738.000000, 2961.000000, 757.000000, 2892.000000, 756.000000,   small-vehicle,   643
2890.000000, 748.000000, 2960.000000, 749.000000, 2961.000000, 769.000000, 2890.000000, 769.000000,   large-vehicle,   647
1644.000000, 1332.000000, 1705.000000, 1333.000000, 1706.000000, 1352.000000, 1644.000000, 1351.000000,   large-vehicle,   648
2151.000000, 1054.000000, 2182.000000, 1054.000000, 2182.000000, 1091.000000, 2151.000000, 1091.000000,   large-vehicle,   650
2286.000000, 1442.000000, 2348.000000, 1443.000000, 2349.000000, 1480.000000, 2286.000000, 1480.000000,   large-vehicle,   652
2194.000000, 1498.000000, 2229.000000, 1498.000000, 2229.000000, 1541.000000, 2195.000000, 1541.000000,   large-vehicle,   655
1606.000000, 1390.000000, 1651.000000, 1391.000000, 1651.000000, 1405.000000, 1606.000000, 1404.000000,   small-vehicle,   659
1806.000000, 375.000000, 1834.000000, 375.000000, 1834.000000, 410.000000, 1806.000000, 409.000000,   small-vehicle,   660
50.000000, 1390.000000, 102.000000, 1391.000000, 101.000000, 1408.000000, 49.000000, 1407.000000,   small-vehicle,   661
2195.000000, 1498.000000, 2229.000000, 1498.000000, 2229.000000, 1542.000000, 2196.000000, 1541.000000,   small-vehicle,   662
1918.000000, 399.000000, 1948.000000, 400.000000, 1948.000000, 436.000000, 1918.000000, 436.000000,   small-vehicle,   663
2120.000000, 1252.000000, 2158.000000, 1252.000000, 2158.000000, 1292.000000, 2120.000000, 1292.000000,   small-vehicle,   664
1597.000000, 1459.000000, 1660.000000, 1460.000000, 1660.000000, 1478.000000, 1597.000000, 1477.000000,   small-vehicle,   665
2123.000000, 368.000000, 2150.000000, 368.000000, 2151.000000, 404.000000, 2124.000000, 403.000000,   small-vehicle,   666
1961.000000, 699.000000, 1992.000000, 699.000000, 1992.000000, 731.000000, 1961.000000, 731.000000,   small-vehicle,   667
413.000000, 370.000000, 469.000000, 371.000000, 469.000000, 390.000000, 413.000000, 389.000000,   small-vehicle,   668
55.000000, 1445.000000, 95.000000, 1445.000000, 94.000000, 1459.000000, 55.000000, 1458.000000,   small-vehicle,   669
193.000000, 1434.000000, 260.000000, 1435.000000, 260.000000, 1454.000000, 193.000000, 1453.000000,   small-vehicle,   670
-11.000000, 1437.000000, 42.000000, 1437.000000, 41.000000, 1452.000000, -11.000000, 1452.000000,   small-vehicle,   672
368.000000, 1214.000000, 392.000000, 1214.000000, 391.000000, 1239.000000, 368.000000, 1239.000000,   small-vehicle,   673
2581.000000, 1331.000000, 2662.000000, 1332.000000, 2662.000000, 1351.000000, 2581.000000, 1350.000000,   large-vehicle,   674
2576.000000, 1360.000000, 2642.000000, 1361.000000, 2642.000000, 1378.000000, 2577.000000, 1377.000000,   large-vehicle,   675
196.000000, 1439.000000, 257.000000, 1440.000000, 257.000000, 1459.000000, 196.000000, 1459.000000,   large-vehicle,   676
2152.000000, 1062.000000, 2184.000000, 1062.000000, 2184.000000, 1101.000000, 2152.000000, 1100.000000,   large-vehicle,   677
77.000000, 1414.000000, 148.000000, 1415.000000, 148.000000, 1434.000000, 76.000000, 1433.000000,   large-vehicle,   678
489.000000, 374.000000, 577.000000, 375.000000, 577.000000, 394.000000, 489.000000, 393.000000,   large-vehicle,   679
3561.000000, 670.000000, 3635.000000, 671.000000, 3635.000000, 691.000000, 3562.000000, 690.000000,   large-vehicle,   680
3463.000000, 1455.000000, 3536.000000, 1456.000000, 3536.000000, 1474.000000, 3463.000000, 1473.000000,   large-vehicle,   681
1864.000000, 987.000000, 1904.000000, 987.000000, 1904.000000, 1025.000000, 1864.000000, 1024.000000,   large-vehicle,   682
3264.000000, 1369.000000, 3334.000000, 1370.000000, 3335.000000, 1391.000000, 3265.000000, 1390.000000,   large-vehicle,   683
2813.000000, 1362.000000, 2873.000000, 1362.000000, 2874.000000, 1382.000000, 2813.000000, 1381.000000,   large-vehicle,   684
3263.000000, 1372.000000, 3334.000000, 1373.000000, 3335.000000, 1393.000000, 3264.000000, 1392.000000,   small-vehicle,   685
3468.000000, 1459.000000, 3539.000000, 1459.000000, 3539.000000, 1477.000000, 3468.000000, 1476.000000,   small-vehicle,   686
355.000000, 831.000000, 412.000000, 832.000000, 412.000000, 847.000000, 355.000000, 846.000000,   small-vehicle,   687
2891.000000, 748.000000, 2961.000000, 749.000000, 2962.000000, 769.000000, 2891.000000, 769.000000,   small-vehicle,   688
95.000000, 811.000000, 142.000000, 811.000000, 142.000000, 830.000000, 95.000000, 830.000000,   small-vehicle,   689
2763.000000, 1337.000000, 2837.000000, 1338.000000, 2838.000000, 1354.000000, 2764.000000, 1354.000000,   small-vehicle,   690
767.000000, 1556.000000, 793.000000, 1556.000000, 793.000000, 1581.000000, 767.000000, 1581.000000,   small-vehicle,   691
2584.000000, 1333.000000, 2662.000000, 1334.000000, 2662.000000, 1354.000000, 2584.000000, 1353.000000,   large-vehicle,   692
1647.000000, 1341.000000, 1704.000000, 1342.000000, 1704.000000, 1361.000000, 1647.000000, 1360.000000,   large-vehicle,   693
