1848.000000, 853.000000, 1876.000000, 853.000000, 1876.000000, 889.000000, 1848.000000, 888.000000,   small-vehicle,   0
2176.000000, 895.000000, 2204.000000, 895.000000, 2204.000000, 928.000000, 2176.000000, 928.000000,   small-vehicle,   1
1854.000000, 897.000000, 1879.000000, 898.000000, 1879.000000, 930.000000, 1854.000000, 930.000000,   small-vehicle,   2
2034.000000, 1174.000000, 2063.000000, 1174.000000, 2064.000000, 1206.000000, 2034.000000, 1206.000000,   small-vehicle,   3
1864.000000, 704.000000, 1891.000000, 704.000000, 1891.000000, 739.000000, 1865.000000, 739.000000,   small-vehicle,   4
2186.000000, 1078.000000, 2216.000000, 1078.000000, 2217.000000, 1114.000000, 2187.000000, 1113.000000,   small-vehicle,   5
1235.000000, 1241.000000, 1261.000000, 1241.000000, 1261.000000, 1276.000000, 1235.000000, 1276.000000,   small-vehicle,   6
1531.000000, 1392.000000, 1585.000000, 1392.000000, 1585.000000, 1407.000000, 1531.000000, 1407.000000,   small-vehicle,   7
2163.000000, 992.000000, 2190.000000, 992.000000, 2190.000000, 1028.000000, 2164.000000, 1028.000000,   small-vehicle,   8
3186.000000, 1314.000000, 3246.000000, 1315.000000, 3246.000000, 1332.000000, 3187.000000, 1331.000000,   small-vehicle,   9
1061.000000, 1310.000000, 1109.000000, 1311.000000, 1109.000000, 1326.000000, 1061.000000, 1326.000000,   small-vehicle,   10
430.000000, 1308.000000, 488.000000, 1309.000000, 488.000000, 1325.000000, 430.000000, 1324.000000,   small-vehicle,   11
1260.000000, 887.000000, 1284.000000, 887.000000, 1284.000000, 923.000000, 1260.000000, 922.000000,   small-vehicle,   12
3602.000000, 1460.000000, 3649.000000, 1461.000000, 3650.000000, 1479.000000, 3603.000000, 1478.000000,   small-vehicle,   13
2659.000000, 1366.000000, 2710.000000, 1366.000000, 2711.000000, 1382.000000, 2659.000000, 1381.000000,   small-vehicle,   14
2053.000000, 1513.000000, 2087.000000, 1513.000000, 2088.000000, 1551.000000, 2054.000000, 1551.000000,   small-vehicle,   15
1156.000000, 1308.000000, 1209.000000, 1309.000000, 1209.000000, 1325.000000, 1156.000000, 1324.000000,   small-vehicle,   16
2169.000000, 848.000000, 2200.000000, 849.000000, 2201.000000, 889.000000, 2170.000000, 888.000000,   small-vehicle,   17
1641.000000, 1348.000000, 1696.000000, 1349.000000, 1696.000000, 1367.000000, 1641.000000, 1367.000000,   small-vehicle,   18
2140.000000, 944.000000, 2197.000000, 945.000000, 2198.000000, 983.000000, 2140.000000, 982.000000,   small-vehicle,   19
1981.000000, 1114.000000, 2018.000000, 1114.000000, 2019.000000, 1151.000000, 1982.000000, 1151.000000,   small-vehicle,   20
1876.000000, 806.000000, 1904.000000, 806.000000, 1904.000000, 843.000000, 1876.000000, 843.000000,   small-vehicle,   21
1645.000000, 1443.000000, 1705.000000, 1443.000000, 1705.000000, 1458.000000, 1645.000000, 1458.000000,   small-vehicle,   22
2469.000000, 1471.000000, 2525.000000, 1471.000000, 2526.000000, 1487.000000, 2469.000000, 1486.000000,   small-vehicle,   23
2091.000000, 1639.000000, 2123.000000, 1639.000000, 2123.000000, 1677.000000, 2092.000000, 1677.000000,   small-vehicle,   24
131.000000, 1307.000000, 189.000000, 1307.000000, 189.000000, 1323.000000, 131.000000, 1322.000000,   small-vehicle,   25
2197.000000, 1130.000000, 2224.000000, 1130.000000, 2224.000000, 1162.000000, 2198.000000, 1162.000000,   small-vehicle,   26
796.000000, 1307.000000, 855.000000, 1308.000000, 855.000000, 1326.000000, 796.000000, 1325.000000,   small-vehicle,   27
2178.000000, 1832.000000, 2202.000000, 1832.000000, 2203.000000, 1861.000000, 2178.000000, 1861.000000,   small-vehicle,   28
2241.000000, 1564.000000, 2278.000000, 1564.000000, 2278.000000, 1607.000000, 2242.000000, 1607.000000,   small-vehicle,   29
2538.000000, 1668.000000, 2606.000000, 1669.000000, 2606.000000, 1689.000000, 2538.000000, 1689.000000,   small-vehicle,   30
2130.000000, 1852.000000, 2158.000000, 1852.000000, 2158.000000, 1885.000000, 2131.000000, 1885.000000,   small-vehicle,   31
2177.000000, 1031.000000, 2211.000000, 1032.000000, 2212.000000, 1071.000000, 2178.000000, 1070.000000,   small-vehicle,   32
1923.000000, 1205.000000, 1968.000000, 1205.000000, 1968.000000, 1242.000000, 1923.000000, 1242.000000,   small-vehicle,   33
2733.000000, 1361.000000, 2795.000000, 1362.000000, 2795.000000, 1378.000000, 2733.000000, 1378.000000,   small-vehicle,   34
2199.000000, 1189.000000, 2230.000000, 1189.000000, 2230.000000, 1229.000000, 2199.000000, 1228.000000,   small-vehicle,   35
1928.000000, 909.000000, 1954.000000, 909.000000, 1954.000000, 943.000000, 1928.000000, 943.000000,   small-vehicle,   36
2152.000000, 1905.000000, 2179.000000, 1905.000000, 2180.000000, 1939.000000, 2152.000000, 1939.000000,   small-vehicle,   37
2977.000000, 1362.000000, 3038.000000, 1363.000000, 3039.000000, 1379.000000, 2977.000000, 1378.000000,   small-vehicle,   38
259.000000, 1226.000000, 285.000000, 1226.000000, 284.000000, 1256.000000, 259.000000, 1256.000000,   small-vehicle,   39
2162.000000, 1115.000000, 2190.000000, 1115.000000, 2190.000000, 1151.000000, 2162.000000, 1151.000000,   small-vehicle,   40
1275.000000, 697.000000, 1304.000000, 697.000000, 1304.000000, 729.000000, 1275.000000, 729.000000,   small-vehicle,   41
2624.000000, 1313.000000, 2674.000000, 1314.000000, 2674.000000, 1330.000000, 2624.000000, 1329.000000,   small-vehicle,   42
1258.000000, 845.000000, 1280.000000, 845.000000, 1280.000000, 874.000000, 1258.000000, 874.000000,   small-vehicle,   43
1679.000000, 1392.000000, 1745.000000, 1393.000000, 1746.000000, 1410.000000, 1679.000000, 1409.000000,   small-vehicle,   44
1388.000000, 1390.000000, 1441.000000, 1391.000000, 1441.000000, 1407.000000, 1388.000000, 1407.000000,   small-vehicle,   45
2137.000000, 793.000000, 2163.000000, 794.000000, 2164.000000, 834.000000, 2137.000000, 833.000000,   small-vehicle,   46
926.000000, 1310.000000, 983.000000, 1310.000000, 983.000000, 1327.000000, 926.000000, 1327.000000,   small-vehicle,   47
2190.000000, 991.000000, 2215.000000, 991.000000, 2216.000000, 1023.000000, 2190.000000, 1023.000000,   small-vehicle,   48
2979.000000, 1315.000000, 3037.000000, 1316.000000, 3037.000000, 1332.000000, 2979.000000, 1331.000000,   small-vehicle,   49
64.000000, 1307.000000, 122.000000, 1308.000000, 122.000000, 1325.000000, 64.000000, 1324.000000,   small-vehicle,   50
531.000000, 1307.000000, 594.000000, 1307.000000, 594.000000, 1324.000000, 530.000000, 1323.000000,   small-vehicle,   51
2067.000000, 1552.000000, 2100.000000, 1552.000000, 2101.000000, 1592.000000, 2067.000000, 1592.000000,   small-vehicle,   52
1385.000000, 1416.000000, 1448.000000, 1417.000000, 1448.000000, 1433.000000, 1385.000000, 1433.000000,   small-vehicle,   53
2651.000000, 1669.000000, 2709.000000, 1669.000000, 2709.000000, 1686.000000, 2651.000000, 1685.000000,   small-vehicle,   54
296.000000, 1455.000000, 353.000000, 1456.000000, 352.000000, 1471.000000, 296.000000, 1471.000000,   small-vehicle,   55
2903.000000, 1475.000000, 2963.000000, 1476.000000, 2963.000000, 1492.000000, 2904.000000, 1491.000000,   small-vehicle,   56
3417.000000, 1218.000000, 3443.000000, 1219.000000, 3444.000000, 1253.000000, 3418.000000, 1253.000000,   small-vehicle,   57
1115.000000, 1395.000000, 1174.000000, 1396.000000, 1174.000000, 1413.000000, 1115.000000, 1412.000000,   small-vehicle,   58
3325.000000, 1967.000000, 3358.000000, 1967.000000, 3359.000000, 2009.000000, 3326.000000, 2009.000000,   small-vehicle,   59
2128.000000, 1597.000000, 2164.000000, 1597.000000, 2165.000000, 1642.000000, 2128.000000, 1642.000000,   small-vehicle,   60
1963.000000, 1648.000000, 1989.000000, 1649.000000, 1990.000000, 1683.000000, 1963.000000, 1682.000000,   small-vehicle,   61
609.000000, 1306.000000, 663.000000, 1307.000000, 662.000000, 1323.000000, 608.000000, 1323.000000,   small-vehicle,   62
3343.000000, 1267.000000, 3375.000000, 1267.000000, 3376.000000, 1303.000000, 3344.000000, 1303.000000,   small-vehicle,   63
1121.000000, 1465.000000, 1168.000000, 1465.000000, 1168.000000, 1480.000000, 1121.000000, 1480.000000,   small-vehicle,   64
3095.000000, 1314.000000, 3164.000000, 1315.000000, 3164.000000, 1332.000000, 3096.000000, 1331.000000,   small-vehicle,   65
2125.000000, 711.000000, 2160.000000, 712.000000, 2160.000000, 744.000000, 2125.000000, 744.000000,   small-vehicle,   66
844.000000, 1395.000000, 901.000000, 1396.000000, 901.000000, 1414.000000, 844.000000, 1413.000000,   small-vehicle,   67
2630.000000, 696.000000, 2692.000000, 697.000000, 2693.000000, 718.000000, 2631.000000, 717.000000,   small-vehicle,   69
3691.000000, 1636.000000, 3754.000000, 1637.000000, 3754.000000, 1655.000000, 3692.000000, 1654.000000,   small-vehicle,   70
2141.000000, 1968.000000, 2169.000000, 1969.000000, 2169.000000, 1999.000000, 2142.000000, 1999.000000,   small-vehicle,   71
2386.000000, 1388.000000, 2448.000000, 1389.000000, 2448.000000, 1405.000000, 2386.000000, 1404.000000,   small-vehicle,   72
3265.000000, 1314.000000, 3329.000000, 1315.000000, 3329.000000, 1332.000000, 3266.000000, 1332.000000,   small-vehicle,   73
200.000000, 1306.000000, 252.000000, 1307.000000, 251.000000, 1322.000000, 199.000000, 1322.000000,   small-vehicle,   74
1252.000000, 987.000000, 1278.000000, 988.000000, 1278.000000, 1021.000000, 1252.000000, 1021.000000,   small-vehicle,   75
1966.000000, 990.000000, 1998.000000, 990.000000, 1998.000000, 1033.000000, 1967.000000, 1033.000000,   small-vehicle,   76
1888.000000, 1164.000000, 1916.000000, 1165.000000, 1916.000000, 1201.000000, 1889.000000, 1201.000000,   small-vehicle,   77
2721.000000, 1473.000000, 2791.000000, 1474.000000, 2791.000000, 1490.000000, 2722.000000, 1489.000000,   small-vehicle,   78
331.000000, 790.000000, 382.000000, 791.000000, 382.000000, 810.000000, 330.000000, 809.000000,   small-vehicle,   79
1545.000000, 1410.000000, 1606.000000, 1411.000000, 1606.000000, 1428.000000, 1545.000000, 1427.000000,   small-vehicle,   80
2284.000000, 1895.000000, 2311.000000, 1895.000000, 2312.000000, 1927.000000, 2284.000000, 1927.000000,   small-vehicle,   81
1197.000000, 1419.000000, 1251.000000, 1420.000000, 1251.000000, 1434.000000, 1197.000000, 1434.000000,   small-vehicle,   82
2604.000000, 1390.000000, 2673.000000, 1390.000000, 2673.000000, 1407.000000, 2605.000000, 1406.000000,   small-vehicle,   83
1212.000000, 1392.000000, 1273.000000, 1393.000000, 1273.000000, 1408.000000, 1212.000000, 1407.000000,   small-vehicle,   84
2900.000000, 720.000000, 2944.000000, 720.000000, 2944.000000, 734.000000, 2901.000000, 733.000000,   small-vehicle,   85
2126.000000, 904.000000, 2154.000000, 905.000000, 2154.000000, 942.000000, 2126.000000, 942.000000,   small-vehicle,   86
2411.000000, 706.000000, 2466.000000, 707.000000, 2467.000000, 727.000000, 2412.000000, 726.000000,   small-vehicle,   87
2405.000000, 1331.000000, 2462.000000, 1332.000000, 2462.000000, 1348.000000, 2405.000000, 1347.000000,   small-vehicle,   88
3385.000000, 1480.000000, 3435.000000, 1481.000000, 3436.000000, 1497.000000, 3385.000000, 1496.000000,   small-vehicle,   89
2029.000000, 1107.000000, 2059.000000, 1107.000000, 2059.000000, 1152.000000, 2029.000000, 1151.000000,   small-vehicle,   90
3503.000000, 1320.000000, 3567.000000, 1321.000000, 3568.000000, 1338.000000, 3503.000000, 1337.000000,   small-vehicle,   91
3085.000000, 1476.000000, 3141.000000, 1477.000000, 3142.000000, 1492.000000, 3085.000000, 1491.000000,   small-vehicle,   92
3028.000000, 1628.000000, 3083.000000, 1629.000000, 3083.000000, 1645.000000, 3028.000000, 1644.000000,   small-vehicle,   93
1892.000000, 1042.000000, 1920.000000, 1043.000000, 1920.000000, 1084.000000, 1892.000000, 1083.000000,   small-vehicle,   94
2470.000000, 1667.000000, 2531.000000, 1668.000000, 2531.000000, 1689.000000, 2471.000000, 1689.000000,   small-vehicle,   95
2901.000000, 1362.000000, 2961.000000, 1363.000000, 2961.000000, 1380.000000, 2902.000000, 1379.000000,   small-vehicle,   96
780.000000, 1393.000000, 835.000000, 1394.000000, 835.000000, 1413.000000, 780.000000, 1412.000000,   small-vehicle,   97
3696.000000, 1352.000000, 3753.000000, 1353.000000, 3754.000000, 1370.000000, 3696.000000, 1370.000000,   small-vehicle,   98
3068.000000, 1670.000000, 3131.000000, 1670.000000, 3132.000000, 1686.000000, 3068.000000, 1685.000000,   small-vehicle,   99
2827.000000, 1474.000000, 2876.000000, 1474.000000, 2876.000000, 1491.000000, 2827.000000, 1490.000000,   small-vehicle,   100
1938.000000, 1065.000000, 1965.000000, 1065.000000, 1965.000000, 1102.000000, 1938.000000, 1102.000000,   small-vehicle,   101
3528.000000, 1484.000000, 3600.000000, 1485.000000, 3601.000000, 1502.000000, 3529.000000, 1501.000000,   small-vehicle,   102
1670.000000, 1415.000000, 1734.000000, 1416.000000, 1734.000000, 1432.000000, 1670.000000, 1431.000000,   small-vehicle,   103
3325.000000, 1726.000000, 3357.000000, 1727.000000, 3358.000000, 1765.000000, 3326.000000, 1765.000000,   small-vehicle,   104
1985.000000, 1197.000000, 2026.000000, 1197.000000, 2027.000000, 1244.000000, 1986.000000, 1244.000000,   small-vehicle,   105
2930.000000, 1335.000000, 2990.000000, 1336.000000, 2990.000000, 1352.000000, 2931.000000, 1352.000000,   small-vehicle,   106
3700.000000, 1695.000000, 3729.000000, 1696.000000, 3730.000000, 1731.000000, 3701.000000, 1731.000000,   small-vehicle,   107
3507.000000, 1631.000000, 3569.000000, 1632.000000, 3569.000000, 1649.000000, 3508.000000, 1648.000000,   small-vehicle,   108
3098.000000, 1337.000000, 3168.000000, 1338.000000, 3168.000000, 1354.000000, 3098.000000, 1353.000000,   small-vehicle,   109
1908.000000, 1120.000000, 1936.000000, 1120.000000, 1936.000000, 1158.000000, 1908.000000, 1158.000000,   small-vehicle,   110
2493.000000, 1330.000000, 2558.000000, 1331.000000, 2558.000000, 1349.000000, 2494.000000, 1348.000000,   small-vehicle,   111
2966.000000, 1442.000000, 3033.000000, 1443.000000, 3034.000000, 1459.000000, 2966.000000, 1458.000000,   small-vehicle,   112
1031.000000, 1440.000000, 1088.000000, 1441.000000, 1088.000000, 1456.000000, 1031.000000, 1456.000000,   small-vehicle,   113
2214.000000, 1668.000000, 2244.000000, 1668.000000, 2245.000000, 1708.000000, 2215.000000, 1708.000000,   small-vehicle,   114
2390.000000, 1359.000000, 2450.000000, 1360.000000, 2451.000000, 1377.000000, 2390.000000, 1376.000000,   small-vehicle,   115
1459.000000, 1389.000000, 1518.000000, 1390.000000, 1518.000000, 1406.000000, 1459.000000, 1405.000000,   small-vehicle,   116
3324.000000, 1634.000000, 3386.000000, 1634.000000, 3387.000000, 1651.000000, 3325.000000, 1650.000000,   small-vehicle,   117
1011.000000, 1392.000000, 1070.000000, 1393.000000, 1070.000000, 1410.000000, 1011.000000, 1409.000000,   small-vehicle,   118
3379.000000, 1365.000000, 3443.000000, 1366.000000, 3444.000000, 1385.000000, 3379.000000, 1384.000000,   small-vehicle,   119
1856.000000, 667.000000, 1887.000000, 667.000000, 1888.000000, 699.000000, 1857.000000, 698.000000,   small-vehicle,   120
2774.000000, 691.000000, 2834.000000, 692.000000, 2834.000000, 715.000000, 2774.000000, 714.000000,   small-vehicle,   121
3013.000000, 1339.000000, 3078.000000, 1339.000000, 3078.000000, 1356.000000, 3014.000000, 1355.000000,   small-vehicle,   122
1768.000000, 1414.000000, 1832.000000, 1414.000000, 1832.000000, 1432.000000, 1768.000000, 1431.000000,   small-vehicle,   123
286.000000, 1411.000000, 345.000000, 1411.000000, 345.000000, 1428.000000, 286.000000, 1428.000000,   small-vehicle,   124
2481.000000, 1624.000000, 2542.000000, 1624.000000, 2542.000000, 1640.000000, 2481.000000, 1639.000000,   small-vehicle,   125
1112.000000, 1439.000000, 1170.000000, 1439.000000, 1170.000000, 1456.000000, 1112.000000, 1455.000000,   small-vehicle,   126
1932.000000, 774.000000, 1964.000000, 775.000000, 1965.000000, 816.000000, 1933.000000, 816.000000,   small-vehicle,   127
362.000000, 1226.000000, 387.000000, 1226.000000, 387.000000, 1259.000000, 361.000000, 1258.000000,   small-vehicle,   128
1770.000000, 1394.000000, 1830.000000, 1394.000000, 1830.000000, 1411.000000, 1770.000000, 1410.000000,   small-vehicle,   129
2920.000000, 686.000000, 2979.000000, 687.000000, 2979.000000, 709.000000, 2920.000000, 708.000000,   small-vehicle,   130
2919.000000, 1313.000000, 2976.000000, 1314.000000, 2977.000000, 1331.000000, 2919.000000, 1330.000000,   small-vehicle,   131
1250.000000, 1040.000000, 1272.000000, 1040.000000, 1271.000000, 1068.000000, 1250.000000, 1068.000000,   small-vehicle,   132
3209.000000, 1630.000000, 3269.000000, 1631.000000, 3270.000000, 1647.000000, 3210.000000, 1646.000000,   small-vehicle,   133
216.000000, 784.000000, 285.000000, 785.000000, 285.000000, 805.000000, 216.000000, 804.000000,   small-vehicle,   134
366.000000, 1454.000000, 430.000000, 1455.000000, 430.000000, 1470.000000, 366.000000, 1469.000000,   small-vehicle,   135
1399.000000, 1464.000000, 1449.000000, 1465.000000, 1449.000000, 1482.000000, 1399.000000, 1481.000000,   small-vehicle,   136
556.000000, 1460.000000, 618.000000, 1460.000000, 617.000000, 1478.000000, 555.000000, 1477.000000,   small-vehicle,   137
2206.000000, 1581.000000, 2236.000000, 1582.000000, 2237.000000, 1619.000000, 2206.000000, 1618.000000,   small-vehicle,   138
3399.000000, 1339.000000, 3461.000000, 1340.000000, 3462.000000, 1357.000000, 3399.000000, 1356.000000,   small-vehicle,   139
1244.000000, 1155.000000, 1268.000000, 1156.000000, 1268.000000, 1189.000000, 1244.000000, 1188.000000,   small-vehicle,   140
2238.000000, 1969.000000, 2269.000000, 1969.000000, 2270.000000, 2006.000000, 2239.000000, 2006.000000,   small-vehicle,   141
2012.000000, 1004.000000, 2044.000000, 1004.000000, 2045.000000, 1045.000000, 2013.000000, 1044.000000,   small-vehicle,   142
517.000000, 1413.000000, 587.000000, 1414.000000, 587.000000, 1430.000000, 517.000000, 1429.000000,   small-vehicle,   143
1886.000000, 1088.000000, 1913.000000, 1088.000000, 1914.000000, 1114.000000, 1886.000000, 1114.000000,   small-vehicle,   144
799.000000, 1437.000000, 856.000000, 1438.000000, 856.000000, 1454.000000, 799.000000, 1453.000000,   small-vehicle,   145
2550.000000, 700.000000, 2616.000000, 701.000000, 2617.000000, 724.000000, 2551.000000, 723.000000,   small-vehicle,   146
868.000000, 1304.000000, 913.000000, 1305.000000, 913.000000, 1319.000000, 868.000000, 1318.000000,   small-vehicle,   147
2161.000000, 1362.000000, 2195.000000, 1362.000000, 2196.000000, 1403.000000, 2161.000000, 1402.000000,   small-vehicle,   148
3287.000000, 1339.000000, 3345.000000, 1340.000000, 3346.000000, 1357.000000, 3288.000000, 1356.000000,   small-vehicle,   149
2527.000000, 1467.000000, 2595.000000, 1468.000000, 2596.000000, 1487.000000, 2527.000000, 1486.000000,   small-vehicle,   150
2136.000000, 862.000000, 2167.000000, 863.000000, 2167.000000, 899.000000, 2136.000000, 899.000000,   small-vehicle,   151
3686.000000, 1329.000000, 3751.000000, 1329.000000, 3751.000000, 1345.000000, 3687.000000, 1345.000000,   small-vehicle,   152
2981.000000, 685.000000, 3045.000000, 686.000000, 3045.000000, 707.000000, 2982.000000, 706.000000,   small-vehicle,   153
3127.000000, 1628.000000, 3189.000000, 1629.000000, 3190.000000, 1646.000000, 3127.000000, 1645.000000,   small-vehicle,   154
2027.000000, 1319.000000, 2069.000000, 1319.000000, 2070.000000, 1365.000000, 2028.000000, 1365.000000,   small-vehicle,   155
3165.000000, 1667.000000, 3229.000000, 1668.000000, 3229.000000, 1688.000000, 3166.000000, 1687.000000,   small-vehicle,   156
1564.000000, 1440.000000, 1613.000000, 1440.000000, 1613.000000, 1457.000000, 1564.000000, 1457.000000,   small-vehicle,   158
1992.000000, 1684.000000, 2013.000000, 1684.000000, 2013.000000, 1703.000000, 1992.000000, 1703.000000,   small-vehicle,   159
1462.000000, 1417.000000, 1523.000000, 1418.000000, 1523.000000, 1437.000000, 1462.000000, 1436.000000,   small-vehicle,   160
3426.000000, 1260.000000, 3463.000000, 1260.000000, 3464.000000, 1302.000000, 3427.000000, 1302.000000,   small-vehicle,   161
1297.000000, 1396.000000, 1359.000000, 1397.000000, 1359.000000, 1416.000000, 1297.000000, 1415.000000,   small-vehicle,   162
3480.000000, 1343.000000, 3548.000000, 1344.000000, 3549.000000, 1362.000000, 3481.000000, 1361.000000,   small-vehicle,   163
1607.000000, 724.000000, 1670.000000, 724.000000, 1670.000000, 745.000000, 1607.000000, 744.000000,   small-vehicle,   164
109.000000, 784.000000, 167.000000, 784.000000, 167.000000, 801.000000, 108.000000, 801.000000,   small-vehicle,   165
3304.000000, 1479.000000, 3361.000000, 1480.000000, 3361.000000, 1495.000000, 3304.000000, 1494.000000,   small-vehicle,   166
934.000000, 1391.000000, 991.000000, 1392.000000, 991.000000, 1411.000000, 934.000000, 1410.000000,   small-vehicle,   167
3205.000000, 1340.000000, 3266.000000, 1341.000000, 3267.000000, 1357.000000, 3205.000000, 1357.000000,   small-vehicle,   168
962.000000, 1462.000000, 1021.000000, 1463.000000, 1021.000000, 1481.000000, 962.000000, 1480.000000,   small-vehicle,   169
3097.000000, 1362.000000, 3159.000000, 1363.000000, 3160.000000, 1381.000000, 3097.000000, 1380.000000,   small-vehicle,   170
940.000000, 1437.000000, 1009.000000, 1438.000000, 1009.000000, 1456.000000, 940.000000, 1455.000000,   small-vehicle,   171
3478.000000, 1370.000000, 3542.000000, 1371.000000, 3542.000000, 1389.000000, 3479.000000, 1388.000000,   small-vehicle,   172
2481.000000, 705.000000, 2542.000000, 706.000000, 2543.000000, 725.000000, 2482.000000, 724.000000,   small-vehicle,   173
1358.000000, 1436.000000, 1416.000000, 1437.000000, 1416.000000, 1455.000000, 1358.000000, 1454.000000,   small-vehicle,   175
3328.000000, 1883.000000, 3357.000000, 1883.000000, 3358.000000, 1921.000000, 3330.000000, 1920.000000,   small-vehicle,   176
1592.000000, 1311.000000, 1652.000000, 1311.000000, 1652.000000, 1328.000000, 1592.000000, 1327.000000,   small-vehicle,   177
2820.000000, 1363.000000, 2884.000000, 1364.000000, 2884.000000, 1381.000000, 2821.000000, 1380.000000,   small-vehicle,   178
1251.000000, 1463.000000, 1321.000000, 1463.000000, 1321.000000, 1481.000000, 1251.000000, 1480.000000,   small-vehicle,   179
697.000000, 1832.000000, 723.000000, 1832.000000, 723.000000, 1871.000000, 696.000000, 1871.000000,   small-vehicle,   181
2852.000000, 1336.000000, 2918.000000, 1337.000000, 2918.000000, 1353.000000, 2853.000000, 1352.000000,   small-vehicle,   182
634.000000, 1438.000000, 690.000000, 1439.000000, 690.000000, 1456.000000, 634.000000, 1456.000000,   small-vehicle,   183
1342.000000, 1464.000000, 1398.000000, 1465.000000, 1398.000000, 1481.000000, 1342.000000, 1480.000000,   small-vehicle,   186
2673.000000, 1695.000000, 2702.000000, 1696.000000, 2703.000000, 1735.000000, 2674.000000, 1735.000000,   small-vehicle,   187
2577.000000, 1361.000000, 2641.000000, 1361.000000, 2642.000000, 1379.000000, 2577.000000, 1379.000000,   small-vehicle,   188
1447.000000, 716.000000, 1510.000000, 717.000000, 1510.000000, 736.000000, 1447.000000, 735.000000,   small-vehicle,   189
1291.000000, 1418.000000, 1348.000000, 1419.000000, 1348.000000, 1434.000000, 1291.000000, 1434.000000,   small-vehicle,   190
2777.000000, 1442.000000, 2848.000000, 1443.000000, 2849.000000, 1460.000000, 2777.000000, 1459.000000,   small-vehicle,   192
3593.000000, 1371.000000, 3669.000000, 1372.000000, 3670.000000, 1392.000000, 3594.000000, 1391.000000,   small-vehicle,   193
2617.000000, 1627.000000, 2653.000000, 1627.000000, 2653.000000, 1640.000000, 2618.000000, 1640.000000,   small-vehicle,   194
3260.000000, 1941.000000, 3285.000000, 1941.000000, 3287.000000, 1976.000000, 3261.000000, 1976.000000,   small-vehicle,   195
3351.000000, 1312.000000, 3406.000000, 1313.000000, 3407.000000, 1349.000000, 3353.000000, 1349.000000,   small-vehicle,   196
1503.000000, 1462.000000, 1549.000000, 1463.000000, 1549.000000, 1479.000000, 1503.000000, 1478.000000,   small-vehicle,   198
1863.000000, 994.000000, 1900.000000, 994.000000, 1900.000000, 1032.000000, 1863.000000, 1032.000000,   small-vehicle,   199
3330.000000, 1928.000000, 3359.000000, 1928.000000, 3360.000000, 1965.000000, 3331.000000, 1964.000000,   small-vehicle,   200
3663.000000, 1734.000000, 3693.000000, 1734.000000, 3694.000000, 1766.000000, 3665.000000, 1766.000000,   small-vehicle,   201
2795.000000, 719.000000, 2849.000000, 719.000000, 2850.000000, 735.000000, 2795.000000, 734.000000,   small-vehicle,   202
1270.000000, 1439.000000, 1319.000000, 1439.000000, 1319.000000, 1455.000000, 1270.000000, 1454.000000,   small-vehicle,   203
1696.000000, 1318.000000, 1743.000000, 1319.000000, 1743.000000, 1334.000000, 1696.000000, 1334.000000,   small-vehicle,   204
3186.000000, 1363.000000, 3253.000000, 1364.000000, 3254.000000, 1382.000000, 3186.000000, 1381.000000,   small-vehicle,   206
3597.000000, 1346.000000, 3671.000000, 1347.000000, 3672.000000, 1367.000000, 3598.000000, 1366.000000,   small-vehicle,   209
2336.000000, 711.000000, 2406.000000, 712.000000, 2407.000000, 732.000000, 2336.000000, 731.000000,   small-vehicle,   212
119.000000, 1411.000000, 181.000000, 1412.000000, 180.000000, 1431.000000, 118.000000, 1431.000000,   small-vehicle,   213
1042.000000, 1465.000000, 1092.000000, 1466.000000, 1092.000000, 1480.000000, 1042.000000, 1480.000000,   small-vehicle,   214
2223.000000, 1133.000000, 2244.000000, 1134.000000, 2244.000000, 1163.000000, 2224.000000, 1163.000000,   small-vehicle,   215
50.000000, 1460.000000, 88.000000, 1461.000000, 88.000000, 1473.000000, 50.000000, 1472.000000,   small-vehicle,   216
874.000000, 1435.000000, 928.000000, 1435.000000, 928.000000, 1454.000000, 874.000000, 1453.000000,   small-vehicle,   217
3288.000000, 1365.000000, 3359.000000, 1365.000000, 3360.000000, 1382.000000, 3289.000000, 1381.000000,   small-vehicle,   218
73.000000, 1433.000000, 147.000000, 1434.000000, 146.000000, 1455.000000, 72.000000, 1454.000000,   small-vehicle,   219
2125.000000, 1901.000000, 2149.000000, 1902.000000, 2149.000000, 1930.000000, 2125.000000, 1930.000000,   small-vehicle,   220
1865.000000, 1051.000000, 1887.000000, 1052.000000, 1887.000000, 1078.000000, 1866.000000, 1078.000000,   small-vehicle,   223
484.000000, 1304.000000, 518.000000, 1304.000000, 518.000000, 1313.000000, 484.000000, 1313.000000,   small-vehicle,   224
3267.000000, 1894.000000, 3293.000000, 1895.000000, 3294.000000, 1930.000000, 3268.000000, 1929.000000,   small-vehicle,   227
2124.000000, 1209.000000, 2162.000000, 1209.000000, 2163.000000, 1265.000000, 2125.000000, 1264.000000,   large-vehicle,   230
1727.000000, 1440.000000, 1823.000000, 1441.000000, 1823.000000, 1466.000000, 1727.000000, 1465.000000,   large-vehicle,   231
1883.000000, 939.000000, 1926.000000, 939.000000, 1926.000000, 991.000000, 1883.000000, 990.000000,   large-vehicle,   232
2071.000000, 1442.000000, 2117.000000, 1442.000000, 2118.000000, 1493.000000, 2071.000000, 1492.000000,   large-vehicle,   233
2106.000000, 1754.000000, 2151.000000, 1755.000000, 2152.000000, 1812.000000, 2106.000000, 1812.000000,   large-vehicle,   234
3693.000000, 1488.000000, 3766.000000, 1489.000000, 3767.000000, 1512.000000, 3694.000000, 1511.000000,   large-vehicle,   235
624.000000, 1460.000000, 703.000000, 1461.000000, 703.000000, 1482.000000, 623.000000, 1481.000000,   large-vehicle,   236
832.000000, 1461.000000, 925.000000, 1462.000000, 925.000000, 1484.000000, 832.000000, 1483.000000,   large-vehicle,   237
2681.000000, 1336.000000, 2747.000000, 1336.000000, 2748.000000, 1355.000000, 2681.000000, 1354.000000,   large-vehicle,   238
2206.000000, 1386.000000, 2252.000000, 1387.000000, 2253.000000, 1439.000000, 2207.000000, 1438.000000,   large-vehicle,   239
1482.000000, 1438.000000, 1548.000000, 1438.000000, 1548.000000, 1458.000000, 1482.000000, 1458.000000,   large-vehicle,   240
2760.000000, 1336.000000, 2841.000000, 1337.000000, 2841.000000, 1355.000000, 2760.000000, 1354.000000,   large-vehicle,   242
2474.000000, 1382.000000, 2583.000000, 1383.000000, 2583.000000, 1410.000000, 2475.000000, 1409.000000,   large-vehicle,   243
2718.000000, 1692.000000, 2747.000000, 1692.000000, 2748.000000, 1737.000000, 2719.000000, 1737.000000,   large-vehicle,   244
2584.000000, 1336.000000, 2663.000000, 1337.000000, 2664.000000, 1354.000000, 2585.000000, 1353.000000,   large-vehicle,   246
2243.000000, 1905.000000, 2272.000000, 1906.000000, 2273.000000, 1946.000000, 2244.000000, 1946.000000,   large-vehicle,   247
2220.000000, 1768.000000, 2251.000000, 1768.000000, 2252.000000, 1811.000000, 2220.000000, 1811.000000,   large-vehicle,   248
188.000000, 1454.000000, 254.000000, 1455.000000, 254.000000, 1473.000000, 188.000000, 1472.000000,   large-vehicle,   250
2095.000000, 1705.000000, 2133.000000, 1705.000000, 2134.000000, 1751.000000, 2096.000000, 1751.000000,   large-vehicle,   253
2577.000000, 1361.000000, 2644.000000, 1362.000000, 2645.000000, 1379.000000, 2577.000000, 1378.000000,   large-vehicle,   254
3760.000000, 1680.000000, 3806.000000, 1680.000000, 3806.000000, 1695.000000, 3760.000000, 1695.000000,   small-vehicle,   270
1764.000000, 1326.000000, 1836.000000, 1327.000000, 1837.000000, 1360.000000, 1764.000000, 1359.000000,   large-vehicle,   279
2471.000000, 1356.000000, 2554.000000, 1357.000000, 2554.000000, 1379.000000, 2471.000000, 1378.000000,   large-vehicle,   282
1596.000000, 1462.000000, 1659.000000, 1462.000000, 1659.000000, 1479.000000, 1596.000000, 1478.000000,   large-vehicle,   284
1189.000000, 1443.000000, 1250.000000, 1444.000000, 1250.000000, 1461.000000, 1189.000000, 1461.000000,   small-vehicle,   288
2245.000000, 1597.000000, 2278.000000, 1597.000000, 2279.000000, 1640.000000, 2245.000000, 1640.000000,   small-vehicle,   289
3696.000000, 1744.000000, 3733.000000, 1744.000000, 3734.000000, 1778.000000, 3697.000000, 1778.000000,   small-vehicle,   291
2684.000000, 1621.000000, 2737.000000, 1622.000000, 2738.000000, 1643.000000, 2685.000000, 1642.000000,   small-vehicle,   299
1193.000000, 1442.000000, 1256.000000, 1442.000000, 1256.000000, 1461.000000, 1193.000000, 1460.000000,   large-vehicle,   303
3402.000000, 1444.000000, 3472.000000, 1445.000000, 3473.000000, 1464.000000, 3403.000000, 1463.000000,   large-vehicle,   304
1666.000000, 1462.000000, 1730.000000, 1462.000000, 1730.000000, 1486.000000, 1666.000000, 1485.000000,   large-vehicle,   306
2154.000000, 1063.000000, 2184.000000, 1063.000000, 2184.000000, 1101.000000, 2154.000000, 1101.000000,   small-vehicle,   309
655.000000, 1843.000000, 687.000000, 1844.000000, 687.000000, 1879.000000, 655.000000, 1879.000000,   small-vehicle,   310
2217.000000, 1709.000000, 2247.000000, 1709.000000, 2248.000000, 1753.000000, 2218.000000, 1752.000000,   small-vehicle,   313
489.000000, 1455.000000, 543.000000, 1455.000000, 543.000000, 1471.000000, 489.000000, 1470.000000,   small-vehicle,   317
1956.000000, 1713.000000, 1999.000000, 1713.000000, 1999.000000, 1727.000000, 1956.000000, 1727.000000,   large-vehicle,   320
2153.000000, 1057.000000, 2183.000000, 1058.000000, 2183.000000, 1095.000000, 2153.000000, 1095.000000,   large-vehicle,   321
2241.000000, 1839.000000, 2267.000000, 1840.000000, 2268.000000, 1877.000000, 2242.000000, 1877.000000,   large-vehicle,   322
3143.000000, 680.000000, 3207.000000, 681.000000, 3208.000000, 701.000000, 3143.000000, 700.000000,   small-vehicle,   329
3067.000000, 680.000000, 3129.000000, 680.000000, 3130.000000, 702.000000, 3067.000000, 702.000000,   small-vehicle,   330
2473.000000, 1356.000000, 2547.000000, 1357.000000, 2547.000000, 1376.000000, 2473.000000, 1376.000000,   small-vehicle,   332
3705.000000, 1379.000000, 3780.000000, 1380.000000, 3781.000000, 1400.000000, 3706.000000, 1399.000000,   small-vehicle,   334
980.000000, 1093.000000, 1040.000000, 1094.000000, 1040.000000, 1111.000000, 980.000000, 1110.000000,   small-vehicle,   337
1380.000000, 708.000000, 1436.000000, 709.000000, 1436.000000, 725.000000, 1380.000000, 724.000000,   small-vehicle,   338
2575.000000, 1353.000000, 2642.000000, 1354.000000, 2642.000000, 1371.000000, 2576.000000, 1370.000000,   large-vehicle,   343
2471.000000, 1351.000000, 2547.000000, 1352.000000, 2547.000000, 1376.000000, 2471.000000, 1375.000000,   large-vehicle,   344
3324.000000, 667.000000, 3396.000000, 668.000000, 3397.000000, 701.000000, 3326.000000, 700.000000,   large-vehicle,   345
1668.000000, 1464.000000, 1729.000000, 1464.000000, 1729.000000, 1484.000000, 1668.000000, 1483.000000,   small-vehicle,   346
3171.000000, 1364.000000, 3240.000000, 1365.000000, 3240.000000, 1385.000000, 3172.000000, 1384.000000,   large-vehicle,   347
73.000000, 1430.000000, 143.000000, 1431.000000, 143.000000, 1449.000000, 73.000000, 1448.000000,   large-vehicle,   348
1606.000000, 1392.000000, 1662.000000, 1393.000000, 1662.000000, 1409.000000, 1606.000000, 1408.000000,   large-vehicle,   351
3351.000000, 1311.000000, 3405.000000, 1311.000000, 3407.000000, 1349.000000, 3352.000000, 1348.000000,   large-vehicle,   352
1906.000000, 687.000000, 1935.000000, 687.000000, 1935.000000, 722.000000, 1906.000000, 722.000000,   small-vehicle,   353
1603.000000, 1385.000000, 1660.000000, 1386.000000, 1660.000000, 1402.000000, 1603.000000, 1401.000000,   small-vehicle,   354
3432.000000, 1455.000000, 3500.000000, 1456.000000, 3500.000000, 1474.000000, 3433.000000, 1474.000000,   small-vehicle,   355
2241.000000, 1836.000000, 2267.000000, 1836.000000, 2268.000000, 1875.000000, 2242.000000, 1874.000000,   small-vehicle,   356
1595.000000, 1461.000000, 1658.000000, 1462.000000, 1658.000000, 1479.000000, 1595.000000, 1478.000000,   small-vehicle,   357
1132.000000, 1100.000000, 1188.000000, 1101.000000, 1188.000000, 1118.000000, 1132.000000, 1117.000000,   small-vehicle,   360
1258.000000, 1263.000000, 1307.000000, 1264.000000, 1307.000000, 1310.000000, 1258.000000, 1309.000000,   small-vehicle,   361
2585.000000, 1336.000000, 2663.000000, 1337.000000, 2663.000000, 1353.000000, 2585.000000, 1352.000000,   small-vehicle,   362
141.000000, 1444.000000, 182.000000, 1444.000000, 182.000000, 1460.000000, 141.000000, 1460.000000,   small-vehicle,   363
3212.000000, 680.000000, 3268.000000, 680.000000, 3269.000000, 697.000000, 3213.000000, 696.000000,   small-vehicle,   364
3284.000000, 1365.000000, 3360.000000, 1366.000000, 3361.000000, 1385.000000, 3285.000000, 1384.000000,   large-vehicle,   365
2585.000000, 1337.000000, 2663.000000, 1338.000000, 2663.000000, 1355.000000, 2585.000000, 1354.000000,   large-vehicle,   366
3427.000000, 1453.000000, 3497.000000, 1454.000000, 3497.000000, 1472.000000, 3427.000000, 1471.000000,   large-vehicle,   367
2575.000000, 1362.000000, 2644.000000, 1363.000000, 2644.000000, 1379.000000, 2576.000000, 1379.000000,   large-vehicle,   368
2217.000000, 1708.000000, 2247.000000, 1709.000000, 2248.000000, 1753.000000, 2218.000000, 1753.000000,   large-vehicle,   369
2154.000000, 1061.000000, 2183.000000, 1061.000000, 2183.000000, 1099.000000, 2154.000000, 1099.000000,   large-vehicle,   370
3190.000000, 1445.000000, 3255.000000, 1446.000000, 3255.000000, 1462.000000, 3191.000000, 1461.000000,   large-vehicle,   371
1864.000000, 993.000000, 1900.000000, 993.000000, 1900.000000, 1031.000000, 1864.000000, 1030.000000,   large-vehicle,   372
2896.000000, 741.000000, 2959.000000, 742.000000, 2960.000000, 755.000000, 2896.000000, 754.000000,   large-vehicle,   373
2245.000000, 1596.000000, 2279.000000, 1597.000000, 2280.000000, 1642.000000, 2246.000000, 1642.000000,   large-vehicle,   374
693.000000, 1437.000000, 749.000000, 1437.000000, 749.000000, 1454.000000, 693.000000, 1453.000000,   large-vehicle,   375
666.000000, 1413.000000, 733.000000, 1414.000000, 733.000000, 1431.000000, 666.000000, 1430.000000,   large-vehicle,   376
2013.000000, 1313.000000, 2054.000000, 1314.000000, 2055.000000, 1361.000000, 2014.000000, 1360.000000,   large-vehicle,   377
3588.000000, 1345.000000, 3662.000000, 1346.000000, 3663.000000, 1367.000000, 3589.000000, 1366.000000,   large-vehicle,   378
3171.000000, 1364.000000, 3239.000000, 1365.000000, 3239.000000, 1383.000000, 3172.000000, 1383.000000,   small-vehicle,   379
2226.000000, 1840.000000, 2286.000000, 1840.000000, 2286.000000, 1879.000000, 2226.000000, 1878.000000,   small-vehicle,   380
1604.000000, 1391.000000, 1661.000000, 1392.000000, 1661.000000, 1407.000000, 1604.000000, 1406.000000,   small-vehicle,   381
3404.000000, 667.000000, 3478.000000, 668.000000, 3478.000000, 691.000000, 3405.000000, 690.000000,   small-vehicle,   382
695.000000, 1439.000000, 752.000000, 1440.000000, 752.000000, 1455.000000, 695.000000, 1455.000000,   small-vehicle,   383
1596.000000, 1465.000000, 1657.000000, 1465.000000, 1657.000000, 1482.000000, 1596.000000, 1481.000000,   small-vehicle,   384
3485.000000, 661.000000, 3564.000000, 662.000000, 3565.000000, 687.000000, 3486.000000, 686.000000,   small-vehicle,   385
2608.000000, 728.000000, 2663.000000, 729.000000, 2663.000000, 739.000000, 2609.000000, 738.000000,   small-vehicle,   386
3698.000000, 705.000000, 3737.000000, 706.000000, 3738.000000, 723.000000, 3699.000000, 722.000000,   small-vehicle,   387
1259.000000, 1265.000000, 1307.000000, 1266.000000, 1307.000000, 1311.000000, 1259.000000, 1311.000000,   small-vehicle,   388
2473.000000, 1359.000000, 2550.000000, 1360.000000, 2550.000000, 1380.000000, 2473.000000, 1379.000000,   small-vehicle,   389
188.000000, 1451.000000, 253.000000, 1452.000000, 253.000000, 1470.000000, 188.000000, 1469.000000,   small-vehicle,   390
1764.000000, 1325.000000, 1833.000000, 1325.000000, 1833.000000, 1359.000000, 1764.000000, 1358.000000,   small-vehicle,   391
1258.000000, 1264.000000, 1307.000000, 1265.000000, 1307.000000, 1311.000000, 1258.000000, 1311.000000,   large-vehicle,   392
