1887.000000, 926.000000, 1916.000000, 926.000000, 1916.000000, 960.000000, 1887.000000, 960.000000,   small-vehicle,   0
2213.000000, 963.000000, 2243.000000, 963.000000, 2243.000000, 998.000000, 2213.000000, 998.000000,   small-vehicle,   1
1892.000000, 967.000000, 1918.000000, 967.000000, 1918.000000, 1001.000000, 1892.000000, 1001.000000,   small-vehicle,   2
1907.000000, 782.000000, 1931.000000, 782.000000, 1931.000000, 811.000000, 1907.000000, 811.000000,   small-vehicle,   4
2200.000000, 1056.000000, 2227.000000, 1056.000000, 2227.000000, 1094.000000, 2200.000000, 1094.000000,   small-vehicle,   8
1296.000000, 960.000000, 1325.000000, 960.000000, 1325.000000, 999.000000, 1296.000000, 999.000000,   small-vehicle,   12
2210.000000, 919.000000, 2242.000000, 919.000000, 2242.000000, 958.000000, 2210.000000, 958.000000,   small-vehicle,   17
2181.000000, 1015.000000, 2235.000000, 1015.000000, 2235.000000, 1051.000000, 2181.000000, 1051.000000,   small-vehicle,   19
1915.000000, 874.000000, 1944.000000, 874.000000, 1944.000000, 914.000000, 1915.000000, 914.000000,   small-vehicle,   21
2141.000000, 1045.000000, 2171.000000, 1045.000000, 2171.000000, 1087.000000, 2141.000000, 1087.000000,   small-vehicle,   29
2213.000000, 1097.000000, 2250.000000, 1097.000000, 2250.000000, 1139.000000, 2213.000000, 1139.000000,   small-vehicle,   32
1237.000000, 876.000000, 1291.000000, 876.000000, 1291.000000, 898.000000, 1237.000000, 898.000000,   small-vehicle,   41
1297.000000, 922.000000, 1325.000000, 922.000000, 1325.000000, 955.000000, 1297.000000, 955.000000,   small-vehicle,   43
2178.000000, 862.000000, 2205.000000, 862.000000, 2205.000000, 905.000000, 2178.000000, 905.000000,   small-vehicle,   46
2226.000000, 1058.000000, 2255.000000, 1058.000000, 2255.000000, 1090.000000, 2226.000000, 1090.000000,   small-vehicle,   48
2132.000000, 299.000000, 2192.000000, 299.000000, 2192.000000, 319.000000, 2132.000000, 319.000000,   small-vehicle,   66
1286.000000, 1052.000000, 1317.000000, 1052.000000, 1317.000000, 1092.000000, 1286.000000, 1092.000000,   small-vehicle,   75
388.000000, 924.000000, 443.000000, 924.000000, 443.000000, 939.000000, 388.000000, 939.000000,   small-vehicle,   79
2862.000000, 800.000000, 2906.000000, 800.000000, 2906.000000, 815.000000, 2862.000000, 815.000000,   small-vehicle,   85
2164.000000, 972.000000, 2194.000000, 972.000000, 2194.000000, 1014.000000, 2164.000000, 1014.000000,   small-vehicle,   86
2116.000000, 1144.000000, 2148.000000, 1144.000000, 2148.000000, 1184.000000, 2116.000000, 1184.000000,   small-vehicle,   114
1899.000000, 741.000000, 1928.000000, 741.000000, 1928.000000, 772.000000, 1899.000000, 772.000000,   small-vehicle,   120
1284.000000, 1104.000000, 1310.000000, 1104.000000, 1310.000000, 1135.000000, 1284.000000, 1135.000000,   small-vehicle,   132
2066.000000, 399.000000, 2096.000000, 399.000000, 2096.000000, 435.000000, 2066.000000, 435.000000,   small-vehicle,   148
2753.000000, 799.000000, 2827.000000, 799.000000, 2827.000000, 816.000000, 2753.000000, 816.000000,   small-vehicle,   202
1899.000000, 1124.000000, 1924.000000, 1124.000000, 1924.000000, 1148.000000, 1899.000000, 1148.000000,   small-vehicle,   223
2034.000000, 183.000000, 2067.000000, 183.000000, 2067.000000, 241.000000, 2034.000000, 241.000000,   large-vehicle,   230
1922.000000, 1012.000000, 1963.000000, 1012.000000, 1963.000000, 1059.000000, 1922.000000, 1059.000000,   large-vehicle,   232
1972.000000, 1126.000000, 2003.000000, 1126.000000, 2003.000000, 1154.000000, 1972.000000, 1154.000000,   small-vehicle,   353
2727.000000, 819.000000, 2789.000000, 819.000000, 2789.000000, 844.000000, 2727.000000, 844.000000,   small-vehicle,   386
2051.000000, 1060.000000, 2079.000000, 1060.000000, 2079.000000, 1100.000000, 2051.000000, 1100.000000,   small-vehicle,   421
2057.000000, 1122.000000, 2083.000000, 1122.000000, 2083.000000, 1153.000000, 2057.000000, 1153.000000,   small-vehicle,   431
1870.000000, 686.000000, 1897.000000, 686.000000, 1897.000000, 720.000000, 1870.000000, 720.000000,   small-vehicle,   432
1899.000000, 681.000000, 1928.000000, 681.000000, 1928.000000, 715.000000, 1899.000000, 715.000000,   small-vehicle,   433
2974.000000, 794.000000, 3040.000000, 794.000000, 3040.000000, 811.000000, 2974.000000, 811.000000,   small-vehicle,   445
2018.000000, 1102.000000, 2045.000000, 1102.000000, 2045.000000, 1132.000000, 2018.000000, 1132.000000,   small-vehicle,   457
229.000000, 918.000000, 294.000000, 918.000000, 294.000000, 928.000000, 229.000000, 928.000000,   large-vehicle,   498
1980.000000, 1050.000000, 2008.000000, 1050.000000, 2008.000000, 1085.000000, 1980.000000, 1085.000000,   small-vehicle,   531
2149.000000, 571.000000, 2175.000000, 571.000000, 2175.000000, 604.000000, 2149.000000, 604.000000,   small-vehicle,   564
2186.000000, 581.000000, 2214.000000, 581.000000, 2214.000000, 613.000000, 2186.000000, 613.000000,   small-vehicle,   568
1527.000000, 834.000000, 1582.000000, 834.000000, 1582.000000, 851.000000, 1527.000000, 851.000000,   small-vehicle,   575
3484.000000, 804.000000, 3545.000000, 804.000000, 3545.000000, 821.000000, 3484.000000, 821.000000,   small-vehicle,   577
2181.000000, 534.000000, 2208.000000, 534.000000, 2208.000000, 572.000000, 2181.000000, 572.000000,   small-vehicle,   590
1901.000000, 1063.000000, 1939.000000, 1063.000000, 1939.000000, 1098.000000, 1901.000000, 1098.000000,   small-vehicle,   591
1879.000000, 546.000000, 1912.000000, 546.000000, 1912.000000, 584.000000, 1879.000000, 584.000000,   small-vehicle,   593
2582.000000, 831.000000, 2646.000000, 831.000000, 2646.000000, 848.000000, 2582.000000, 848.000000,   small-vehicle,   614
2166.000000, 489.000000, 2194.000000, 489.000000, 2194.000000, 525.000000, 2166.000000, 525.000000,   small-vehicle,   632
1955.000000, 884.000000, 1984.000000, 884.000000, 1984.000000, 928.000000, 1955.000000, 928.000000,   small-vehicle,   635
2860.000000, 822.000000, 2925.000000, 822.000000, 2925.000000, 839.000000, 2860.000000, 839.000000,   small-vehicle,   636
1850.000000, 453.000000, 1877.000000, 453.000000, 1877.000000, 487.000000, 1850.000000, 487.000000,   small-vehicle,   660
2107.000000, 974.000000, 2140.000000, 974.000000, 2140.000000, 1012.000000, 2107.000000, 1012.000000,   small-vehicle,   664
2168.000000, 442.000000, 2198.000000, 442.000000, 2198.000000, 479.000000, 2168.000000, 479.000000,   small-vehicle,   666
2046.000000, 967.000000, 2071.000000, 967.000000, 2071.000000, 996.000000, 2046.000000, 996.000000,   small-vehicle,   667
1845.000000, 413.000000, 1871.000000, 413.000000, 1871.000000, 445.000000, 1845.000000, 445.000000,   small-vehicle,   704
2169.000000, 396.000000, 2194.000000, 396.000000, 2194.000000, 430.000000, 2169.000000, 430.000000,   small-vehicle,   718
2387.000000, 837.000000, 2446.000000, 837.000000, 2446.000000, 854.000000, 2387.000000, 854.000000,   small-vehicle,   756
2125.000000, 338.000000, 2159.000000, 338.000000, 2159.000000, 381.000000, 2125.000000, 381.000000,   small-vehicle,   761
1841.000000, 371.000000, 1869.000000, 371.000000, 1869.000000, 404.000000, 1841.000000, 404.000000,   small-vehicle,   762
1729.000000, 843.000000, 1782.000000, 843.000000, 1782.000000, 855.000000, 1729.000000, 855.000000,   small-vehicle,   765
3149.000000, 814.000000, 3207.000000, 814.000000, 3207.000000, 830.000000, 3149.000000, 830.000000,   small-vehicle,   789
3633.000000, 797.000000, 3702.000000, 797.000000, 3702.000000, 816.000000, 3633.000000, 816.000000,   small-vehicle,   792
1829.000000, 293.000000, 1859.000000, 293.000000, 1859.000000, 328.000000, 1829.000000, 328.000000,   small-vehicle,   813
3338.000000, 323.000000, 3361.000000, 323.000000, 3361.000000, 358.000000, 3338.000000, 358.000000,   small-vehicle,   815
1951.000000, 460.000000, 1980.000000, 460.000000, 1980.000000, 496.000000, 1951.000000, 496.000000,   small-vehicle,   816
2359.000000, 308.000000, 2413.000000, 308.000000, 2413.000000, 325.000000, 2359.000000, 325.000000,   small-vehicle,   818
2531.000000, 825.000000, 2581.000000, 825.000000, 2581.000000, 856.000000, 2531.000000, 856.000000,   small-vehicle,   824
1840.000000, 266.000000, 1863.000000, 266.000000, 1863.000000, 288.000000, 1840.000000, 288.000000,   small-vehicle,   840
2341.000000, 263.000000, 2402.000000, 263.000000, 2402.000000, 279.000000, 2341.000000, 279.000000,   small-vehicle,   841
2407.000000, 258.000000, 2469.000000, 258.000000, 2469.000000, 277.000000, 2407.000000, 277.000000,   small-vehicle,   845
1166.000000, 883.000000, 1229.000000, 883.000000, 1229.000000, 905.000000, 1166.000000, 905.000000,   small-vehicle,   846
1632.000000, 527.000000, 1692.000000, 527.000000, 1692.000000, 543.000000, 1632.000000, 543.000000,   small-vehicle,   847
1995.000000, 953.000000, 2040.000000, 953.000000, 2040.000000, 999.000000, 1995.000000, 999.000000,   large-vehicle,   856
1948.000000, 371.000000, 1979.000000, 371.000000, 1979.000000, 404.000000, 1948.000000, 404.000000,   small-vehicle,   867
2687.000000, 249.000000, 2747.000000, 249.000000, 2747.000000, 265.000000, 2687.000000, 265.000000,   small-vehicle,   870
535.000000, 488.000000, 592.000000, 488.000000, 592.000000, 502.000000, 535.000000, 502.000000,   small-vehicle,   871
2821.000000, 240.000000, 2883.000000, 240.000000, 2883.000000, 255.000000, 2821.000000, 255.000000,   small-vehicle,   875
1458.000000, 838.000000, 1517.000000, 838.000000, 1517.000000, 859.000000, 1458.000000, 859.000000,   small-vehicle,   876
3334.000000, 275.000000, 3360.000000, 275.000000, 3360.000000, 305.000000, 3334.000000, 305.000000,   small-vehicle,   878
2614.000000, 249.000000, 2664.000000, 249.000000, 2664.000000, 263.000000, 2614.000000, 263.000000,   small-vehicle,   879
2550.000000, 255.000000, 2607.000000, 255.000000, 2607.000000, 270.000000, 2550.000000, 270.000000,   small-vehicle,   880
1929.000000, 1112.000000, 1956.000000, 1112.000000, 1956.000000, 1144.000000, 1929.000000, 1144.000000,   small-vehicle,   884
1817.000000, 234.000000, 1838.000000, 234.000000, 1838.000000, 266.000000, 1817.000000, 266.000000,   small-vehicle,   885
3412.000000, 211.000000, 3467.000000, 211.000000, 3467.000000, 228.000000, 3412.000000, 228.000000,   small-vehicle,   886
3018.000000, 230.000000, 3084.000000, 230.000000, 3084.000000, 246.000000, 3018.000000, 246.000000,   small-vehicle,   889
1253.000000, 396.000000, 1272.000000, 396.000000, 1272.000000, 421.000000, 1253.000000, 421.000000,   small-vehicle,   890
1821.000000, 199.000000, 1845.000000, 199.000000, 1845.000000, 231.000000, 1821.000000, 231.000000,   small-vehicle,   892
3154.000000, 225.000000, 3217.000000, 225.000000, 3217.000000, 243.000000, 3154.000000, 243.000000,   small-vehicle,   893
3350.000000, 213.000000, 3407.000000, 213.000000, 3407.000000, 228.000000, 3350.000000, 228.000000,   small-vehicle,   894
2924.000000, 233.000000, 2988.000000, 233.000000, 2988.000000, 251.000000, 2924.000000, 251.000000,   small-vehicle,   895
3528.000000, 204.000000, 3590.000000, 204.000000, 3590.000000, 219.000000, 3528.000000, 219.000000,   small-vehicle,   897
2760.000000, 244.000000, 2814.000000, 244.000000, 2814.000000, 258.000000, 2760.000000, 258.000000,   small-vehicle,   904
564.000000, 717.000000, 628.000000, 717.000000, 628.000000, 740.000000, 564.000000, 740.000000,   small-vehicle,   909
3134.000000, 270.000000, 3194.000000, 270.000000, 3194.000000, 288.000000, 3134.000000, 288.000000,   small-vehicle,   916
2139.000000, 150.000000, 2171.000000, 150.000000, 2171.000000, 189.000000, 2139.000000, 189.000000,   small-vehicle,   917
2117.000000, 175.000000, 2150.000000, 175.000000, 2150.000000, 212.000000, 2117.000000, 212.000000,   small-vehicle,   921
3681.000000, 193.000000, 3735.000000, 193.000000, 3735.000000, 211.000000, 3681.000000, 211.000000,   small-vehicle,   924
1907.000000, 338.000000, 1937.000000, 338.000000, 1937.000000, 372.000000, 1907.000000, 372.000000,   small-vehicle,   930
3555.000000, 802.000000, 3623.000000, 802.000000, 3623.000000, 817.000000, 3555.000000, 817.000000,   small-vehicle,   943
2135.000000, 103.000000, 2166.000000, 103.000000, 2166.000000, 143.000000, 2135.000000, 143.000000,   small-vehicle,   944
1813.000000, 118.000000, 1843.000000, 118.000000, 1843.000000, 153.000000, 1813.000000, 153.000000,   small-vehicle,   949
3468.000000, 757.000000, 3517.000000, 757.000000, 3517.000000, 771.000000, 3468.000000, 771.000000,   small-vehicle,   953
3066.000000, 275.000000, 3126.000000, 275.000000, 3126.000000, 292.000000, 3066.000000, 292.000000,   small-vehicle,   962
949.000000, 102.000000, 997.000000, 102.000000, 997.000000, 120.000000, 949.000000, 120.000000,   small-vehicle,   964
744.000000, 109.000000, 809.000000, 109.000000, 809.000000, 125.000000, 744.000000, 125.000000,   small-vehicle,   966
3521.000000, 249.000000, 3571.000000, 249.000000, 3571.000000, 265.000000, 3521.000000, 265.000000,   small-vehicle,   969
1119.000000, 101.000000, 1145.000000, 101.000000, 1145.000000, 129.000000, 1119.000000, 129.000000,   small-vehicle,   971
1501.000000, 526.000000, 1563.000000, 526.000000, 1563.000000, 542.000000, 1501.000000, 542.000000,   small-vehicle,   973
1113.000000, 226.000000, 1155.000000, 226.000000, 1155.000000, 241.000000, 1113.000000, 241.000000,   small-vehicle,   975
1851.000000, 591.000000, 1871.000000, 591.000000, 1871.000000, 614.000000, 1851.000000, 614.000000,   small-vehicle,   976
1928.000000, 198.000000, 1960.000000, 198.000000, 1960.000000, 236.000000, 1928.000000, 236.000000,   small-vehicle,   980
1807.000000, 79.000000, 1837.000000, 79.000000, 1837.000000, 113.000000, 1807.000000, 113.000000,   small-vehicle,   981
2099.000000, 83.000000, 2130.000000, 83.000000, 2130.000000, 120.000000, 2099.000000, 120.000000,   small-vehicle,   986
876.000000, 105.000000, 932.000000, 105.000000, 932.000000, 122.000000, 876.000000, 122.000000,   small-vehicle,   987
1995.000000, 820.000000, 2024.000000, 820.000000, 2024.000000, 852.000000, 1995.000000, 852.000000,   small-vehicle,   988
1022.000000, 102.000000, 1081.000000, 102.000000, 1081.000000, 117.000000, 1022.000000, 117.000000,   small-vehicle,   989
651.000000, 62.000000, 713.000000, 62.000000, 713.000000, 81.000000, 651.000000, 81.000000,   small-vehicle,   990
2519.000000, 300.000000, 2571.000000, 300.000000, 2571.000000, 315.000000, 2519.000000, 315.000000,   small-vehicle,   994
25.000000, 100.000000, 81.000000, 100.000000, 81.000000, 115.000000, 25.000000, 115.000000,   small-vehicle,   995
1834.000000, 33.000000, 1863.000000, 33.000000, 1863.000000, 68.000000, 1834.000000, 68.000000,   small-vehicle,   996
278.000000, 84.000000, 334.000000, 84.000000, 334.000000, 100.000000, 278.000000, 100.000000,   small-vehicle,   997
1807.000000, 44.000000, 1833.000000, 44.000000, 1833.000000, 76.000000, 1807.000000, 76.000000,   small-vehicle,   998
2133.000000, 61.000000, 2163.000000, 61.000000, 2163.000000, 98.000000, 2133.000000, 98.000000,   small-vehicle,   1001
342.000000, 82.000000, 398.000000, 82.000000, 398.000000, 97.000000, 342.000000, 97.000000,   small-vehicle,   1008
1006.000000, 51.000000, 1080.000000, 51.000000, 1080.000000, 68.000000, 1006.000000, 68.000000,   small-vehicle,   1009
1891.000000, 230.000000, 1922.000000, 230.000000, 1922.000000, 273.000000, 1891.000000, 273.000000,   small-vehicle,   1010
850.000000, 57.000000, 915.000000, 57.000000, 915.000000, 73.000000, 850.000000, 73.000000,   small-vehicle,   1012
563.000000, 61.000000, 610.000000, 61.000000, 610.000000, 78.000000, 563.000000, 78.000000,   small-vehicle,   1013
929.000000, 52.000000, 983.000000, 52.000000, 983.000000, 70.000000, 929.000000, 70.000000,   small-vehicle,   1014
2132.000000, 24.000000, 2156.000000, 24.000000, 2156.000000, 52.000000, 2132.000000, 52.000000,   small-vehicle,   1017
826.000000, 526.000000, 886.000000, 526.000000, 886.000000, 538.000000, 826.000000, 538.000000,   small-vehicle,   1021
1886.000000, 72.000000, 1919.000000, 72.000000, 1919.000000, 107.000000, 1886.000000, 107.000000,   small-vehicle,   1032
2520.000000, 19.000000, 2548.000000, 19.000000, 2548.000000, 54.000000, 2520.000000, 54.000000,   small-vehicle,   1033
2475.000000, 311.000000, 2515.000000, 311.000000, 2515.000000, 344.000000, 2475.000000, 344.000000,   small-vehicle,   1038
1806.000000, -4.000000, 1831.000000, -4.000000, 1831.000000, 30.000000, 1806.000000, 30.000000,   small-vehicle,   1039
704.000000, 524.000000, 772.000000, 524.000000, 772.000000, 541.000000, 704.000000, 541.000000,   small-vehicle,   1042
2074.000000, 655.000000, 2103.000000, 655.000000, 2103.000000, 698.000000, 2074.000000, 698.000000,   small-vehicle,   1050
1865.000000, 649.000000, 1895.000000, 649.000000, 1895.000000, 681.000000, 1865.000000, 681.000000,   small-vehicle,   1052
982.000000, 529.000000, 1028.000000, 529.000000, 1028.000000, 542.000000, 982.000000, 542.000000,   small-vehicle,   1053
2093.000000, -27.000000, 2119.000000, -27.000000, 2119.000000, 5.000000, 2093.000000, 5.000000,   small-vehicle,   1056
1885.000000, 481.000000, 1913.000000, 481.000000, 1913.000000, 515.000000, 1885.000000, 515.000000,   large-vehicle,   1062
1049.000000, 528.000000, 1114.000000, 528.000000, 1114.000000, 540.000000, 1049.000000, 540.000000,   large-vehicle,   1065
3245.000000, 206.000000, 3281.000000, 206.000000, 3281.000000, 219.000000, 3245.000000, 219.000000,   small-vehicle,   1067
3346.000000, 374.000000, 3371.000000, 374.000000, 3371.000000, 399.000000, 3346.000000, 399.000000,   small-vehicle,   1069
3044.000000, 819.000000, 3113.000000, 819.000000, 3113.000000, 836.000000, 3044.000000, 836.000000,   small-vehicle,   1070
3002.000000, 274.000000, 3057.000000, 274.000000, 3057.000000, 295.000000, 3002.000000, 295.000000,   small-vehicle,   1071
898.000000, 530.000000, 965.000000, 530.000000, 965.000000, 544.000000, 898.000000, 544.000000,   small-vehicle,   1073
420.000000, -39.000000, 451.000000, -39.000000, 451.000000, -10.000000, 420.000000, -10.000000,   small-vehicle,   1076
2107.000000, 556.000000, 2141.000000, 556.000000, 2141.000000, 604.000000, 2107.000000, 604.000000,   large-vehicle,   1078
1800.000000, -50.000000, 1826.000000, -50.000000, 1826.000000, -14.000000, 1800.000000, -14.000000,   small-vehicle,   1079
2121.000000, -70.000000, 2145.000000, -70.000000, 2145.000000, -39.000000, 2121.000000, -39.000000,   small-vehicle,   1086
2640.000000, 11.000000, 2672.000000, 11.000000, 2672.000000, 49.000000, 2640.000000, 49.000000,   small-vehicle,   1088
1951.000000, 849.000000, 1988.000000, 849.000000, 1988.000000, 895.000000, 1951.000000, 895.000000,   large-vehicle,   1091
1116.000000, -67.000000, 1145.000000, -67.000000, 1145.000000, -30.000000, 1116.000000, -30.000000,   small-vehicle,   1092
1640.000000, 125.000000, 1698.000000, 125.000000, 1698.000000, 141.000000, 1640.000000, 141.000000,   small-vehicle,   1099
1119.000000, -99.000000, 1140.000000, -99.000000, 1140.000000, -74.000000, 1119.000000, -74.000000,   small-vehicle,   1104
2218.000000, 886.000000, 2241.000000, 886.000000, 2241.000000, 912.000000, 2218.000000, 912.000000,   small-vehicle,   1105
2117.000000, -107.000000, 2140.000000, -107.000000, 2140.000000, -78.000000, 2117.000000, -78.000000,   small-vehicle,   1113
1795.000000, -99.000000, 1822.000000, -99.000000, 1822.000000, -64.000000, 1795.000000, -64.000000,   small-vehicle,   1115
1077.000000, -118.000000, 1123.000000, -118.000000, 1123.000000, -102.000000, 1077.000000, -102.000000,   small-vehicle,   1116
2269.000000, 28.000000, 2291.000000, 28.000000, 2291.000000, 58.000000, 2269.000000, 58.000000,   small-vehicle,   1117
2459.000000, 836.000000, 2509.000000, 836.000000, 2509.000000, 852.000000, 2459.000000, 852.000000,   small-vehicle,   1118
1970.000000, 735.000000, 2000.000000, 735.000000, 2000.000000, 775.000000, 1970.000000, 775.000000,   small-vehicle,   1120
721.000000, -118.000000, 771.000000, -118.000000, 771.000000, -101.000000, 721.000000, -101.000000,   small-vehicle,   1121
3351.000000, 461.000000, 3381.000000, 461.000000, 3381.000000, 497.000000, 3351.000000, 497.000000,   small-vehicle,   1122
2941.000000, 823.000000, 3011.000000, 823.000000, 3011.000000, 842.000000, 2941.000000, 842.000000,   small-vehicle,   1123
2200.000000, 692.000000, 2226.000000, 692.000000, 2226.000000, 733.000000, 2200.000000, 733.000000,   large-vehicle,   1131
992.000000, -119.000000, 1041.000000, -119.000000, 1041.000000, -102.000000, 992.000000, -102.000000,   small-vehicle,   1135
2230.000000, 381.000000, 2246.000000, 381.000000, 2246.000000, 396.000000, 2230.000000, 396.000000,   small-vehicle,   1136
1883.000000, 476.000000, 1914.000000, 476.000000, 1914.000000, 514.000000, 1883.000000, 514.000000,   small-vehicle,   1138
651.000000, -160.000000, 704.000000, -160.000000, 704.000000, -144.000000, 651.000000, -144.000000,   small-vehicle,   1139
1788.000000, -149.000000, 1817.000000, -149.000000, 1817.000000, -115.000000, 1788.000000, -115.000000,   small-vehicle,   1140
1817.000000, -164.000000, 1864.000000, -164.000000, 1864.000000, -93.000000, 1817.000000, -93.000000,   large-vehicle,   1141
2081.000000, -139.000000, 2110.000000, -139.000000, 2110.000000, -109.000000, 2081.000000, -109.000000,   small-vehicle,   1142
2939.000000, 820.000000, 3010.000000, 820.000000, 3010.000000, 839.000000, 2939.000000, 839.000000,   large-vehicle,   1143
827.000000, -124.000000, 876.000000, -124.000000, 876.000000, -107.000000, 827.000000, -107.000000,   small-vehicle,   1144
1969.000000, 720.000000, 1998.000000, 720.000000, 1998.000000, 763.000000, 1969.000000, 763.000000,   large-vehicle,   1146
782.000000, 912.000000, 842.000000, 912.000000, 842.000000, 933.000000, 782.000000, 933.000000,   small-vehicle,   1147
2173.000000, 931.000000, 2207.000000, 931.000000, 2207.000000, 968.000000, 2173.000000, 968.000000,   small-vehicle,   1150
2707.000000, 290.000000, 2751.000000, 290.000000, 2751.000000, 303.000000, 2707.000000, 303.000000,   small-vehicle,   1151
