2132.000000, 300.000000, 2192.000000, 300.000000, 2192.000000, 318.000000, 2132.000000, 318.000000,   small-vehicle,   66
2067.000000, 399.000000, 2095.000000, 399.000000, 2095.000000, 435.000000, 2067.000000, 435.000000,   small-vehicle,   148
1871.000000, 689.000000, 1896.000000, 689.000000, 1896.000000, 717.000000, 1871.000000, 717.000000,   small-vehicle,   432
1901.000000, 686.000000, 1926.000000, 686.000000, 1926.000000, 710.000000, 1901.000000, 710.000000,   small-vehicle,   433
2149.000000, 571.000000, 2175.000000, 571.000000, 2175.000000, 604.000000, 2149.000000, 604.000000,   small-vehicle,   564
2185.000000, 578.000000, 2215.000000, 578.000000, 2215.000000, 615.000000, 2185.000000, 615.000000,   small-vehicle,   568
1879.000000, 545.000000, 1912.000000, 545.000000, 1912.000000, 584.000000, 1879.000000, 584.000000,   small-vehicle,   593
2165.000000, 488.000000, 2195.000000, 488.000000, 2195.000000, 526.000000, 2165.000000, 526.000000,   small-vehicle,   632
1849.000000, 452.000000, 1878.000000, 452.000000, 1878.000000, 487.000000, 1849.000000, 487.000000,   small-vehicle,   660
2108.000000, 974.000000, 2139.000000, 974.000000, 2139.000000, 1012.000000, 2108.000000, 1012.000000,   small-vehicle,   664
2168.000000, 442.000000, 2198.000000, 442.000000, 2198.000000, 478.000000, 2168.000000, 478.000000,   small-vehicle,   666
1844.000000, 413.000000, 1872.000000, 413.000000, 1872.000000, 444.000000, 1844.000000, 444.000000,   small-vehicle,   704
2167.000000, 392.000000, 2196.000000, 392.000000, 2196.000000, 433.000000, 2167.000000, 433.000000,   small-vehicle,   718
2125.000000, 338.000000, 2159.000000, 338.000000, 2159.000000, 381.000000, 2125.000000, 381.000000,   small-vehicle,   761
1840.000000, 367.000000, 1870.000000, 367.000000, 1870.000000, 407.000000, 1840.000000, 407.000000,   small-vehicle,   762
1829.000000, 292.000000, 1859.000000, 292.000000, 1859.000000, 329.000000, 1829.000000, 329.000000,   small-vehicle,   813
3337.000000, 324.000000, 3363.000000, 324.000000, 3363.000000, 358.000000, 3337.000000, 358.000000,   small-vehicle,   815
2359.000000, 308.000000, 2413.000000, 308.000000, 2413.000000, 325.000000, 2359.000000, 325.000000,   small-vehicle,   818
1839.000000, 265.000000, 1864.000000, 265.000000, 1864.000000, 290.000000, 1839.000000, 290.000000,   small-vehicle,   840
2344.000000, 265.000000, 2400.000000, 265.000000, 2400.000000, 276.000000, 2344.000000, 276.000000,   small-vehicle,   841
2407.000000, 260.000000, 2469.000000, 260.000000, 2469.000000, 275.000000, 2407.000000, 275.000000,   small-vehicle,   845
1818.000000, 238.000000, 1837.000000, 238.000000, 1837.000000, 262.000000, 1818.000000, 262.000000,   small-vehicle,   885
3413.000000, 211.000000, 3466.000000, 211.000000, 3466.000000, 227.000000, 3413.000000, 227.000000,   small-vehicle,   886
1822.000000, 198.000000, 1844.000000, 198.000000, 1844.000000, 232.000000, 1822.000000, 232.000000,   small-vehicle,   892
3348.000000, 213.000000, 3409.000000, 213.000000, 3409.000000, 228.000000, 3348.000000, 228.000000,   small-vehicle,   894
2138.000000, 149.000000, 2172.000000, 149.000000, 2172.000000, 191.000000, 2138.000000, 191.000000,   small-vehicle,   917
2116.000000, 175.000000, 2150.000000, 175.000000, 2150.000000, 213.000000, 2116.000000, 213.000000,   small-vehicle,   921
1908.000000, 338.000000, 1936.000000, 338.000000, 1936.000000, 372.000000, 1908.000000, 372.000000,   small-vehicle,   930
2134.000000, 104.000000, 2167.000000, 104.000000, 2167.000000, 143.000000, 2134.000000, 143.000000,   small-vehicle,   944
1814.000000, 118.000000, 1842.000000, 118.000000, 1842.000000, 153.000000, 1814.000000, 153.000000,   small-vehicle,   949
3067.000000, 276.000000, 3125.000000, 276.000000, 3125.000000, 291.000000, 3067.000000, 291.000000,   small-vehicle,   962
944.000000, 102.000000, 1003.000000, 102.000000, 1003.000000, 121.000000, 944.000000, 121.000000,   small-vehicle,   964
746.000000, 108.000000, 807.000000, 108.000000, 807.000000, 126.000000, 746.000000, 126.000000,   small-vehicle,   966
3520.000000, 249.000000, 3573.000000, 249.000000, 3573.000000, 266.000000, 3520.000000, 266.000000,   small-vehicle,   969
1118.000000, 101.000000, 1145.000000, 101.000000, 1145.000000, 129.000000, 1118.000000, 129.000000,   small-vehicle,   971
1115.000000, 226.000000, 1153.000000, 226.000000, 1153.000000, 242.000000, 1115.000000, 242.000000,   small-vehicle,   975
1929.000000, 199.000000, 1959.000000, 199.000000, 1959.000000, 235.000000, 1929.000000, 235.000000,   small-vehicle,   980
1809.000000, 79.000000, 1835.000000, 79.000000, 1835.000000, 112.000000, 1809.000000, 112.000000,   small-vehicle,   981
2100.000000, 83.000000, 2129.000000, 83.000000, 2129.000000, 120.000000, 2100.000000, 120.000000,   small-vehicle,   986
876.000000, 104.000000, 932.000000, 104.000000, 932.000000, 123.000000, 876.000000, 123.000000,   small-vehicle,   987
1023.000000, 100.000000, 1080.000000, 100.000000, 1080.000000, 118.000000, 1023.000000, 118.000000,   small-vehicle,   989
650.000000, 61.000000, 714.000000, 61.000000, 714.000000, 82.000000, 650.000000, 82.000000,   small-vehicle,   990
2518.000000, 299.000000, 2572.000000, 299.000000, 2572.000000, 315.000000, 2518.000000, 315.000000,   small-vehicle,   994
32.000000, 101.000000, 75.000000, 101.000000, 75.000000, 113.000000, 32.000000, 113.000000,   small-vehicle,   995
1834.000000, 33.000000, 1863.000000, 33.000000, 1863.000000, 68.000000, 1834.000000, 68.000000,   small-vehicle,   996
276.000000, 84.000000, 336.000000, 84.000000, 336.000000, 100.000000, 276.000000, 100.000000,   small-vehicle,   997
1808.000000, 45.000000, 1832.000000, 45.000000, 1832.000000, 75.000000, 1808.000000, 75.000000,   small-vehicle,   998
2134.000000, 61.000000, 2162.000000, 61.000000, 2162.000000, 97.000000, 2134.000000, 97.000000,   small-vehicle,   1001
342.000000, 83.000000, 398.000000, 83.000000, 398.000000, 95.000000, 342.000000, 95.000000,   small-vehicle,   1008
1008.000000, 50.000000, 1078.000000, 50.000000, 1078.000000, 69.000000, 1008.000000, 69.000000,   small-vehicle,   1009
1890.000000, 229.000000, 1922.000000, 229.000000, 1922.000000, 274.000000, 1890.000000, 274.000000,   small-vehicle,   1010
848.000000, 55.000000, 917.000000, 55.000000, 917.000000, 74.000000, 848.000000, 74.000000,   small-vehicle,   1012
564.000000, 61.000000, 609.000000, 61.000000, 609.000000, 78.000000, 564.000000, 78.000000,   small-vehicle,   1013
928.000000, 52.000000, 984.000000, 52.000000, 984.000000, 69.000000, 928.000000, 69.000000,   small-vehicle,   1014
2133.000000, 25.000000, 2155.000000, 25.000000, 2155.000000, 50.000000, 2133.000000, 50.000000,   small-vehicle,   1017
1887.000000, 74.000000, 1918.000000, 74.000000, 1918.000000, 106.000000, 1887.000000, 106.000000,   small-vehicle,   1032
2519.000000, 19.000000, 2549.000000, 19.000000, 2549.000000, 54.000000, 2519.000000, 54.000000,   small-vehicle,   1033
2476.000000, 311.000000, 2514.000000, 311.000000, 2514.000000, 345.000000, 2476.000000, 345.000000,   small-vehicle,   1038
1805.000000, -4.000000, 1832.000000, -4.000000, 1832.000000, 30.000000, 1805.000000, 30.000000,   small-vehicle,   1039
721.000000, 524.000000, 755.000000, 524.000000, 755.000000, 540.000000, 721.000000, 540.000000,   small-vehicle,   1042
1866.000000, 650.000000, 1890.000000, 650.000000, 1890.000000, 680.000000, 1866.000000, 680.000000,   small-vehicle,   1052
2093.000000, -31.000000, 2118.000000, -31.000000, 2118.000000, 1.000000, 2093.000000, 1.000000,   small-vehicle,   1056
3345.000000, 382.000000, 3373.000000, 382.000000, 3373.000000, 414.000000, 3345.000000, 414.000000,   small-vehicle,   1069
3007.000000, 279.000000, 3059.000000, 279.000000, 3059.000000, 303.000000, 3007.000000, 303.000000,   small-vehicle,   1071
423.000000, -24.000000, 456.000000, -24.000000, 456.000000, 7.000000, 423.000000, 7.000000,   small-vehicle,   1076
2057.000000, 41.000000, 2091.000000, 41.000000, 2091.000000, 88.000000, 2057.000000, 88.000000,   large-vehicle,   1078
1800.000000, -56.000000, 1827.000000, -56.000000, 1827.000000, -21.000000, 1800.000000, -21.000000,   small-vehicle,   1079
2120.000000, -74.000000, 2146.000000, -74.000000, 2146.000000, -44.000000, 2120.000000, -44.000000,   small-vehicle,   1086
2641.000000, 13.000000, 2671.000000, 13.000000, 2671.000000, 52.000000, 2641.000000, 52.000000,   small-vehicle,   1088
1639.000000, 122.000000, 1693.000000, 122.000000, 1693.000000, 137.000000, 1639.000000, 137.000000,   small-vehicle,   1099
1121.000000, -86.000000, 1141.000000, -86.000000, 1141.000000, -61.000000, 1121.000000, -61.000000,   small-vehicle,   1104
2116.000000, -112.000000, 2141.000000, -112.000000, 2141.000000, -84.000000, 2116.000000, -84.000000,   small-vehicle,   1113
1793.000000, -105.000000, 1822.000000, -105.000000, 1822.000000, -71.000000, 1793.000000, -71.000000,   small-vehicle,   1115
1079.000000, -103.000000, 1125.000000, -103.000000, 1125.000000, -87.000000, 1079.000000, -87.000000,   small-vehicle,   1116
723.000000, -102.000000, 777.000000, -102.000000, 777.000000, -82.000000, 723.000000, -82.000000,   small-vehicle,   1121
3355.000000, 474.000000, 3383.000000, 474.000000, 3383.000000, 509.000000, 3355.000000, 509.000000,   small-vehicle,   1122
993.000000, -103.000000, 1047.000000, -103.000000, 1047.000000, -87.000000, 993.000000, -87.000000,   small-vehicle,   1135
652.000000, -142.000000, 710.000000, -142.000000, 710.000000, -127.000000, 652.000000, -127.000000,   small-vehicle,   1139
1787.000000, -155.000000, 1818.000000, -155.000000, 1818.000000, -121.000000, 1787.000000, -121.000000,   small-vehicle,   1140
1818.000000, -170.000000, 1865.000000, -170.000000, 1865.000000, -96.000000, 1818.000000, -96.000000,   large-vehicle,   1141
2083.000000, -143.000000, 2109.000000, -143.000000, 2109.000000, -113.000000, 2083.000000, -113.000000,   small-vehicle,   1142
829.000000, -104.000000, 880.000000, -104.000000, 880.000000, -87.000000, 829.000000, -87.000000,   small-vehicle,   1144
2696.000000, 293.000000, 2758.000000, 293.000000, 2758.000000, 312.000000, 2696.000000, 312.000000,   small-vehicle,   1151
1037.000000, -148.000000, 1106.000000, -148.000000, 1106.000000, -130.000000, 1037.000000, -130.000000,   small-vehicle,   1155
506.000000, -137.000000, 553.000000, -137.000000, 553.000000, -123.000000, 506.000000, -123.000000,   small-vehicle,   1156
564.000000, -139.000000, 616.000000, -139.000000, 616.000000, -123.000000, 564.000000, -123.000000,   small-vehicle,   1157
871.000000, -146.000000, 926.000000, -146.000000, 926.000000, -129.000000, 871.000000, -129.000000,   small-vehicle,   1159
2918.000000, 287.000000, 2976.000000, 287.000000, 2976.000000, 303.000000, 2918.000000, 303.000000,   small-vehicle,   1164
1787.000000, -197.000000, 1816.000000, -197.000000, 1816.000000, -162.000000, 1787.000000, -162.000000,   small-vehicle,   1168
189.000000, 536.000000, 244.000000, 536.000000, 244.000000, 552.000000, 189.000000, 552.000000,   small-vehicle,   1171
2080.000000, -197.000000, 2109.000000, -197.000000, 2109.000000, -162.000000, 2080.000000, -162.000000,   small-vehicle,   1175
251.000000, 537.000000, 307.000000, 537.000000, 307.000000, 555.000000, 251.000000, 555.000000,   small-vehicle,   1177
1126.000000, -179.000000, 1148.000000, -179.000000, 1148.000000, -153.000000, 1126.000000, -153.000000,   small-vehicle,   1179
3348.000000, 270.000000, 3407.000000, 270.000000, 3407.000000, 286.000000, 3348.000000, 286.000000,   small-vehicle,   1182
1935.000000, 628.000000, 1971.000000, 628.000000, 1971.000000, 666.000000, 1935.000000, 666.000000,   small-vehicle,   1191
2838.000000, 289.000000, 2902.000000, 289.000000, 2902.000000, 307.000000, 2838.000000, 307.000000,   small-vehicle,   1192
2630.000000, 290.000000, 2689.000000, 290.000000, 2689.000000, 309.000000, 2630.000000, 309.000000,   small-vehicle,   1195
407.000000, -239.000000, 435.000000, -239.000000, 435.000000, -204.000000, 407.000000, -204.000000,   small-vehicle,   1202
1807.000000, -260.000000, 1839.000000, -260.000000, 1839.000000, -224.000000, 1807.000000, -224.000000,   small-vehicle,   1205
1781.000000, -297.000000, 1811.000000, -297.000000, 1811.000000, -261.000000, 1781.000000, -261.000000,   small-vehicle,   1211
2511.000000, -283.000000, 2560.000000, -283.000000, 2560.000000, -268.000000, 2511.000000, -268.000000,   small-vehicle,   1212
2298.000000, -274.000000, 2365.000000, -274.000000, 2365.000000, -256.000000, 2298.000000, -256.000000,   small-vehicle,   1214
2240.000000, -269.000000, 2292.000000, -269.000000, 2292.000000, -255.000000, 2240.000000, -255.000000,   small-vehicle,   1216
2441.000000, -280.000000, 2494.000000, -280.000000, 2494.000000, -265.000000, 2441.000000, -265.000000,   small-vehicle,   1217
3364.000000, 516.000000, 3391.000000, 516.000000, 3391.000000, 549.000000, 3364.000000, 549.000000,   small-vehicle,   1218
2069.000000, -298.000000, 2097.000000, -298.000000, 2097.000000, -264.000000, 2069.000000, -264.000000,   small-vehicle,   1232
1782.000000, -341.000000, 1814.000000, -341.000000, 1814.000000, -307.000000, 1782.000000, -307.000000,   small-vehicle,   1236
1896.000000, 98.000000, 1923.000000, 98.000000, 1923.000000, 136.000000, 1896.000000, 136.000000,   small-vehicle,   1241
1764.000000, -334.000000, 1790.000000, -334.000000, 1790.000000, -302.000000, 1764.000000, -302.000000,   small-vehicle,   1245
3265.000000, -321.000000, 3328.000000, -321.000000, 3328.000000, -305.000000, 3265.000000, -305.000000,   small-vehicle,   1248
3342.000000, -324.000000, 3412.000000, -324.000000, 3412.000000, -307.000000, 3342.000000, -307.000000,   small-vehicle,   1249
1113.000000, -343.000000, 1141.000000, -343.000000, 1141.000000, -304.000000, 1113.000000, -304.000000,   small-vehicle,   1250
3493.000000, -332.000000, 3549.000000, -332.000000, 3549.000000, -315.000000, 3493.000000, -315.000000,   small-vehicle,   1251
1768.000000, -385.000000, 1798.000000, -385.000000, 1798.000000, -348.000000, 1768.000000, -348.000000,   small-vehicle,   1254
2066.000000, -402.000000, 2103.000000, -402.000000, 2103.000000, -363.000000, 2066.000000, -363.000000,   small-vehicle,   1257
2087.000000, -357.000000, 2124.000000, -357.000000, 2124.000000, -316.000000, 2087.000000, -316.000000,   small-vehicle,   1258
3574.000000, -337.000000, 3642.000000, -337.000000, 3642.000000, -317.000000, 3574.000000, -317.000000,   small-vehicle,   1260
206.000000, 153.000000, 271.000000, 153.000000, 271.000000, 170.000000, 206.000000, 170.000000,   small-vehicle,   1271
1109.000000, -406.000000, 1138.000000, -406.000000, 1138.000000, -369.000000, 1109.000000, -369.000000,   small-vehicle,   1273
2049.000000, -456.000000, 2074.000000, -456.000000, 2074.000000, -421.000000, 2049.000000, -421.000000,   small-vehicle,   1277
1764.000000, -433.000000, 1794.000000, -433.000000, 1794.000000, -395.000000, 1764.000000, -395.000000,   small-vehicle,   1282
927.000000, -101.000000, 984.000000, -101.000000, 984.000000, -85.000000, 927.000000, -85.000000,   small-vehicle,   1284
2165.000000, 641.000000, 2194.000000, 641.000000, 2194.000000, 686.000000, 2165.000000, 686.000000,   small-vehicle,   1285
2229.000000, 365.000000, 2245.000000, 365.000000, 2245.000000, 383.000000, 2229.000000, 383.000000,   small-vehicle,   1286
2090.000000, 397.000000, 2122.000000, 397.000000, 2122.000000, 440.000000, 2090.000000, 440.000000,   small-vehicle,   1290
1758.000000, -479.000000, 1791.000000, -479.000000, 1791.000000, -444.000000, 1758.000000, -444.000000,   small-vehicle,   1292
1103.000000, -450.000000, 1125.000000, -450.000000, 1125.000000, -428.000000, 1103.000000, -428.000000,   small-vehicle,   1293
541.000000, 142.000000, 598.000000, 142.000000, 598.000000, 158.000000, 541.000000, 158.000000,   small-vehicle,   1294
674.000000, 135.000000, 731.000000, 135.000000, 731.000000, 152.000000, 674.000000, 152.000000,   small-vehicle,   1295
2079.000000, -482.000000, 2108.000000, -482.000000, 2108.000000, -446.000000, 2079.000000, -446.000000,   small-vehicle,   1298
1862.000000, -307.000000, 1889.000000, -307.000000, 1889.000000, -267.000000, 1862.000000, -267.000000,   small-vehicle,   1302
2261.000000, -225.000000, 2323.000000, -225.000000, 2323.000000, -209.000000, 2261.000000, -209.000000,   small-vehicle,   1303
2180.000000, 534.000000, 2208.000000, 534.000000, 2208.000000, 570.000000, 2180.000000, 570.000000,   small-vehicle,   1304
-75.000000, 114.000000, -26.000000, 114.000000, -26.000000, 129.000000, -75.000000, 129.000000,   small-vehicle,   1305
2270.000000, 33.000000, 2292.000000, 33.000000, 2292.000000, 63.000000, 2270.000000, 63.000000,   small-vehicle,   1306
643.000000, -99.000000, 660.000000, -99.000000, 660.000000, -82.000000, 643.000000, -82.000000,   small-vehicle,   1307
2179.000000, 530.000000, 2208.000000, 530.000000, 2208.000000, 568.000000, 2179.000000, 568.000000,   large-vehicle,   1308
1757.000000, -524.000000, 1784.000000, -524.000000, 1784.000000, -488.000000, 1757.000000, -488.000000,   small-vehicle,   1309
1099.000000, -526.000000, 1122.000000, -526.000000, 1122.000000, -493.000000, 1099.000000, -493.000000,   small-vehicle,   1312
1782.000000, -250.000000, 1809.000000, -250.000000, 1809.000000, -215.000000, 1782.000000, -215.000000,   small-vehicle,   1313
2122.000000, -33.000000, 2154.000000, -33.000000, 2154.000000, -5.000000, 2122.000000, -5.000000,   small-vehicle,   1314
3318.000000, -274.000000, 3389.000000, -274.000000, 3389.000000, -255.000000, 3318.000000, -255.000000,   large-vehicle,   1317
604.000000, 140.000000, 662.000000, 140.000000, 662.000000, 156.000000, 604.000000, 156.000000,   small-vehicle,   1318
1612.000000, 134.000000, 1683.000000, 134.000000, 1683.000000, 156.000000, 1612.000000, 156.000000,   small-vehicle,   1320
2017.000000, 24.000000, 2037.000000, 24.000000, 2037.000000, 40.000000, 2017.000000, 40.000000,   small-vehicle,   1321
2155.000000, 196.000000, 2180.000000, 196.000000, 2180.000000, 224.000000, 2155.000000, 224.000000,   small-vehicle,   1322
1939.000000, 634.000000, 1971.000000, 634.000000, 1971.000000, 669.000000, 1939.000000, 669.000000,   large-vehicle,   1328
1118.000000, -55.000000, 1146.000000, -55.000000, 1146.000000, -15.000000, 1118.000000, -15.000000,   small-vehicle,   1329
1092.000000, -574.000000, 1120.000000, -574.000000, 1120.000000, -540.000000, 1092.000000, -540.000000,   small-vehicle,   1330
559.000000, -96.000000, 606.000000, -96.000000, 606.000000, -81.000000, 559.000000, -81.000000,   small-vehicle,   1331
1938.000000, 633.000000, 1971.000000, 633.000000, 1971.000000, 671.000000, 1938.000000, 671.000000,   small-vehicle,   1332
1091.000000, -612.000000, 1118.000000, -612.000000, 1118.000000, -578.000000, 1091.000000, -578.000000,   small-vehicle,   1333
1946.000000, 372.000000, 1964.000000, 372.000000, 1964.000000, 388.000000, 1946.000000, 388.000000,   small-vehicle,   1334
1784.000000, -216.000000, 1813.000000, -216.000000, 1813.000000, -203.000000, 1784.000000, -203.000000,   small-vehicle,   1335
1614.000000, 138.000000, 1683.000000, 138.000000, 1683.000000, 160.000000, 1614.000000, 160.000000,   large-vehicle,   1336
1747.000000, -617.000000, 1777.000000, -617.000000, 1777.000000, -586.000000, 1747.000000, -586.000000,   small-vehicle,   1337
2087.000000, -356.000000, 2125.000000, -356.000000, 2125.000000, -309.000000, 2087.000000, -309.000000,   large-vehicle,   1338
1863.000000, -307.000000, 1893.000000, -307.000000, 1893.000000, -261.000000, 1863.000000, -261.000000,   large-vehicle,   1339
