1848.000000, 854.000000, 1876.000000, 854.000000, 1876.000000, 888.000000, 1848.000000, 887.000000,   small-vehicle,   0
2176.000000, 894.000000, 2204.000000, 895.000000, 2204.000000, 929.000000, 2176.000000, 929.000000,   small-vehicle,   1
1854.000000, 896.000000, 1879.000000, 896.000000, 1879.000000, 932.000000, 1854.000000, 932.000000,   small-vehicle,   2
2036.000000, 1175.000000, 2061.000000, 1175.000000, 2062.000000, 1205.000000, 2036.000000, 1205.000000,   small-vehicle,   3
1865.000000, 704.000000, 1890.000000, 705.000000, 1890.000000, 739.000000, 1865.000000, 739.000000,   small-vehicle,   4
2187.000000, 1078.000000, 2216.000000, 1078.000000, 2216.000000, 1114.000000, 2188.000000, 1113.000000,   small-vehicle,   5
1234.000000, 1240.000000, 1262.000000, 1240.000000, 1262.000000, 1278.000000, 1234.000000, 1278.000000,   small-vehicle,   6
1531.000000, 1391.000000, 1584.000000, 1392.000000, 1584.000000, 1408.000000, 1531.000000, 1407.000000,   small-vehicle,   7
2163.000000, 991.000000, 2190.000000, 991.000000, 2190.000000, 1029.000000, 2164.000000, 1029.000000,   small-vehicle,   8
3194.000000, 1316.000000, 3238.000000, 1317.000000, 3239.000000, 1330.000000, 3195.000000, 1330.000000,   small-vehicle,   9
429.000000, 1308.000000, 489.000000, 1309.000000, 489.000000, 1325.000000, 429.000000, 1324.000000,   small-vehicle,   11
1259.000000, 885.000000, 1286.000000, 885.000000, 1286.000000, 924.000000, 1258.000000, 924.000000,   small-vehicle,   12
2659.000000, 1366.000000, 2710.000000, 1366.000000, 2710.000000, 1381.000000, 2659.000000, 1381.000000,   small-vehicle,   14
2169.000000, 849.000000, 2201.000000, 850.000000, 2201.000000, 888.000000, 2169.000000, 887.000000,   small-vehicle,   17
1642.000000, 1350.000000, 1694.000000, 1351.000000, 1694.000000, 1366.000000, 1642.000000, 1365.000000,   small-vehicle,   18
2141.000000, 945.000000, 2196.000000, 946.000000, 2196.000000, 982.000000, 2142.000000, 981.000000,   small-vehicle,   19
1875.000000, 804.000000, 1905.000000, 804.000000, 1905.000000, 845.000000, 1875.000000, 845.000000,   small-vehicle,   21
1644.000000, 1439.000000, 1706.000000, 1440.000000, 1706.000000, 1462.000000, 1644.000000, 1461.000000,   small-vehicle,   22
2469.000000, 1471.000000, 2525.000000, 1471.000000, 2526.000000, 1487.000000, 2469.000000, 1486.000000,   small-vehicle,   23
130.000000, 1306.000000, 190.000000, 1307.000000, 189.000000, 1323.000000, 130.000000, 1322.000000,   small-vehicle,   25
2195.000000, 1128.000000, 2225.000000, 1128.000000, 2226.000000, 1164.000000, 2196.000000, 1164.000000,   small-vehicle,   26
796.000000, 1308.000000, 856.000000, 1309.000000, 856.000000, 1325.000000, 796.000000, 1324.000000,   small-vehicle,   27
2239.000000, 1563.000000, 2280.000000, 1564.000000, 2280.000000, 1608.000000, 2240.000000, 1608.000000,   small-vehicle,   29
2177.000000, 1032.000000, 2211.000000, 1032.000000, 2212.000000, 1070.000000, 2178.000000, 1070.000000,   small-vehicle,   32
1913.000000, 1211.000000, 1977.000000, 1212.000000, 1978.000000, 1236.000000, 1913.000000, 1235.000000,   small-vehicle,   33
2733.000000, 1361.000000, 2795.000000, 1362.000000, 2795.000000, 1378.000000, 2733.000000, 1378.000000,   small-vehicle,   34
2199.000000, 1188.000000, 2229.000000, 1188.000000, 2230.000000, 1230.000000, 2200.000000, 1229.000000,   small-vehicle,   35
1928.000000, 908.000000, 1954.000000, 908.000000, 1954.000000, 945.000000, 1929.000000, 944.000000,   small-vehicle,   36
2977.000000, 1362.000000, 3038.000000, 1363.000000, 3039.000000, 1379.000000, 2977.000000, 1378.000000,   small-vehicle,   38
2161.000000, 1114.000000, 2190.000000, 1114.000000, 2191.000000, 1152.000000, 2162.000000, 1152.000000,   small-vehicle,   40
1276.000000, 700.000000, 1304.000000, 700.000000, 1304.000000, 727.000000, 1276.000000, 726.000000,   small-vehicle,   41
2622.000000, 1312.000000, 2675.000000, 1313.000000, 2676.000000, 1331.000000, 2622.000000, 1330.000000,   small-vehicle,   42
1257.000000, 844.000000, 1282.000000, 845.000000, 1282.000000, 875.000000, 1257.000000, 875.000000,   small-vehicle,   43
1681.000000, 1391.000000, 1743.000000, 1392.000000, 1744.000000, 1411.000000, 1681.000000, 1410.000000,   small-vehicle,   44
1388.000000, 1389.000000, 1441.000000, 1389.000000, 1441.000000, 1409.000000, 1388.000000, 1408.000000,   small-vehicle,   45
2136.000000, 793.000000, 2164.000000, 793.000000, 2164.000000, 834.000000, 2137.000000, 834.000000,   small-vehicle,   46
926.000000, 1309.000000, 984.000000, 1310.000000, 984.000000, 1328.000000, 926.000000, 1327.000000,   small-vehicle,   47
2190.000000, 991.000000, 2216.000000, 991.000000, 2216.000000, 1023.000000, 2190.000000, 1023.000000,   small-vehicle,   48
2983.000000, 1315.000000, 3033.000000, 1315.000000, 3033.000000, 1332.000000, 2983.000000, 1332.000000,   small-vehicle,   49
62.000000, 1307.000000, 124.000000, 1308.000000, 124.000000, 1325.000000, 62.000000, 1324.000000,   small-vehicle,   50
533.000000, 1307.000000, 592.000000, 1308.000000, 592.000000, 1323.000000, 532.000000, 1322.000000,   small-vehicle,   51
1387.000000, 1415.000000, 1446.000000, 1416.000000, 1446.000000, 1435.000000, 1387.000000, 1434.000000,   small-vehicle,   53
296.000000, 1454.000000, 353.000000, 1455.000000, 353.000000, 1472.000000, 296.000000, 1471.000000,   small-vehicle,   55
2905.000000, 1474.000000, 2961.000000, 1475.000000, 2962.000000, 1493.000000, 2905.000000, 1493.000000,   small-vehicle,   56
1116.000000, 1395.000000, 1173.000000, 1396.000000, 1173.000000, 1413.000000, 1116.000000, 1413.000000,   small-vehicle,   58
611.000000, 1307.000000, 660.000000, 1307.000000, 660.000000, 1323.000000, 611.000000, 1322.000000,   small-vehicle,   62
3342.000000, 1266.000000, 3376.000000, 1267.000000, 3377.000000, 1303.000000, 3343.000000, 1303.000000,   small-vehicle,   63
1119.000000, 1463.000000, 1170.000000, 1464.000000, 1170.000000, 1482.000000, 1119.000000, 1481.000000,   small-vehicle,   64
3102.000000, 1315.000000, 3157.000000, 1315.000000, 3157.000000, 1332.000000, 3103.000000, 1331.000000,   small-vehicle,   65
2129.000000, 711.000000, 2155.000000, 711.000000, 2156.000000, 745.000000, 2130.000000, 744.000000,   small-vehicle,   66
847.000000, 1396.000000, 898.000000, 1396.000000, 898.000000, 1413.000000, 847.000000, 1413.000000,   small-vehicle,   67
2634.000000, 698.000000, 2688.000000, 699.000000, 2689.000000, 716.000000, 2635.000000, 715.000000,   small-vehicle,   69
3268.000000, 1315.000000, 3326.000000, 1315.000000, 3327.000000, 1332.000000, 3268.000000, 1331.000000,   small-vehicle,   73
202.000000, 1306.000000, 250.000000, 1307.000000, 249.000000, 1322.000000, 201.000000, 1321.000000,   small-vehicle,   74
1251.000000, 986.000000, 1280.000000, 987.000000, 1280.000000, 1022.000000, 1251.000000, 1022.000000,   small-vehicle,   75
1967.000000, 990.000000, 1997.000000, 990.000000, 1997.000000, 1033.000000, 1968.000000, 1033.000000,   small-vehicle,   76
1889.000000, 1166.000000, 1915.000000, 1166.000000, 1915.000000, 1200.000000, 1889.000000, 1199.000000,   small-vehicle,   77
2723.000000, 1472.000000, 2789.000000, 1473.000000, 2790.000000, 1491.000000, 2723.000000, 1490.000000,   small-vehicle,   78
329.000000, 790.000000, 384.000000, 791.000000, 383.000000, 810.000000, 329.000000, 809.000000,   small-vehicle,   79
1543.000000, 1410.000000, 1608.000000, 1411.000000, 1608.000000, 1428.000000, 1543.000000, 1427.000000,   small-vehicle,   80
1196.000000, 1417.000000, 1252.000000, 1418.000000, 1252.000000, 1436.000000, 1196.000000, 1436.000000,   small-vehicle,   82
2606.000000, 1389.000000, 2671.000000, 1390.000000, 2672.000000, 1407.000000, 2606.000000, 1406.000000,   small-vehicle,   83
1210.000000, 1392.000000, 1275.000000, 1392.000000, 1275.000000, 1408.000000, 1210.000000, 1407.000000,   small-vehicle,   84
2901.000000, 720.000000, 2943.000000, 721.000000, 2944.000000, 733.000000, 2901.000000, 732.000000,   small-vehicle,   85
2126.000000, 903.000000, 2154.000000, 904.000000, 2154.000000, 944.000000, 2126.000000, 943.000000,   small-vehicle,   86
2404.000000, 1329.000000, 2463.000000, 1330.000000, 2463.000000, 1350.000000, 2404.000000, 1349.000000,   small-vehicle,   88
3380.000000, 1481.000000, 3440.000000, 1481.000000, 3440.000000, 1496.000000, 3381.000000, 1496.000000,   small-vehicle,   89
2029.000000, 1107.000000, 2058.000000, 1108.000000, 2059.000000, 1151.000000, 2029.000000, 1151.000000,   small-vehicle,   90
3501.000000, 1320.000000, 3569.000000, 1321.000000, 3570.000000, 1339.000000, 3502.000000, 1338.000000,   small-vehicle,   91
3084.000000, 1475.000000, 3142.000000, 1476.000000, 3143.000000, 1492.000000, 3084.000000, 1492.000000,   small-vehicle,   92
2903.000000, 1362.000000, 2959.000000, 1362.000000, 2959.000000, 1380.000000, 2904.000000, 1380.000000,   small-vehicle,   96
781.000000, 1392.000000, 834.000000, 1393.000000, 834.000000, 1414.000000, 781.000000, 1413.000000,   small-vehicle,   97
3692.000000, 1350.000000, 3757.000000, 1351.000000, 3758.000000, 1373.000000, 3692.000000, 1372.000000,   small-vehicle,   98
2827.000000, 1473.000000, 2875.000000, 1474.000000, 2876.000000, 1491.000000, 2828.000000, 1490.000000,   small-vehicle,   100
1937.000000, 1066.000000, 1966.000000, 1067.000000, 1966.000000, 1101.000000, 1937.000000, 1101.000000,   small-vehicle,   101
3529.000000, 1485.000000, 3599.000000, 1486.000000, 3599.000000, 1501.000000, 3530.000000, 1500.000000,   small-vehicle,   102
1670.000000, 1415.000000, 1734.000000, 1416.000000, 1734.000000, 1432.000000, 1670.000000, 1432.000000,   small-vehicle,   103
2931.000000, 1334.000000, 2989.000000, 1335.000000, 2990.000000, 1354.000000, 2931.000000, 1353.000000,   small-vehicle,   106
3098.000000, 1337.000000, 3168.000000, 1338.000000, 3168.000000, 1354.000000, 3098.000000, 1354.000000,   small-vehicle,   109
1907.000000, 1119.000000, 1937.000000, 1120.000000, 1937.000000, 1159.000000, 1908.000000, 1158.000000,   small-vehicle,   110
2492.000000, 1328.000000, 2559.000000, 1329.000000, 2560.000000, 1351.000000, 2492.000000, 1350.000000,   small-vehicle,   111
1029.000000, 1438.000000, 1090.000000, 1439.000000, 1089.000000, 1459.000000, 1029.000000, 1458.000000,   small-vehicle,   113
2211.000000, 1667.000000, 2247.000000, 1668.000000, 2248.000000, 1708.000000, 2212.000000, 1708.000000,   small-vehicle,   114
2389.000000, 1357.000000, 2451.000000, 1357.000000, 2452.000000, 1379.000000, 2389.000000, 1379.000000,   small-vehicle,   115
1459.000000, 1388.000000, 1519.000000, 1388.000000, 1519.000000, 1407.000000, 1459.000000, 1406.000000,   small-vehicle,   116
1010.000000, 1391.000000, 1070.000000, 1392.000000, 1070.000000, 1411.000000, 1010.000000, 1410.000000,   small-vehicle,   118
3376.000000, 1364.000000, 3446.000000, 1365.000000, 3446.000000, 1386.000000, 3377.000000, 1386.000000,   small-vehicle,   119
1856.000000, 665.000000, 1887.000000, 665.000000, 1888.000000, 700.000000, 1857.000000, 700.000000,   small-vehicle,   120
2775.000000, 693.000000, 2833.000000, 693.000000, 2833.000000, 714.000000, 2775.000000, 713.000000,   small-vehicle,   121
3016.000000, 1338.000000, 3075.000000, 1338.000000, 3076.000000, 1356.000000, 3016.000000, 1356.000000,   small-vehicle,   122
1772.000000, 1412.000000, 1828.000000, 1413.000000, 1828.000000, 1434.000000, 1772.000000, 1433.000000,   small-vehicle,   123
1112.000000, 1438.000000, 1169.000000, 1439.000000, 1169.000000, 1456.000000, 1112.000000, 1455.000000,   small-vehicle,   126
1933.000000, 776.000000, 1964.000000, 776.000000, 1964.000000, 815.000000, 1933.000000, 815.000000,   small-vehicle,   127
2919.000000, 687.000000, 2979.000000, 688.000000, 2980.000000, 708.000000, 2920.000000, 707.000000,   small-vehicle,   130
2918.000000, 1314.000000, 2977.000000, 1314.000000, 2978.000000, 1331.000000, 2918.000000, 1330.000000,   small-vehicle,   131
1248.000000, 1038.000000, 1273.000000, 1038.000000, 1273.000000, 1070.000000, 1248.000000, 1070.000000,   small-vehicle,   132
367.000000, 1454.000000, 429.000000, 1454.000000, 429.000000, 1470.000000, 367.000000, 1469.000000,   small-vehicle,   135
1398.000000, 1464.000000, 1450.000000, 1465.000000, 1450.000000, 1482.000000, 1398.000000, 1481.000000,   small-vehicle,   136
556.000000, 1460.000000, 617.000000, 1461.000000, 617.000000, 1478.000000, 556.000000, 1477.000000,   small-vehicle,   137
3397.000000, 1338.000000, 3463.000000, 1339.000000, 3464.000000, 1358.000000, 3398.000000, 1357.000000,   small-vehicle,   139
1242.000000, 1154.000000, 1269.000000, 1154.000000, 1269.000000, 1190.000000, 1242.000000, 1190.000000,   small-vehicle,   140
1891.000000, 1089.000000, 1909.000000, 1089.000000, 1909.000000, 1113.000000, 1891.000000, 1113.000000,   small-vehicle,   144
799.000000, 1436.000000, 856.000000, 1437.000000, 856.000000, 1455.000000, 799.000000, 1454.000000,   small-vehicle,   145
869.000000, 1303.000000, 913.000000, 1304.000000, 913.000000, 1320.000000, 868.000000, 1319.000000,   small-vehicle,   147
2166.000000, 1363.000000, 2190.000000, 1364.000000, 2190.000000, 1401.000000, 2167.000000, 1400.000000,   small-vehicle,   148
3286.000000, 1337.000000, 3346.000000, 1338.000000, 3346.000000, 1358.000000, 3287.000000, 1357.000000,   small-vehicle,   149
2529.000000, 1467.000000, 2593.000000, 1468.000000, 2594.000000, 1487.000000, 2529.000000, 1486.000000,   small-vehicle,   150
3683.000000, 1326.000000, 3753.000000, 1327.000000, 3754.000000, 1348.000000, 3684.000000, 1347.000000,   small-vehicle,   152
1563.000000, 1439.000000, 1614.000000, 1439.000000, 1614.000000, 1459.000000, 1563.000000, 1458.000000,   small-vehicle,   158
1461.000000, 1417.000000, 1523.000000, 1418.000000, 1523.000000, 1437.000000, 1461.000000, 1436.000000,   small-vehicle,   160
3425.000000, 1261.000000, 3464.000000, 1262.000000, 3465.000000, 1301.000000, 3426.000000, 1300.000000,   small-vehicle,   161
1298.000000, 1396.000000, 1358.000000, 1397.000000, 1358.000000, 1415.000000, 1298.000000, 1414.000000,   small-vehicle,   162
3480.000000, 1343.000000, 3548.000000, 1343.000000, 3549.000000, 1363.000000, 3481.000000, 1362.000000,   small-vehicle,   163
1609.000000, 725.000000, 1668.000000, 726.000000, 1668.000000, 743.000000, 1609.000000, 742.000000,   small-vehicle,   164
108.000000, 783.000000, 168.000000, 783.000000, 167.000000, 802.000000, 108.000000, 802.000000,   small-vehicle,   165
3303.000000, 1478.000000, 3361.000000, 1479.000000, 3362.000000, 1496.000000, 3304.000000, 1495.000000,   small-vehicle,   166
932.000000, 1390.000000, 993.000000, 1391.000000, 993.000000, 1412.000000, 932.000000, 1411.000000,   small-vehicle,   167
3205.000000, 1340.000000, 3266.000000, 1340.000000, 3266.000000, 1358.000000, 3206.000000, 1357.000000,   small-vehicle,   168
960.000000, 1461.000000, 1023.000000, 1462.000000, 1023.000000, 1482.000000, 960.000000, 1481.000000,   small-vehicle,   169
3097.000000, 1361.000000, 3159.000000, 1362.000000, 3160.000000, 1381.000000, 3097.000000, 1381.000000,   small-vehicle,   170
940.000000, 1437.000000, 1010.000000, 1438.000000, 1009.000000, 1456.000000, 940.000000, 1455.000000,   small-vehicle,   171
3477.000000, 1369.000000, 3543.000000, 1369.000000, 3544.000000, 1391.000000, 3478.000000, 1390.000000,   small-vehicle,   172
2481.000000, 707.000000, 2543.000000, 707.000000, 2543.000000, 723.000000, 2481.000000, 723.000000,   small-vehicle,   173
1359.000000, 1435.000000, 1416.000000, 1436.000000, 1416.000000, 1456.000000, 1359.000000, 1455.000000,   small-vehicle,   175
1593.000000, 1310.000000, 1651.000000, 1311.000000, 1651.000000, 1328.000000, 1593.000000, 1327.000000,   small-vehicle,   177
1257.000000, 1461.000000, 1316.000000, 1462.000000, 1316.000000, 1482.000000, 1257.000000, 1482.000000,   small-vehicle,   179
2852.000000, 1333.000000, 2918.000000, 1334.000000, 2918.000000, 1355.000000, 2853.000000, 1354.000000,   small-vehicle,   182
1342.000000, 1464.000000, 1398.000000, 1465.000000, 1398.000000, 1481.000000, 1342.000000, 1481.000000,   small-vehicle,   186
1449.000000, 718.000000, 1508.000000, 719.000000, 1508.000000, 733.000000, 1449.000000, 733.000000,   small-vehicle,   189
1289.000000, 1417.000000, 1349.000000, 1418.000000, 1349.000000, 1436.000000, 1289.000000, 1435.000000,   small-vehicle,   190
3592.000000, 1370.000000, 3670.000000, 1371.000000, 3671.000000, 1393.000000, 3593.000000, 1392.000000,   small-vehicle,   193
3353.000000, 1313.000000, 3404.000000, 1314.000000, 3406.000000, 1348.000000, 3354.000000, 1348.000000,   small-vehicle,   196
1496.000000, 1461.000000, 1556.000000, 1462.000000, 1556.000000, 1480.000000, 1496.000000, 1479.000000,   small-vehicle,   198
2785.000000, 717.000000, 2859.000000, 718.000000, 2859.000000, 736.000000, 2786.000000, 735.000000,   small-vehicle,   202
1269.000000, 1438.000000, 1320.000000, 1439.000000, 1320.000000, 1455.000000, 1269.000000, 1455.000000,   small-vehicle,   203
2341.000000, 714.000000, 2401.000000, 714.000000, 2401.000000, 729.000000, 2341.000000, 728.000000,   small-vehicle,   212
117.000000, 1408.000000, 182.000000, 1408.000000, 182.000000, 1435.000000, 117.000000, 1435.000000,   small-vehicle,   213
1042.000000, 1464.000000, 1092.000000, 1464.000000, 1092.000000, 1482.000000, 1042.000000, 1481.000000,   small-vehicle,   214
872.000000, 1434.000000, 930.000000, 1435.000000, 930.000000, 1454.000000, 872.000000, 1454.000000,   small-vehicle,   217
1864.000000, 1051.000000, 1888.000000, 1051.000000, 1888.000000, 1079.000000, 1865.000000, 1078.000000,   small-vehicle,   223
2123.000000, 1209.000000, 2163.000000, 1209.000000, 2164.000000, 1265.000000, 2124.000000, 1264.000000,   large-vehicle,   230
1722.000000, 1435.000000, 1827.000000, 1436.000000, 1827.000000, 1471.000000, 1722.000000, 1470.000000,   large-vehicle,   231
1883.000000, 941.000000, 1926.000000, 941.000000, 1926.000000, 989.000000, 1883.000000, 989.000000,   large-vehicle,   232
624.000000, 1458.000000, 703.000000, 1459.000000, 703.000000, 1483.000000, 624.000000, 1482.000000,   large-vehicle,   236
830.000000, 1459.000000, 928.000000, 1460.000000, 928.000000, 1486.000000, 829.000000, 1485.000000,   large-vehicle,   237
2211.000000, 1388.000000, 2247.000000, 1388.000000, 2248.000000, 1437.000000, 2212.000000, 1436.000000,   large-vehicle,   239
1483.000000, 1437.000000, 1547.000000, 1437.000000, 1547.000000, 1459.000000, 1483.000000, 1459.000000,   large-vehicle,   240
2762.000000, 1337.000000, 2838.000000, 1337.000000, 2839.000000, 1354.000000, 2763.000000, 1353.000000,   large-vehicle,   242
495.000000, 1440.000000, 549.000000, 1440.000000, 549.000000, 1458.000000, 495.000000, 1457.000000,   small-vehicle,   317
3062.000000, 698.000000, 3121.000000, 699.000000, 3121.000000, 717.000000, 3062.000000, 717.000000,   small-vehicle,   330
3649.000000, 1398.000000, 3730.000000, 1399.000000, 3731.000000, 1424.000000, 3650.000000, 1423.000000,   small-vehicle,   334
986.000000, 1088.000000, 1045.000000, 1089.000000, 1045.000000, 1106.000000, 986.000000, 1106.000000,   small-vehicle,   337
3315.000000, 688.000000, 3389.000000, 689.000000, 3390.000000, 725.000000, 3316.000000, 724.000000,   large-vehicle,   345
1935.000000, 1037.000000, 1966.000000, 1038.000000, 1966.000000, 1076.000000, 1935.000000, 1076.000000,   small-vehicle,   353
1135.000000, 1092.000000, 1193.000000, 1093.000000, 1193.000000, 1112.000000, 1135.000000, 1111.000000,   small-vehicle,   360
732.000000, 1422.000000, 787.000000, 1422.000000, 787.000000, 1441.000000, 732.000000, 1440.000000,   small-vehicle,   383
3485.000000, 687.000000, 3551.000000, 688.000000, 3552.000000, 708.000000, 3485.000000, 707.000000,   small-vehicle,   385
2676.000000, 747.000000, 2739.000000, 747.000000, 2739.000000, 775.000000, 2677.000000, 775.000000,   small-vehicle,   386
1101.000000, 1404.000000, 1164.000000, 1404.000000, 1164.000000, 1422.000000, 1101.000000, 1421.000000,   small-vehicle,   409
2011.000000, 967.000000, 2038.000000, 968.000000, 2039.000000, 1010.000000, 2011.000000, 1010.000000,   small-vehicle,   421
2021.000000, 1054.000000, 2049.000000, 1054.000000, 2049.000000, 1091.000000, 2021.000000, 1091.000000,   small-vehicle,   431
1830.000000, 611.000000, 1857.000000, 611.000000, 1858.000000, 647.000000, 1831.000000, 647.000000,   small-vehicle,   432
1860.000000, 607.000000, 1889.000000, 607.000000, 1889.000000, 642.000000, 1860.000000, 642.000000,   small-vehicle,   433
1065.000000, 1090.000000, 1121.000000, 1091.000000, 1121.000000, 1107.000000, 1065.000000, 1106.000000,   small-vehicle,   438
2939.000000, 728.000000, 3005.000000, 729.000000, 3005.000000, 747.000000, 2940.000000, 746.000000,   small-vehicle,   445
1975.000000, 938.000000, 2001.000000, 939.000000, 2001.000000, 973.000000, 1975.000000, 972.000000,   small-vehicle,   457
3166.000000, 1379.000000, 3236.000000, 1379.000000, 3236.000000, 1400.000000, 3167.000000, 1399.000000,   small-vehicle,   462
1672.000000, 1452.000000, 1733.000000, 1453.000000, 1733.000000, 1479.000000, 1672.000000, 1478.000000,   small-vehicle,   463
2993.000000, 752.000000, 3059.000000, 753.000000, 3059.000000, 770.000000, 2993.000000, 770.000000,   small-vehicle,   465
2123.000000, 572.000000, 2151.000000, 572.000000, 2152.000000, 613.000000, 2124.000000, 613.000000,   small-vehicle,   484
201.000000, 825.000000, 270.000000, 826.000000, 270.000000, 835.000000, 201.000000, 834.000000,   large-vehicle,   498
1831.000000, 576.000000, 1856.000000, 577.000000, 1856.000000, 610.000000, 1831.000000, 609.000000,   small-vehicle,   506
34.000000, 778.000000, 85.000000, 778.000000, 84.000000, 794.000000, 34.000000, 793.000000,   small-vehicle,   511
1933.000000, 852.000000, 1961.000000, 853.000000, 1962.000000, 888.000000, 1933.000000, 887.000000,   small-vehicle,   531
2676.000000, 1342.000000, 2744.000000, 1343.000000, 2745.000000, 1365.000000, 2677.000000, 1365.000000,   large-vehicle,   553
2106.000000, 500.000000, 2130.000000, 501.000000, 2131.000000, 532.000000, 2107.000000, 532.000000,   small-vehicle,   564
2141.000000, 508.000000, 2169.000000, 508.000000, 2169.000000, 541.000000, 2141.000000, 541.000000,   small-vehicle,   568
437.000000, 1423.000000, 488.000000, 1424.000000, 488.000000, 1440.000000, 437.000000, 1439.000000,   small-vehicle,   569
1490.000000, 757.000000, 1547.000000, 758.000000, 1547.000000, 771.000000, 1490.000000, 771.000000,   small-vehicle,   575
3415.000000, 741.000000, 3485.000000, 742.000000, 3486.000000, 759.000000, 3416.000000, 758.000000,   small-vehicle,   577
3559.000000, 683.000000, 3627.000000, 684.000000, 3628.000000, 705.000000, 3559.000000, 704.000000,   small-vehicle,   578
2384.000000, 1392.000000, 2444.000000, 1392.000000, 2444.000000, 1409.000000, 2384.000000, 1409.000000,   small-vehicle,   583
2136.000000, 463.000000, 2163.000000, 463.000000, 2163.000000, 499.000000, 2136.000000, 499.000000,   small-vehicle,   590
1863.000000, 992.000000, 1904.000000, 992.000000, 1905.000000, 1030.000000, 1864.000000, 1030.000000,   small-vehicle,   591
1838.000000, 471.000000, 1871.000000, 472.000000, 1871.000000, 510.000000, 1838.000000, 510.000000,   small-vehicle,   593
2539.000000, 764.000000, 2596.000000, 765.000000, 2596.000000, 780.000000, 2539.000000, 780.000000,   small-vehicle,   614
963.000000, 1401.000000, 1017.000000, 1402.000000, 1017.000000, 1420.000000, 963.000000, 1419.000000,   small-vehicle,   615
2121.000000, 417.000000, 2148.000000, 418.000000, 2149.000000, 452.000000, 2121.000000, 452.000000,   small-vehicle,   632
1896.000000, 612.000000, 1926.000000, 612.000000, 1926.000000, 654.000000, 1896.000000, 654.000000,   small-vehicle,   635
2810.000000, 756.000000, 2874.000000, 756.000000, 2875.000000, 775.000000, 2811.000000, 774.000000,   small-vehicle,   636
3571.000000, 1369.000000, 3645.000000, 1370.000000, 3646.000000, 1392.000000, 3572.000000, 1391.000000,   small-vehicle,   637
1843.000000, 403.000000, 1870.000000, 403.000000, 1870.000000, 440.000000, 1843.000000, 440.000000,   small-vehicle,   638
1809.000000, 379.000000, 1836.000000, 379.000000, 1836.000000, 412.000000, 1809.000000, 412.000000,   small-vehicle,   660
314.000000, 1387.000000, 368.000000, 1388.000000, 368.000000, 1407.000000, 313.000000, 1406.000000,   small-vehicle,   661
1935.000000, 545.000000, 1962.000000, 545.000000, 1962.000000, 580.000000, 1935.000000, 580.000000,   small-vehicle,   663
2093.000000, 1126.000000, 2125.000000, 1127.000000, 2125.000000, 1166.000000, 2093.000000, 1165.000000,   small-vehicle,   664
1597.000000, 1458.000000, 1660.000000, 1458.000000, 1660.000000, 1477.000000, 1597.000000, 1476.000000,   small-vehicle,   665
2124.000000, 371.000000, 2151.000000, 371.000000, 2151.000000, 408.000000, 2124.000000, 407.000000,   small-vehicle,   666
2000.000000, 838.000000, 2027.000000, 839.000000, 2027.000000, 871.000000, 2000.000000, 870.000000,   small-vehicle,   667
422.000000, 379.000000, 479.000000, 380.000000, 479.000000, 398.000000, 422.000000, 397.000000,   small-vehicle,   668
77.000000, 1405.000000, 149.000000, 1406.000000, 149.000000, 1426.000000, 77.000000, 1425.000000,   small-vehicle,   672
195.000000, 1429.000000, 259.000000, 1429.000000, 259.000000, 1449.000000, 195.000000, 1448.000000,   large-vehicle,   676
3639.000000, 1473.000000, 3708.000000, 1474.000000, 3709.000000, 1492.000000, 3640.000000, 1491.000000,   small-vehicle,   686
1623.000000, 1337.000000, 1685.000000, 1338.000000, 1686.000000, 1360.000000, 1623.000000, 1360.000000,   large-vehicle,   693
2469.000000, 1387.000000, 2582.000000, 1388.000000, 2583.000000, 1413.000000, 2469.000000, 1412.000000,   large-vehicle,   697
1802.000000, 339.000000, 1830.000000, 339.000000, 1830.000000, 371.000000, 1802.000000, 371.000000,   small-vehicle,   704
1859.000000, 1411.000000, 1921.000000, 1412.000000, 1921.000000, 1430.000000, 1859.000000, 1429.000000,   small-vehicle,   706
600.000000, 812.000000, 660.000000, 813.000000, 660.000000, 840.000000, 599.000000, 839.000000,   small-vehicle,   708
2121.000000, 324.000000, 2147.000000, 324.000000, 2148.000000, 358.000000, 2122.000000, 358.000000,   small-vehicle,   718
2549.000000, 713.000000, 2613.000000, 713.000000, 2614.000000, 731.000000, 2549.000000, 730.000000,   large-vehicle,   727
2138.000000, 864.000000, 2169.000000, 864.000000, 2169.000000, 902.000000, 2138.000000, 902.000000,   small-vehicle,   729
2410.000000, 768.000000, 2464.000000, 768.000000, 2464.000000, 782.000000, 2410.000000, 782.000000,   small-vehicle,   736
1887.000000, 442.000000, 1920.000000, 443.000000, 1921.000000, 490.000000, 1887.000000, 490.000000,   large-vehicle,   744
77.000000, 1411.000000, 149.000000, 1412.000000, 149.000000, 1431.000000, 77.000000, 1430.000000,   small-vehicle,   755
2344.000000, 768.000000, 2401.000000, 769.000000, 2401.000000, 787.000000, 2344.000000, 786.000000,   small-vehicle,   756
189.000000, 1397.000000, 247.000000, 1398.000000, 246.000000, 1415.000000, 188.000000, 1414.000000,   small-vehicle,   759
2080.000000, 267.000000, 2111.000000, 267.000000, 2112.000000, 310.000000, 2081.000000, 309.000000,   small-vehicle,   761
1798.000000, 293.000000, 1827.000000, 294.000000, 1827.000000, 332.000000, 1798.000000, 332.000000,   small-vehicle,   762
2140.000000, 1325.000000, 2184.000000, 1326.000000, 2184.000000, 1373.000000, 2140.000000, 1372.000000,   small-vehicle,   763
1691.000000, 768.000000, 1742.000000, 769.000000, 1742.000000, 781.000000, 1691.000000, 780.000000,   small-vehicle,   765
3657.000000, 731.000000, 3724.000000, 732.000000, 3725.000000, 751.000000, 3658.000000, 750.000000,   small-vehicle,   767
501.000000, 375.000000, 588.000000, 376.000000, 588.000000, 395.000000, 501.000000, 394.000000,   large-vehicle,   772
1902.000000, 346.000000, 1930.000000, 347.000000, 1931.000000, 389.000000, 1903.000000, 389.000000,   small-vehicle,   784
2809.000000, 1371.000000, 2872.000000, 1371.000000, 2872.000000, 1392.000000, 2810.000000, 1391.000000,   small-vehicle,   785
1192.000000, 1427.000000, 1256.000000, 1428.000000, 1256.000000, 1447.000000, 1192.000000, 1446.000000,   small-vehicle,   786
3095.000000, 750.000000, 3153.000000, 751.000000, 3153.000000, 766.000000, 3096.000000, 765.000000,   small-vehicle,   789
1610.000000, 1388.000000, 1661.000000, 1389.000000, 1661.000000, 1404.000000, 1610.000000, 1403.000000,   small-vehicle,   790
3572.000000, 733.000000, 3643.000000, 734.000000, 3644.000000, 755.000000, 3573.000000, 754.000000,   small-vehicle,   792
2888.000000, 755.000000, 2958.000000, 756.000000, 2959.000000, 775.000000, 2888.000000, 774.000000,   large-vehicle,   801
2582.000000, 1342.000000, 2658.000000, 1343.000000, 2658.000000, 1363.000000, 2583.000000, 1362.000000,   large-vehicle,   802
1610.000000, 1381.000000, 1666.000000, 1381.000000, 1666.000000, 1398.000000, 1610.000000, 1398.000000,   large-vehicle,   804
1786.000000, 219.000000, 1817.000000, 219.000000, 1817.000000, 256.000000, 1786.000000, 255.000000,   small-vehicle,   813
3268.000000, 262.000000, 3291.000000, 263.000000, 3292.000000, 296.000000, 3269.000000, 296.000000,   small-vehicle,   815
1892.000000, 254.000000, 1921.000000, 254.000000, 1921.000000, 287.000000, 1892.000000, 287.000000,   small-vehicle,   816
2308.000000, 238.000000, 2358.000000, 239.000000, 2358.000000, 253.000000, 2309.000000, 253.000000,   small-vehicle,   818
2464.000000, 1449.000000, 2525.000000, 1450.000000, 2525.000000, 1468.000000, 2465.000000, 1468.000000,   small-vehicle,   820
2152.000000, 1061.000000, 2183.000000, 1061.000000, 2184.000000, 1103.000000, 2153.000000, 1103.000000,   small-vehicle,   821
3504.000000, 739.000000, 3567.000000, 740.000000, 3568.000000, 757.000000, 3504.000000, 756.000000,   small-vehicle,   823
2482.000000, 758.000000, 2534.000000, 758.000000, 2535.000000, 791.000000, 2483.000000, 791.000000,   small-vehicle,   824
1390.000000, 719.000000, 1441.000000, 719.000000, 1441.000000, 734.000000, 1390.000000, 733.000000,   small-vehicle,   827
2454.000000, 1439.000000, 2517.000000, 1440.000000, 2517.000000, 1461.000000, 2455.000000, 1460.000000,   large-vehicle,   831
1900.000000, 341.000000, 1927.000000, 342.000000, 1928.000000, 384.000000, 1901.000000, 384.000000,   large-vehicle,   832
2141.000000, 1322.000000, 2186.000000, 1323.000000, 2186.000000, 1373.000000, 2141.000000, 1372.000000,   large-vehicle,   833
2467.000000, 1352.000000, 2548.000000, 1353.000000, 2549.000000, 1377.000000, 2468.000000, 1377.000000,   large-vehicle,   836
2135.000000, 851.000000, 2167.000000, 852.000000, 2167.000000, 890.000000, 2135.000000, 889.000000,   large-vehicle,   838
2411.000000, 716.000000, 2467.000000, 716.000000, 2467.000000, 734.000000, 2411.000000, 733.000000,   small-vehicle,   839
1797.000000, 190.000000, 1819.000000, 190.000000, 1819.000000, 215.000000, 1797.000000, 215.000000,   small-vehicle,   840
2292.000000, 193.000000, 2346.000000, 194.000000, 2346.000000, 209.000000, 2293.000000, 208.000000,   small-vehicle,   841
1894.000000, 1040.000000, 1921.000000, 1040.000000, 1922.000000, 1081.000000, 1894.000000, 1081.000000,   small-vehicle,   843
2889.000000, 755.000000, 2959.000000, 756.000000, 2960.000000, 775.000000, 2889.000000, 774.000000,   small-vehicle,   844
2355.000000, 189.000000, 2414.000000, 190.000000, 2414.000000, 209.000000, 2355.000000, 208.000000,   small-vehicle,   845
1139.000000, 800.000000, 1191.000000, 801.000000, 1191.000000, 820.000000, 1139.000000, 820.000000,   small-vehicle,   846
1597.000000, 448.000000, 1653.000000, 449.000000, 1653.000000, 463.000000, 1597.000000, 462.000000,   small-vehicle,   847
3261.000000, 1380.000000, 3332.000000, 1381.000000, 3333.000000, 1401.000000, 3262.000000, 1400.000000,   small-vehicle,   848
478.000000, 1388.000000, 537.000000, 1389.000000, 537.000000, 1407.000000, 478.000000, 1406.000000,   small-vehicle,   849
195.000000, 1433.000000, 261.000000, 1434.000000, 261.000000, 1451.000000, 195.000000, 1451.000000,   small-vehicle,   850
2573.000000, 1363.000000, 2641.000000, 1364.000000, 2642.000000, 1384.000000, 2573.000000, 1383.000000,   small-vehicle,   851
499.000000, 381.000000, 586.000000, 382.000000, 586.000000, 400.000000, 499.000000, 399.000000,   small-vehicle,   852
3156.000000, 748.000000, 3221.000000, 749.000000, 3221.000000, 764.000000, 3156.000000, 764.000000,   small-vehicle,   853
2184.000000, 317.000000, 2199.000000, 317.000000, 2199.000000, 331.000000, 2184.000000, 331.000000,   small-vehicle,   854
1244.000000, 1188.000000, 1261.000000, 1188.000000, 1261.000000, 1206.000000, 1244.000000, 1206.000000,   small-vehicle,   855
1942.000000, 708.000000, 1982.000000, 708.000000, 1983.000000, 762.000000, 1943.000000, 761.000000,   large-vehicle,   856
2149.000000, 1060.000000, 2183.000000, 1060.000000, 2184.000000, 1100.000000, 2150.000000, 1099.000000,   large-vehicle,   857
2574.000000, 1367.000000, 2641.000000, 1367.000000, 2642.000000, 1388.000000, 2575.000000, 1387.000000,   large-vehicle,   858
1195.000000, 1431.000000, 1258.000000, 1432.000000, 1258.000000, 1451.000000, 1195.000000, 1450.000000,   large-vehicle,   859
1901.000000, 348.000000, 1930.000000, 348.000000, 1931.000000, 388.000000, 1902.000000, 388.000000,   large-vehicle,   860
500.000000, 385.000000, 587.000000, 386.000000, 587.000000, 405.000000, 500.000000, 403.000000,   large-vehicle,   861
2135.000000, 864.000000, 2168.000000, 864.000000, 2168.000000, 903.000000, 2135.000000, 903.000000,   large-vehicle,   862
2139.000000, 1325.000000, 2184.000000, 1325.000000, 2184.000000, 1373.000000, 2140.000000, 1373.000000,   large-vehicle,   863
2341.000000, 788.000000, 2413.000000, 788.000000, 2413.000000, 800.000000, 2341.000000, 799.000000,   large-vehicle,   864
79.000000, 1410.000000, 149.000000, 1411.000000, 149.000000, 1431.000000, 79.000000, 1430.000000,   large-vehicle,   865
2635.000000, 710.000000, 2689.000000, 711.000000, 2689.000000, 728.000000, 2635.000000, 727.000000,   large-vehicle,   866
1891.000000, 164.000000, 1920.000000, 164.000000, 1920.000000, 201.000000, 1891.000000, 201.000000,   small-vehicle,   867
1189.000000, 1432.000000, 1253.000000, 1432.000000, 1253.000000, 1451.000000, 1189.000000, 1450.000000,   small-vehicle,   868
2555.000000, 713.000000, 2613.000000, 714.000000, 2614.000000, 732.000000, 2555.000000, 732.000000,   small-vehicle,   869
2627.000000, 183.000000, 2690.000000, 184.000000, 2690.000000, 200.000000, 2628.000000, 199.000000,   small-vehicle,   870
500.000000, 385.000000, 591.000000, 386.000000, 591.000000, 405.000000, 500.000000, 403.000000,   small-vehicle,   871
2572.000000, 1367.000000, 2642.000000, 1367.000000, 2643.000000, 1389.000000, 2573.000000, 1388.000000,   small-vehicle,   872
1207.000000, 795.000000, 1258.000000, 796.000000, 1258.000000, 813.000000, 1207.000000, 813.000000,   small-vehicle,   873
2582.000000, 1343.000000, 2639.000000, 1344.000000, 2639.000000, 1360.000000, 2583.000000, 1360.000000,   small-vehicle,   874
2763.000000, 173.000000, 2825.000000, 174.000000, 2826.000000, 193.000000, 2764.000000, 192.000000,   small-vehicle,   875
1425.000000, 760.000000, 1479.000000, 761.000000, 1479.000000, 779.000000, 1425.000000, 778.000000,   small-vehicle,   876
2979.000000, 702.000000, 3041.000000, 703.000000, 3041.000000, 721.000000, 2980.000000, 720.000000,   small-vehicle,   877
3277.000000, 197.000000, 3320.000000, 197.000000, 3320.000000, 211.000000, 3278.000000, 210.000000,   small-vehicle,   878
2557.000000, 182.000000, 2606.000000, 183.000000, 2607.000000, 196.000000, 2557.000000, 196.000000,   small-vehicle,   879
2494.000000, 186.000000, 2551.000000, 187.000000, 2551.000000, 206.000000, 2495.000000, 205.000000,   small-vehicle,   880
194.000000, 1433.000000, 260.000000, 1434.000000, 260.000000, 1452.000000, 194.000000, 1451.000000,   large-vehicle,   881
2152.000000, 1236.000000, 2166.000000, 1236.000000, 2167.000000, 1271.000000, 2153.000000, 1271.000000,   large-vehicle,   882
2151.000000, 1064.000000, 2184.000000, 1064.000000, 2185.000000, 1103.000000, 2152.000000, 1102.000000,   large-vehicle,   883
