2133.000000, 300.000000, 2192.000000, 300.000000, 2192.000000, 318.000000, 2133.000000, 318.000000,   small-vehicle,   66
1899.000000, 741.000000, 1928.000000, 741.000000, 1928.000000, 772.000000, 1899.000000, 772.000000,   small-vehicle,   120
2068.000000, 399.000000, 2094.000000, 399.000000, 2094.000000, 435.000000, 2068.000000, 435.000000,   small-vehicle,   148
2033.000000, 185.000000, 2067.000000, 185.000000, 2067.000000, 239.000000, 2033.000000, 239.000000,   large-vehicle,   230
1870.000000, 684.000000, 1897.000000, 684.000000, 1897.000000, 721.000000, 1870.000000, 721.000000,   small-vehicle,   432
1899.000000, 681.000000, 1928.000000, 681.000000, 1928.000000, 716.000000, 1899.000000, 716.000000,   small-vehicle,   433
2150.000000, 570.000000, 2174.000000, 570.000000, 2174.000000, 606.000000, 2150.000000, 606.000000,   small-vehicle,   564
2185.000000, 578.000000, 2215.000000, 578.000000, 2215.000000, 615.000000, 2185.000000, 615.000000,   small-vehicle,   568
1880.000000, 545.000000, 1911.000000, 545.000000, 1911.000000, 584.000000, 1880.000000, 584.000000,   small-vehicle,   593
2165.000000, 488.000000, 2194.000000, 488.000000, 2194.000000, 526.000000, 2165.000000, 526.000000,   small-vehicle,   632
1849.000000, 452.000000, 1878.000000, 452.000000, 1878.000000, 487.000000, 1849.000000, 487.000000,   small-vehicle,   660
2110.000000, 975.000000, 2137.000000, 975.000000, 2137.000000, 1011.000000, 2110.000000, 1011.000000,   small-vehicle,   664
2170.000000, 443.000000, 2196.000000, 443.000000, 2196.000000, 477.000000, 2170.000000, 477.000000,   small-vehicle,   666
1845.000000, 413.000000, 1871.000000, 413.000000, 1871.000000, 445.000000, 1845.000000, 445.000000,   small-vehicle,   704
2167.000000, 393.000000, 2195.000000, 393.000000, 2195.000000, 432.000000, 2167.000000, 432.000000,   small-vehicle,   718
2125.000000, 338.000000, 2159.000000, 338.000000, 2159.000000, 381.000000, 2125.000000, 381.000000,   small-vehicle,   761
1841.000000, 369.000000, 1869.000000, 369.000000, 1869.000000, 406.000000, 1841.000000, 406.000000,   small-vehicle,   762
1828.000000, 291.000000, 1860.000000, 291.000000, 1860.000000, 330.000000, 1828.000000, 330.000000,   small-vehicle,   813
3336.000000, 323.000000, 3363.000000, 323.000000, 3363.000000, 358.000000, 3336.000000, 358.000000,   small-vehicle,   815
2359.000000, 308.000000, 2412.000000, 308.000000, 2412.000000, 326.000000, 2359.000000, 326.000000,   small-vehicle,   818
1840.000000, 264.000000, 1863.000000, 264.000000, 1863.000000, 290.000000, 1840.000000, 290.000000,   small-vehicle,   840
2343.000000, 263.000000, 2400.000000, 263.000000, 2400.000000, 279.000000, 2343.000000, 279.000000,   small-vehicle,   841
2410.000000, 259.000000, 2466.000000, 259.000000, 2466.000000, 276.000000, 2410.000000, 276.000000,   small-vehicle,   845
1949.000000, 369.000000, 1978.000000, 369.000000, 1978.000000, 406.000000, 1949.000000, 406.000000,   small-vehicle,   867
2696.000000, 252.000000, 2738.000000, 252.000000, 2738.000000, 262.000000, 2696.000000, 262.000000,   small-vehicle,   870
1818.000000, 239.000000, 1837.000000, 239.000000, 1837.000000, 261.000000, 1818.000000, 261.000000,   small-vehicle,   885
3416.000000, 211.000000, 3463.000000, 211.000000, 3463.000000, 227.000000, 3416.000000, 227.000000,   small-vehicle,   886
1821.000000, 198.000000, 1845.000000, 198.000000, 1845.000000, 232.000000, 1821.000000, 232.000000,   small-vehicle,   892
3157.000000, 227.000000, 3213.000000, 227.000000, 3213.000000, 241.000000, 3157.000000, 241.000000,   small-vehicle,   893
3348.000000, 212.000000, 3409.000000, 212.000000, 3409.000000, 229.000000, 3348.000000, 229.000000,   small-vehicle,   894
3535.000000, 205.000000, 3584.000000, 205.000000, 3584.000000, 217.000000, 3535.000000, 217.000000,   small-vehicle,   897
2759.000000, 244.000000, 2815.000000, 244.000000, 2815.000000, 257.000000, 2759.000000, 257.000000,   small-vehicle,   904
2139.000000, 149.000000, 2172.000000, 149.000000, 2172.000000, 191.000000, 2139.000000, 191.000000,   small-vehicle,   917
2116.000000, 176.000000, 2151.000000, 176.000000, 2151.000000, 212.000000, 2116.000000, 212.000000,   small-vehicle,   921
1908.000000, 339.000000, 1936.000000, 339.000000, 1936.000000, 371.000000, 1908.000000, 371.000000,   small-vehicle,   930
2135.000000, 103.000000, 2166.000000, 103.000000, 2166.000000, 143.000000, 2135.000000, 143.000000,   small-vehicle,   944
1814.000000, 118.000000, 1842.000000, 118.000000, 1842.000000, 153.000000, 1814.000000, 153.000000,   small-vehicle,   949
3069.000000, 276.000000, 3123.000000, 276.000000, 3123.000000, 290.000000, 3069.000000, 290.000000,   small-vehicle,   962
947.000000, 102.000000, 999.000000, 102.000000, 999.000000, 120.000000, 947.000000, 120.000000,   small-vehicle,   964
746.000000, 109.000000, 807.000000, 109.000000, 807.000000, 126.000000, 746.000000, 126.000000,   small-vehicle,   966
3519.000000, 249.000000, 3573.000000, 249.000000, 3573.000000, 266.000000, 3519.000000, 266.000000,   small-vehicle,   969
1117.000000, 100.000000, 1146.000000, 100.000000, 1146.000000, 129.000000, 1117.000000, 129.000000,   small-vehicle,   971
1503.000000, 527.000000, 1561.000000, 527.000000, 1561.000000, 540.000000, 1503.000000, 540.000000,   small-vehicle,   973
1115.000000, 226.000000, 1152.000000, 226.000000, 1152.000000, 242.000000, 1115.000000, 242.000000,   small-vehicle,   975
1929.000000, 199.000000, 1959.000000, 199.000000, 1959.000000, 235.000000, 1929.000000, 235.000000,   small-vehicle,   980
1809.000000, 79.000000, 1835.000000, 79.000000, 1835.000000, 113.000000, 1809.000000, 113.000000,   small-vehicle,   981
2099.000000, 84.000000, 2130.000000, 84.000000, 2130.000000, 119.000000, 2099.000000, 119.000000,   small-vehicle,   986
874.000000, 104.000000, 935.000000, 104.000000, 935.000000, 123.000000, 874.000000, 123.000000,   small-vehicle,   987
1023.000000, 101.000000, 1080.000000, 101.000000, 1080.000000, 117.000000, 1023.000000, 117.000000,   small-vehicle,   989
651.000000, 62.000000, 713.000000, 62.000000, 713.000000, 81.000000, 651.000000, 81.000000,   small-vehicle,   990
2519.000000, 299.000000, 2572.000000, 299.000000, 2572.000000, 315.000000, 2519.000000, 315.000000,   small-vehicle,   994
25.000000, 101.000000, 82.000000, 101.000000, 82.000000, 113.000000, 25.000000, 113.000000,   small-vehicle,   995
1834.000000, 34.000000, 1863.000000, 34.000000, 1863.000000, 68.000000, 1834.000000, 68.000000,   small-vehicle,   996
277.000000, 84.000000, 334.000000, 84.000000, 334.000000, 99.000000, 277.000000, 99.000000,   small-vehicle,   997
1808.000000, 44.000000, 1832.000000, 44.000000, 1832.000000, 75.000000, 1808.000000, 75.000000,   small-vehicle,   998
2133.000000, 61.000000, 2163.000000, 61.000000, 2163.000000, 98.000000, 2133.000000, 98.000000,   small-vehicle,   1001
343.000000, 84.000000, 396.000000, 84.000000, 396.000000, 95.000000, 343.000000, 95.000000,   small-vehicle,   1008
1009.000000, 51.000000, 1077.000000, 51.000000, 1077.000000, 69.000000, 1009.000000, 69.000000,   small-vehicle,   1009
1891.000000, 230.000000, 1922.000000, 230.000000, 1922.000000, 273.000000, 1891.000000, 273.000000,   small-vehicle,   1010
851.000000, 55.000000, 914.000000, 55.000000, 914.000000, 74.000000, 851.000000, 74.000000,   small-vehicle,   1012
565.000000, 62.000000, 607.000000, 62.000000, 607.000000, 78.000000, 565.000000, 78.000000,   small-vehicle,   1013
928.000000, 52.000000, 984.000000, 52.000000, 984.000000, 70.000000, 928.000000, 70.000000,   small-vehicle,   1014
2133.000000, 26.000000, 2155.000000, 26.000000, 2155.000000, 49.000000, 2133.000000, 49.000000,   small-vehicle,   1017
1886.000000, 74.000000, 1919.000000, 74.000000, 1919.000000, 106.000000, 1886.000000, 106.000000,   small-vehicle,   1032
2520.000000, 20.000000, 2548.000000, 20.000000, 2548.000000, 53.000000, 2520.000000, 53.000000,   small-vehicle,   1033
2475.000000, 311.000000, 2516.000000, 311.000000, 2516.000000, 344.000000, 2475.000000, 344.000000,   small-vehicle,   1038
1806.000000, -4.000000, 1831.000000, -4.000000, 1831.000000, 30.000000, 1806.000000, 30.000000,   small-vehicle,   1039
706.000000, 524.000000, 770.000000, 524.000000, 770.000000, 540.000000, 706.000000, 540.000000,   small-vehicle,   1042
1868.000000, 649.000000, 1892.000000, 649.000000, 1892.000000, 680.000000, 1868.000000, 680.000000,   small-vehicle,   1052
2092.000000, -30.000000, 2118.000000, -30.000000, 2118.000000, 1.000000, 2092.000000, 1.000000,   small-vehicle,   1056
3345.000000, 380.000000, 3374.000000, 380.000000, 3374.000000, 412.000000, 3345.000000, 412.000000,   small-vehicle,   1069
3008.000000, 277.000000, 3060.000000, 277.000000, 3060.000000, 300.000000, 3008.000000, 300.000000,   small-vehicle,   1071
423.000000, -27.000000, 455.000000, -27.000000, 455.000000, 3.000000, 423.000000, 3.000000,   small-vehicle,   1076
2064.000000, 129.000000, 2099.000000, 129.000000, 2099.000000, 176.000000, 2064.000000, 176.000000,   large-vehicle,   1078
1799.000000, -55.000000, 1826.000000, -55.000000, 1826.000000, -20.000000, 1799.000000, -20.000000,   small-vehicle,   1079
2120.000000, -74.000000, 2145.000000, -74.000000, 2145.000000, -43.000000, 2120.000000, -43.000000,   small-vehicle,   1086
2640.000000, 12.000000, 2672.000000, 12.000000, 2672.000000, 51.000000, 2640.000000, 51.000000,   small-vehicle,   1088
1118.000000, -51.000000, 1144.000000, -51.000000, 1144.000000, -19.000000, 1118.000000, -19.000000,   small-vehicle,   1092
1640.000000, 123.000000, 1691.000000, 123.000000, 1691.000000, 136.000000, 1640.000000, 136.000000,   small-vehicle,   1099
1118.000000, -89.000000, 1141.000000, -89.000000, 1141.000000, -62.000000, 1118.000000, -62.000000,   small-vehicle,   1104
2115.000000, -112.000000, 2142.000000, -112.000000, 2142.000000, -83.000000, 2115.000000, -83.000000,   small-vehicle,   1113
1794.000000, -105.000000, 1822.000000, -105.000000, 1822.000000, -71.000000, 1794.000000, -71.000000,   small-vehicle,   1115
1080.000000, -105.000000, 1124.000000, -105.000000, 1124.000000, -90.000000, 1080.000000, -90.000000,   small-vehicle,   1116
720.000000, -103.000000, 775.000000, -103.000000, 775.000000, -86.000000, 720.000000, -86.000000,   small-vehicle,   1121
3354.000000, 471.000000, 3382.000000, 471.000000, 3382.000000, 507.000000, 3354.000000, 507.000000,   small-vehicle,   1122
994.000000, -106.000000, 1045.000000, -106.000000, 1045.000000, -90.000000, 994.000000, -90.000000,   small-vehicle,   1135
653.000000, -145.000000, 709.000000, -145.000000, 709.000000, -129.000000, 653.000000, -129.000000,   small-vehicle,   1139
1786.000000, -154.000000, 1817.000000, -154.000000, 1817.000000, -122.000000, 1786.000000, -122.000000,   small-vehicle,   1140
1819.000000, -170.000000, 1864.000000, -170.000000, 1864.000000, -95.000000, 1819.000000, -95.000000,   large-vehicle,   1141
2083.000000, -143.000000, 2109.000000, -143.000000, 2109.000000, -112.000000, 2083.000000, -112.000000,   small-vehicle,   1142
828.000000, -108.000000, 877.000000, -108.000000, 877.000000, -91.000000, 828.000000, -91.000000,   small-vehicle,   1144
2697.000000, 291.000000, 2756.000000, 291.000000, 2756.000000, 310.000000, 2697.000000, 310.000000,   small-vehicle,   1151
1038.000000, -150.000000, 1104.000000, -150.000000, 1104.000000, -133.000000, 1038.000000, -133.000000,   small-vehicle,   1155
504.000000, -140.000000, 552.000000, -140.000000, 552.000000, -126.000000, 504.000000, -126.000000,   small-vehicle,   1156
562.000000, -142.000000, 615.000000, -142.000000, 615.000000, -126.000000, 562.000000, -126.000000,   small-vehicle,   1157
869.000000, -150.000000, 925.000000, -150.000000, 925.000000, -133.000000, 869.000000, -133.000000,   small-vehicle,   1159
2918.000000, 286.000000, 2975.000000, 286.000000, 2975.000000, 303.000000, 2918.000000, 303.000000,   small-vehicle,   1164
1785.000000, -196.000000, 1815.000000, -196.000000, 1815.000000, -162.000000, 1785.000000, -162.000000,   small-vehicle,   1168
190.000000, 535.000000, 242.000000, 535.000000, 242.000000, 550.000000, 190.000000, 550.000000,   small-vehicle,   1171
2078.000000, -198.000000, 2108.000000, -198.000000, 2108.000000, -161.000000, 2078.000000, -161.000000,   small-vehicle,   1175
1317.000000, 540.000000, 1370.000000, 540.000000, 1370.000000, 554.000000, 1317.000000, 554.000000,   small-vehicle,   1176
251.000000, 535.000000, 307.000000, 535.000000, 307.000000, 552.000000, 251.000000, 552.000000,   small-vehicle,   1177
1125.000000, -183.000000, 1148.000000, -183.000000, 1148.000000, -155.000000, 1125.000000, -155.000000,   small-vehicle,   1179
3351.000000, 267.000000, 3407.000000, 267.000000, 3407.000000, 284.000000, 3351.000000, 284.000000,   small-vehicle,   1182
1781.000000, -248.000000, 1809.000000, -248.000000, 1809.000000, -208.000000, 1781.000000, -208.000000,   small-vehicle,   1183
1926.000000, 586.000000, 1959.000000, 586.000000, 1959.000000, 620.000000, 1926.000000, 620.000000,   small-vehicle,   1191
2839.000000, 287.000000, 2901.000000, 287.000000, 2901.000000, 306.000000, 2839.000000, 306.000000,   small-vehicle,   1192
2629.000000, 292.000000, 2680.000000, 292.000000, 2680.000000, 310.000000, 2629.000000, 310.000000,   small-vehicle,   1195
406.000000, -242.000000, 436.000000, -242.000000, 436.000000, -206.000000, 406.000000, -206.000000,   small-vehicle,   1202
1807.000000, -259.000000, 1838.000000, -259.000000, 1838.000000, -222.000000, 1807.000000, -222.000000,   small-vehicle,   1205
1779.000000, -297.000000, 1810.000000, -297.000000, 1810.000000, -260.000000, 1779.000000, -260.000000,   small-vehicle,   1211
2509.000000, -283.000000, 2560.000000, -283.000000, 2560.000000, -269.000000, 2509.000000, -269.000000,   small-vehicle,   1212
2297.000000, -274.000000, 2366.000000, -274.000000, 2366.000000, -255.000000, 2297.000000, -255.000000,   small-vehicle,   1214
2239.000000, -270.000000, 2292.000000, -270.000000, 2292.000000, -253.000000, 2239.000000, -253.000000,   small-vehicle,   1216
2442.000000, -280.000000, 2493.000000, -280.000000, 2493.000000, -265.000000, 2442.000000, -265.000000,   small-vehicle,   1217
3361.000000, 513.000000, 3390.000000, 513.000000, 3390.000000, 547.000000, 3361.000000, 547.000000,   small-vehicle,   1218
2068.000000, -298.000000, 2097.000000, -298.000000, 2097.000000, -264.000000, 2068.000000, -264.000000,   small-vehicle,   1232
1782.000000, -340.000000, 1812.000000, -340.000000, 1812.000000, -307.000000, 1782.000000, -307.000000,   small-vehicle,   1236
1890.000000, 0.000000, 1920.000000, 0.000000, 1920.000000, 37.000000, 1890.000000, 37.000000,   small-vehicle,   1241
1614.000000, 137.000000, 1683.000000, 137.000000, 1683.000000, 160.000000, 1614.000000, 160.000000,   large-vehicle,   1242
1763.000000, -334.000000, 1787.000000, -334.000000, 1787.000000, -301.000000, 1763.000000, -301.000000,   small-vehicle,   1245
3266.000000, -324.000000, 3327.000000, -324.000000, 3327.000000, -307.000000, 3266.000000, -307.000000,   small-vehicle,   1248
3340.000000, -328.000000, 3411.000000, -328.000000, 3411.000000, -310.000000, 3340.000000, -310.000000,   small-vehicle,   1249
1112.000000, -344.000000, 1140.000000, -344.000000, 1140.000000, -308.000000, 1112.000000, -308.000000,   small-vehicle,   1250
3488.000000, -336.000000, 3558.000000, -336.000000, 3558.000000, -317.000000, 3488.000000, -317.000000,   small-vehicle,   1251
1767.000000, -383.000000, 1798.000000, -383.000000, 1798.000000, -346.000000, 1767.000000, -346.000000,   small-vehicle,   1254
2065.000000, -402.000000, 2103.000000, -402.000000, 2103.000000, -362.000000, 2065.000000, -362.000000,   small-vehicle,   1257
2088.000000, -356.000000, 2123.000000, -356.000000, 2123.000000, -315.000000, 2088.000000, -315.000000,   small-vehicle,   1258
3573.000000, -340.000000, 3642.000000, -340.000000, 3642.000000, -318.000000, 3573.000000, -318.000000,   small-vehicle,   1260
1046.000000, 527.000000, 1114.000000, 527.000000, 1114.000000, 543.000000, 1046.000000, 543.000000,   small-vehicle,   1265
205.000000, 151.000000, 270.000000, 151.000000, 270.000000, 167.000000, 205.000000, 167.000000,   small-vehicle,   1271
1108.000000, -406.000000, 1137.000000, -406.000000, 1137.000000, -371.000000, 1108.000000, -371.000000,   small-vehicle,   1273
2049.000000, -454.000000, 2074.000000, -454.000000, 2074.000000, -420.000000, 2049.000000, -420.000000,   small-vehicle,   1277
1048.000000, 538.000000, 1112.000000, 538.000000, 1112.000000, 552.000000, 1048.000000, 552.000000,   large-vehicle,   1278
1763.000000, -431.000000, 1792.000000, -431.000000, 1792.000000, -393.000000, 1763.000000, -393.000000,   small-vehicle,   1282
927.000000, -105.000000, 982.000000, -105.000000, 982.000000, -88.000000, 927.000000, -88.000000,   small-vehicle,   1284
2165.000000, 641.000000, 2194.000000, 641.000000, 2194.000000, 686.000000, 2165.000000, 686.000000,   small-vehicle,   1285
2228.000000, 365.000000, 2247.000000, 365.000000, 2247.000000, 383.000000, 2228.000000, 383.000000,   small-vehicle,   1286
2102.000000, 493.000000, 2135.000000, 493.000000, 2135.000000, 538.000000, 2102.000000, 538.000000,   small-vehicle,   1290
1758.000000, -479.000000, 1789.000000, -479.000000, 1789.000000, -443.000000, 1758.000000, -443.000000,   small-vehicle,   1292
1102.000000, -451.000000, 1124.000000, -451.000000, 1124.000000, -430.000000, 1102.000000, -430.000000,   small-vehicle,   1293
538.000000, 138.000000, 595.000000, 138.000000, 595.000000, 154.000000, 538.000000, 154.000000,   small-vehicle,   1294
677.000000, 132.000000, 730.000000, 132.000000, 730.000000, 148.000000, 677.000000, 148.000000,   small-vehicle,   1295
2079.000000, -482.000000, 2106.000000, -482.000000, 2106.000000, -445.000000, 2079.000000, -445.000000,   small-vehicle,   1298
1849.000000, -434.000000, 1878.000000, -434.000000, 1878.000000, -390.000000, 1849.000000, -390.000000,   small-vehicle,   1302
2261.000000, -228.000000, 2320.000000, -228.000000, 2320.000000, -216.000000, 2261.000000, -216.000000,   small-vehicle,   1303
2181.000000, 533.000000, 2208.000000, 533.000000, 2208.000000, 570.000000, 2181.000000, 570.000000,   small-vehicle,   1304
-68.000000, 117.000000, -28.000000, 117.000000, -28.000000, 132.000000, -68.000000, 132.000000,   small-vehicle,   1305
2270.000000, 24.000000, 2291.000000, 24.000000, 2291.000000, 53.000000, 2270.000000, 53.000000,   small-vehicle,   1306
643.000000, -105.000000, 657.000000, -105.000000, 657.000000, -89.000000, 643.000000, -89.000000,   small-vehicle,   1307
2179.000000, 529.000000, 2206.000000, 529.000000, 2206.000000, 567.000000, 2179.000000, 567.000000,   large-vehicle,   1308
1755.000000, -523.000000, 1784.000000, -523.000000, 1784.000000, -487.000000, 1755.000000, -487.000000,   small-vehicle,   1309
1097.000000, -527.000000, 1121.000000, -527.000000, 1121.000000, -495.000000, 1097.000000, -495.000000,   small-vehicle,   1312
