1848.000000, 853.000000, 1876.000000, 854.000000, 1876.000000, 888.000000, 1848.000000, 888.000000,   small-vehicle,   0
2175.000000, 893.000000, 2204.000000, 894.000000, 2205.000000, 930.000000, 2176.000000, 930.000000,   small-vehicle,   1
1854.000000, 898.000000, 1879.000000, 898.000000, 1879.000000, 930.000000, 1855.000000, 930.000000,   small-vehicle,   2
2035.000000, 1174.000000, 2062.000000, 1175.000000, 2063.000000, 1206.000000, 2035.000000, 1205.000000,   small-vehicle,   3
1865.000000, 705.000000, 1890.000000, 706.000000, 1890.000000, 738.000000, 1866.000000, 738.000000,   small-vehicle,   4
2187.000000, 1078.000000, 2216.000000, 1078.000000, 2217.000000, 1114.000000, 2187.000000, 1113.000000,   small-vehicle,   5
1234.000000, 1241.000000, 1262.000000, 1241.000000, 1262.000000, 1276.000000, 1234.000000, 1276.000000,   small-vehicle,   6
1531.000000, 1391.000000, 1584.000000, 1392.000000, 1584.000000, 1408.000000, 1531.000000, 1407.000000,   small-vehicle,   7
2162.000000, 992.000000, 2191.000000, 993.000000, 2191.000000, 1028.000000, 2163.000000, 1028.000000,   small-vehicle,   8
3187.000000, 1315.000000, 3245.000000, 1316.000000, 3246.000000, 1331.000000, 3187.000000, 1330.000000,   small-vehicle,   9
1060.000000, 1309.000000, 1111.000000, 1310.000000, 1111.000000, 1327.000000, 1060.000000, 1327.000000,   small-vehicle,   10
430.000000, 1308.000000, 488.000000, 1308.000000, 488.000000, 1325.000000, 430.000000, 1324.000000,   small-vehicle,   11
1259.000000, 886.000000, 1286.000000, 886.000000, 1286.000000, 924.000000, 1258.000000, 923.000000,   small-vehicle,   12
2658.000000, 1366.000000, 2711.000000, 1366.000000, 2711.000000, 1381.000000, 2658.000000, 1381.000000,   small-vehicle,   14
2054.000000, 1513.000000, 2086.000000, 1514.000000, 2087.000000, 1551.000000, 2055.000000, 1550.000000,   small-vehicle,   15
1156.000000, 1308.000000, 1209.000000, 1309.000000, 1209.000000, 1325.000000, 1156.000000, 1324.000000,   small-vehicle,   16
2169.000000, 848.000000, 2200.000000, 849.000000, 2201.000000, 889.000000, 2170.000000, 889.000000,   small-vehicle,   17
1643.000000, 1349.000000, 1694.000000, 1350.000000, 1694.000000, 1366.000000, 1643.000000, 1366.000000,   small-vehicle,   18
2140.000000, 944.000000, 2197.000000, 945.000000, 2197.000000, 983.000000, 2141.000000, 982.000000,   small-vehicle,   19
1981.000000, 1114.000000, 2019.000000, 1115.000000, 2019.000000, 1151.000000, 1981.000000, 1151.000000,   small-vehicle,   20
1875.000000, 807.000000, 1905.000000, 807.000000, 1905.000000, 842.000000, 1876.000000, 841.000000,   small-vehicle,   21
1645.000000, 1442.000000, 1706.000000, 1443.000000, 1706.000000, 1459.000000, 1645.000000, 1458.000000,   small-vehicle,   22
2469.000000, 1471.000000, 2525.000000, 1472.000000, 2525.000000, 1486.000000, 2469.000000, 1486.000000,   small-vehicle,   23
2091.000000, 1638.000000, 2123.000000, 1639.000000, 2123.000000, 1678.000000, 2092.000000, 1677.000000,   small-vehicle,   24
131.000000, 1307.000000, 189.000000, 1307.000000, 189.000000, 1323.000000, 131.000000, 1322.000000,   small-vehicle,   25
2197.000000, 1129.000000, 2224.000000, 1129.000000, 2225.000000, 1163.000000, 2197.000000, 1163.000000,   small-vehicle,   26
798.000000, 1307.000000, 853.000000, 1308.000000, 853.000000, 1326.000000, 798.000000, 1325.000000,   small-vehicle,   27
2240.000000, 1563.000000, 2279.000000, 1564.000000, 2280.000000, 1608.000000, 2241.000000, 1608.000000,   small-vehicle,   29
2540.000000, 1669.000000, 2604.000000, 1670.000000, 2604.000000, 1688.000000, 2540.000000, 1687.000000,   small-vehicle,   30
2177.000000, 1032.000000, 2211.000000, 1032.000000, 2212.000000, 1070.000000, 2178.000000, 1070.000000,   small-vehicle,   32
1916.000000, 1209.000000, 1975.000000, 1210.000000, 1975.000000, 1238.000000, 1916.000000, 1237.000000,   small-vehicle,   33
2734.000000, 1361.000000, 2794.000000, 1362.000000, 2794.000000, 1378.000000, 2734.000000, 1377.000000,   small-vehicle,   34
2199.000000, 1187.000000, 2229.000000, 1187.000000, 2230.000000, 1230.000000, 2200.000000, 1230.000000,   small-vehicle,   35
1927.000000, 908.000000, 1955.000000, 908.000000, 1955.000000, 944.000000, 1927.000000, 944.000000,   small-vehicle,   36
2976.000000, 1362.000000, 3039.000000, 1363.000000, 3039.000000, 1379.000000, 2977.000000, 1378.000000,   small-vehicle,   38
2162.000000, 1114.000000, 2189.000000, 1114.000000, 2190.000000, 1152.000000, 2163.000000, 1152.000000,   small-vehicle,   40
1274.000000, 697.000000, 1306.000000, 698.000000, 1306.000000, 729.000000, 1274.000000, 729.000000,   small-vehicle,   41
2624.000000, 1313.000000, 2674.000000, 1314.000000, 2674.000000, 1330.000000, 2624.000000, 1329.000000,   small-vehicle,   42
1257.000000, 844.000000, 1281.000000, 845.000000, 1281.000000, 875.000000, 1257.000000, 875.000000,   small-vehicle,   43
1679.000000, 1393.000000, 1745.000000, 1393.000000, 1746.000000, 1410.000000, 1679.000000, 1409.000000,   small-vehicle,   44
1389.000000, 1389.000000, 1441.000000, 1390.000000, 1441.000000, 1408.000000, 1389.000000, 1407.000000,   small-vehicle,   45
2136.000000, 793.000000, 2164.000000, 793.000000, 2165.000000, 834.000000, 2137.000000, 834.000000,   small-vehicle,   46
928.000000, 1309.000000, 982.000000, 1309.000000, 982.000000, 1328.000000, 928.000000, 1328.000000,   small-vehicle,   47
2190.000000, 991.000000, 2215.000000, 992.000000, 2216.000000, 1023.000000, 2190.000000, 1022.000000,   small-vehicle,   48
2981.000000, 1315.000000, 3035.000000, 1316.000000, 3035.000000, 1332.000000, 2981.000000, 1331.000000,   small-vehicle,   49
63.000000, 1307.000000, 122.000000, 1308.000000, 122.000000, 1325.000000, 63.000000, 1324.000000,   small-vehicle,   50
532.000000, 1306.000000, 593.000000, 1307.000000, 593.000000, 1324.000000, 532.000000, 1323.000000,   small-vehicle,   51
2066.000000, 1552.000000, 2101.000000, 1553.000000, 2102.000000, 1592.000000, 2066.000000, 1591.000000,   small-vehicle,   52
1388.000000, 1416.000000, 1445.000000, 1417.000000, 1445.000000, 1433.000000, 1388.000000, 1433.000000,   small-vehicle,   53
2652.000000, 1669.000000, 2708.000000, 1669.000000, 2708.000000, 1686.000000, 2652.000000, 1685.000000,   small-vehicle,   54
296.000000, 1455.000000, 353.000000, 1455.000000, 353.000000, 1472.000000, 296.000000, 1471.000000,   small-vehicle,   55
2904.000000, 1475.000000, 2962.000000, 1475.000000, 2962.000000, 1493.000000, 2905.000000, 1492.000000,   small-vehicle,   56
3417.000000, 1223.000000, 3443.000000, 1223.000000, 3444.000000, 1248.000000, 3418.000000, 1248.000000,   small-vehicle,   57
1114.000000, 1395.000000, 1174.000000, 1396.000000, 1174.000000, 1413.000000, 1114.000000, 1413.000000,   small-vehicle,   58
1964.000000, 1648.000000, 1988.000000, 1649.000000, 1989.000000, 1683.000000, 1964.000000, 1682.000000,   small-vehicle,   61
609.000000, 1306.000000, 663.000000, 1307.000000, 662.000000, 1323.000000, 608.000000, 1323.000000,   small-vehicle,   62
3342.000000, 1266.000000, 3376.000000, 1266.000000, 3377.000000, 1304.000000, 3343.000000, 1304.000000,   small-vehicle,   63
1121.000000, 1465.000000, 1168.000000, 1466.000000, 1167.000000, 1480.000000, 1121.000000, 1479.000000,   small-vehicle,   64
3094.000000, 1315.000000, 3165.000000, 1315.000000, 3166.000000, 1332.000000, 3094.000000, 1331.000000,   small-vehicle,   65
2128.000000, 712.000000, 2156.000000, 712.000000, 2157.000000, 744.000000, 2129.000000, 743.000000,   small-vehicle,   66
845.000000, 1395.000000, 900.000000, 1395.000000, 900.000000, 1414.000000, 845.000000, 1414.000000,   small-vehicle,   67
2631.000000, 696.000000, 2691.000000, 697.000000, 2692.000000, 718.000000, 2632.000000, 717.000000,   small-vehicle,   69
3691.000000, 1636.000000, 3754.000000, 1637.000000, 3755.000000, 1655.000000, 3691.000000, 1654.000000,   small-vehicle,   70
2385.000000, 1389.000000, 2449.000000, 1389.000000, 2449.000000, 1405.000000, 2385.000000, 1404.000000,   small-vehicle,   72
3266.000000, 1315.000000, 3328.000000, 1315.000000, 3328.000000, 1332.000000, 3267.000000, 1331.000000,   small-vehicle,   73
202.000000, 1307.000000, 250.000000, 1307.000000, 249.000000, 1322.000000, 201.000000, 1321.000000,   small-vehicle,   74
1252.000000, 986.000000, 1278.000000, 986.000000, 1278.000000, 1022.000000, 1252.000000, 1022.000000,   small-vehicle,   75
1968.000000, 990.000000, 1996.000000, 990.000000, 1997.000000, 1033.000000, 1968.000000, 1033.000000,   small-vehicle,   76
1890.000000, 1166.000000, 1914.000000, 1167.000000, 1914.000000, 1199.000000, 1891.000000, 1199.000000,   small-vehicle,   77
2723.000000, 1473.000000, 2789.000000, 1474.000000, 2790.000000, 1490.000000, 2723.000000, 1490.000000,   small-vehicle,   78
331.000000, 791.000000, 382.000000, 791.000000, 382.000000, 809.000000, 330.000000, 808.000000,   small-vehicle,   79
1545.000000, 1410.000000, 1606.000000, 1411.000000, 1607.000000, 1428.000000, 1545.000000, 1427.000000,   small-vehicle,   80
1197.000000, 1419.000000, 1252.000000, 1419.000000, 1252.000000, 1435.000000, 1197.000000, 1434.000000,   small-vehicle,   82
2602.000000, 1390.000000, 2675.000000, 1390.000000, 2675.000000, 1407.000000, 2603.000000, 1406.000000,   small-vehicle,   83
1212.000000, 1391.000000, 1274.000000, 1392.000000, 1274.000000, 1408.000000, 1212.000000, 1408.000000,   small-vehicle,   84
2900.000000, 720.000000, 2944.000000, 720.000000, 2944.000000, 733.000000, 2901.000000, 733.000000,   small-vehicle,   85
2126.000000, 904.000000, 2154.000000, 904.000000, 2154.000000, 943.000000, 2126.000000, 943.000000,   small-vehicle,   86
2412.000000, 707.000000, 2466.000000, 708.000000, 2466.000000, 726.000000, 2412.000000, 725.000000,   small-vehicle,   87
2406.000000, 1331.000000, 2461.000000, 1332.000000, 2461.000000, 1348.000000, 2406.000000, 1347.000000,   small-vehicle,   88
3383.000000, 1480.000000, 3437.000000, 1481.000000, 3437.000000, 1497.000000, 3384.000000, 1496.000000,   small-vehicle,   89
2028.000000, 1107.000000, 2059.000000, 1107.000000, 2060.000000, 1151.000000, 2029.000000, 1151.000000,   small-vehicle,   90
3501.000000, 1319.000000, 3569.000000, 1320.000000, 3569.000000, 1339.000000, 3502.000000, 1338.000000,   small-vehicle,   91
3086.000000, 1476.000000, 3140.000000, 1476.000000, 3141.000000, 1492.000000, 3086.000000, 1491.000000,   small-vehicle,   92
3029.000000, 1628.000000, 3082.000000, 1629.000000, 3082.000000, 1645.000000, 3029.000000, 1644.000000,   small-vehicle,   93
1892.000000, 1043.000000, 1919.000000, 1043.000000, 1920.000000, 1083.000000, 1892.000000, 1083.000000,   small-vehicle,   94
2471.000000, 1667.000000, 2530.000000, 1668.000000, 2531.000000, 1690.000000, 2471.000000, 1689.000000,   small-vehicle,   95
2902.000000, 1362.000000, 2960.000000, 1362.000000, 2960.000000, 1380.000000, 2903.000000, 1380.000000,   small-vehicle,   96
778.000000, 1393.000000, 837.000000, 1394.000000, 837.000000, 1413.000000, 778.000000, 1412.000000,   small-vehicle,   97
3694.000000, 1351.000000, 3754.000000, 1352.000000, 3755.000000, 1372.000000, 3695.000000, 1371.000000,   small-vehicle,   98
3069.000000, 1669.000000, 3130.000000, 1670.000000, 3131.000000, 1687.000000, 3069.000000, 1686.000000,   small-vehicle,   99
2827.000000, 1473.000000, 2875.000000, 1474.000000, 2876.000000, 1491.000000, 2828.000000, 1490.000000,   small-vehicle,   100
1937.000000, 1065.000000, 1966.000000, 1065.000000, 1966.000000, 1102.000000, 1937.000000, 1102.000000,   small-vehicle,   101
3528.000000, 1483.000000, 3600.000000, 1484.000000, 3600.000000, 1502.000000, 3529.000000, 1502.000000,   small-vehicle,   102
1671.000000, 1415.000000, 1733.000000, 1416.000000, 1733.000000, 1432.000000, 1671.000000, 1431.000000,   small-vehicle,   103
3324.000000, 1726.000000, 3358.000000, 1727.000000, 3359.000000, 1765.000000, 3326.000000, 1764.000000,   small-vehicle,   104
1985.000000, 1197.000000, 2027.000000, 1198.000000, 2027.000000, 1244.000000, 1985.000000, 1243.000000,   small-vehicle,   105
2931.000000, 1335.000000, 2989.000000, 1335.000000, 2990.000000, 1353.000000, 2931.000000, 1352.000000,   small-vehicle,   106
3700.000000, 1696.000000, 3729.000000, 1696.000000, 3730.000000, 1731.000000, 3701.000000, 1730.000000,   small-vehicle,   107
3510.000000, 1631.000000, 3566.000000, 1631.000000, 3566.000000, 1650.000000, 3511.000000, 1649.000000,   small-vehicle,   108
3098.000000, 1337.000000, 3168.000000, 1338.000000, 3168.000000, 1354.000000, 3098.000000, 1353.000000,   small-vehicle,   109
1907.000000, 1120.000000, 1937.000000, 1120.000000, 1937.000000, 1158.000000, 1908.000000, 1158.000000,   small-vehicle,   110
2492.000000, 1329.000000, 2559.000000, 1330.000000, 2559.000000, 1349.000000, 2493.000000, 1349.000000,   small-vehicle,   111
1029.000000, 1439.000000, 1089.000000, 1440.000000, 1089.000000, 1457.000000, 1029.000000, 1457.000000,   small-vehicle,   113
2212.000000, 1668.000000, 2247.000000, 1669.000000, 2247.000000, 1708.000000, 2212.000000, 1707.000000,   small-vehicle,   114
2390.000000, 1359.000000, 2450.000000, 1359.000000, 2450.000000, 1377.000000, 2391.000000, 1377.000000,   small-vehicle,   115
1459.000000, 1388.000000, 1518.000000, 1389.000000, 1518.000000, 1406.000000, 1459.000000, 1406.000000,   small-vehicle,   116
3325.000000, 1632.000000, 3385.000000, 1633.000000, 3386.000000, 1652.000000, 3326.000000, 1651.000000,   small-vehicle,   117
1011.000000, 1392.000000, 1070.000000, 1393.000000, 1070.000000, 1410.000000, 1011.000000, 1410.000000,   small-vehicle,   118
3378.000000, 1365.000000, 3444.000000, 1366.000000, 3444.000000, 1385.000000, 3379.000000, 1384.000000,   small-vehicle,   119
1856.000000, 666.000000, 1888.000000, 667.000000, 1888.000000, 699.000000, 1856.000000, 699.000000,   small-vehicle,   120
2776.000000, 693.000000, 2831.000000, 694.000000, 2832.000000, 713.000000, 2777.000000, 713.000000,   small-vehicle,   121
3015.000000, 1339.000000, 3076.000000, 1339.000000, 3077.000000, 1356.000000, 3015.000000, 1355.000000,   small-vehicle,   122
1769.000000, 1413.000000, 1831.000000, 1414.000000, 1831.000000, 1432.000000, 1769.000000, 1432.000000,   small-vehicle,   123
2483.000000, 1624.000000, 2540.000000, 1624.000000, 2541.000000, 1640.000000, 2483.000000, 1639.000000,   small-vehicle,   125
1112.000000, 1439.000000, 1169.000000, 1439.000000, 1169.000000, 1456.000000, 1112.000000, 1455.000000,   small-vehicle,   126
1933.000000, 776.000000, 1964.000000, 776.000000, 1964.000000, 815.000000, 1933.000000, 815.000000,   small-vehicle,   127
362.000000, 1228.000000, 387.000000, 1228.000000, 387.000000, 1257.000000, 362.000000, 1257.000000,   small-vehicle,   128
1769.000000, 1393.000000, 1830.000000, 1394.000000, 1830.000000, 1412.000000, 1770.000000, 1411.000000,   small-vehicle,   129
2920.000000, 687.000000, 2979.000000, 688.000000, 2979.000000, 708.000000, 2920.000000, 707.000000,   small-vehicle,   130
2919.000000, 1313.000000, 2976.000000, 1314.000000, 2977.000000, 1331.000000, 2919.000000, 1330.000000,   small-vehicle,   131
1250.000000, 1039.000000, 1272.000000, 1039.000000, 1272.000000, 1069.000000, 1250.000000, 1069.000000,   small-vehicle,   132
3209.000000, 1631.000000, 3270.000000, 1631.000000, 3270.000000, 1647.000000, 3209.000000, 1646.000000,   small-vehicle,   133
218.000000, 786.000000, 283.000000, 786.000000, 283.000000, 803.000000, 218.000000, 802.000000,   small-vehicle,   134
368.000000, 1453.000000, 428.000000, 1454.000000, 428.000000, 1470.000000, 368.000000, 1470.000000,   small-vehicle,   135
1399.000000, 1464.000000, 1449.000000, 1465.000000, 1449.000000, 1482.000000, 1399.000000, 1481.000000,   small-vehicle,   136
555.000000, 1460.000000, 618.000000, 1461.000000, 618.000000, 1477.000000, 555.000000, 1477.000000,   small-vehicle,   137
2202.000000, 1580.000000, 2240.000000, 1580.000000, 2241.000000, 1620.000000, 2203.000000, 1620.000000,   small-vehicle,   138
3397.000000, 1338.000000, 3463.000000, 1338.000000, 3464.000000, 1358.000000, 3398.000000, 1357.000000,   small-vehicle,   139
1244.000000, 1154.000000, 1268.000000, 1155.000000, 1268.000000, 1190.000000, 1244.000000, 1189.000000,   small-vehicle,   140
1888.000000, 1088.000000, 1912.000000, 1088.000000, 1912.000000, 1114.000000, 1888.000000, 1114.000000,   small-vehicle,   144
801.000000, 1438.000000, 855.000000, 1438.000000, 855.000000, 1453.000000, 801.000000, 1453.000000,   small-vehicle,   145
2551.000000, 701.000000, 2616.000000, 702.000000, 2616.000000, 723.000000, 2551.000000, 722.000000,   small-vehicle,   146
868.000000, 1304.000000, 913.000000, 1305.000000, 913.000000, 1319.000000, 868.000000, 1318.000000,   small-vehicle,   147
2162.000000, 1362.000000, 2194.000000, 1363.000000, 2194.000000, 1402.000000, 2163.000000, 1401.000000,   small-vehicle,   148
3286.000000, 1338.000000, 3346.000000, 1339.000000, 3346.000000, 1357.000000, 3287.000000, 1356.000000,   small-vehicle,   149
2527.000000, 1467.000000, 2595.000000, 1468.000000, 2595.000000, 1487.000000, 2528.000000, 1486.000000,   small-vehicle,   150
2135.000000, 862.000000, 2167.000000, 862.000000, 2168.000000, 900.000000, 2136.000000, 900.000000,   small-vehicle,   151
3686.000000, 1328.000000, 3751.000000, 1329.000000, 3751.000000, 1346.000000, 3687.000000, 1345.000000,   small-vehicle,   152
2980.000000, 686.000000, 3046.000000, 687.000000, 3046.000000, 706.000000, 2981.000000, 705.000000,   small-vehicle,   153
3127.000000, 1628.000000, 3189.000000, 1629.000000, 3189.000000, 1646.000000, 3128.000000, 1645.000000,   small-vehicle,   154
2029.000000, 1318.000000, 2068.000000, 1319.000000, 2068.000000, 1366.000000, 2030.000000, 1365.000000,   small-vehicle,   155
3165.000000, 1668.000000, 3229.000000, 1669.000000, 3230.000000, 1688.000000, 3165.000000, 1687.000000,   small-vehicle,   156
1564.000000, 1440.000000, 1613.000000, 1441.000000, 1613.000000, 1457.000000, 1564.000000, 1456.000000,   small-vehicle,   158
1991.000000, 1684.000000, 2014.000000, 1684.000000, 2014.000000, 1703.000000, 1991.000000, 1703.000000,   small-vehicle,   159
1464.000000, 1417.000000, 1521.000000, 1417.000000, 1521.000000, 1437.000000, 1464.000000, 1437.000000,   small-vehicle,   160
3425.000000, 1261.000000, 3464.000000, 1262.000000, 3465.000000, 1301.000000, 3426.000000, 1300.000000,   small-vehicle,   161
1299.000000, 1396.000000, 1357.000000, 1397.000000, 1357.000000, 1415.000000, 1299.000000, 1414.000000,   small-vehicle,   162
3480.000000, 1343.000000, 3549.000000, 1344.000000, 3550.000000, 1362.000000, 3480.000000, 1362.000000,   small-vehicle,   163
1607.000000, 725.000000, 1669.000000, 726.000000, 1669.000000, 743.000000, 1607.000000, 743.000000,   small-vehicle,   164
107.000000, 783.000000, 169.000000, 783.000000, 168.000000, 802.000000, 107.000000, 802.000000,   small-vehicle,   165
3304.000000, 1479.000000, 3361.000000, 1479.000000, 3361.000000, 1496.000000, 3305.000000, 1495.000000,   small-vehicle,   166
933.000000, 1391.000000, 993.000000, 1391.000000, 992.000000, 1411.000000, 933.000000, 1410.000000,   small-vehicle,   167
3205.000000, 1339.000000, 3266.000000, 1340.000000, 3266.000000, 1358.000000, 3206.000000, 1357.000000,   small-vehicle,   168
961.000000, 1462.000000, 1022.000000, 1463.000000, 1022.000000, 1481.000000, 961.000000, 1480.000000,   small-vehicle,   169
3097.000000, 1362.000000, 3159.000000, 1363.000000, 3160.000000, 1381.000000, 3097.000000, 1380.000000,   small-vehicle,   170
940.000000, 1436.000000, 1010.000000, 1437.000000, 1009.000000, 1457.000000, 940.000000, 1456.000000,   small-vehicle,   171
3477.000000, 1370.000000, 3543.000000, 1370.000000, 3543.000000, 1390.000000, 3478.000000, 1389.000000,   small-vehicle,   172
2480.000000, 705.000000, 2543.000000, 706.000000, 2544.000000, 725.000000, 2481.000000, 724.000000,   small-vehicle,   173
1358.000000, 1436.000000, 1417.000000, 1437.000000, 1417.000000, 1455.000000, 1358.000000, 1455.000000,   small-vehicle,   175
1594.000000, 1311.000000, 1651.000000, 1311.000000, 1651.000000, 1328.000000, 1594.000000, 1327.000000,   small-vehicle,   177
2820.000000, 1363.000000, 2884.000000, 1364.000000, 2884.000000, 1381.000000, 2821.000000, 1380.000000,   small-vehicle,   178
1255.000000, 1463.000000, 1317.000000, 1463.000000, 1317.000000, 1481.000000, 1255.000000, 1480.000000,   small-vehicle,   179
2853.000000, 1335.000000, 2917.000000, 1336.000000, 2918.000000, 1353.000000, 2853.000000, 1353.000000,   small-vehicle,   182
1341.000000, 1464.000000, 1399.000000, 1465.000000, 1399.000000, 1481.000000, 1341.000000, 1480.000000,   small-vehicle,   186
2672.000000, 1694.000000, 2703.000000, 1695.000000, 2704.000000, 1737.000000, 2673.000000, 1736.000000,   small-vehicle,   187
2568.000000, 1361.000000, 2650.000000, 1362.000000, 2651.000000, 1379.000000, 2568.000000, 1378.000000,   small-vehicle,   188
1449.000000, 716.000000, 1509.000000, 717.000000, 1509.000000, 735.000000, 1449.000000, 734.000000,   small-vehicle,   189
1291.000000, 1418.000000, 1348.000000, 1418.000000, 1348.000000, 1435.000000, 1291.000000, 1434.000000,   small-vehicle,   190
3592.000000, 1371.000000, 3670.000000, 1372.000000, 3671.000000, 1392.000000, 3593.000000, 1391.000000,   small-vehicle,   193
2618.000000, 1627.000000, 2652.000000, 1627.000000, 2652.000000, 1641.000000, 2619.000000, 1640.000000,   small-vehicle,   194
3351.000000, 1312.000000, 3406.000000, 1313.000000, 3408.000000, 1349.000000, 3352.000000, 1349.000000,   small-vehicle,   196
1496.000000, 1461.000000, 1556.000000, 1462.000000, 1556.000000, 1480.000000, 1496.000000, 1479.000000,   small-vehicle,   198
3665.000000, 1737.000000, 3691.000000, 1738.000000, 3692.000000, 1763.000000, 3666.000000, 1762.000000,   small-vehicle,   201
2786.000000, 716.000000, 2858.000000, 717.000000, 2859.000000, 737.000000, 2786.000000, 736.000000,   small-vehicle,   202
1270.000000, 1439.000000, 1320.000000, 1439.000000, 1320.000000, 1455.000000, 1270.000000, 1454.000000,   small-vehicle,   203
3597.000000, 1346.000000, 3672.000000, 1347.000000, 3672.000000, 1366.000000, 3597.000000, 1365.000000,   small-vehicle,   209
2336.000000, 711.000000, 2406.000000, 712.000000, 2406.000000, 732.000000, 2336.000000, 731.000000,   small-vehicle,   212
119.000000, 1412.000000, 180.000000, 1413.000000, 179.000000, 1431.000000, 119.000000, 1430.000000,   small-vehicle,   213
1043.000000, 1465.000000, 1090.000000, 1466.000000, 1090.000000, 1481.000000, 1043.000000, 1480.000000,   small-vehicle,   214
49.000000, 1460.000000, 90.000000, 1461.000000, 90.000000, 1473.000000, 48.000000, 1472.000000,   small-vehicle,   216
873.000000, 1435.000000, 929.000000, 1436.000000, 929.000000, 1453.000000, 872.000000, 1453.000000,   small-vehicle,   217
1865.000000, 1052.000000, 1887.000000, 1052.000000, 1887.000000, 1078.000000, 1866.000000, 1077.000000,   small-vehicle,   223
2126.000000, 1208.000000, 2161.000000, 1209.000000, 2162.000000, 1265.000000, 2126.000000, 1265.000000,   large-vehicle,   230
1730.000000, 1440.000000, 1819.000000, 1441.000000, 1819.000000, 1466.000000, 1730.000000, 1465.000000,   large-vehicle,   231
1884.000000, 940.000000, 1925.000000, 940.000000, 1925.000000, 990.000000, 1884.000000, 990.000000,   large-vehicle,   232
2072.000000, 1441.000000, 2116.000000, 1441.000000, 2117.000000, 1494.000000, 2072.000000, 1493.000000,   large-vehicle,   233
2107.000000, 1757.000000, 2150.000000, 1758.000000, 2151.000000, 1810.000000, 2107.000000, 1809.000000,   large-vehicle,   234
3694.000000, 1487.000000, 3765.000000, 1488.000000, 3766.000000, 1512.000000, 3695.000000, 1512.000000,   large-vehicle,   235
628.000000, 1458.000000, 699.000000, 1459.000000, 699.000000, 1483.000000, 628.000000, 1482.000000,   large-vehicle,   236
832.000000, 1461.000000, 925.000000, 1462.000000, 925.000000, 1484.000000, 832.000000, 1483.000000,   large-vehicle,   237
2208.000000, 1387.000000, 2251.000000, 1388.000000, 2251.000000, 1438.000000, 2208.000000, 1437.000000,   large-vehicle,   239
1483.000000, 1438.000000, 1547.000000, 1439.000000, 1547.000000, 1458.000000, 1483.000000, 1457.000000,   large-vehicle,   240
2762.000000, 1336.000000, 2839.000000, 1337.000000, 2839.000000, 1355.000000, 2762.000000, 1354.000000,   large-vehicle,   242
2471.000000, 1382.000000, 2586.000000, 1383.000000, 2587.000000, 1410.000000, 2471.000000, 1408.000000,   large-vehicle,   243
2719.000000, 1693.000000, 2746.000000, 1693.000000, 2747.000000, 1736.000000, 2720.000000, 1735.000000,   large-vehicle,   244
188.000000, 1454.000000, 254.000000, 1455.000000, 254.000000, 1473.000000, 188.000000, 1472.000000,   large-vehicle,   250
2095.000000, 1702.000000, 2133.000000, 1702.000000, 2134.000000, 1755.000000, 2096.000000, 1754.000000,   large-vehicle,   253
2240.000000, 1484.000000, 2279.000000, 1484.000000, 2280.000000, 1524.000000, 2241.000000, 1524.000000,   small-vehicle,   289
3695.000000, 1752.000000, 3731.000000, 1752.000000, 3733.000000, 1792.000000, 3696.000000, 1791.000000,   small-vehicle,   291
490.000000, 1451.000000, 546.000000, 1452.000000, 546.000000, 1468.000000, 490.000000, 1468.000000,   small-vehicle,   317
3141.000000, 686.000000, 3209.000000, 687.000000, 3210.000000, 708.000000, 3142.000000, 707.000000,   small-vehicle,   329
3068.000000, 686.000000, 3127.000000, 687.000000, 3127.000000, 706.000000, 3068.000000, 705.000000,   small-vehicle,   330
3656.000000, 1386.000000, 3733.000000, 1387.000000, 3734.000000, 1408.000000, 3657.000000, 1407.000000,   small-vehicle,   334
983.000000, 1092.000000, 1043.000000, 1093.000000, 1042.000000, 1111.000000, 983.000000, 1110.000000,   small-vehicle,   337
3323.000000, 675.000000, 3395.000000, 676.000000, 3396.000000, 709.000000, 3324.000000, 708.000000,   large-vehicle,   345
1606.000000, 1390.000000, 1663.000000, 1391.000000, 1663.000000, 1407.000000, 1606.000000, 1406.000000,   large-vehicle,   351
1924.000000, 875.000000, 1955.000000, 875.000000, 1955.000000, 913.000000, 1924.000000, 912.000000,   small-vehicle,   353
1132.000000, 1097.000000, 1193.000000, 1098.000000, 1193.000000, 1116.000000, 1132.000000, 1115.000000,   small-vehicle,   360
3208.000000, 685.000000, 3268.000000, 686.000000, 3269.000000, 705.000000, 3208.000000, 704.000000,   small-vehicle,   364
2894.000000, 745.000000, 2961.000000, 746.000000, 2962.000000, 765.000000, 2894.000000, 764.000000,   large-vehicle,   373
3403.000000, 674.000000, 3478.000000, 675.000000, 3479.000000, 699.000000, 3403.000000, 698.000000,   small-vehicle,   382
728.000000, 1431.000000, 785.000000, 1432.000000, 784.000000, 1450.000000, 727.000000, 1450.000000,   small-vehicle,   383
1597.000000, 1462.000000, 1658.000000, 1463.000000, 1658.000000, 1479.000000, 1597.000000, 1479.000000,   small-vehicle,   384
3484.000000, 670.000000, 3562.000000, 671.000000, 3563.000000, 694.000000, 3485.000000, 693.000000,   small-vehicle,   385
2665.000000, 729.000000, 2717.000000, 729.000000, 2717.000000, 760.000000, 2666.000000, 760.000000,   small-vehicle,   386
3680.000000, 663.000000, 3745.000000, 664.000000, 3746.000000, 684.000000, 3680.000000, 684.000000,   small-vehicle,   387
891.000000, 1408.000000, 954.000000, 1409.000000, 954.000000, 1427.000000, 891.000000, 1426.000000,   small-vehicle,   409
3565.000000, 667.000000, 3637.000000, 668.000000, 3638.000000, 690.000000, 3566.000000, 689.000000,   small-vehicle,   413
3321.000000, 1783.000000, 3369.000000, 1784.000000, 3370.000000, 1819.000000, 3322.000000, 1818.000000,   small-vehicle,   416
1983.000000, 803.000000, 2016.000000, 803.000000, 2017.000000, 847.000000, 1983.000000, 846.000000,   small-vehicle,   421
304.000000, 1403.000000, 362.000000, 1404.000000, 362.000000, 1421.000000, 304.000000, 1420.000000,   small-vehicle,   430
2019.000000, 1053.000000, 2049.000000, 1053.000000, 2050.000000, 1094.000000, 2020.000000, 1093.000000,   small-vehicle,   431
1829.000000, 609.000000, 1857.000000, 610.000000, 1857.000000, 646.000000, 1829.000000, 645.000000,   small-vehicle,   432
1857.000000, 605.000000, 1888.000000, 605.000000, 1888.000000, 640.000000, 1857.000000, 640.000000,   small-vehicle,   433
3713.000000, 1459.000000, 3766.000000, 1460.000000, 3766.000000, 1476.000000, 3714.000000, 1475.000000,   small-vehicle,   434
1064.000000, 1096.000000, 1120.000000, 1096.000000, 1120.000000, 1111.000000, 1064.000000, 1111.000000,   small-vehicle,   438
2985.000000, 715.000000, 3053.000000, 716.000000, 3054.000000, 737.000000, 2985.000000, 736.000000,   small-vehicle,   445
1383.000000, 718.000000, 1437.000000, 718.000000, 1437.000000, 733.000000, 1383.000000, 732.000000,   small-vehicle,   446
2582.000000, 1322.000000, 2660.000000, 1323.000000, 2660.000000, 1342.000000, 2582.000000, 1341.000000,   large-vehicle,   448
1952.000000, 713.000000, 1981.000000, 714.000000, 1981.000000, 749.000000, 1952.000000, 749.000000,   small-vehicle,   457
3171.000000, 1370.000000, 3238.000000, 1371.000000, 3238.000000, 1390.000000, 3171.000000, 1390.000000,   small-vehicle,   462
1673.000000, 1456.000000, 1736.000000, 1457.000000, 1736.000000, 1482.000000, 1673.000000, 1481.000000,   small-vehicle,   463
2838.000000, 745.000000, 2878.000000, 746.000000, 2879.000000, 762.000000, 2838.000000, 762.000000,   small-vehicle,   464
2998.000000, 741.000000, 3060.000000, 742.000000, 3060.000000, 761.000000, 2998.000000, 760.000000,   small-vehicle,   465
2123.000000, 567.000000, 2150.000000, 568.000000, 2151.000000, 610.000000, 2123.000000, 609.000000,   small-vehicle,   484
2208.000000, 1579.000000, 2240.000000, 1579.000000, 2240.000000, 1623.000000, 2209.000000, 1623.000000,   small-vehicle,   485
3266.000000, 1369.000000, 3336.000000, 1370.000000, 3337.000000, 1390.000000, 3267.000000, 1390.000000,   small-vehicle,   487
192.000000, 824.000000, 264.000000, 825.000000, 264.000000, 836.000000, 191.000000, 835.000000,   large-vehicle,   498
1825.000000, 574.000000, 1847.000000, 574.000000, 1847.000000, 608.000000, 1825.000000, 608.000000,   small-vehicle,   506
1862.000000, 982.000000, 1902.000000, 983.000000, 1902.000000, 1022.000000, 1862.000000, 1022.000000,   small-vehicle,   509
10.000000, 776.000000, 76.000000, 777.000000, 75.000000, 796.000000, 10.000000, 795.000000,   small-vehicle,   511
3329.000000, 652.000000, 3365.000000, 652.000000, 3366.000000, 665.000000, 3329.000000, 665.000000,   small-vehicle,   512
1941.000000, 613.000000, 1967.000000, 613.000000, 1967.000000, 644.000000, 1941.000000, 644.000000,   small-vehicle,   527
3343.000000, 1452.000000, 3416.000000, 1452.000000, 3416.000000, 1469.000000, 3343.000000, 1468.000000,   small-vehicle,   528
1656.000000, 1332.000000, 1719.000000, 1333.000000, 1719.000000, 1354.000000, 1656.000000, 1354.000000,   small-vehicle,   530
1903.000000, 585.000000, 1929.000000, 585.000000, 1929.000000, 620.000000, 1903.000000, 619.000000,   small-vehicle,   531
1655.000000, 1342.000000, 1718.000000, 1343.000000, 1718.000000, 1363.000000, 1655.000000, 1362.000000,   large-vehicle,   536
1393.000000, 1513.000000, 1442.000000, 1513.000000, 1443.000000, 1543.000000, 1393.000000, 1542.000000,   small-vehicle,   537
1269.000000, 1222.000000, 1297.000000, 1222.000000, 1297.000000, 1260.000000, 1269.000000, 1260.000000,   large-vehicle,   538
2151.000000, 1047.000000, 2181.000000, 1047.000000, 2181.000000, 1086.000000, 2152.000000, 1086.000000,   small-vehicle,   541
2583.000000, 1339.000000, 2661.000000, 1340.000000, 2661.000000, 1357.000000, 2583.000000, 1357.000000,   large-vehicle,   542
2472.000000, 1360.000000, 2551.000000, 1361.000000, 2551.000000, 1382.000000, 2472.000000, 1381.000000,   large-vehicle,   543
2473.000000, 1355.000000, 2544.000000, 1356.000000, 2545.000000, 1375.000000, 2473.000000, 1375.000000,   small-vehicle,   545
2225.000000, 1748.000000, 2255.000000, 1748.000000, 2255.000000, 1786.000000, 2226.000000, 1786.000000,   large-vehicle,   548
2679.000000, 1332.000000, 2749.000000, 1333.000000, 2749.000000, 1355.000000, 2680.000000, 1354.000000,   large-vehicle,   553
1655.000000, 1323.000000, 1719.000000, 1324.000000, 1719.000000, 1345.000000, 1656.000000, 1344.000000,   large-vehicle,   554
2152.000000, 1060.000000, 2182.000000, 1060.000000, 2182.000000, 1098.000000, 2152.000000, 1097.000000,   large-vehicle,   555
1954.000000, 1707.000000, 1998.000000, 1708.000000, 1998.000000, 1721.000000, 1954.000000, 1721.000000,   large-vehicle,   557
3720.000000, 1465.000000, 3781.000000, 1466.000000, 3781.000000, 1483.000000, 3721.000000, 1482.000000,   large-vehicle,   558
2243.000000, 1486.000000, 2284.000000, 1487.000000, 2285.000000, 1529.000000, 2244.000000, 1529.000000,   large-vehicle,   559
1192.000000, 1434.000000, 1258.000000, 1435.000000, 1258.000000, 1453.000000, 1192.000000, 1453.000000,   large-vehicle,   560
2134.000000, 858.000000, 2167.000000, 859.000000, 2168.000000, 897.000000, 2135.000000, 897.000000,   large-vehicle,   561
1188.000000, 1425.000000, 1254.000000, 1426.000000, 1254.000000, 1444.000000, 1188.000000, 1443.000000,   small-vehicle,   563
2106.000000, 499.000000, 2129.000000, 499.000000, 2129.000000, 528.000000, 2106.000000, 528.000000,   small-vehicle,   564
3500.000000, 1460.000000, 3568.000000, 1460.000000, 3569.000000, 1476.000000, 3500.000000, 1475.000000,   small-vehicle,   565
2226.000000, 1745.000000, 2254.000000, 1746.000000, 2254.000000, 1783.000000, 2227.000000, 1783.000000,   small-vehicle,   566
2140.000000, 502.000000, 2168.000000, 502.000000, 2169.000000, 537.000000, 2141.000000, 536.000000,   small-vehicle,   568
119.000000, 1398.000000, 183.000000, 1399.000000, 183.000000, 1415.000000, 119.000000, 1414.000000,   small-vehicle,   569
75.000000, 1424.000000, 147.000000, 1425.000000, 147.000000, 1445.000000, 75.000000, 1444.000000,   small-vehicle,   570
1266.000000, 1206.000000, 1295.000000, 1207.000000, 1295.000000, 1250.000000, 1266.000000, 1250.000000,   small-vehicle,   572
491.000000, 1286.000000, 522.000000, 1287.000000, 522.000000, 1297.000000, 490.000000, 1296.000000,   small-vehicle,   573
2576.000000, 1363.000000, 2642.000000, 1364.000000, 2642.000000, 1383.000000, 2576.000000, 1382.000000,   small-vehicle,   574
1493.000000, 760.000000, 1545.000000, 760.000000, 1545.000000, 772.000000, 1493.000000, 772.000000,   small-vehicle,   575
3419.000000, 723.000000, 3497.000000, 724.000000, 3498.000000, 748.000000, 3420.000000, 747.000000,   small-vehicle,   577
3678.000000, 714.000000, 3734.000000, 715.000000, 3735.000000, 732.000000, 3678.000000, 732.000000,   small-vehicle,   578
2893.000000, 736.000000, 2960.000000, 737.000000, 2961.000000, 755.000000, 2893.000000, 755.000000,   small-vehicle,   579
2573.000000, 1360.000000, 2643.000000, 1361.000000, 2643.000000, 1380.000000, 2573.000000, 1379.000000,   large-vehicle,   580
192.000000, 1444.000000, 258.000000, 1444.000000, 258.000000, 1463.000000, 192.000000, 1462.000000,   large-vehicle,   581
3492.000000, 1452.000000, 3562.000000, 1453.000000, 3563.000000, 1472.000000, 3492.000000, 1471.000000,   large-vehicle,   582
2242.000000, 1485.000000, 2280.000000, 1485.000000, 2281.000000, 1527.000000, 2243.000000, 1526.000000,   small-vehicle,   583
2665.000000, 1691.000000, 2703.000000, 1691.000000, 2704.000000, 1735.000000, 2666.000000, 1734.000000,   large-vehicle,   584
77.000000, 1421.000000, 148.000000, 1422.000000, 148.000000, 1441.000000, 77.000000, 1440.000000,   large-vehicle,   585
1671.000000, 1450.000000, 1736.000000, 1450.000000, 1737.000000, 1477.000000, 1671.000000, 1476.000000,   large-vehicle,   586
1864.000000, 986.000000, 1903.000000, 987.000000, 1903.000000, 1025.000000, 1864.000000, 1024.000000,   large-vehicle,   587
2136.000000, 862.000000, 2169.000000, 862.000000, 2170.000000, 901.000000, 2137.000000, 900.000000,   small-vehicle,   588
1191.000000, 1436.000000, 1256.000000, 1437.000000, 1256.000000, 1456.000000, 1191.000000, 1455.000000,   small-vehicle,   589
2136.000000, 462.000000, 2163.000000, 463.000000, 2163.000000, 495.000000, 2136.000000, 495.000000,   small-vehicle,   590
1863.000000, 992.000000, 1903.000000, 992.000000, 1903.000000, 1031.000000, 1863.000000, 1031.000000,   small-vehicle,   591
2226.000000, 1749.000000, 2255.000000, 1749.000000, 2255.000000, 1788.000000, 2227.000000, 1788.000000,   small-vehicle,   592
1835.000000, 466.000000, 1866.000000, 467.000000, 1867.000000, 504.000000, 1836.000000, 504.000000,   small-vehicle,   593
1604.000000, 1384.000000, 1661.000000, 1385.000000, 1661.000000, 1401.000000, 1604.000000, 1400.000000,   small-vehicle,   594
2153.000000, 1061.000000, 2184.000000, 1062.000000, 2184.000000, 1101.000000, 2153.000000, 1101.000000,   small-vehicle,   595
1269.000000, 1226.000000, 1297.000000, 1226.000000, 1297.000000, 1261.000000, 1269.000000, 1260.000000,   small-vehicle,   596
2583.000000, 1333.000000, 2660.000000, 1334.000000, 2660.000000, 1352.000000, 2583.000000, 1351.000000,   small-vehicle,   597
1702.000000, 1312.000000, 1747.000000, 1312.000000, 1748.000000, 1337.000000, 1703.000000, 1337.000000,   small-vehicle,   598
1657.000000, 1336.000000, 1718.000000, 1337.000000, 1718.000000, 1358.000000, 1657.000000, 1357.000000,   small-vehicle,   599
2993.000000, 1671.000000, 3047.000000, 1671.000000, 3048.000000, 1687.000000, 2994.000000, 1686.000000,   small-vehicle,   600
79.000000, 1418.000000, 148.000000, 1419.000000, 148.000000, 1439.000000, 78.000000, 1438.000000,   small-vehicle,   601
191.000000, 1438.000000, 257.000000, 1439.000000, 257.000000, 1457.000000, 191.000000, 1457.000000,   small-vehicle,   602
1917.000000, 461.000000, 1950.000000, 461.000000, 1950.000000, 493.000000, 1918.000000, 492.000000,   small-vehicle,   603
2892.000000, 739.000000, 2961.000000, 740.000000, 2962.000000, 760.000000, 2892.000000, 759.000000,   small-vehicle,   604
