1848.000000, 854.000000, 1876.000000, 854.000000, 1876.000000, 888.000000, 1848.000000, 887.000000,   small-vehicle,   0
2176.000000, 894.000000, 2203.000000, 895.000000, 2204.000000, 929.000000, 2177.000000, 929.000000,   small-vehicle,   1
1854.000000, 897.000000, 1879.000000, 898.000000, 1879.000000, 930.000000, 1855.000000, 930.000000,   small-vehicle,   2
2035.000000, 1174.000000, 2062.000000, 1174.000000, 2063.000000, 1206.000000, 2035.000000, 1206.000000,   small-vehicle,   3
1864.000000, 704.000000, 1891.000000, 705.000000, 1891.000000, 739.000000, 1865.000000, 739.000000,   small-vehicle,   4
2187.000000, 1078.000000, 2216.000000, 1078.000000, 2217.000000, 1114.000000, 2187.000000, 1113.000000,   small-vehicle,   5
1234.000000, 1240.000000, 1262.000000, 1240.000000, 1262.000000, 1277.000000, 1234.000000, 1277.000000,   small-vehicle,   6
1531.000000, 1391.000000, 1584.000000, 1392.000000, 1584.000000, 1408.000000, 1531.000000, 1407.000000,   small-vehicle,   7
2163.000000, 991.000000, 2190.000000, 991.000000, 2191.000000, 1029.000000, 2163.000000, 1029.000000,   small-vehicle,   8
3190.000000, 1314.000000, 3242.000000, 1315.000000, 3242.000000, 1332.000000, 3191.000000, 1332.000000,   small-vehicle,   9
430.000000, 1308.000000, 488.000000, 1309.000000, 488.000000, 1325.000000, 430.000000, 1324.000000,   small-vehicle,   11
1257.000000, 885.000000, 1287.000000, 885.000000, 1287.000000, 924.000000, 1257.000000, 924.000000,   small-vehicle,   12
2658.000000, 1366.000000, 2711.000000, 1366.000000, 2711.000000, 1382.000000, 2658.000000, 1381.000000,   small-vehicle,   14
2058.000000, 1518.000000, 2083.000000, 1518.000000, 2083.000000, 1546.000000, 2058.000000, 1546.000000,   small-vehicle,   15
2169.000000, 850.000000, 2201.000000, 850.000000, 2201.000000, 887.000000, 2169.000000, 887.000000,   small-vehicle,   17
1642.000000, 1350.000000, 1694.000000, 1350.000000, 1694.000000, 1366.000000, 1642.000000, 1365.000000,   small-vehicle,   18
2141.000000, 945.000000, 2196.000000, 946.000000, 2196.000000, 982.000000, 2142.000000, 981.000000,   small-vehicle,   19
1876.000000, 808.000000, 1904.000000, 809.000000, 1904.000000, 841.000000, 1876.000000, 840.000000,   small-vehicle,   21
1644.000000, 1440.000000, 1707.000000, 1441.000000, 1707.000000, 1461.000000, 1644.000000, 1460.000000,   small-vehicle,   22
2469.000000, 1471.000000, 2525.000000, 1472.000000, 2526.000000, 1487.000000, 2469.000000, 1486.000000,   small-vehicle,   23
131.000000, 1307.000000, 188.000000, 1307.000000, 188.000000, 1323.000000, 131.000000, 1322.000000,   small-vehicle,   25
2196.000000, 1128.000000, 2225.000000, 1128.000000, 2225.000000, 1164.000000, 2197.000000, 1164.000000,   small-vehicle,   26
799.000000, 1308.000000, 853.000000, 1309.000000, 853.000000, 1325.000000, 799.000000, 1324.000000,   small-vehicle,   27
2239.000000, 1563.000000, 2280.000000, 1564.000000, 2280.000000, 1608.000000, 2240.000000, 1607.000000,   small-vehicle,   29
2177.000000, 1031.000000, 2212.000000, 1032.000000, 2213.000000, 1071.000000, 2177.000000, 1071.000000,   small-vehicle,   32
1915.000000, 1211.000000, 1976.000000, 1212.000000, 1976.000000, 1236.000000, 1915.000000, 1235.000000,   small-vehicle,   33
2734.000000, 1362.000000, 2794.000000, 1362.000000, 2794.000000, 1377.000000, 2734.000000, 1377.000000,   small-vehicle,   34
2199.000000, 1188.000000, 2230.000000, 1188.000000, 2230.000000, 1229.000000, 2199.000000, 1229.000000,   small-vehicle,   35
1928.000000, 908.000000, 1954.000000, 908.000000, 1954.000000, 944.000000, 1929.000000, 944.000000,   small-vehicle,   36
2977.000000, 1362.000000, 3038.000000, 1363.000000, 3038.000000, 1379.000000, 2978.000000, 1378.000000,   small-vehicle,   38
2162.000000, 1114.000000, 2190.000000, 1115.000000, 2190.000000, 1152.000000, 2162.000000, 1152.000000,   small-vehicle,   40
1275.000000, 699.000000, 1305.000000, 699.000000, 1305.000000, 728.000000, 1275.000000, 727.000000,   small-vehicle,   41
2624.000000, 1313.000000, 2674.000000, 1314.000000, 2674.000000, 1330.000000, 2624.000000, 1329.000000,   small-vehicle,   42
1257.000000, 845.000000, 1281.000000, 845.000000, 1281.000000, 875.000000, 1257.000000, 874.000000,   small-vehicle,   43
1680.000000, 1393.000000, 1744.000000, 1393.000000, 1745.000000, 1410.000000, 1680.000000, 1409.000000,   small-vehicle,   44
1388.000000, 1390.000000, 1441.000000, 1390.000000, 1441.000000, 1408.000000, 1388.000000, 1407.000000,   small-vehicle,   45
2137.000000, 793.000000, 2163.000000, 793.000000, 2164.000000, 834.000000, 2137.000000, 834.000000,   small-vehicle,   46
926.000000, 1309.000000, 983.000000, 1309.000000, 983.000000, 1328.000000, 926.000000, 1328.000000,   small-vehicle,   47
2190.000000, 991.000000, 2216.000000, 991.000000, 2216.000000, 1023.000000, 2190.000000, 1023.000000,   small-vehicle,   48
2980.000000, 1315.000000, 3036.000000, 1315.000000, 3036.000000, 1333.000000, 2980.000000, 1332.000000,   small-vehicle,   49
62.000000, 1308.000000, 124.000000, 1309.000000, 124.000000, 1324.000000, 62.000000, 1324.000000,   small-vehicle,   50
531.000000, 1307.000000, 594.000000, 1308.000000, 594.000000, 1323.000000, 531.000000, 1323.000000,   small-vehicle,   51
1387.000000, 1416.000000, 1446.000000, 1417.000000, 1446.000000, 1434.000000, 1387.000000, 1433.000000,   small-vehicle,   53
296.000000, 1454.000000, 353.000000, 1455.000000, 353.000000, 1472.000000, 296.000000, 1471.000000,   small-vehicle,   55
2905.000000, 1473.000000, 2961.000000, 1474.000000, 2962.000000, 1494.000000, 2905.000000, 1493.000000,   small-vehicle,   56
1116.000000, 1395.000000, 1173.000000, 1396.000000, 1173.000000, 1413.000000, 1116.000000, 1413.000000,   small-vehicle,   58
610.000000, 1306.000000, 662.000000, 1307.000000, 661.000000, 1323.000000, 609.000000, 1323.000000,   small-vehicle,   62
3341.000000, 1266.000000, 3378.000000, 1267.000000, 3379.000000, 1303.000000, 3342.000000, 1303.000000,   small-vehicle,   63
1119.000000, 1463.000000, 1169.000000, 1464.000000, 1169.000000, 1482.000000, 1119.000000, 1481.000000,   small-vehicle,   64
3102.000000, 1315.000000, 3157.000000, 1316.000000, 3158.000000, 1331.000000, 3102.000000, 1331.000000,   small-vehicle,   65
2130.000000, 712.000000, 2155.000000, 712.000000, 2155.000000, 743.000000, 2130.000000, 743.000000,   small-vehicle,   66
846.000000, 1396.000000, 899.000000, 1396.000000, 899.000000, 1413.000000, 846.000000, 1413.000000,   small-vehicle,   67
2634.000000, 698.000000, 2689.000000, 698.000000, 2689.000000, 717.000000, 2634.000000, 716.000000,   small-vehicle,   69
3268.000000, 1315.000000, 3326.000000, 1316.000000, 3327.000000, 1332.000000, 3268.000000, 1331.000000,   small-vehicle,   73
201.000000, 1306.000000, 251.000000, 1306.000000, 250.000000, 1323.000000, 200.000000, 1322.000000,   small-vehicle,   74
1251.000000, 985.000000, 1280.000000, 985.000000, 1280.000000, 1023.000000, 1251.000000, 1023.000000,   small-vehicle,   75
1968.000000, 990.000000, 1996.000000, 990.000000, 1997.000000, 1033.000000, 1968.000000, 1033.000000,   small-vehicle,   76
1889.000000, 1165.000000, 1915.000000, 1166.000000, 1915.000000, 1200.000000, 1889.000000, 1200.000000,   small-vehicle,   77
2721.000000, 1472.000000, 2791.000000, 1472.000000, 2791.000000, 1492.000000, 2722.000000, 1491.000000,   small-vehicle,   78
330.000000, 790.000000, 383.000000, 791.000000, 383.000000, 809.000000, 329.000000, 809.000000,   small-vehicle,   79
1542.000000, 1410.000000, 1609.000000, 1411.000000, 1609.000000, 1428.000000, 1542.000000, 1427.000000,   small-vehicle,   80
1197.000000, 1419.000000, 1251.000000, 1419.000000, 1251.000000, 1435.000000, 1197.000000, 1434.000000,   small-vehicle,   82
2605.000000, 1389.000000, 2672.000000, 1389.000000, 2673.000000, 1408.000000, 2605.000000, 1407.000000,   small-vehicle,   83
1211.000000, 1391.000000, 1274.000000, 1392.000000, 1274.000000, 1409.000000, 1211.000000, 1408.000000,   small-vehicle,   84
2900.000000, 721.000000, 2944.000000, 721.000000, 2944.000000, 733.000000, 2901.000000, 732.000000,   small-vehicle,   85
2125.000000, 903.000000, 2154.000000, 904.000000, 2155.000000, 944.000000, 2126.000000, 943.000000,   small-vehicle,   86
2404.000000, 1330.000000, 2463.000000, 1330.000000, 2463.000000, 1349.000000, 2404.000000, 1348.000000,   small-vehicle,   88
3383.000000, 1480.000000, 3437.000000, 1481.000000, 3438.000000, 1497.000000, 3383.000000, 1496.000000,   small-vehicle,   89
2029.000000, 1108.000000, 2058.000000, 1108.000000, 2059.000000, 1151.000000, 2029.000000, 1150.000000,   small-vehicle,   90
3501.000000, 1319.000000, 3568.000000, 1319.000000, 3569.000000, 1340.000000, 3502.000000, 1339.000000,   small-vehicle,   91
3085.000000, 1475.000000, 3141.000000, 1475.000000, 3141.000000, 1493.000000, 3086.000000, 1492.000000,   small-vehicle,   92
2903.000000, 1361.000000, 2959.000000, 1361.000000, 2960.000000, 1381.000000, 2903.000000, 1381.000000,   small-vehicle,   96
782.000000, 1393.000000, 833.000000, 1394.000000, 832.000000, 1413.000000, 782.000000, 1413.000000,   small-vehicle,   97
3693.000000, 1349.000000, 3756.000000, 1350.000000, 3757.000000, 1374.000000, 3693.000000, 1373.000000,   small-vehicle,   98
2828.000000, 1473.000000, 2875.000000, 1474.000000, 2875.000000, 1491.000000, 2828.000000, 1491.000000,   small-vehicle,   100
1937.000000, 1066.000000, 1966.000000, 1066.000000, 1966.000000, 1102.000000, 1937.000000, 1101.000000,   small-vehicle,   101
3528.000000, 1483.000000, 3600.000000, 1484.000000, 3601.000000, 1502.000000, 3529.000000, 1502.000000,   small-vehicle,   102
1671.000000, 1414.000000, 1733.000000, 1415.000000, 1733.000000, 1433.000000, 1671.000000, 1432.000000,   small-vehicle,   103
2931.000000, 1334.000000, 2989.000000, 1335.000000, 2990.000000, 1354.000000, 2931.000000, 1353.000000,   small-vehicle,   106
3096.000000, 1336.000000, 3169.000000, 1337.000000, 3170.000000, 1355.000000, 3097.000000, 1354.000000,   small-vehicle,   109
1907.000000, 1119.000000, 1937.000000, 1120.000000, 1937.000000, 1159.000000, 1908.000000, 1158.000000,   small-vehicle,   110
2492.000000, 1328.000000, 2559.000000, 1329.000000, 2560.000000, 1351.000000, 2492.000000, 1350.000000,   small-vehicle,   111
1030.000000, 1439.000000, 1089.000000, 1440.000000, 1088.000000, 1458.000000, 1030.000000, 1457.000000,   small-vehicle,   113
2209.000000, 1666.000000, 2249.000000, 1667.000000, 2250.000000, 1710.000000, 2210.000000, 1709.000000,   small-vehicle,   114
2390.000000, 1357.000000, 2450.000000, 1358.000000, 2451.000000, 1379.000000, 2390.000000, 1378.000000,   small-vehicle,   115
1459.000000, 1388.000000, 1519.000000, 1389.000000, 1519.000000, 1407.000000, 1459.000000, 1406.000000,   small-vehicle,   116
1011.000000, 1391.000000, 1069.000000, 1392.000000, 1069.000000, 1411.000000, 1011.000000, 1410.000000,   small-vehicle,   118
3377.000000, 1364.000000, 3445.000000, 1365.000000, 3445.000000, 1386.000000, 3378.000000, 1385.000000,   small-vehicle,   119
1857.000000, 666.000000, 1887.000000, 666.000000, 1887.000000, 700.000000, 1857.000000, 699.000000,   small-vehicle,   120
2775.000000, 693.000000, 2832.000000, 694.000000, 2833.000000, 713.000000, 2776.000000, 712.000000,   small-vehicle,   121
3021.000000, 1338.000000, 3070.000000, 1339.000000, 3071.000000, 1356.000000, 3021.000000, 1355.000000,   small-vehicle,   122
1773.000000, 1413.000000, 1827.000000, 1414.000000, 1827.000000, 1432.000000, 1773.000000, 1432.000000,   small-vehicle,   123
1112.000000, 1438.000000, 1170.000000, 1439.000000, 1170.000000, 1456.000000, 1112.000000, 1455.000000,   small-vehicle,   126
1934.000000, 776.000000, 1963.000000, 777.000000, 1963.000000, 815.000000, 1934.000000, 814.000000,   small-vehicle,   127
2920.000000, 687.000000, 2978.000000, 688.000000, 2979.000000, 707.000000, 2921.000000, 706.000000,   small-vehicle,   130
2922.000000, 1314.000000, 2973.000000, 1314.000000, 2974.000000, 1331.000000, 2922.000000, 1330.000000,   small-vehicle,   131
1248.000000, 1038.000000, 1273.000000, 1038.000000, 1273.000000, 1071.000000, 1248.000000, 1070.000000,   small-vehicle,   132
370.000000, 1453.000000, 427.000000, 1453.000000, 427.000000, 1471.000000, 370.000000, 1471.000000,   small-vehicle,   135
1399.000000, 1464.000000, 1450.000000, 1465.000000, 1450.000000, 1482.000000, 1399.000000, 1481.000000,   small-vehicle,   136
555.000000, 1460.000000, 618.000000, 1460.000000, 618.000000, 1478.000000, 555.000000, 1477.000000,   small-vehicle,   137
3398.000000, 1338.000000, 3462.000000, 1339.000000, 3463.000000, 1358.000000, 3399.000000, 1357.000000,   small-vehicle,   139
1243.000000, 1154.000000, 1269.000000, 1154.000000, 1269.000000, 1190.000000, 1243.000000, 1190.000000,   small-vehicle,   140
1889.000000, 1088.000000, 1911.000000, 1088.000000, 1911.000000, 1114.000000, 1889.000000, 1114.000000,   small-vehicle,   144
801.000000, 1437.000000, 855.000000, 1438.000000, 855.000000, 1454.000000, 801.000000, 1453.000000,   small-vehicle,   145
866.000000, 1302.000000, 916.000000, 1303.000000, 916.000000, 1321.000000, 865.000000, 1320.000000,   small-vehicle,   147
2163.000000, 1362.000000, 2193.000000, 1363.000000, 2193.000000, 1402.000000, 2164.000000, 1401.000000,   small-vehicle,   148
3286.000000, 1338.000000, 3346.000000, 1339.000000, 3346.000000, 1357.000000, 3287.000000, 1357.000000,   small-vehicle,   149
2527.000000, 1467.000000, 2595.000000, 1468.000000, 2596.000000, 1487.000000, 2527.000000, 1486.000000,   small-vehicle,   150
3685.000000, 1326.000000, 3752.000000, 1327.000000, 3752.000000, 1348.000000, 3686.000000, 1347.000000,   small-vehicle,   152
1564.000000, 1440.000000, 1613.000000, 1440.000000, 1613.000000, 1457.000000, 1564.000000, 1457.000000,   small-vehicle,   158
1464.000000, 1416.000000, 1521.000000, 1417.000000, 1521.000000, 1438.000000, 1464.000000, 1437.000000,   small-vehicle,   160
3425.000000, 1261.000000, 3464.000000, 1262.000000, 3465.000000, 1300.000000, 3426.000000, 1300.000000,   small-vehicle,   161
1296.000000, 1396.000000, 1360.000000, 1397.000000, 1360.000000, 1416.000000, 1296.000000, 1415.000000,   small-vehicle,   162
3480.000000, 1342.000000, 3549.000000, 1343.000000, 3550.000000, 1363.000000, 3480.000000, 1362.000000,   small-vehicle,   163
1609.000000, 725.000000, 1667.000000, 726.000000, 1668.000000, 743.000000, 1609.000000, 742.000000,   small-vehicle,   164
108.000000, 783.000000, 168.000000, 784.000000, 167.000000, 802.000000, 108.000000, 801.000000,   small-vehicle,   165
3305.000000, 1479.000000, 3360.000000, 1480.000000, 3360.000000, 1495.000000, 3305.000000, 1494.000000,   small-vehicle,   166
933.000000, 1390.000000, 992.000000, 1391.000000, 992.000000, 1411.000000, 933.000000, 1411.000000,   small-vehicle,   167
3205.000000, 1339.000000, 3266.000000, 1340.000000, 3266.000000, 1358.000000, 3206.000000, 1358.000000,   small-vehicle,   168
960.000000, 1461.000000, 1023.000000, 1462.000000, 1023.000000, 1482.000000, 960.000000, 1481.000000,   small-vehicle,   169
3096.000000, 1362.000000, 3160.000000, 1362.000000, 3161.000000, 1381.000000, 3096.000000, 1380.000000,   small-vehicle,   170
941.000000, 1437.000000, 1008.000000, 1437.000000, 1008.000000, 1456.000000, 941.000000, 1455.000000,   small-vehicle,   171
3477.000000, 1369.000000, 3543.000000, 1370.000000, 3543.000000, 1390.000000, 3478.000000, 1390.000000,   small-vehicle,   172
2481.000000, 706.000000, 2542.000000, 707.000000, 2543.000000, 724.000000, 2482.000000, 723.000000,   small-vehicle,   173
1358.000000, 1436.000000, 1416.000000, 1437.000000, 1416.000000, 1455.000000, 1358.000000, 1455.000000,   small-vehicle,   175
1593.000000, 1312.000000, 1651.000000, 1312.000000, 1651.000000, 1327.000000, 1593.000000, 1326.000000,   small-vehicle,   177
1256.000000, 1461.000000, 1317.000000, 1462.000000, 1317.000000, 1482.000000, 1256.000000, 1482.000000,   small-vehicle,   179
2854.000000, 1334.000000, 2916.000000, 1335.000000, 2917.000000, 1354.000000, 2854.000000, 1353.000000,   small-vehicle,   182
1341.000000, 1463.000000, 1398.000000, 1464.000000, 1398.000000, 1482.000000, 1341.000000, 1481.000000,   small-vehicle,   186
1450.000000, 718.000000, 1507.000000, 718.000000, 1508.000000, 734.000000, 1450.000000, 733.000000,   small-vehicle,   189
1291.000000, 1417.000000, 1348.000000, 1417.000000, 1348.000000, 1436.000000, 1291.000000, 1435.000000,   small-vehicle,   190
3593.000000, 1371.000000, 3670.000000, 1372.000000, 3670.000000, 1393.000000, 3593.000000, 1392.000000,   small-vehicle,   193
3352.000000, 1312.000000, 3405.000000, 1313.000000, 3407.000000, 1349.000000, 3353.000000, 1349.000000,   small-vehicle,   196
1496.000000, 1462.000000, 1555.000000, 1462.000000, 1555.000000, 1479.000000, 1496.000000, 1479.000000,   small-vehicle,   198
2790.000000, 718.000000, 2854.000000, 718.000000, 2854.000000, 736.000000, 2791.000000, 735.000000,   small-vehicle,   202
1269.000000, 1438.000000, 1320.000000, 1439.000000, 1320.000000, 1455.000000, 1269.000000, 1455.000000,   small-vehicle,   203
2341.000000, 714.000000, 2401.000000, 714.000000, 2401.000000, 729.000000, 2341.000000, 728.000000,   small-vehicle,   212
118.000000, 1413.000000, 180.000000, 1413.000000, 180.000000, 1430.000000, 118.000000, 1429.000000,   small-vehicle,   213
1043.000000, 1465.000000, 1091.000000, 1466.000000, 1091.000000, 1481.000000, 1043.000000, 1480.000000,   small-vehicle,   214
873.000000, 1435.000000, 929.000000, 1436.000000, 928.000000, 1454.000000, 873.000000, 1453.000000,   small-vehicle,   217
1865.000000, 1051.000000, 1887.000000, 1051.000000, 1888.000000, 1079.000000, 1865.000000, 1079.000000,   small-vehicle,   223
2124.000000, 1209.000000, 2162.000000, 1209.000000, 2163.000000, 1265.000000, 2125.000000, 1264.000000,   large-vehicle,   230
1729.000000, 1438.000000, 1821.000000, 1439.000000, 1821.000000, 1468.000000, 1729.000000, 1467.000000,   large-vehicle,   231
1885.000000, 941.000000, 1924.000000, 941.000000, 1924.000000, 989.000000, 1885.000000, 988.000000,   large-vehicle,   232
626.000000, 1459.000000, 701.000000, 1460.000000, 701.000000, 1482.000000, 626.000000, 1482.000000,   large-vehicle,   236
832.000000, 1460.000000, 925.000000, 1461.000000, 925.000000, 1485.000000, 832.000000, 1484.000000,   large-vehicle,   237
2210.000000, 1388.000000, 2248.000000, 1388.000000, 2249.000000, 1437.000000, 2211.000000, 1436.000000,   large-vehicle,   239
1484.000000, 1437.000000, 1545.000000, 1438.000000, 1545.000000, 1459.000000, 1485.000000, 1458.000000,   large-vehicle,   240
2768.000000, 1336.000000, 2833.000000, 1337.000000, 2833.000000, 1355.000000, 2768.000000, 1354.000000,   large-vehicle,   242
494.000000, 1441.000000, 548.000000, 1441.000000, 548.000000, 1459.000000, 494.000000, 1458.000000,   small-vehicle,   317
3061.000000, 698.000000, 3122.000000, 699.000000, 3122.000000, 717.000000, 3061.000000, 716.000000,   small-vehicle,   330
3650.000000, 1397.000000, 3729.000000, 1398.000000, 3730.000000, 1423.000000, 3651.000000, 1422.000000,   small-vehicle,   334
986.000000, 1088.000000, 1044.000000, 1089.000000, 1044.000000, 1107.000000, 986.000000, 1106.000000,   small-vehicle,   337
3317.000000, 689.000000, 3389.000000, 690.000000, 3390.000000, 723.000000, 3318.000000, 722.000000,   large-vehicle,   345
1935.000000, 1032.000000, 1965.000000, 1033.000000, 1965.000000, 1071.000000, 1935.000000, 1070.000000,   small-vehicle,   353
1133.000000, 1092.000000, 1196.000000, 1093.000000, 1196.000000, 1113.000000, 1133.000000, 1112.000000,   small-vehicle,   360
3398.000000, 685.000000, 3471.000000, 686.000000, 3472.000000, 702.000000, 3398.000000, 701.000000,   small-vehicle,   382
731.000000, 1423.000000, 785.000000, 1424.000000, 785.000000, 1442.000000, 731.000000, 1441.000000,   small-vehicle,   383
3484.000000, 686.000000, 3551.000000, 687.000000, 3552.000000, 707.000000, 3485.000000, 706.000000,   small-vehicle,   385
2676.000000, 746.000000, 2739.000000, 747.000000, 2739.000000, 776.000000, 2677.000000, 775.000000,   small-vehicle,   386
1094.000000, 1405.000000, 1158.000000, 1405.000000, 1158.000000, 1423.000000, 1094.000000, 1422.000000,   small-vehicle,   409
2010.000000, 961.000000, 2038.000000, 962.000000, 2039.000000, 1004.000000, 2010.000000, 1004.000000,   small-vehicle,   421
2020.000000, 1054.000000, 2048.000000, 1055.000000, 2048.000000, 1092.000000, 2020.000000, 1091.000000,   small-vehicle,   431
1830.000000, 612.000000, 1858.000000, 612.000000, 1859.000000, 649.000000, 1831.000000, 648.000000,   small-vehicle,   432
1860.000000, 607.000000, 1888.000000, 607.000000, 1889.000000, 643.000000, 1860.000000, 643.000000,   small-vehicle,   433
1065.000000, 1091.000000, 1121.000000, 1092.000000, 1121.000000, 1108.000000, 1065.000000, 1107.000000,   small-vehicle,   438
2940.000000, 727.000000, 3005.000000, 727.000000, 3005.000000, 747.000000, 2941.000000, 746.000000,   small-vehicle,   445
1974.000000, 925.000000, 1999.000000, 926.000000, 1999.000000, 958.000000, 1974.000000, 957.000000,   small-vehicle,   457
3164.000000, 1378.000000, 3239.000000, 1379.000000, 3239.000000, 1400.000000, 3165.000000, 1399.000000,   small-vehicle,   462
1674.000000, 1453.000000, 1733.000000, 1453.000000, 1733.000000, 1477.000000, 1674.000000, 1477.000000,   small-vehicle,   463
2993.000000, 752.000000, 3059.000000, 752.000000, 3059.000000, 770.000000, 2993.000000, 769.000000,   small-vehicle,   465
2124.000000, 572.000000, 2151.000000, 572.000000, 2151.000000, 612.000000, 2125.000000, 612.000000,   small-vehicle,   484
200.000000, 824.000000, 268.000000, 825.000000, 268.000000, 836.000000, 200.000000, 835.000000,   large-vehicle,   498
1826.000000, 577.000000, 1856.000000, 578.000000, 1856.000000, 610.000000, 1826.000000, 610.000000,   small-vehicle,   506
26.000000, 777.000000, 86.000000, 778.000000, 85.000000, 795.000000, 26.000000, 794.000000,   small-vehicle,   511
1932.000000, 837.000000, 1960.000000, 838.000000, 1960.000000, 873.000000, 1932.000000, 873.000000,   small-vehicle,   531
2678.000000, 1343.000000, 2744.000000, 1343.000000, 2745.000000, 1365.000000, 2678.000000, 1364.000000,   large-vehicle,   553
2105.000000, 500.000000, 2130.000000, 500.000000, 2131.000000, 533.000000, 2106.000000, 533.000000,   small-vehicle,   564
2141.000000, 507.000000, 2169.000000, 508.000000, 2169.000000, 542.000000, 2141.000000, 542.000000,   small-vehicle,   568
440.000000, 1433.000000, 491.000000, 1433.000000, 491.000000, 1450.000000, 440.000000, 1449.000000,   small-vehicle,   569
1488.000000, 761.000000, 1547.000000, 761.000000, 1547.000000, 775.000000, 1488.000000, 774.000000,   small-vehicle,   575
3427.000000, 739.000000, 3487.000000, 740.000000, 3488.000000, 759.000000, 3427.000000, 758.000000,   small-vehicle,   577
3559.000000, 683.000000, 3628.000000, 684.000000, 3629.000000, 704.000000, 3560.000000, 703.000000,   small-vehicle,   578
2383.000000, 1391.000000, 2445.000000, 1392.000000, 2445.000000, 1410.000000, 2383.000000, 1410.000000,   small-vehicle,   583
2137.000000, 462.000000, 2163.000000, 463.000000, 2163.000000, 498.000000, 2137.000000, 498.000000,   small-vehicle,   590
1864.000000, 992.000000, 1903.000000, 993.000000, 1904.000000, 1031.000000, 1865.000000, 1030.000000,   small-vehicle,   591
1839.000000, 471.000000, 1870.000000, 472.000000, 1870.000000, 510.000000, 1839.000000, 509.000000,   small-vehicle,   593
2540.000000, 764.000000, 2596.000000, 765.000000, 2596.000000, 781.000000, 2540.000000, 780.000000,   small-vehicle,   614
950.000000, 1402.000000, 1004.000000, 1402.000000, 1004.000000, 1421.000000, 950.000000, 1420.000000,   small-vehicle,   615
2121.000000, 418.000000, 2148.000000, 418.000000, 2149.000000, 453.000000, 2121.000000, 452.000000,   small-vehicle,   632
1893.000000, 595.000000, 1924.000000, 595.000000, 1924.000000, 638.000000, 1893.000000, 638.000000,   small-vehicle,   635
2810.000000, 755.000000, 2875.000000, 756.000000, 2876.000000, 775.000000, 2811.000000, 774.000000,   small-vehicle,   636
3570.000000, 1369.000000, 3646.000000, 1370.000000, 3647.000000, 1391.000000, 3571.000000, 1390.000000,   small-vehicle,   637
1842.000000, 403.000000, 1870.000000, 403.000000, 1870.000000, 440.000000, 1842.000000, 440.000000,   small-vehicle,   638
1809.000000, 379.000000, 1835.000000, 379.000000, 1835.000000, 412.000000, 1809.000000, 411.000000,   small-vehicle,   660
290.000000, 1388.000000, 343.000000, 1389.000000, 343.000000, 1406.000000, 290.000000, 1406.000000,   small-vehicle,   661
1933.000000, 525.000000, 1960.000000, 526.000000, 1960.000000, 562.000000, 1933.000000, 562.000000,   small-vehicle,   663
2095.000000, 1142.000000, 2128.000000, 1142.000000, 2128.000000, 1181.000000, 2095.000000, 1180.000000,   small-vehicle,   664
1597.000000, 1458.000000, 1659.000000, 1459.000000, 1659.000000, 1477.000000, 1597.000000, 1476.000000,   small-vehicle,   665
2124.000000, 371.000000, 2152.000000, 372.000000, 2152.000000, 408.000000, 2124.000000, 408.000000,   small-vehicle,   666
1996.000000, 829.000000, 2026.000000, 829.000000, 2026.000000, 860.000000, 1996.000000, 859.000000,   small-vehicle,   667
420.000000, 380.000000, 478.000000, 381.000000, 478.000000, 396.000000, 420.000000, 396.000000,   small-vehicle,   668
76.000000, 1408.000000, 149.000000, 1409.000000, 149.000000, 1430.000000, 76.000000, 1429.000000,   small-vehicle,   672
195.000000, 1433.000000, 260.000000, 1434.000000, 260.000000, 1452.000000, 195.000000, 1452.000000,   large-vehicle,   676
3625.000000, 1472.000000, 3697.000000, 1473.000000, 3697.000000, 1491.000000, 3625.000000, 1491.000000,   small-vehicle,   686
362.000000, 834.000000, 416.000000, 834.000000, 416.000000, 849.000000, 361.000000, 849.000000,   small-vehicle,   687
2581.000000, 1324.000000, 2656.000000, 1325.000000, 2657.000000, 1344.000000, 2581.000000, 1343.000000,   large-vehicle,   692
1627.000000, 1338.000000, 1688.000000, 1338.000000, 1688.000000, 1360.000000, 1627.000000, 1360.000000,   large-vehicle,   693
2475.000000, 1391.000000, 2575.000000, 1392.000000, 2575.000000, 1420.000000, 2475.000000, 1419.000000,   large-vehicle,   697
1803.000000, 339.000000, 1829.000000, 340.000000, 1829.000000, 370.000000, 1803.000000, 370.000000,   small-vehicle,   704
1842.000000, 1410.000000, 1904.000000, 1411.000000, 1904.000000, 1430.000000, 1842.000000, 1430.000000,   small-vehicle,   706
591.000000, 812.000000, 651.000000, 813.000000, 651.000000, 843.000000, 591.000000, 842.000000,   small-vehicle,   708
2120.000000, 323.000000, 2147.000000, 323.000000, 2148.000000, 357.000000, 2121.000000, 357.000000,   small-vehicle,   718
2150.000000, 1057.000000, 2182.000000, 1057.000000, 2183.000000, 1097.000000, 2151.000000, 1097.000000,   large-vehicle,   720
2549.000000, 712.000000, 2613.000000, 713.000000, 2614.000000, 732.000000, 2549.000000, 731.000000,   large-vehicle,   727
2136.000000, 863.000000, 2169.000000, 864.000000, 2169.000000, 903.000000, 2136.000000, 902.000000,   small-vehicle,   729
498.000000, 382.000000, 588.000000, 383.000000, 588.000000, 401.000000, 498.000000, 400.000000,   small-vehicle,   732
2410.000000, 766.000000, 2465.000000, 767.000000, 2465.000000, 782.000000, 2410.000000, 781.000000,   small-vehicle,   736
2889.000000, 752.000000, 2958.000000, 752.000000, 2959.000000, 772.000000, 2889.000000, 771.000000,   small-vehicle,   737
1886.000000, 426.000000, 1920.000000, 427.000000, 1921.000000, 475.000000, 1886.000000, 474.000000,   large-vehicle,   744
-14.000000, 1428.000000, 43.000000, 1429.000000, 43.000000, 1446.000000, -14.000000, 1446.000000,   small-vehicle,   755
2343.000000, 768.000000, 2400.000000, 769.000000, 2400.000000, 786.000000, 2343.000000, 786.000000,   small-vehicle,   756
160.000000, 1396.000000, 217.000000, 1397.000000, 217.000000, 1412.000000, 160.000000, 1412.000000,   small-vehicle,   759
3260.000000, 1376.000000, 3333.000000, 1377.000000, 3334.000000, 1397.000000, 3261.000000, 1396.000000,   small-vehicle,   760
2079.000000, 267.000000, 2111.000000, 267.000000, 2111.000000, 309.000000, 2080.000000, 309.000000,   small-vehicle,   761
1798.000000, 293.000000, 1829.000000, 293.000000, 1829.000000, 333.000000, 1798.000000, 333.000000,   small-vehicle,   762
2146.000000, 1342.000000, 2190.000000, 1343.000000, 2191.000000, 1389.000000, 2147.000000, 1389.000000,   small-vehicle,   763
1693.000000, 769.000000, 1745.000000, 770.000000, 1745.000000, 781.000000, 1693.000000, 780.000000,   small-vehicle,   765
3658.000000, 729.000000, 3724.000000, 730.000000, 3725.000000, 751.000000, 3659.000000, 750.000000,   small-vehicle,   767
501.000000, 383.000000, 589.000000, 384.000000, 589.000000, 403.000000, 501.000000, 402.000000,   large-vehicle,   772
2469.000000, 1347.000000, 2546.000000, 1348.000000, 2547.000000, 1371.000000, 2470.000000, 1370.000000,   large-vehicle,   775
1893.000000, 1042.000000, 1922.000000, 1043.000000, 1923.000000, 1080.000000, 1893.000000, 1079.000000,   large-vehicle,   780
2411.000000, 712.000000, 2467.000000, 713.000000, 2467.000000, 731.000000, 2411.000000, 731.000000,   small-vehicle,   783
1902.000000, 336.000000, 1929.000000, 336.000000, 1929.000000, 379.000000, 1903.000000, 379.000000,   small-vehicle,   784
2810.000000, 1373.000000, 2873.000000, 1374.000000, 2873.000000, 1392.000000, 2811.000000, 1391.000000,   small-vehicle,   785
1191.000000, 1431.000000, 1257.000000, 1432.000000, 1257.000000, 1451.000000, 1191.000000, 1450.000000,   small-vehicle,   786
3098.000000, 750.000000, 3156.000000, 751.000000, 3156.000000, 765.000000, 3098.000000, 765.000000,   small-vehicle,   789
1605.000000, 1387.000000, 1665.000000, 1388.000000, 1665.000000, 1404.000000, 1605.000000, 1403.000000,   small-vehicle,   790
3574.000000, 733.000000, 3641.000000, 734.000000, 3642.000000, 754.000000, 3574.000000, 754.000000,   small-vehicle,   792
2571.000000, 1346.000000, 2637.000000, 1347.000000, 2638.000000, 1367.000000, 2571.000000, 1366.000000,   small-vehicle,   793
1624.000000, 1334.000000, 1688.000000, 1335.000000, 1688.000000, 1356.000000, 1624.000000, 1355.000000,   small-vehicle,   796
2470.000000, 1363.000000, 2547.000000, 1364.000000, 2547.000000, 1385.000000, 2470.000000, 1384.000000,   small-vehicle,   799
2888.000000, 755.000000, 2958.000000, 755.000000, 2959.000000, 775.000000, 2888.000000, 774.000000,   large-vehicle,   801
2583.000000, 1342.000000, 2658.000000, 1343.000000, 2658.000000, 1362.000000, 2584.000000, 1361.000000,   large-vehicle,   802
1607.000000, 1384.000000, 1663.000000, 1384.000000, 1663.000000, 1402.000000, 1607.000000, 1401.000000,   large-vehicle,   804
2432.000000, 1436.000000, 2493.000000, 1437.000000, 2494.000000, 1457.000000, 2432.000000, 1457.000000,   large-vehicle,   807
2149.000000, 1340.000000, 2194.000000, 1341.000000, 2194.000000, 1388.000000, 2149.000000, 1388.000000,   large-vehicle,   809
1788.000000, 218.000000, 1817.000000, 218.000000, 1817.000000, 256.000000, 1788.000000, 256.000000,   small-vehicle,   813
3267.000000, 261.000000, 3291.000000, 261.000000, 3292.000000, 295.000000, 3268.000000, 295.000000,   small-vehicle,   815
1889.000000, 240.000000, 1920.000000, 240.000000, 1921.000000, 274.000000, 1889.000000, 274.000000,   small-vehicle,   816
1893.000000, 1038.000000, 1921.000000, 1038.000000, 1922.000000, 1078.000000, 1893.000000, 1077.000000,   small-vehicle,   817
2309.000000, 238.000000, 2356.000000, 239.000000, 2357.000000, 253.000000, 2310.000000, 252.000000,   small-vehicle,   818
2446.000000, 1447.000000, 2509.000000, 1448.000000, 2510.000000, 1469.000000, 2446.000000, 1468.000000,   small-vehicle,   820
2153.000000, 1062.000000, 2183.000000, 1062.000000, 2184.000000, 1103.000000, 2154.000000, 1102.000000,   small-vehicle,   821
193.000000, 1424.000000, 260.000000, 1425.000000, 260.000000, 1444.000000, 193.000000, 1443.000000,   small-vehicle,   822
3509.000000, 734.000000, 3567.000000, 735.000000, 3568.000000, 752.000000, 3510.000000, 751.000000,   small-vehicle,   823
2484.000000, 759.000000, 2534.000000, 760.000000, 2535.000000, 791.000000, 2484.000000, 790.000000,   small-vehicle,   824
2582.000000, 1330.000000, 2657.000000, 1331.000000, 2658.000000, 1349.000000, 2583.000000, 1348.000000,   small-vehicle,   826
1388.000000, 722.000000, 1440.000000, 723.000000, 1440.000000, 736.000000, 1388.000000, 736.000000,   small-vehicle,   827
1897.000000, 315.000000, 1928.000000, 315.000000, 1928.000000, 357.000000, 1898.000000, 357.000000,   large-vehicle,   828
2571.000000, 1360.000000, 2641.000000, 1361.000000, 2642.000000, 1382.000000, 2571.000000, 1381.000000,   large-vehicle,   829
2135.000000, 857.000000, 2167.000000, 858.000000, 2167.000000, 896.000000, 2135.000000, 896.000000,   large-vehicle,   830
2445.000000, 1447.000000, 2509.000000, 1447.000000, 2510.000000, 1470.000000, 2445.000000, 1469.000000,   large-vehicle,   831
1899.000000, 338.000000, 1929.000000, 338.000000, 1929.000000, 378.000000, 1900.000000, 377.000000,   large-vehicle,   832
2146.000000, 1341.000000, 2190.000000, 1342.000000, 2191.000000, 1390.000000, 2147.000000, 1389.000000,   large-vehicle,   833
2413.000000, 715.000000, 2466.000000, 716.000000, 2466.000000, 734.000000, 2413.000000, 733.000000,   large-vehicle,   834
3261.000000, 1379.000000, 3335.000000, 1380.000000, 3336.000000, 1400.000000, 3262.000000, 1399.000000,   large-vehicle,   835
2470.000000, 1365.000000, 2548.000000, 1365.000000, 2548.000000, 1385.000000, 2470.000000, 1384.000000,   large-vehicle,   836
2155.000000, 614.000000, 2185.000000, 614.000000, 2185.000000, 652.000000, 2155.000000, 651.000000,   large-vehicle,   837
2134.000000, 864.000000, 2168.000000, 864.000000, 2168.000000, 903.000000, 2134.000000, 902.000000,   large-vehicle,   838
2411.000000, 716.000000, 2468.000000, 717.000000, 2468.000000, 734.000000, 2411.000000, 733.000000,   small-vehicle,   839
1797.000000, 192.000000, 1818.000000, 192.000000, 1818.000000, 215.000000, 1797.000000, 215.000000,   small-vehicle,   840
2290.000000, 193.000000, 2347.000000, 194.000000, 2347.000000, 209.000000, 2291.000000, 208.000000,   small-vehicle,   841
2550.000000, 712.000000, 2614.000000, 713.000000, 2615.000000, 733.000000, 2550.000000, 733.000000,   small-vehicle,   842
1893.000000, 1041.000000, 1922.000000, 1041.000000, 1923.000000, 1082.000000, 1893.000000, 1082.000000,   small-vehicle,   843
2890.000000, 755.000000, 2959.000000, 756.000000, 2960.000000, 775.000000, 2890.000000, 774.000000,   small-vehicle,   844
2355.000000, 189.000000, 2416.000000, 190.000000, 2416.000000, 210.000000, 2355.000000, 209.000000,   small-vehicle,   845
1136.000000, 800.000000, 1190.000000, 801.000000, 1190.000000, 819.000000, 1136.000000, 818.000000,   small-vehicle,   846
1602.000000, 450.000000, 1649.000000, 451.000000, 1649.000000, 461.000000, 1602.000000, 461.000000,   small-vehicle,   847
3261.000000, 1379.000000, 3331.000000, 1380.000000, 3332.000000, 1401.000000, 3262.000000, 1400.000000,   small-vehicle,   848
463.000000, 1396.000000, 526.000000, 1397.000000, 526.000000, 1414.000000, 463.000000, 1413.000000,   small-vehicle,   849
194.000000, 1434.000000, 260.000000, 1434.000000, 260.000000, 1452.000000, 194.000000, 1452.000000,   small-vehicle,   850
2577.000000, 1366.000000, 2640.000000, 1367.000000, 2640.000000, 1387.000000, 2577.000000, 1386.000000,   small-vehicle,   851
498.000000, 384.000000, 590.000000, 385.000000, 590.000000, 403.000000, 498.000000, 402.000000,   small-vehicle,   852
3159.000000, 749.000000, 3221.000000, 750.000000, 3221.000000, 762.000000, 3159.000000, 762.000000,   small-vehicle,   853
2184.000000, 325.000000, 2199.000000, 325.000000, 2199.000000, 340.000000, 2184.000000, 339.000000,   small-vehicle,   854
1245.000000, 1197.000000, 1261.000000, 1197.000000, 1261.000000, 1217.000000, 1245.000000, 1217.000000,   small-vehicle,   855
1940.000000, 686.000000, 1982.000000, 686.000000, 1982.000000, 744.000000, 1941.000000, 744.000000,   large-vehicle,   856
2151.000000, 1062.000000, 2182.000000, 1062.000000, 2183.000000, 1103.000000, 2152.000000, 1103.000000,   large-vehicle,   857
2574.000000, 1366.000000, 2642.000000, 1367.000000, 2643.000000, 1388.000000, 2575.000000, 1387.000000,   large-vehicle,   858
1191.000000, 1431.000000, 1258.000000, 1432.000000, 1258.000000, 1451.000000, 1191.000000, 1450.000000,   large-vehicle,   859
