1848.000000, 853.000000, 1876.000000, 854.000000, 1876.000000, 888.000000, 1848.000000, 888.000000,   small-vehicle,   0
2176.000000, 895.000000, 2204.000000, 895.000000, 2204.000000, 929.000000, 2176.000000, 928.000000,   small-vehicle,   1
1854.000000, 897.000000, 1879.000000, 898.000000, 1879.000000, 930.000000, 1854.000000, 930.000000,   small-vehicle,   2
2034.000000, 1173.000000, 2063.000000, 1174.000000, 2064.000000, 1207.000000, 2035.000000, 1206.000000,   small-vehicle,   3
1863.000000, 704.000000, 1891.000000, 704.000000, 1892.000000, 739.000000, 1864.000000, 739.000000,   small-vehicle,   4
2187.000000, 1079.000000, 2216.000000, 1079.000000, 2216.000000, 1113.000000, 2187.000000, 1112.000000,   small-vehicle,   5
1234.000000, 1240.000000, 1262.000000, 1241.000000, 1262.000000, 1277.000000, 1234.000000, 1277.000000,   small-vehicle,   6
1531.000000, 1392.000000, 1584.000000, 1392.000000, 1584.000000, 1407.000000, 1531.000000, 1407.000000,   small-vehicle,   7
2163.000000, 993.000000, 2190.000000, 993.000000, 2190.000000, 1028.000000, 2164.000000, 1027.000000,   small-vehicle,   8
3186.000000, 1314.000000, 3246.000000, 1315.000000, 3246.000000, 1332.000000, 3187.000000, 1331.000000,   small-vehicle,   9
1060.000000, 1310.000000, 1110.000000, 1311.000000, 1110.000000, 1326.000000, 1060.000000, 1326.000000,   small-vehicle,   10
430.000000, 1308.000000, 488.000000, 1309.000000, 488.000000, 1325.000000, 430.000000, 1324.000000,   small-vehicle,   11
1259.000000, 886.000000, 1285.000000, 887.000000, 1285.000000, 923.000000, 1259.000000, 923.000000,   small-vehicle,   12
3601.000000, 1461.000000, 3650.000000, 1462.000000, 3651.000000, 1478.000000, 3602.000000, 1477.000000,   small-vehicle,   13
2657.000000, 1366.000000, 2712.000000, 1366.000000, 2713.000000, 1382.000000, 2657.000000, 1381.000000,   small-vehicle,   14
2054.000000, 1513.000000, 2087.000000, 1514.000000, 2087.000000, 1551.000000, 2054.000000, 1550.000000,   small-vehicle,   15
1156.000000, 1308.000000, 1210.000000, 1308.000000, 1210.000000, 1325.000000, 1156.000000, 1325.000000,   small-vehicle,   16
2170.000000, 848.000000, 2200.000000, 849.000000, 2200.000000, 889.000000, 2170.000000, 889.000000,   small-vehicle,   17
1640.000000, 1348.000000, 1697.000000, 1348.000000, 1697.000000, 1368.000000, 1640.000000, 1368.000000,   small-vehicle,   18
2141.000000, 945.000000, 2196.000000, 946.000000, 2197.000000, 982.000000, 2141.000000, 981.000000,   small-vehicle,   19
1984.000000, 1115.000000, 2015.000000, 1115.000000, 2016.000000, 1150.000000, 1985.000000, 1150.000000,   small-vehicle,   20
1876.000000, 805.000000, 1904.000000, 805.000000, 1904.000000, 844.000000, 1877.000000, 844.000000,   small-vehicle,   21
1646.000000, 1443.000000, 1705.000000, 1443.000000, 1705.000000, 1458.000000, 1646.000000, 1458.000000,   small-vehicle,   22
2468.000000, 1471.000000, 2526.000000, 1471.000000, 2526.000000, 1487.000000, 2468.000000, 1486.000000,   small-vehicle,   23
2091.000000, 1637.000000, 2123.000000, 1638.000000, 2124.000000, 1679.000000, 2091.000000, 1678.000000,   small-vehicle,   24
131.000000, 1306.000000, 189.000000, 1307.000000, 189.000000, 1323.000000, 131.000000, 1322.000000,   small-vehicle,   25
2197.000000, 1130.000000, 2224.000000, 1130.000000, 2224.000000, 1162.000000, 2198.000000, 1162.000000,   small-vehicle,   26
798.000000, 1307.000000, 854.000000, 1308.000000, 854.000000, 1325.000000, 798.000000, 1325.000000,   small-vehicle,   27
2176.000000, 1828.000000, 2204.000000, 1828.000000, 2205.000000, 1865.000000, 2176.000000, 1864.000000,   small-vehicle,   28
2242.000000, 1565.000000, 2277.000000, 1565.000000, 2277.000000, 1607.000000, 2243.000000, 1606.000000,   small-vehicle,   29
2539.000000, 1668.000000, 2605.000000, 1669.000000, 2605.000000, 1689.000000, 2539.000000, 1688.000000,   small-vehicle,   30
2131.000000, 1852.000000, 2157.000000, 1852.000000, 2158.000000, 1885.000000, 2131.000000, 1885.000000,   small-vehicle,   31
2177.000000, 1031.000000, 2212.000000, 1032.000000, 2213.000000, 1071.000000, 2177.000000, 1070.000000,   small-vehicle,   32
1927.000000, 1206.000000, 1963.000000, 1206.000000, 1964.000000, 1241.000000, 1928.000000, 1241.000000,   small-vehicle,   33
2733.000000, 1361.000000, 2795.000000, 1362.000000, 2795.000000, 1378.000000, 2733.000000, 1377.000000,   small-vehicle,   34
2200.000000, 1189.000000, 2229.000000, 1189.000000, 2229.000000, 1229.000000, 2200.000000, 1228.000000,   small-vehicle,   35
1926.000000, 909.000000, 1955.000000, 909.000000, 1956.000000, 944.000000, 1927.000000, 943.000000,   small-vehicle,   36
2152.000000, 1906.000000, 2179.000000, 1906.000000, 2179.000000, 1938.000000, 2153.000000, 1938.000000,   small-vehicle,   37
2976.000000, 1361.000000, 3039.000000, 1362.000000, 3040.000000, 1380.000000, 2976.000000, 1379.000000,   small-vehicle,   38
260.000000, 1225.000000, 284.000000, 1226.000000, 284.000000, 1257.000000, 259.000000, 1257.000000,   small-vehicle,   39
2161.000000, 1115.000000, 2190.000000, 1115.000000, 2191.000000, 1151.000000, 2162.000000, 1151.000000,   small-vehicle,   40
1274.000000, 696.000000, 1306.000000, 697.000000, 1306.000000, 730.000000, 1274.000000, 730.000000,   small-vehicle,   41
2622.000000, 1313.000000, 2675.000000, 1314.000000, 2676.000000, 1330.000000, 2622.000000, 1329.000000,   small-vehicle,   42
1259.000000, 845.000000, 1280.000000, 845.000000, 1280.000000, 875.000000, 1259.000000, 874.000000,   small-vehicle,   43
1680.000000, 1392.000000, 1744.000000, 1393.000000, 1744.000000, 1410.000000, 1680.000000, 1410.000000,   small-vehicle,   44
1388.000000, 1390.000000, 1442.000000, 1391.000000, 1442.000000, 1407.000000, 1388.000000, 1407.000000,   small-vehicle,   45
2136.000000, 797.000000, 2164.000000, 798.000000, 2165.000000, 830.000000, 2136.000000, 829.000000,   small-vehicle,   46
925.000000, 1309.000000, 984.000000, 1310.000000, 984.000000, 1328.000000, 925.000000, 1327.000000,   small-vehicle,   47
2190.000000, 991.000000, 2216.000000, 991.000000, 2216.000000, 1023.000000, 2190.000000, 1023.000000,   small-vehicle,   48
2980.000000, 1315.000000, 3036.000000, 1316.000000, 3036.000000, 1332.000000, 2980.000000, 1331.000000,   small-vehicle,   49
63.000000, 1306.000000, 123.000000, 1307.000000, 123.000000, 1326.000000, 62.000000, 1325.000000,   small-vehicle,   50
530.000000, 1307.000000, 595.000000, 1307.000000, 595.000000, 1324.000000, 530.000000, 1323.000000,   small-vehicle,   51
2065.000000, 1551.000000, 2102.000000, 1551.000000, 2103.000000, 1593.000000, 2065.000000, 1593.000000,   small-vehicle,   52
1388.000000, 1417.000000, 1445.000000, 1417.000000, 1445.000000, 1433.000000, 1388.000000, 1432.000000,   small-vehicle,   53
2652.000000, 1669.000000, 2708.000000, 1669.000000, 2708.000000, 1686.000000, 2652.000000, 1685.000000,   small-vehicle,   54
295.000000, 1455.000000, 354.000000, 1456.000000, 353.000000, 1471.000000, 295.000000, 1471.000000,   small-vehicle,   55
2904.000000, 1475.000000, 2962.000000, 1476.000000, 2962.000000, 1492.000000, 2905.000000, 1492.000000,   small-vehicle,   56
3416.000000, 1218.000000, 3444.000000, 1219.000000, 3445.000000, 1253.000000, 3417.000000, 1253.000000,   small-vehicle,   57
1115.000000, 1395.000000, 1173.000000, 1396.000000, 1173.000000, 1413.000000, 1115.000000, 1412.000000,   small-vehicle,   58
3326.000000, 1969.000000, 3357.000000, 1969.000000, 3358.000000, 2007.000000, 3327.000000, 2007.000000,   small-vehicle,   59
2127.000000, 1598.000000, 2164.000000, 1598.000000, 2165.000000, 1641.000000, 2128.000000, 1641.000000,   small-vehicle,   60
1963.000000, 1648.000000, 1989.000000, 1648.000000, 1989.000000, 1683.000000, 1964.000000, 1683.000000,   small-vehicle,   61
609.000000, 1306.000000, 662.000000, 1307.000000, 662.000000, 1323.000000, 609.000000, 1323.000000,   small-vehicle,   62
3342.000000, 1265.000000, 3376.000000, 1266.000000, 3377.000000, 1304.000000, 3343.000000, 1304.000000,   small-vehicle,   63
1120.000000, 1465.000000, 1169.000000, 1466.000000, 1169.000000, 1480.000000, 1120.000000, 1479.000000,   small-vehicle,   64
3094.000000, 1314.000000, 3165.000000, 1315.000000, 3165.000000, 1332.000000, 3095.000000, 1331.000000,   small-vehicle,   65
2118.000000, 711.000000, 2166.000000, 711.000000, 2166.000000, 744.000000, 2119.000000, 744.000000,   small-vehicle,   66
844.000000, 1395.000000, 901.000000, 1396.000000, 901.000000, 1414.000000, 844.000000, 1413.000000,   small-vehicle,   67
2288.000000, 1990.000000, 2320.000000, 1990.000000, 2321.000000, 2030.000000, 2288.000000, 2029.000000,   small-vehicle,   68
2631.000000, 696.000000, 2691.000000, 697.000000, 2692.000000, 718.000000, 2632.000000, 717.000000,   small-vehicle,   69
3689.000000, 1636.000000, 3756.000000, 1637.000000, 3756.000000, 1655.000000, 3690.000000, 1654.000000,   small-vehicle,   70
2142.000000, 1967.000000, 2168.000000, 1968.000000, 2169.000000, 2000.000000, 2142.000000, 2000.000000,   small-vehicle,   71
2387.000000, 1389.000000, 2447.000000, 1390.000000, 2447.000000, 1405.000000, 2387.000000, 1404.000000,   small-vehicle,   72
3266.000000, 1314.000000, 3328.000000, 1315.000000, 3328.000000, 1333.000000, 3267.000000, 1332.000000,   small-vehicle,   73
200.000000, 1306.000000, 252.000000, 1307.000000, 251.000000, 1322.000000, 199.000000, 1322.000000,   small-vehicle,   74
1252.000000, 988.000000, 1279.000000, 989.000000, 1279.000000, 1020.000000, 1252.000000, 1020.000000,   small-vehicle,   75
1965.000000, 990.000000, 1999.000000, 990.000000, 1999.000000, 1033.000000, 1966.000000, 1033.000000,   small-vehicle,   76
1888.000000, 1165.000000, 1916.000000, 1165.000000, 1916.000000, 1201.000000, 1888.000000, 1201.000000,   small-vehicle,   77
2721.000000, 1471.000000, 2791.000000, 1472.000000, 2791.000000, 1492.000000, 2722.000000, 1491.000000,   small-vehicle,   78
330.000000, 790.000000, 383.000000, 791.000000, 382.000000, 810.000000, 330.000000, 809.000000,   small-vehicle,   79
1545.000000, 1410.000000, 1606.000000, 1411.000000, 1606.000000, 1428.000000, 1545.000000, 1427.000000,   small-vehicle,   80
2284.000000, 1895.000000, 2311.000000, 1895.000000, 2312.000000, 1927.000000, 2284.000000, 1927.000000,   small-vehicle,   81
1198.000000, 1419.000000, 1251.000000, 1419.000000, 1251.000000, 1435.000000, 1198.000000, 1434.000000,   small-vehicle,   82
2604.000000, 1390.000000, 2673.000000, 1390.000000, 2674.000000, 1407.000000, 2604.000000, 1406.000000,   small-vehicle,   83
1211.000000, 1392.000000, 1275.000000, 1393.000000, 1275.000000, 1408.000000, 1211.000000, 1407.000000,   small-vehicle,   84
2900.000000, 719.000000, 2944.000000, 720.000000, 2945.000000, 734.000000, 2900.000000, 733.000000,   small-vehicle,   85
2125.000000, 905.000000, 2155.000000, 905.000000, 2155.000000, 942.000000, 2125.000000, 942.000000,   small-vehicle,   86
2412.000000, 706.000000, 2466.000000, 707.000000, 2466.000000, 727.000000, 2412.000000, 726.000000,   small-vehicle,   87
2405.000000, 1331.000000, 2462.000000, 1332.000000, 2462.000000, 1348.000000, 2405.000000, 1347.000000,   small-vehicle,   88
3384.000000, 1480.000000, 3436.000000, 1481.000000, 3436.000000, 1497.000000, 3385.000000, 1496.000000,   small-vehicle,   89
2029.000000, 1107.000000, 2059.000000, 1107.000000, 2059.000000, 1152.000000, 2029.000000, 1151.000000,   small-vehicle,   90
3502.000000, 1321.000000, 3568.000000, 1322.000000, 3569.000000, 1338.000000, 3502.000000, 1337.000000,   small-vehicle,   91
3084.000000, 1475.000000, 3142.000000, 1476.000000, 3142.000000, 1492.000000, 3085.000000, 1492.000000,   small-vehicle,   92
3028.000000, 1628.000000, 3083.000000, 1628.000000, 3083.000000, 1645.000000, 3028.000000, 1645.000000,   small-vehicle,   93
1892.000000, 1044.000000, 1919.000000, 1044.000000, 1920.000000, 1082.000000, 1892.000000, 1082.000000,   small-vehicle,   94
2471.000000, 1668.000000, 2531.000000, 1669.000000, 2531.000000, 1689.000000, 2471.000000, 1688.000000,   small-vehicle,   95
2902.000000, 1361.000000, 2960.000000, 1362.000000, 2961.000000, 1381.000000, 2902.000000, 1380.000000,   small-vehicle,   96
781.000000, 1394.000000, 834.000000, 1394.000000, 834.000000, 1412.000000, 781.000000, 1412.000000,   small-vehicle,   97
3695.000000, 1352.000000, 3753.000000, 1353.000000, 3754.000000, 1371.000000, 3696.000000, 1370.000000,   small-vehicle,   98
3071.000000, 1669.000000, 3128.000000, 1669.000000, 3129.000000, 1687.000000, 3071.000000, 1686.000000,   small-vehicle,   99
2827.000000, 1474.000000, 2876.000000, 1474.000000, 2876.000000, 1491.000000, 2827.000000, 1490.000000,   small-vehicle,   100
1937.000000, 1064.000000, 1966.000000, 1065.000000, 1966.000000, 1103.000000, 1937.000000, 1103.000000,   small-vehicle,   101
3529.000000, 1484.000000, 3599.000000, 1485.000000, 3599.000000, 1502.000000, 3530.000000, 1501.000000,   small-vehicle,   102
1670.000000, 1415.000000, 1734.000000, 1416.000000, 1734.000000, 1432.000000, 1670.000000, 1432.000000,   small-vehicle,   103
3325.000000, 1726.000000, 3357.000000, 1727.000000, 3358.000000, 1765.000000, 3326.000000, 1764.000000,   small-vehicle,   104
1989.000000, 1198.000000, 2023.000000, 1199.000000, 2023.000000, 1243.000000, 1989.000000, 1242.000000,   small-vehicle,   105
2931.000000, 1335.000000, 2989.000000, 1336.000000, 2989.000000, 1353.000000, 2932.000000, 1352.000000,   small-vehicle,   106
3699.000000, 1695.000000, 3729.000000, 1695.000000, 3731.000000, 1732.000000, 3700.000000, 1731.000000,   small-vehicle,   107
3505.000000, 1632.000000, 3571.000000, 1633.000000, 3571.000000, 1648.000000, 3506.000000, 1648.000000,   small-vehicle,   108
3098.000000, 1337.000000, 3168.000000, 1338.000000, 3168.000000, 1354.000000, 3098.000000, 1353.000000,   small-vehicle,   109
1906.000000, 1119.000000, 1938.000000, 1120.000000, 1938.000000, 1159.000000, 1907.000000, 1158.000000,   small-vehicle,   110
2493.000000, 1330.000000, 2558.000000, 1331.000000, 2558.000000, 1348.000000, 2494.000000, 1348.000000,   small-vehicle,   111
2967.000000, 1442.000000, 3032.000000, 1443.000000, 3033.000000, 1459.000000, 2967.000000, 1458.000000,   small-vehicle,   112
1030.000000, 1440.000000, 1088.000000, 1441.000000, 1088.000000, 1456.000000, 1030.000000, 1456.000000,   small-vehicle,   113
2213.000000, 1668.000000, 2245.000000, 1668.000000, 2245.000000, 1708.000000, 2214.000000, 1708.000000,   small-vehicle,   114
2389.000000, 1359.000000, 2451.000000, 1360.000000, 2451.000000, 1377.000000, 2390.000000, 1376.000000,   small-vehicle,   115
1458.000000, 1389.000000, 1519.000000, 1389.000000, 1519.000000, 1406.000000, 1458.000000, 1405.000000,   small-vehicle,   116
3324.000000, 1633.000000, 3387.000000, 1634.000000, 3387.000000, 1651.000000, 3325.000000, 1651.000000,   small-vehicle,   117
1011.000000, 1392.000000, 1070.000000, 1393.000000, 1070.000000, 1410.000000, 1011.000000, 1409.000000,   small-vehicle,   118
3378.000000, 1365.000000, 3444.000000, 1366.000000, 3444.000000, 1385.000000, 3379.000000, 1384.000000,   small-vehicle,   119
1860.000000, 669.000000, 1884.000000, 669.000000, 1884.000000, 696.000000, 1860.000000, 696.000000,   small-vehicle,   120
2776.000000, 692.000000, 2831.000000, 693.000000, 2832.000000, 714.000000, 2777.000000, 713.000000,   small-vehicle,   121
3013.000000, 1339.000000, 3078.000000, 1339.000000, 3078.000000, 1356.000000, 3014.000000, 1355.000000,   small-vehicle,   122
1768.000000, 1413.000000, 1832.000000, 1414.000000, 1832.000000, 1432.000000, 1768.000000, 1432.000000,   small-vehicle,   123
287.000000, 1411.000000, 344.000000, 1411.000000, 344.000000, 1428.000000, 287.000000, 1428.000000,   small-vehicle,   124
2482.000000, 1623.000000, 2541.000000, 1624.000000, 2542.000000, 1640.000000, 2482.000000, 1640.000000,   small-vehicle,   125
1112.000000, 1439.000000, 1169.000000, 1440.000000, 1169.000000, 1455.000000, 1112.000000, 1454.000000,   small-vehicle,   126
1931.000000, 774.000000, 1965.000000, 775.000000, 1966.000000, 816.000000, 1932.000000, 816.000000,   small-vehicle,   127
362.000000, 1225.000000, 387.000000, 1225.000000, 386.000000, 1260.000000, 362.000000, 1259.000000,   small-vehicle,   128
1770.000000, 1393.000000, 1830.000000, 1394.000000, 1830.000000, 1411.000000, 1770.000000, 1410.000000,   small-vehicle,   129
2919.000000, 686.000000, 2980.000000, 687.000000, 2980.000000, 708.000000, 2919.000000, 708.000000,   small-vehicle,   130
2918.000000, 1314.000000, 2977.000000, 1315.000000, 2978.000000, 1330.000000, 2918.000000, 1330.000000,   small-vehicle,   131
1250.000000, 1040.000000, 1272.000000, 1040.000000, 1272.000000, 1069.000000, 1250.000000, 1069.000000,   small-vehicle,   132
3209.000000, 1630.000000, 3270.000000, 1631.000000, 3270.000000, 1647.000000, 3209.000000, 1646.000000,   small-vehicle,   133
217.000000, 785.000000, 285.000000, 786.000000, 285.000000, 803.000000, 216.000000, 802.000000,   small-vehicle,   134
366.000000, 1453.000000, 430.000000, 1454.000000, 430.000000, 1471.000000, 366.000000, 1470.000000,   small-vehicle,   135
1401.000000, 1465.000000, 1447.000000, 1465.000000, 1447.000000, 1481.000000, 1401.000000, 1481.000000,   small-vehicle,   136
557.000000, 1460.000000, 617.000000, 1461.000000, 616.000000, 1478.000000, 556.000000, 1477.000000,   small-vehicle,   137
2205.000000, 1581.000000, 2237.000000, 1581.000000, 2237.000000, 1619.000000, 2206.000000, 1619.000000,   small-vehicle,   138
3398.000000, 1339.000000, 3462.000000, 1340.000000, 3463.000000, 1357.000000, 3399.000000, 1356.000000,   small-vehicle,   139
1244.000000, 1155.000000, 1268.000000, 1156.000000, 1268.000000, 1189.000000, 1244.000000, 1188.000000,   small-vehicle,   140
2240.000000, 1964.000000, 2267.000000, 1965.000000, 2268.000000, 2011.000000, 2240.000000, 2010.000000,   small-vehicle,   141
2013.000000, 1004.000000, 2043.000000, 1005.000000, 2044.000000, 1044.000000, 2014.000000, 1044.000000,   small-vehicle,   142
518.000000, 1413.000000, 586.000000, 1413.000000, 586.000000, 1431.000000, 518.000000, 1430.000000,   small-vehicle,   143
1887.000000, 1088.000000, 1912.000000, 1088.000000, 1913.000000, 1114.000000, 1887.000000, 1114.000000,   small-vehicle,   144
800.000000, 1437.000000, 856.000000, 1438.000000, 856.000000, 1454.000000, 800.000000, 1453.000000,   small-vehicle,   145
2550.000000, 700.000000, 2616.000000, 701.000000, 2617.000000, 724.000000, 2551.000000, 723.000000,   small-vehicle,   146
868.000000, 1303.000000, 914.000000, 1303.000000, 914.000000, 1320.000000, 867.000000, 1320.000000,   small-vehicle,   147
2158.000000, 1361.000000, 2198.000000, 1361.000000, 2198.000000, 1403.000000, 2159.000000, 1403.000000,   small-vehicle,   148
3288.000000, 1339.000000, 3344.000000, 1340.000000, 3345.000000, 1357.000000, 3288.000000, 1356.000000,   small-vehicle,   149
2526.000000, 1468.000000, 2596.000000, 1468.000000, 2596.000000, 1486.000000, 2527.000000, 1485.000000,   small-vehicle,   150
2137.000000, 862.000000, 2166.000000, 863.000000, 2166.000000, 899.000000, 2137.000000, 899.000000,   small-vehicle,   151
3686.000000, 1329.000000, 3751.000000, 1330.000000, 3752.000000, 1345.000000, 3687.000000, 1344.000000,   small-vehicle,   152
2982.000000, 685.000000, 3043.000000, 686.000000, 3044.000000, 707.000000, 2983.000000, 706.000000,   small-vehicle,   153
3127.000000, 1628.000000, 3189.000000, 1629.000000, 3190.000000, 1646.000000, 3127.000000, 1645.000000,   small-vehicle,   154
2027.000000, 1319.000000, 2070.000000, 1320.000000, 2070.000000, 1365.000000, 2027.000000, 1364.000000,   small-vehicle,   155
3167.000000, 1668.000000, 3227.000000, 1669.000000, 3228.000000, 1688.000000, 3167.000000, 1687.000000,   small-vehicle,   156
1189.000000, 1442.000000, 1254.000000, 1443.000000, 1254.000000, 1462.000000, 1189.000000, 1461.000000,   small-vehicle,   157
1564.000000, 1440.000000, 1613.000000, 1441.000000, 1613.000000, 1457.000000, 1564.000000, 1456.000000,   small-vehicle,   158
1990.000000, 1683.000000, 2015.000000, 1683.000000, 2015.000000, 1704.000000, 1990.000000, 1704.000000,   small-vehicle,   159
1462.000000, 1417.000000, 1522.000000, 1418.000000, 1522.000000, 1437.000000, 1462.000000, 1436.000000,   small-vehicle,   160
3425.000000, 1260.000000, 3464.000000, 1260.000000, 3466.000000, 1302.000000, 3426.000000, 1301.000000,   small-vehicle,   161
1299.000000, 1397.000000, 1357.000000, 1397.000000, 1357.000000, 1415.000000, 1299.000000, 1414.000000,   small-vehicle,   162
3479.000000, 1343.000000, 3549.000000, 1344.000000, 3550.000000, 1362.000000, 3480.000000, 1362.000000,   small-vehicle,   163
1607.000000, 724.000000, 1670.000000, 725.000000, 1670.000000, 744.000000, 1607.000000, 744.000000,   small-vehicle,   164
108.000000, 783.000000, 168.000000, 784.000000, 168.000000, 802.000000, 107.000000, 801.000000,   small-vehicle,   165
3304.000000, 1480.000000, 3361.000000, 1481.000000, 3362.000000, 1494.000000, 3304.000000, 1494.000000,   small-vehicle,   166
935.000000, 1391.000000, 990.000000, 1392.000000, 990.000000, 1410.000000, 935.000000, 1410.000000,   small-vehicle,   167
3204.000000, 1340.000000, 3267.000000, 1341.000000, 3267.000000, 1357.000000, 3205.000000, 1357.000000,   small-vehicle,   168
961.000000, 1462.000000, 1022.000000, 1463.000000, 1022.000000, 1481.000000, 961.000000, 1481.000000,   small-vehicle,   169
3096.000000, 1363.000000, 3160.000000, 1363.000000, 3161.000000, 1380.000000, 3096.000000, 1379.000000,   small-vehicle,   170
942.000000, 1437.000000, 1008.000000, 1438.000000, 1007.000000, 1456.000000, 942.000000, 1455.000000,   small-vehicle,   171
3477.000000, 1371.000000, 3543.000000, 1371.000000, 3543.000000, 1389.000000, 3478.000000, 1388.000000,   small-vehicle,   172
2480.000000, 705.000000, 2544.000000, 706.000000, 2544.000000, 725.000000, 2480.000000, 724.000000,   small-vehicle,   173
2252.000000, 1648.000000, 2286.000000, 1648.000000, 2287.000000, 1692.000000, 2253.000000, 1692.000000,   small-vehicle,   174
1358.000000, 1436.000000, 1417.000000, 1437.000000, 1417.000000, 1455.000000, 1358.000000, 1454.000000,   small-vehicle,   175
3319.000000, 1884.000000, 3366.000000, 1884.000000, 3367.000000, 1920.000000, 3320.000000, 1919.000000,   small-vehicle,   176
1592.000000, 1310.000000, 1652.000000, 1311.000000, 1652.000000, 1328.000000, 1592.000000, 1328.000000,   small-vehicle,   177
2820.000000, 1363.000000, 2884.000000, 1364.000000, 2884.000000, 1381.000000, 2821.000000, 1380.000000,   small-vehicle,   178
1254.000000, 1462.000000, 1319.000000, 1463.000000, 1319.000000, 1481.000000, 1254.000000, 1480.000000,   small-vehicle,   179
2154.000000, 1062.000000, 2183.000000, 1062.000000, 2183.000000, 1100.000000, 2154.000000, 1100.000000,   small-vehicle,   180
693.000000, 1831.000000, 727.000000, 1831.000000, 726.000000, 1872.000000, 693.000000, 1872.000000,   small-vehicle,   181
2852.000000, 1335.000000, 2918.000000, 1336.000000, 2919.000000, 1354.000000, 2852.000000, 1353.000000,   small-vehicle,   182
634.000000, 1438.000000, 691.000000, 1439.000000, 690.000000, 1456.000000, 633.000000, 1456.000000,   small-vehicle,   183
1604.000000, 1393.000000, 1662.000000, 1393.000000, 1662.000000, 1410.000000, 1604.000000, 1409.000000,   small-vehicle,   185
1342.000000, 1464.000000, 1398.000000, 1465.000000, 1398.000000, 1481.000000, 1342.000000, 1480.000000,   small-vehicle,   186
2672.000000, 1695.000000, 2703.000000, 1696.000000, 2704.000000, 1736.000000, 2673.000000, 1735.000000,   small-vehicle,   187
2576.000000, 1361.000000, 2642.000000, 1362.000000, 2642.000000, 1379.000000, 2577.000000, 1378.000000,   small-vehicle,   188
1448.000000, 715.000000, 1510.000000, 716.000000, 1510.000000, 736.000000, 1448.000000, 735.000000,   small-vehicle,   189
1289.000000, 1418.000000, 1349.000000, 1418.000000, 1349.000000, 1435.000000, 1289.000000, 1434.000000,   small-vehicle,   190
1666.000000, 1465.000000, 1724.000000, 1466.000000, 1724.000000, 1484.000000, 1666.000000, 1483.000000,   small-vehicle,   191
2777.000000, 1442.000000, 2848.000000, 1443.000000, 2849.000000, 1460.000000, 2777.000000, 1459.000000,   small-vehicle,   192
3596.000000, 1372.000000, 3666.000000, 1373.000000, 3667.000000, 1391.000000, 3597.000000, 1390.000000,   small-vehicle,   193
2618.000000, 1627.000000, 2652.000000, 1627.000000, 2653.000000, 1641.000000, 2618.000000, 1640.000000,   small-vehicle,   194
3259.000000, 1940.000000, 3286.000000, 1940.000000, 3287.000000, 1977.000000, 3260.000000, 1976.000000,   small-vehicle,   195
3351.000000, 1312.000000, 3406.000000, 1313.000000, 3407.000000, 1349.000000, 3353.000000, 1349.000000,   small-vehicle,   196
2242.000000, 1842.000000, 2267.000000, 1842.000000, 2268.000000, 1878.000000, 2243.000000, 1878.000000,   small-vehicle,   197
1506.000000, 1463.000000, 1546.000000, 1463.000000, 1546.000000, 1478.000000, 1506.000000, 1477.000000,   small-vehicle,   198
1863.000000, 992.000000, 1899.000000, 993.000000, 1900.000000, 1034.000000, 1864.000000, 1033.000000,   small-vehicle,   199
3329.000000, 1928.000000, 3360.000000, 1928.000000, 3361.000000, 1964.000000, 3330.000000, 1964.000000,   small-vehicle,   200
3663.000000, 1736.000000, 3693.000000, 1736.000000, 3694.000000, 1764.000000, 3664.000000, 1764.000000,   small-vehicle,   201
2788.000000, 718.000000, 2856.000000, 719.000000, 2856.000000, 735.000000, 2789.000000, 734.000000,   small-vehicle,   202
1270.000000, 1439.000000, 1320.000000, 1440.000000, 1320.000000, 1454.000000, 1270.000000, 1454.000000,   small-vehicle,   203
1695.000000, 1319.000000, 1744.000000, 1319.000000, 1744.000000, 1334.000000, 1695.000000, 1333.000000,   small-vehicle,   204
3224.000000, 1447.000000, 3292.000000, 1448.000000, 3293.000000, 1466.000000, 3225.000000, 1465.000000,   small-vehicle,   205
3185.000000, 1361.000000, 3254.000000, 1362.000000, 3254.000000, 1383.000000, 3186.000000, 1382.000000,   small-vehicle,   206
2220.000000, 1766.000000, 2253.000000, 1767.000000, 2253.000000, 1812.000000, 2221.000000, 1811.000000,   small-vehicle,   207
675.000000, 1943.000000, 700.000000, 1943.000000, 700.000000, 1973.000000, 675.000000, 1973.000000,   small-vehicle,   208
3596.000000, 1346.000000, 3672.000000, 1347.000000, 3673.000000, 1366.000000, 3597.000000, 1365.000000,   small-vehicle,   209
2471.000000, 1358.000000, 2548.000000, 1359.000000, 2548.000000, 1380.000000, 2472.000000, 1379.000000,   small-vehicle,   210
1598.000000, 1464.000000, 1656.000000, 1465.000000, 1656.000000, 1482.000000, 1598.000000, 1481.000000,   small-vehicle,   211
2339.000000, 712.000000, 2403.000000, 712.000000, 2403.000000, 731.000000, 2339.000000, 730.000000,   small-vehicle,   212
118.000000, 1412.000000, 181.000000, 1413.000000, 181.000000, 1431.000000, 117.000000, 1430.000000,   small-vehicle,   213
1043.000000, 1465.000000, 1091.000000, 1465.000000, 1091.000000, 1481.000000, 1043.000000, 1480.000000,   small-vehicle,   214
2224.000000, 1135.000000, 2243.000000, 1136.000000, 2243.000000, 1161.000000, 2224.000000, 1161.000000,   small-vehicle,   215
52.000000, 1460.000000, 87.000000, 1461.000000, 86.000000, 1473.000000, 52.000000, 1473.000000,   small-vehicle,   216
874.000000, 1435.000000, 928.000000, 1435.000000, 928.000000, 1454.000000, 874.000000, 1453.000000,   small-vehicle,   217
3288.000000, 1364.000000, 3360.000000, 1365.000000, 3360.000000, 1383.000000, 3288.000000, 1382.000000,   small-vehicle,   218
73.000000, 1433.000000, 147.000000, 1434.000000, 146.000000, 1454.000000, 72.000000, 1453.000000,   small-vehicle,   219
2126.000000, 1903.000000, 2148.000000, 1903.000000, 2148.000000, 1929.000000, 2126.000000, 1928.000000,   small-vehicle,   220
2584.000000, 1337.000000, 2660.000000, 1338.000000, 2661.000000, 1354.000000, 2585.000000, 1353.000000,   small-vehicle,   222
1865.000000, 1052.000000, 1887.000000, 1052.000000, 1888.000000, 1078.000000, 1865.000000, 1077.000000,   small-vehicle,   223
485.000000, 1304.000000, 517.000000, 1304.000000, 517.000000, 1313.000000, 485.000000, 1313.000000,   small-vehicle,   224
3695.000000, 703.000000, 3736.000000, 704.000000, 3737.000000, 720.000000, 3696.000000, 720.000000,   small-vehicle,   225
2798.000000, 1306.000000, 2827.000000, 1307.000000, 2828.000000, 1319.000000, 2798.000000, 1318.000000,   small-vehicle,   226
3266.000000, 1895.000000, 3294.000000, 1895.000000, 3295.000000, 1929.000000, 3267.000000, 1929.000000,   small-vehicle,   227
189.000000, 1454.000000, 253.000000, 1455.000000, 252.000000, 1472.000000, 188.000000, 1471.000000,   small-vehicle,   229
2121.000000, 1209.000000, 2165.000000, 1210.000000, 2166.000000, 1264.000000, 2122.000000, 1264.000000,   large-vehicle,   230
1727.000000, 1440.000000, 1822.000000, 1441.000000, 1822.000000, 1466.000000, 1727.000000, 1465.000000,   large-vehicle,   231
1884.000000, 940.000000, 1925.000000, 940.000000, 1925.000000, 990.000000, 1884.000000, 990.000000,   large-vehicle,   232
2072.000000, 1442.000000, 2116.000000, 1443.000000, 2117.000000, 1492.000000, 2072.000000, 1492.000000,   large-vehicle,   233
2106.000000, 1754.000000, 2150.000000, 1755.000000, 2151.000000, 1812.000000, 2107.000000, 1812.000000,   large-vehicle,   234
3693.000000, 1488.000000, 3766.000000, 1488.000000, 3767.000000, 1512.000000, 3694.000000, 1511.000000,   large-vehicle,   235
622.000000, 1459.000000, 705.000000, 1460.000000, 704.000000, 1483.000000, 622.000000, 1482.000000,   large-vehicle,   236
830.000000, 1460.000000, 927.000000, 1461.000000, 927.000000, 1485.000000, 830.000000, 1484.000000,   large-vehicle,   237
2681.000000, 1335.000000, 2747.000000, 1336.000000, 2747.000000, 1356.000000, 2682.000000, 1355.000000,   large-vehicle,   238
2208.000000, 1387.000000, 2250.000000, 1387.000000, 2251.000000, 1438.000000, 2209.000000, 1437.000000,   large-vehicle,   239
1484.000000, 1437.000000, 1546.000000, 1438.000000, 1546.000000, 1459.000000, 1484.000000, 1458.000000,   large-vehicle,   240
1259.000000, 1279.000000, 1317.000000, 1279.000000, 1317.000000, 1327.000000, 1259.000000, 1326.000000,   large-vehicle,   241
2763.000000, 1336.000000, 2838.000000, 1337.000000, 2838.000000, 1355.000000, 2763.000000, 1354.000000,   large-vehicle,   242
2475.000000, 1382.000000, 2582.000000, 1383.000000, 2583.000000, 1410.000000, 2475.000000, 1409.000000,   large-vehicle,   243
2718.000000, 1690.000000, 2747.000000, 1690.000000, 2748.000000, 1739.000000, 2719.000000, 1739.000000,   large-vehicle,   244
2584.000000, 1336.000000, 2664.000000, 1337.000000, 2664.000000, 1353.000000, 2584.000000, 1352.000000,   large-vehicle,   246
2244.000000, 1904.000000, 2271.000000, 1904.000000, 2272.000000, 1948.000000, 2245.000000, 1947.000000,   large-vehicle,   247
2218.000000, 1766.000000, 2253.000000, 1766.000000, 2254.000000, 1813.000000, 2218.000000, 1812.000000,   large-vehicle,   248
190.000000, 1454.000000, 253.000000, 1455.000000, 252.000000, 1473.000000, 189.000000, 1472.000000,   large-vehicle,   250
1191.000000, 1442.000000, 1257.000000, 1443.000000, 1257.000000, 1462.000000, 1191.000000, 1461.000000,   large-vehicle,   251
2472.000000, 1357.000000, 2551.000000, 1358.000000, 2551.000000, 1380.000000, 2472.000000, 1380.000000,   large-vehicle,   252
2096.000000, 1706.000000, 2133.000000, 1706.000000, 2134.000000, 1751.000000, 2096.000000, 1750.000000,   large-vehicle,   253
2577.000000, 1361.000000, 2644.000000, 1362.000000, 2644.000000, 1380.000000, 2578.000000, 1379.000000,   large-vehicle,   254
2153.000000, 1063.000000, 2184.000000, 1063.000000, 2184.000000, 1100.000000, 2153.000000, 1100.000000,   large-vehicle,   256
73.000000, 1434.000000, 146.000000, 1435.000000, 145.000000, 1454.000000, 72.000000, 1453.000000,   large-vehicle,   258
1863.000000, 994.000000, 1900.000000, 994.000000, 1901.000000, 1033.000000, 1864.000000, 1033.000000,   large-vehicle,   259
3597.000000, 1345.000000, 3674.000000, 1346.000000, 3674.000000, 1367.000000, 3597.000000, 1366.000000,   large-vehicle,   264
3269.000000, 1853.000000, 3293.000000, 1853.000000, 3293.000000, 1882.000000, 3270.000000, 1882.000000,   small-vehicle,   265
147.000000, 1335.000000, 253.000000, 1336.000000, 253.000000, 1365.000000, 146.000000, 1363.000000,   large-vehicle,   266
3267.000000, 1448.000000, 3337.000000, 1448.000000, 3337.000000, 1467.000000, 3268.000000, 1466.000000,   large-vehicle,   268
1380.000000, 715.000000, 1438.000000, 715.000000, 1438.000000, 733.000000, 1380.000000, 732.000000,   small-vehicle,   269
3762.000000, 1678.000000, 3807.000000, 1678.000000, 3808.000000, 1694.000000, 3762.000000, 1693.000000,   small-vehicle,   270
3272.000000, 1768.000000, 3296.000000, 1768.000000, 3297.000000, 1796.000000, 3273.000000, 1796.000000,   small-vehicle,   271
2242.000000, 1841.000000, 2269.000000, 1841.000000, 2270.000000, 1879.000000, 2243.000000, 1879.000000,   large-vehicle,   274
2808.000000, 1443.000000, 2875.000000, 1444.000000, 2875.000000, 1461.000000, 2808.000000, 1460.000000,   large-vehicle,   275
1865.000000, 993.000000, 1901.000000, 993.000000, 1901.000000, 1032.000000, 1865.000000, 1031.000000,   large-vehicle,   276
2251.000000, 1638.000000, 2285.000000, 1639.000000, 2285.000000, 1683.000000, 2252.000000, 1683.000000,   large-vehicle,   277
3290.000000, 1362.000000, 3363.000000, 1363.000000, 3364.000000, 1384.000000, 3291.000000, 1383.000000,   large-vehicle,   278
1839.000000, 1295.000000, 1902.000000, 1296.000000, 1902.000000, 1338.000000, 1839.000000, 1337.000000,   large-vehicle,   279
1995.000000, 1226.000000, 2026.000000, 1226.000000, 2026.000000, 1273.000000, 1995.000000, 1272.000000,   large-vehicle,   280
1606.000000, 1392.000000, 1663.000000, 1392.000000, 1663.000000, 1409.000000, 1606.000000, 1409.000000,   large-vehicle,   281
2473.000000, 1358.000000, 2555.000000, 1359.000000, 2555.000000, 1380.000000, 2473.000000, 1379.000000,   large-vehicle,   282
2833.000000, 1442.000000, 2904.000000, 1443.000000, 2905.000000, 1460.000000, 2833.000000, 1459.000000,   large-vehicle,   283
1597.000000, 1465.000000, 1659.000000, 1466.000000, 1659.000000, 1480.000000, 1597.000000, 1479.000000,   large-vehicle,   284
3352.000000, 1312.000000, 3406.000000, 1313.000000, 3408.000000, 1349.000000, 3353.000000, 1349.000000,   large-vehicle,   285
2820.000000, 1362.000000, 2884.000000, 1363.000000, 2884.000000, 1382.000000, 2821.000000, 1381.000000,   large-vehicle,   286
2039.000000, 1348.000000, 2083.000000, 1348.000000, 2084.000000, 1396.000000, 2040.000000, 1395.000000,   large-vehicle,   287
1191.000000, 1441.000000, 1256.000000, 1442.000000, 1256.000000, 1461.000000, 1191.000000, 1460.000000,   small-vehicle,   288
2252.000000, 1638.000000, 2284.000000, 1639.000000, 2284.000000, 1683.000000, 2253.000000, 1682.000000,   small-vehicle,   289
2155.000000, 1062.000000, 2184.000000, 1062.000000, 2184.000000, 1101.000000, 2155.000000, 1100.000000,   small-vehicle,   290
3697.000000, 1741.000000, 3734.000000, 1741.000000, 3735.000000, 1776.000000, 3699.000000, 1776.000000,   small-vehicle,   291
2220.000000, 1756.000000, 2252.000000, 1756.000000, 2253.000000, 1801.000000, 2220.000000, 1800.000000,   small-vehicle,   292
2576.000000, 1361.000000, 2643.000000, 1362.000000, 2643.000000, 1379.000000, 2577.000000, 1378.000000,   small-vehicle,   293
435.000000, 1459.000000, 485.000000, 1460.000000, 485.000000, 1473.000000, 435.000000, 1473.000000,   small-vehicle,   294
490.000000, 1460.000000, 544.000000, 1461.000000, 544.000000, 1476.000000, 490.000000, 1475.000000,   small-vehicle,   295
1836.000000, 1295.000000, 1902.000000, 1295.000000, 1902.000000, 1337.000000, 1837.000000, 1336.000000,   small-vehicle,   296
3286.000000, 1363.000000, 3362.000000, 1364.000000, 3363.000000, 1384.000000, 3287.000000, 1383.000000,   small-vehicle,   297
769.000000, 1573.000000, 821.000000, 1574.000000, 821.000000, 1596.000000, 768.000000, 1595.000000,   small-vehicle,   298
2685.000000, 1623.000000, 2739.000000, 1624.000000, 2740.000000, 1643.000000, 2686.000000, 1642.000000,   small-vehicle,   299
3287.000000, 1363.000000, 3360.000000, 1364.000000, 3361.000000, 1382.000000, 3288.000000, 1381.000000,   large-vehicle,   300
3273.000000, 1448.000000, 3344.000000, 1448.000000, 3344.000000, 1468.000000, 3274.000000, 1468.000000,   large-vehicle,   301
