1888.000000, 926.000000, 1915.000000, 926.000000, 1915.000000, 960.000000, 1888.000000, 960.000000,   small-vehicle,   0
2214.000000, 963.000000, 2243.000000, 963.000000, 2243.000000, 997.000000, 2214.000000, 997.000000,   small-vehicle,   1
1892.000000, 967.000000, 1918.000000, 967.000000, 1918.000000, 1001.000000, 1892.000000, 1001.000000,   small-vehicle,   2
2070.000000, 1239.000000, 2095.000000, 1239.000000, 2095.000000, 1266.000000, 2070.000000, 1266.000000,   small-vehicle,   3
1907.000000, 780.000000, 1931.000000, 780.000000, 1931.000000, 813.000000, 1907.000000, 813.000000,   small-vehicle,   4
2222.000000, 1144.000000, 2251.000000, 1144.000000, 2251.000000, 1178.000000, 2222.000000, 1178.000000,   small-vehicle,   5
2200.000000, 1056.000000, 2227.000000, 1056.000000, 2227.000000, 1094.000000, 2200.000000, 1094.000000,   small-vehicle,   8
1297.000000, 960.000000, 1325.000000, 960.000000, 1325.000000, 999.000000, 1297.000000, 999.000000,   small-vehicle,   12
2210.000000, 920.000000, 2241.000000, 920.000000, 2241.000000, 957.000000, 2210.000000, 957.000000,   small-vehicle,   17
2182.000000, 1015.000000, 2235.000000, 1015.000000, 2235.000000, 1050.000000, 2182.000000, 1050.000000,   small-vehicle,   19
1916.000000, 876.000000, 1943.000000, 876.000000, 1943.000000, 912.000000, 1916.000000, 912.000000,   small-vehicle,   21
2230.000000, 1192.000000, 2261.000000, 1192.000000, 2261.000000, 1228.000000, 2230.000000, 1228.000000,   small-vehicle,   26
2138.000000, 1045.000000, 2173.000000, 1045.000000, 2173.000000, 1087.000000, 2138.000000, 1087.000000,   small-vehicle,   29
2213.000000, 1098.000000, 2249.000000, 1098.000000, 2249.000000, 1138.000000, 2213.000000, 1138.000000,   small-vehicle,   32
1978.000000, 1180.000000, 2003.000000, 1180.000000, 2003.000000, 1216.000000, 1978.000000, 1216.000000,   small-vehicle,   36
2197.000000, 1177.000000, 2225.000000, 1177.000000, 2225.000000, 1216.000000, 2197.000000, 1216.000000,   small-vehicle,   40
1238.000000, 878.000000, 1291.000000, 878.000000, 1291.000000, 897.000000, 1238.000000, 897.000000,   small-vehicle,   41
2230.000000, 1250.000000, 2264.000000, 1250.000000, 2264.000000, 1291.000000, 2230.000000, 1291.000000,   small-vehicle,   42
1298.000000, 923.000000, 1324.000000, 923.000000, 1324.000000, 954.000000, 1298.000000, 954.000000,   small-vehicle,   43
2178.000000, 862.000000, 2205.000000, 862.000000, 2205.000000, 904.000000, 2178.000000, 904.000000,   small-vehicle,   46
2228.000000, 1058.000000, 2253.000000, 1058.000000, 2253.000000, 1090.000000, 2228.000000, 1090.000000,   small-vehicle,   48
2132.000000, 294.000000, 2192.000000, 294.000000, 2192.000000, 324.000000, 2132.000000, 324.000000,   small-vehicle,   66
1287.000000, 1053.000000, 1316.000000, 1053.000000, 1316.000000, 1091.000000, 1287.000000, 1091.000000,   small-vehicle,   75
2024.000000, 1218.000000, 2050.000000, 1218.000000, 2050.000000, 1260.000000, 2024.000000, 1260.000000,   small-vehicle,   76
1923.000000, 1228.000000, 1947.000000, 1228.000000, 1947.000000, 1260.000000, 1923.000000, 1260.000000,   small-vehicle,   77
388.000000, 924.000000, 443.000000, 924.000000, 443.000000, 939.000000, 388.000000, 939.000000,   small-vehicle,   79
2863.000000, 802.000000, 2905.000000, 802.000000, 2905.000000, 813.000000, 2863.000000, 813.000000,   small-vehicle,   85
2165.000000, 973.000000, 2193.000000, 973.000000, 2193.000000, 1013.000000, 2165.000000, 1013.000000,   small-vehicle,   86
2065.000000, 1174.000000, 2093.000000, 1174.000000, 2093.000000, 1216.000000, 2065.000000, 1216.000000,   small-vehicle,   90
1969.000000, 1231.000000, 1997.000000, 1231.000000, 1997.000000, 1265.000000, 1969.000000, 1265.000000,   small-vehicle,   101
1942.000000, 1184.000000, 1972.000000, 1184.000000, 1972.000000, 1223.000000, 1942.000000, 1223.000000,   small-vehicle,   110
2117.000000, 1145.000000, 2147.000000, 1145.000000, 2147.000000, 1184.000000, 2117.000000, 1184.000000,   small-vehicle,   114
1898.000000, 740.000000, 1929.000000, 740.000000, 1929.000000, 773.000000, 1898.000000, 773.000000,   small-vehicle,   120
2012.000000, 1163.000000, 2043.000000, 1163.000000, 2043.000000, 1203.000000, 2012.000000, 1203.000000,   small-vehicle,   127
1284.000000, 1103.000000, 1310.000000, 1103.000000, 1310.000000, 1136.000000, 1284.000000, 1136.000000,   small-vehicle,   132
1278.000000, 1214.000000, 1303.000000, 1214.000000, 1303.000000, 1248.000000, 1278.000000, 1248.000000,   small-vehicle,   140
1928.000000, 1155.000000, 1947.000000, 1155.000000, 1947.000000, 1179.000000, 1928.000000, 1179.000000,   small-vehicle,   144
2066.000000, 399.000000, 2096.000000, 399.000000, 2096.000000, 436.000000, 2066.000000, 436.000000,   small-vehicle,   148
1646.000000, 805.000000, 1706.000000, 805.000000, 1706.000000, 821.000000, 1646.000000, 821.000000,   small-vehicle,   164
131.000000, 912.000000, 201.000000, 912.000000, 201.000000, 930.000000, 131.000000, 930.000000,   small-vehicle,   165
2755.000000, 799.000000, 2825.000000, 799.000000, 2825.000000, 816.000000, 2755.000000, 816.000000,   small-vehicle,   202
1898.000000, 1119.000000, 1925.000000, 1119.000000, 1925.000000, 1153.000000, 1898.000000, 1153.000000,   small-vehicle,   223
2031.000000, 184.000000, 2069.000000, 184.000000, 2069.000000, 240.000000, 2031.000000, 240.000000,   large-vehicle,   230
1922.000000, 1012.000000, 1963.000000, 1012.000000, 1963.000000, 1059.000000, 1922.000000, 1059.000000,   large-vehicle,   232
2123.000000, 754.000000, 2156.000000, 754.000000, 2156.000000, 800.000000, 2123.000000, 800.000000,   large-vehicle,   239
1016.000000, 1165.000000, 1075.000000, 1165.000000, 1075.000000, 1183.000000, 1016.000000, 1183.000000,   small-vehicle,   337
1973.000000, 1122.000000, 2002.000000, 1122.000000, 2002.000000, 1159.000000, 1973.000000, 1159.000000,   small-vehicle,   353
2726.000000, 818.000000, 2790.000000, 818.000000, 2790.000000, 844.000000, 2726.000000, 844.000000,   small-vehicle,   386
2050.000000, 1059.000000, 2080.000000, 1059.000000, 2080.000000, 1101.000000, 2050.000000, 1101.000000,   small-vehicle,   421
2056.000000, 1118.000000, 2085.000000, 1118.000000, 2085.000000, 1157.000000, 2056.000000, 1157.000000,   small-vehicle,   431
1869.000000, 685.000000, 1897.000000, 685.000000, 1897.000000, 721.000000, 1869.000000, 721.000000,   small-vehicle,   432
1898.000000, 681.000000, 1929.000000, 681.000000, 1929.000000, 716.000000, 1898.000000, 716.000000,   small-vehicle,   433
2974.000000, 794.000000, 3040.000000, 794.000000, 3040.000000, 811.000000, 2974.000000, 811.000000,   small-vehicle,   445
2018.000000, 1101.000000, 2045.000000, 1101.000000, 2045.000000, 1133.000000, 2018.000000, 1133.000000,   small-vehicle,   457
226.000000, 916.000000, 298.000000, 916.000000, 298.000000, 929.000000, 226.000000, 929.000000,   large-vehicle,   498
1981.000000, 1050.000000, 2007.000000, 1050.000000, 2007.000000, 1085.000000, 1981.000000, 1085.000000,   small-vehicle,   531
2149.000000, 571.000000, 2175.000000, 571.000000, 2175.000000, 604.000000, 2149.000000, 604.000000,   small-vehicle,   564
2186.000000, 580.000000, 2214.000000, 580.000000, 2214.000000, 613.000000, 2186.000000, 613.000000,   small-vehicle,   568
1526.000000, 835.000000, 1583.000000, 835.000000, 1583.000000, 850.000000, 1526.000000, 850.000000,   small-vehicle,   575
3482.000000, 804.000000, 3547.000000, 804.000000, 3547.000000, 821.000000, 3482.000000, 821.000000,   small-vehicle,   577
2181.000000, 534.000000, 2208.000000, 534.000000, 2208.000000, 572.000000, 2181.000000, 572.000000,   small-vehicle,   590
1900.000000, 1062.000000, 1940.000000, 1062.000000, 1940.000000, 1099.000000, 1900.000000, 1099.000000,   small-vehicle,   591
1879.000000, 546.000000, 1912.000000, 546.000000, 1912.000000, 583.000000, 1879.000000, 583.000000,   small-vehicle,   593
2583.000000, 832.000000, 2644.000000, 832.000000, 2644.000000, 847.000000, 2583.000000, 847.000000,   small-vehicle,   614
2166.000000, 490.000000, 2194.000000, 490.000000, 2194.000000, 524.000000, 2166.000000, 524.000000,   small-vehicle,   632
1954.000000, 884.000000, 1985.000000, 884.000000, 1985.000000, 928.000000, 1954.000000, 928.000000,   small-vehicle,   635
2860.000000, 821.000000, 2924.000000, 821.000000, 2924.000000, 840.000000, 2860.000000, 840.000000,   small-vehicle,   636
1849.000000, 453.000000, 1877.000000, 453.000000, 1877.000000, 486.000000, 1849.000000, 486.000000,   small-vehicle,   660
2109.000000, 974.000000, 2138.000000, 974.000000, 2138.000000, 1011.000000, 2109.000000, 1011.000000,   small-vehicle,   664
2169.000000, 442.000000, 2197.000000, 442.000000, 2197.000000, 478.000000, 2169.000000, 478.000000,   small-vehicle,   666
2044.000000, 966.000000, 2073.000000, 966.000000, 2073.000000, 996.000000, 2044.000000, 996.000000,   small-vehicle,   667
447.000000, 481.000000, 501.000000, 481.000000, 501.000000, 494.000000, 447.000000, 494.000000,   small-vehicle,   668
1845.000000, 414.000000, 1871.000000, 414.000000, 1871.000000, 444.000000, 1845.000000, 444.000000,   small-vehicle,   704
2169.000000, 395.000000, 2194.000000, 395.000000, 2194.000000, 430.000000, 2169.000000, 430.000000,   small-vehicle,   718
2453.000000, 835.000000, 2508.000000, 835.000000, 2508.000000, 849.000000, 2453.000000, 849.000000,   small-vehicle,   736
1941.000000, 711.000000, 1975.000000, 711.000000, 1975.000000, 758.000000, 1941.000000, 758.000000,   large-vehicle,   744
2388.000000, 837.000000, 2445.000000, 837.000000, 2445.000000, 854.000000, 2388.000000, 854.000000,   small-vehicle,   756
2125.000000, 338.000000, 2159.000000, 338.000000, 2159.000000, 381.000000, 2125.000000, 381.000000,   small-vehicle,   761
1841.000000, 369.000000, 1869.000000, 369.000000, 1869.000000, 405.000000, 1841.000000, 405.000000,   small-vehicle,   762
1729.000000, 844.000000, 1782.000000, 844.000000, 1782.000000, 855.000000, 1729.000000, 855.000000,   small-vehicle,   765
3147.000000, 813.000000, 3209.000000, 813.000000, 3209.000000, 831.000000, 3147.000000, 831.000000,   small-vehicle,   789
3632.000000, 797.000000, 3703.000000, 797.000000, 3703.000000, 816.000000, 3632.000000, 816.000000,   small-vehicle,   792
1829.000000, 292.000000, 1859.000000, 292.000000, 1859.000000, 329.000000, 1829.000000, 329.000000,   small-vehicle,   813
3338.000000, 323.000000, 3361.000000, 323.000000, 3361.000000, 358.000000, 3338.000000, 358.000000,   small-vehicle,   815
1950.000000, 460.000000, 1981.000000, 460.000000, 1981.000000, 496.000000, 1950.000000, 496.000000,   small-vehicle,   816
2360.000000, 309.000000, 2412.000000, 309.000000, 2412.000000, 325.000000, 2360.000000, 325.000000,   small-vehicle,   818
2530.000000, 825.000000, 2581.000000, 825.000000, 2581.000000, 856.000000, 2530.000000, 856.000000,   small-vehicle,   824
1841.000000, 265.000000, 1862.000000, 265.000000, 1862.000000, 289.000000, 1841.000000, 289.000000,   small-vehicle,   840
2343.000000, 263.000000, 2400.000000, 263.000000, 2400.000000, 278.000000, 2343.000000, 278.000000,   small-vehicle,   841
2408.000000, 258.000000, 2468.000000, 258.000000, 2468.000000, 277.000000, 2408.000000, 277.000000,   small-vehicle,   845
1169.000000, 885.000000, 1225.000000, 885.000000, 1225.000000, 903.000000, 1169.000000, 903.000000,   small-vehicle,   846
1634.000000, 528.000000, 1690.000000, 528.000000, 1690.000000, 542.000000, 1634.000000, 542.000000,   small-vehicle,   847
1997.000000, 951.000000, 2038.000000, 951.000000, 2038.000000, 1001.000000, 1997.000000, 1001.000000,   large-vehicle,   856
1948.000000, 370.000000, 1979.000000, 370.000000, 1979.000000, 405.000000, 1948.000000, 405.000000,   small-vehicle,   867
2688.000000, 249.000000, 2746.000000, 249.000000, 2746.000000, 266.000000, 2688.000000, 266.000000,   small-vehicle,   870
525.000000, 487.000000, 602.000000, 487.000000, 602.000000, 502.000000, 525.000000, 502.000000,   small-vehicle,   871
2820.000000, 240.000000, 2884.000000, 240.000000, 2884.000000, 255.000000, 2820.000000, 255.000000,   small-vehicle,   875
1457.000000, 837.000000, 1518.000000, 837.000000, 1518.000000, 860.000000, 1457.000000, 860.000000,   small-vehicle,   876
3043.000000, 769.000000, 3093.000000, 769.000000, 3093.000000, 783.000000, 3043.000000, 783.000000,   small-vehicle,   877
3335.000000, 276.000000, 3360.000000, 276.000000, 3360.000000, 304.000000, 3335.000000, 304.000000,   small-vehicle,   878
2614.000000, 249.000000, 2665.000000, 249.000000, 2665.000000, 263.000000, 2614.000000, 263.000000,   small-vehicle,   879
2552.000000, 254.000000, 2605.000000, 254.000000, 2605.000000, 271.000000, 2552.000000, 271.000000,   small-vehicle,   880
1929.000000, 1108.000000, 1956.000000, 1108.000000, 1956.000000, 1148.000000, 1929.000000, 1148.000000,   small-vehicle,   884
1816.000000, 231.000000, 1839.000000, 231.000000, 1839.000000, 268.000000, 1816.000000, 268.000000,   small-vehicle,   885
3412.000000, 211.000000, 3468.000000, 211.000000, 3468.000000, 228.000000, 3412.000000, 228.000000,   small-vehicle,   886
3017.000000, 229.000000, 3085.000000, 229.000000, 3085.000000, 246.000000, 3017.000000, 246.000000,   small-vehicle,   889
1252.000000, 394.000000, 1273.000000, 394.000000, 1273.000000, 423.000000, 1252.000000, 423.000000,   small-vehicle,   890
1822.000000, 199.000000, 1844.000000, 199.000000, 1844.000000, 230.000000, 1822.000000, 230.000000,   small-vehicle,   892
3156.000000, 225.000000, 3214.000000, 225.000000, 3214.000000, 243.000000, 3156.000000, 243.000000,   small-vehicle,   893
3351.000000, 212.000000, 3406.000000, 212.000000, 3406.000000, 229.000000, 3351.000000, 229.000000,   small-vehicle,   894
2924.000000, 233.000000, 2988.000000, 233.000000, 2988.000000, 251.000000, 2924.000000, 251.000000,   small-vehicle,   895
3527.000000, 203.000000, 3591.000000, 203.000000, 3591.000000, 219.000000, 3527.000000, 219.000000,   small-vehicle,   897
3349.000000, 258.000000, 3393.000000, 258.000000, 3393.000000, 272.000000, 3349.000000, 272.000000,   small-vehicle,   901
2758.000000, 243.000000, 2816.000000, 243.000000, 2816.000000, 259.000000, 2758.000000, 259.000000,   small-vehicle,   904
565.000000, 718.000000, 627.000000, 718.000000, 627.000000, 738.000000, 565.000000, 738.000000,   small-vehicle,   909
3135.000000, 270.000000, 3193.000000, 270.000000, 3193.000000, 288.000000, 3135.000000, 288.000000,   small-vehicle,   916
2139.000000, 151.000000, 2171.000000, 151.000000, 2171.000000, 189.000000, 2139.000000, 189.000000,   small-vehicle,   917
785.000000, 920.000000, 840.000000, 920.000000, 840.000000, 939.000000, 785.000000, 939.000000,   small-vehicle,   919
2117.000000, 176.000000, 2150.000000, 176.000000, 2150.000000, 212.000000, 2117.000000, 212.000000,   small-vehicle,   921
3681.000000, 194.000000, 3736.000000, 194.000000, 3736.000000, 210.000000, 3681.000000, 210.000000,   small-vehicle,   924
1907.000000, 337.000000, 1937.000000, 337.000000, 1937.000000, 372.000000, 1907.000000, 372.000000,   small-vehicle,   930
2174.000000, 932.000000, 2209.000000, 932.000000, 2209.000000, 970.000000, 2174.000000, 970.000000,   small-vehicle,   941
3551.000000, 800.000000, 3627.000000, 800.000000, 3627.000000, 818.000000, 3551.000000, 818.000000,   small-vehicle,   943
2134.000000, 103.000000, 2167.000000, 103.000000, 2167.000000, 143.000000, 2134.000000, 143.000000,   small-vehicle,   944
2138.000000, 1253.000000, 2176.000000, 1253.000000, 2176.000000, 1296.000000, 2138.000000, 1296.000000,   small-vehicle,   945
1813.000000, 117.000000, 1843.000000, 117.000000, 1843.000000, 154.000000, 1813.000000, 154.000000,   small-vehicle,   949
3211.000000, 811.000000, 3280.000000, 811.000000, 3280.000000, 826.000000, 3211.000000, 826.000000,   small-vehicle,   951
3461.000000, 756.000000, 3524.000000, 756.000000, 3524.000000, 773.000000, 3461.000000, 773.000000,   small-vehicle,   953
3066.000000, 275.000000, 3126.000000, 275.000000, 3126.000000, 292.000000, 3066.000000, 292.000000,   small-vehicle,   962
950.000000, 102.000000, 997.000000, 102.000000, 997.000000, 120.000000, 950.000000, 120.000000,   small-vehicle,   964
744.000000, 110.000000, 809.000000, 110.000000, 809.000000, 125.000000, 744.000000, 125.000000,   small-vehicle,   966
3521.000000, 249.000000, 3571.000000, 249.000000, 3571.000000, 265.000000, 3521.000000, 265.000000,   small-vehicle,   969
1119.000000, 102.000000, 1145.000000, 102.000000, 1145.000000, 127.000000, 1119.000000, 127.000000,   small-vehicle,   971
2941.000000, 821.000000, 3008.000000, 821.000000, 3008.000000, 839.000000, 2941.000000, 839.000000,   small-vehicle,   972
1501.000000, 527.000000, 1563.000000, 527.000000, 1563.000000, 541.000000, 1501.000000, 541.000000,   small-vehicle,   973
1114.000000, 225.000000, 1154.000000, 225.000000, 1154.000000, 242.000000, 1114.000000, 242.000000,   small-vehicle,   975
1849.000000, 590.000000, 1873.000000, 590.000000, 1873.000000, 615.000000, 1849.000000, 615.000000,   small-vehicle,   976
1928.000000, 198.000000, 1960.000000, 198.000000, 1960.000000, 236.000000, 1928.000000, 236.000000,   small-vehicle,   980
1808.000000, 79.000000, 1836.000000, 79.000000, 1836.000000, 113.000000, 1808.000000, 113.000000,   small-vehicle,   981
3628.000000, 754.000000, 3687.000000, 754.000000, 3687.000000, 764.000000, 3628.000000, 764.000000,   large-vehicle,   982
2100.000000, 83.000000, 2130.000000, 83.000000, 2130.000000, 120.000000, 2100.000000, 120.000000,   small-vehicle,   986
877.000000, 106.000000, 932.000000, 106.000000, 932.000000, 121.000000, 877.000000, 121.000000,   small-vehicle,   987
1994.000000, 819.000000, 2025.000000, 819.000000, 2025.000000, 853.000000, 1994.000000, 853.000000,   small-vehicle,   988
1022.000000, 101.000000, 1081.000000, 101.000000, 1081.000000, 117.000000, 1022.000000, 117.000000,   small-vehicle,   989
648.000000, 62.000000, 716.000000, 62.000000, 716.000000, 81.000000, 648.000000, 81.000000,   small-vehicle,   990
1957.000000, 593.000000, 1987.000000, 593.000000, 1987.000000, 632.000000, 1957.000000, 632.000000,   small-vehicle,   991
2520.000000, 299.000000, 2571.000000, 299.000000, 2571.000000, 316.000000, 2520.000000, 316.000000,   small-vehicle,   994
27.000000, 100.000000, 80.000000, 100.000000, 80.000000, 115.000000, 27.000000, 115.000000,   small-vehicle,   995
1834.000000, 33.000000, 1863.000000, 33.000000, 1863.000000, 68.000000, 1834.000000, 68.000000,   small-vehicle,   996
277.000000, 84.000000, 334.000000, 84.000000, 334.000000, 100.000000, 277.000000, 100.000000,   small-vehicle,   997
1807.000000, 43.000000, 1833.000000, 43.000000, 1833.000000, 77.000000, 1807.000000, 77.000000,   small-vehicle,   998
2134.000000, 61.000000, 2162.000000, 61.000000, 2162.000000, 97.000000, 2134.000000, 97.000000,   small-vehicle,   1001
1298.000000, 550.000000, 1396.000000, 550.000000, 1396.000000, 572.000000, 1298.000000, 572.000000,   large-vehicle,   1007
344.000000, 82.000000, 395.000000, 82.000000, 395.000000, 97.000000, 344.000000, 97.000000,   small-vehicle,   1008
1005.000000, 51.000000, 1082.000000, 51.000000, 1082.000000, 68.000000, 1005.000000, 68.000000,   small-vehicle,   1009
1891.000000, 230.000000, 1921.000000, 230.000000, 1921.000000, 273.000000, 1891.000000, 273.000000,   small-vehicle,   1010
852.000000, 57.000000, 914.000000, 57.000000, 914.000000, 73.000000, 852.000000, 73.000000,   small-vehicle,   1012
563.000000, 61.000000, 610.000000, 61.000000, 610.000000, 78.000000, 563.000000, 78.000000,   small-vehicle,   1013
928.000000, 52.000000, 984.000000, 52.000000, 984.000000, 69.000000, 928.000000, 69.000000,   small-vehicle,   1014
2168.000000, 643.000000, 2194.000000, 643.000000, 2194.000000, 685.000000, 2168.000000, 685.000000,   small-vehicle,   1015
2596.000000, 780.000000, 2645.000000, 780.000000, 2645.000000, 797.000000, 2596.000000, 797.000000,   small-vehicle,   1016
2132.000000, 23.000000, 2156.000000, 23.000000, 2156.000000, 53.000000, 2132.000000, 53.000000,   small-vehicle,   1017
2187.000000, 1125.000000, 2220.000000, 1125.000000, 2220.000000, 1165.000000, 2187.000000, 1165.000000,   small-vehicle,   1018
1051.000000, 524.000000, 1114.000000, 524.000000, 1114.000000, 541.000000, 1051.000000, 541.000000,   small-vehicle,   1019
827.000000, 525.000000, 884.000000, 525.000000, 884.000000, 539.000000, 827.000000, 539.000000,   small-vehicle,   1021
2199.000000, 640.000000, 2223.000000, 640.000000, 2223.000000, 666.000000, 2199.000000, 666.000000,   small-vehicle,   1022
1886.000000, 70.000000, 1919.000000, 70.000000, 1919.000000, 109.000000, 1886.000000, 109.000000,   small-vehicle,   1032
2520.000000, 20.000000, 2548.000000, 20.000000, 2548.000000, 53.000000, 2520.000000, 53.000000,   small-vehicle,   1033
2382.000000, 785.000000, 2440.000000, 785.000000, 2440.000000, 798.000000, 2382.000000, 798.000000,   small-vehicle,   1034
1161.000000, 605.000000, 1228.000000, 605.000000, 1228.000000, 626.000000, 1161.000000, 626.000000,   small-vehicle,   1035
1885.000000, 478.000000, 1912.000000, 478.000000, 1912.000000, 514.000000, 1885.000000, 514.000000,   large-vehicle,   1036
1884.000000, 475.000000, 1912.000000, 475.000000, 1912.000000, 512.000000, 1884.000000, 512.000000,   small-vehicle,   1037
2474.000000, 310.000000, 2517.000000, 310.000000, 2517.000000, 345.000000, 2474.000000, 345.000000,   small-vehicle,   1038
1805.000000, -5.000000, 1832.000000, -5.000000, 1832.000000, 31.000000, 1805.000000, 31.000000,   small-vehicle,   1039
172.000000, 520.000000, 245.000000, 520.000000, 245.000000, 540.000000, 172.000000, 540.000000,   small-vehicle,   1040
2187.000000, 1129.000000, 2220.000000, 1129.000000, 2220.000000, 1168.000000, 2187.000000, 1168.000000,   large-vehicle,   1041
706.000000, 525.000000, 770.000000, 525.000000, 770.000000, 540.000000, 706.000000, 540.000000,   small-vehicle,   1042
2139.000000, 1249.000000, 2174.000000, 1249.000000, 2174.000000, 1291.000000, 2139.000000, 1291.000000,   large-vehicle,   1044
2937.000000, 818.000000, 3009.000000, 818.000000, 3009.000000, 837.000000, 2937.000000, 837.000000,   large-vehicle,   1045
1959.000000, 597.000000, 1985.000000, 597.000000, 1985.000000, 641.000000, 1959.000000, 641.000000,   large-vehicle,   1046
2266.000000, 18.000000, 2292.000000, 18.000000, 2292.000000, 47.000000, 2266.000000, 47.000000,   small-vehicle,   1048
255.000000, 521.000000, 310.000000, 521.000000, 310.000000, 534.000000, 255.000000, 534.000000,   small-vehicle,   1049
2074.000000, 656.000000, 2103.000000, 656.000000, 2103.000000, 697.000000, 2074.000000, 697.000000,   small-vehicle,   1050
