1847.000000, 853.000000, 1876.000000, 854.000000, 1877.000000, 888.000000, 1847.000000, 888.000000,   small-vehicle,   0
2176.000000, 895.000000, 2204.000000, 895.000000, 2204.000000, 929.000000, 2176.000000, 928.000000,   small-vehicle,   1
1853.000000, 897.000000, 1880.000000, 897.000000, 1880.000000, 931.000000, 1854.000000, 930.000000,   small-vehicle,   2
2034.000000, 1173.000000, 2063.000000, 1173.000000, 2064.000000, 1207.000000, 2035.000000, 1207.000000,   small-vehicle,   3
1864.000000, 704.000000, 1891.000000, 704.000000, 1891.000000, 739.000000, 1865.000000, 739.000000,   small-vehicle,   4
2187.000000, 1078.000000, 2216.000000, 1078.000000, 2217.000000, 1114.000000, 2187.000000, 1113.000000,   small-vehicle,   5
1234.000000, 1240.000000, 1262.000000, 1241.000000, 1262.000000, 1277.000000, 1234.000000, 1277.000000,   small-vehicle,   6
1531.000000, 1392.000000, 1585.000000, 1392.000000, 1585.000000, 1407.000000, 1531.000000, 1407.000000,   small-vehicle,   7
2164.000000, 992.000000, 2189.000000, 992.000000, 2190.000000, 1028.000000, 2164.000000, 1028.000000,   small-vehicle,   8
3187.000000, 1315.000000, 3245.000000, 1316.000000, 3246.000000, 1332.000000, 3187.000000, 1331.000000,   small-vehicle,   9
1061.000000, 1310.000000, 1109.000000, 1310.000000, 1109.000000, 1327.000000, 1061.000000, 1326.000000,   small-vehicle,   10
430.000000, 1309.000000, 488.000000, 1309.000000, 488.000000, 1324.000000, 430.000000, 1324.000000,   small-vehicle,   11
1259.000000, 886.000000, 1285.000000, 886.000000, 1285.000000, 924.000000, 1259.000000, 923.000000,   small-vehicle,   12
2658.000000, 1366.000000, 2711.000000, 1366.000000, 2712.000000, 1382.000000, 2658.000000, 1381.000000,   small-vehicle,   14
2054.000000, 1513.000000, 2086.000000, 1514.000000, 2087.000000, 1551.000000, 2055.000000, 1550.000000,   small-vehicle,   15
1157.000000, 1308.000000, 1208.000000, 1308.000000, 1208.000000, 1325.000000, 1157.000000, 1325.000000,   small-vehicle,   16
2170.000000, 849.000000, 2200.000000, 849.000000, 2200.000000, 888.000000, 2170.000000, 888.000000,   small-vehicle,   17
1642.000000, 1350.000000, 1694.000000, 1350.000000, 1694.000000, 1366.000000, 1642.000000, 1365.000000,   small-vehicle,   18
2141.000000, 945.000000, 2196.000000, 945.000000, 2197.000000, 982.000000, 2141.000000, 982.000000,   small-vehicle,   19
1980.000000, 1113.000000, 2020.000000, 1114.000000, 2020.000000, 1152.000000, 1980.000000, 1152.000000,   small-vehicle,   20
1877.000000, 808.000000, 1903.000000, 808.000000, 1903.000000, 841.000000, 1877.000000, 840.000000,   small-vehicle,   21
1645.000000, 1442.000000, 1705.000000, 1443.000000, 1705.000000, 1459.000000, 1645.000000, 1458.000000,   small-vehicle,   22
2469.000000, 1471.000000, 2525.000000, 1472.000000, 2525.000000, 1486.000000, 2469.000000, 1486.000000,   small-vehicle,   23
2092.000000, 1639.000000, 2122.000000, 1640.000000, 2123.000000, 1677.000000, 2092.000000, 1677.000000,   small-vehicle,   24
131.000000, 1307.000000, 188.000000, 1308.000000, 188.000000, 1323.000000, 131.000000, 1322.000000,   small-vehicle,   25
2196.000000, 1129.000000, 2225.000000, 1129.000000, 2225.000000, 1163.000000, 2197.000000, 1163.000000,   small-vehicle,   26
796.000000, 1306.000000, 856.000000, 1307.000000, 856.000000, 1326.000000, 796.000000, 1326.000000,   small-vehicle,   27
2241.000000, 1563.000000, 2278.000000, 1564.000000, 2278.000000, 1608.000000, 2242.000000, 1608.000000,   small-vehicle,   29
2539.000000, 1669.000000, 2604.000000, 1669.000000, 2604.000000, 1688.000000, 2540.000000, 1688.000000,   small-vehicle,   30
2130.000000, 1852.000000, 2158.000000, 1853.000000, 2158.000000, 1884.000000, 2131.000000, 1884.000000,   small-vehicle,   31
2177.000000, 1031.000000, 2212.000000, 1032.000000, 2213.000000, 1071.000000, 2177.000000, 1071.000000,   small-vehicle,   32
1916.000000, 1207.000000, 1974.000000, 1208.000000, 1974.000000, 1240.000000, 1917.000000, 1239.000000,   small-vehicle,   33
2734.000000, 1361.000000, 2794.000000, 1362.000000, 2794.000000, 1378.000000, 2734.000000, 1377.000000,   small-vehicle,   34
2200.000000, 1188.000000, 2228.000000, 1189.000000, 2229.000000, 1229.000000, 2201.000000, 1229.000000,   small-vehicle,   35
1927.000000, 908.000000, 1954.000000, 908.000000, 1955.000000, 944.000000, 1928.000000, 944.000000,   small-vehicle,   36
2976.000000, 1363.000000, 3039.000000, 1364.000000, 3039.000000, 1378.000000, 2977.000000, 1377.000000,   small-vehicle,   38
258.000000, 1226.000000, 286.000000, 1226.000000, 285.000000, 1257.000000, 258.000000, 1256.000000,   small-vehicle,   39
2161.000000, 1114.000000, 2190.000000, 1114.000000, 2191.000000, 1153.000000, 2162.000000, 1152.000000,   small-vehicle,   40
1274.000000, 697.000000, 1305.000000, 698.000000, 1305.000000, 729.000000, 1274.000000, 729.000000,   small-vehicle,   41
2621.000000, 1313.000000, 2676.000000, 1314.000000, 2677.000000, 1330.000000, 2621.000000, 1329.000000,   small-vehicle,   42
1258.000000, 845.000000, 1281.000000, 845.000000, 1281.000000, 875.000000, 1258.000000, 874.000000,   small-vehicle,   43
1679.000000, 1393.000000, 1745.000000, 1393.000000, 1746.000000, 1410.000000, 1679.000000, 1409.000000,   small-vehicle,   44
1388.000000, 1389.000000, 1441.000000, 1390.000000, 1441.000000, 1408.000000, 1388.000000, 1407.000000,   small-vehicle,   45
2136.000000, 793.000000, 2164.000000, 793.000000, 2164.000000, 834.000000, 2137.000000, 834.000000,   small-vehicle,   46
927.000000, 1309.000000, 983.000000, 1310.000000, 983.000000, 1328.000000, 927.000000, 1327.000000,   small-vehicle,   47
2191.000000, 991.000000, 2215.000000, 991.000000, 2215.000000, 1023.000000, 2191.000000, 1023.000000,   small-vehicle,   48
2979.000000, 1315.000000, 3037.000000, 1316.000000, 3037.000000, 1332.000000, 2980.000000, 1331.000000,   small-vehicle,   49
63.000000, 1307.000000, 122.000000, 1308.000000, 122.000000, 1325.000000, 63.000000, 1325.000000,   small-vehicle,   50
530.000000, 1307.000000, 595.000000, 1308.000000, 595.000000, 1323.000000, 530.000000, 1323.000000,   small-vehicle,   51
2066.000000, 1552.000000, 2101.000000, 1553.000000, 2101.000000, 1592.000000, 2067.000000, 1591.000000,   small-vehicle,   52
1390.000000, 1417.000000, 1443.000000, 1417.000000, 1443.000000, 1433.000000, 1390.000000, 1433.000000,   small-vehicle,   53
2650.000000, 1669.000000, 2709.000000, 1669.000000, 2709.000000, 1686.000000, 2651.000000, 1685.000000,   small-vehicle,   54
296.000000, 1454.000000, 353.000000, 1455.000000, 353.000000, 1472.000000, 296.000000, 1471.000000,   small-vehicle,   55
2904.000000, 1475.000000, 2962.000000, 1476.000000, 2962.000000, 1492.000000, 2905.000000, 1492.000000,   small-vehicle,   56
3417.000000, 1220.000000, 3443.000000, 1220.000000, 3444.000000, 1252.000000, 3418.000000, 1251.000000,   small-vehicle,   57
1115.000000, 1395.000000, 1174.000000, 1396.000000, 1174.000000, 1413.000000, 1115.000000, 1413.000000,   small-vehicle,   58
2131.000000, 1604.000000, 2161.000000, 1604.000000, 2162.000000, 1635.000000, 2131.000000, 1635.000000,   small-vehicle,   60
1963.000000, 1649.000000, 1989.000000, 1649.000000, 1990.000000, 1682.000000, 1963.000000, 1682.000000,   small-vehicle,   61
609.000000, 1307.000000, 662.000000, 1307.000000, 662.000000, 1323.000000, 609.000000, 1322.000000,   small-vehicle,   62
3343.000000, 1266.000000, 3376.000000, 1267.000000, 3377.000000, 1303.000000, 3344.000000, 1303.000000,   small-vehicle,   63
1120.000000, 1465.000000, 1169.000000, 1465.000000, 1168.000000, 1480.000000, 1120.000000, 1480.000000,   small-vehicle,   64
3095.000000, 1315.000000, 3164.000000, 1315.000000, 3164.000000, 1332.000000, 3096.000000, 1331.000000,   small-vehicle,   65
2126.000000, 710.000000, 2158.000000, 710.000000, 2159.000000, 745.000000, 2127.000000, 745.000000,   small-vehicle,   66
846.000000, 1395.000000, 899.000000, 1396.000000, 899.000000, 1414.000000, 846.000000, 1413.000000,   small-vehicle,   67
2632.000000, 697.000000, 2691.000000, 697.000000, 2691.000000, 718.000000, 2632.000000, 717.000000,   small-vehicle,   69
3689.000000, 1636.000000, 3756.000000, 1637.000000, 3756.000000, 1655.000000, 3690.000000, 1654.000000,   small-vehicle,   70
2386.000000, 1389.000000, 2448.000000, 1389.000000, 2448.000000, 1405.000000, 2386.000000, 1404.000000,   small-vehicle,   72
3266.000000, 1315.000000, 3328.000000, 1315.000000, 3328.000000, 1332.000000, 3267.000000, 1331.000000,   small-vehicle,   73
200.000000, 1306.000000, 252.000000, 1307.000000, 251.000000, 1322.000000, 199.000000, 1321.000000,   small-vehicle,   74
1251.000000, 986.000000, 1279.000000, 987.000000, 1279.000000, 1022.000000, 1251.000000, 1022.000000,   small-vehicle,   75
1968.000000, 990.000000, 1996.000000, 990.000000, 1997.000000, 1033.000000, 1968.000000, 1033.000000,   small-vehicle,   76
1889.000000, 1165.000000, 1915.000000, 1166.000000, 1915.000000, 1200.000000, 1889.000000, 1200.000000,   small-vehicle,   77
2723.000000, 1473.000000, 2789.000000, 1474.000000, 2790.000000, 1490.000000, 2723.000000, 1490.000000,   small-vehicle,   78
330.000000, 791.000000, 383.000000, 791.000000, 382.000000, 809.000000, 330.000000, 808.000000,   small-vehicle,   79
1543.000000, 1410.000000, 1608.000000, 1410.000000, 1608.000000, 1428.000000, 1543.000000, 1428.000000,   small-vehicle,   80
1197.000000, 1419.000000, 1251.000000, 1420.000000, 1251.000000, 1435.000000, 1197.000000, 1434.000000,   small-vehicle,   82
2605.000000, 1390.000000, 2672.000000, 1390.000000, 2673.000000, 1407.000000, 2605.000000, 1406.000000,   small-vehicle,   83
1210.000000, 1392.000000, 1275.000000, 1393.000000, 1275.000000, 1408.000000, 1210.000000, 1407.000000,   small-vehicle,   84
2900.000000, 719.000000, 2944.000000, 720.000000, 2945.000000, 734.000000, 2900.000000, 733.000000,   small-vehicle,   85
2126.000000, 904.000000, 2154.000000, 904.000000, 2154.000000, 943.000000, 2126.000000, 943.000000,   small-vehicle,   86
2411.000000, 706.000000, 2467.000000, 707.000000, 2467.000000, 727.000000, 2411.000000, 726.000000,   small-vehicle,   87
2405.000000, 1331.000000, 2462.000000, 1332.000000, 2462.000000, 1348.000000, 2405.000000, 1347.000000,   small-vehicle,   88
3382.000000, 1481.000000, 3438.000000, 1481.000000, 3439.000000, 1496.000000, 3382.000000, 1496.000000,   small-vehicle,   89
2028.000000, 1107.000000, 2059.000000, 1108.000000, 2060.000000, 1151.000000, 2029.000000, 1151.000000,   small-vehicle,   90
3501.000000, 1319.000000, 3569.000000, 1320.000000, 3569.000000, 1339.000000, 3502.000000, 1338.000000,   small-vehicle,   91
3086.000000, 1477.000000, 3140.000000, 1477.000000, 3140.000000, 1491.000000, 3087.000000, 1490.000000,   small-vehicle,   92
3031.000000, 1628.000000, 3080.000000, 1629.000000, 3080.000000, 1645.000000, 3031.000000, 1644.000000,   small-vehicle,   93
1891.000000, 1044.000000, 1920.000000, 1044.000000, 1921.000000, 1082.000000, 1891.000000, 1082.000000,   small-vehicle,   94
2472.000000, 1668.000000, 2530.000000, 1668.000000, 2530.000000, 1689.000000, 2472.000000, 1688.000000,   small-vehicle,   95
2903.000000, 1362.000000, 2959.000000, 1362.000000, 2960.000000, 1380.000000, 2903.000000, 1380.000000,   small-vehicle,   96
778.000000, 1392.000000, 837.000000, 1393.000000, 837.000000, 1414.000000, 778.000000, 1413.000000,   small-vehicle,   97
3694.000000, 1352.000000, 3755.000000, 1353.000000, 3756.000000, 1371.000000, 3694.000000, 1370.000000,   small-vehicle,   98
3070.000000, 1669.000000, 3129.000000, 1669.000000, 3130.000000, 1687.000000, 3070.000000, 1686.000000,   small-vehicle,   99
2826.000000, 1474.000000, 2877.000000, 1475.000000, 2877.000000, 1490.000000, 2826.000000, 1490.000000,   small-vehicle,   100
1937.000000, 1066.000000, 1965.000000, 1066.000000, 1966.000000, 1102.000000, 1937.000000, 1101.000000,   small-vehicle,   101
3533.000000, 1484.000000, 3595.000000, 1485.000000, 3596.000000, 1502.000000, 3533.000000, 1501.000000,   small-vehicle,   102
1669.000000, 1415.000000, 1735.000000, 1416.000000, 1735.000000, 1432.000000, 1669.000000, 1431.000000,   small-vehicle,   103
3325.000000, 1727.000000, 3357.000000, 1727.000000, 3358.000000, 1764.000000, 3326.000000, 1764.000000,   small-vehicle,   104
1985.000000, 1199.000000, 2027.000000, 1200.000000, 2027.000000, 1242.000000, 1985.000000, 1241.000000,   small-vehicle,   105
2931.000000, 1335.000000, 2989.000000, 1336.000000, 2989.000000, 1352.000000, 2932.000000, 1352.000000,   small-vehicle,   106
3700.000000, 1696.000000, 3729.000000, 1696.000000, 3730.000000, 1730.000000, 3701.000000, 1730.000000,   small-vehicle,   107
3506.000000, 1632.000000, 3570.000000, 1632.000000, 3571.000000, 1649.000000, 3506.000000, 1648.000000,   small-vehicle,   108
3099.000000, 1337.000000, 3167.000000, 1338.000000, 3167.000000, 1354.000000, 3099.000000, 1353.000000,   small-vehicle,   109
1907.000000, 1120.000000, 1937.000000, 1120.000000, 1937.000000, 1158.000000, 1908.000000, 1158.000000,   small-vehicle,   110
2492.000000, 1328.000000, 2559.000000, 1329.000000, 2559.000000, 1350.000000, 2493.000000, 1350.000000,   small-vehicle,   111
2965.000000, 1443.000000, 3034.000000, 1444.000000, 3035.000000, 1458.000000, 2965.000000, 1457.000000,   small-vehicle,   112
1030.000000, 1439.000000, 1088.000000, 1440.000000, 1088.000000, 1457.000000, 1030.000000, 1457.000000,   small-vehicle,   113
2214.000000, 1668.000000, 2244.000000, 1669.000000, 2245.000000, 1708.000000, 2215.000000, 1707.000000,   small-vehicle,   114
2389.000000, 1359.000000, 2451.000000, 1359.000000, 2452.000000, 1377.000000, 2389.000000, 1377.000000,   small-vehicle,   115
1458.000000, 1389.000000, 1519.000000, 1389.000000, 1519.000000, 1406.000000, 1458.000000, 1405.000000,   small-vehicle,   116
3324.000000, 1633.000000, 3386.000000, 1633.000000, 3387.000000, 1652.000000, 3325.000000, 1651.000000,   small-vehicle,   117
1011.000000, 1392.000000, 1070.000000, 1393.000000, 1070.000000, 1410.000000, 1011.000000, 1409.000000,   small-vehicle,   118
3377.000000, 1364.000000, 3445.000000, 1365.000000, 3446.000000, 1386.000000, 3378.000000, 1385.000000,   small-vehicle,   119
1857.000000, 666.000000, 1886.000000, 666.000000, 1887.000000, 699.000000, 1858.000000, 699.000000,   small-vehicle,   120
2776.000000, 693.000000, 2832.000000, 694.000000, 2832.000000, 713.000000, 2776.000000, 713.000000,   small-vehicle,   121
3016.000000, 1339.000000, 3075.000000, 1340.000000, 3075.000000, 1355.000000, 3017.000000, 1354.000000,   small-vehicle,   122
1769.000000, 1413.000000, 1831.000000, 1414.000000, 1831.000000, 1432.000000, 1769.000000, 1432.000000,   small-vehicle,   123
288.000000, 1410.000000, 343.000000, 1410.000000, 343.000000, 1429.000000, 288.000000, 1429.000000,   small-vehicle,   124
2483.000000, 1624.000000, 2540.000000, 1625.000000, 2540.000000, 1640.000000, 2483.000000, 1639.000000,   small-vehicle,   125
1112.000000, 1439.000000, 1170.000000, 1439.000000, 1170.000000, 1456.000000, 1112.000000, 1455.000000,   small-vehicle,   126
1932.000000, 775.000000, 1964.000000, 776.000000, 1965.000000, 815.000000, 1933.000000, 815.000000,   small-vehicle,   127
361.000000, 1226.000000, 388.000000, 1226.000000, 387.000000, 1259.000000, 361.000000, 1259.000000,   small-vehicle,   128
1769.000000, 1393.000000, 1831.000000, 1394.000000, 1831.000000, 1411.000000, 1769.000000, 1411.000000,   small-vehicle,   129
2919.000000, 687.000000, 2979.000000, 687.000000, 2980.000000, 708.000000, 2920.000000, 707.000000,   small-vehicle,   130
2917.000000, 1314.000000, 2978.000000, 1315.000000, 2978.000000, 1330.000000, 2918.000000, 1329.000000,   small-vehicle,   131
1251.000000, 1040.000000, 1271.000000, 1040.000000, 1271.000000, 1069.000000, 1251.000000, 1069.000000,   small-vehicle,   132
3209.000000, 1631.000000, 3269.000000, 1632.000000, 3270.000000, 1646.000000, 3210.000000, 1646.000000,   small-vehicle,   133
216.000000, 785.000000, 285.000000, 786.000000, 285.000000, 803.000000, 216.000000, 802.000000,   small-vehicle,   134
368.000000, 1454.000000, 429.000000, 1455.000000, 429.000000, 1470.000000, 368.000000, 1469.000000,   small-vehicle,   135
1399.000000, 1464.000000, 1449.000000, 1465.000000, 1449.000000, 1482.000000, 1399.000000, 1481.000000,   small-vehicle,   136
556.000000, 1460.000000, 617.000000, 1461.000000, 617.000000, 1477.000000, 556.000000, 1477.000000,   small-vehicle,   137
2203.000000, 1580.000000, 2239.000000, 1580.000000, 2240.000000, 1620.000000, 2204.000000, 1620.000000,   small-vehicle,   138
3397.000000, 1338.000000, 3463.000000, 1339.000000, 3464.000000, 1357.000000, 3398.000000, 1357.000000,   small-vehicle,   139
1242.000000, 1154.000000, 1269.000000, 1155.000000, 1269.000000, 1190.000000, 1242.000000, 1189.000000,   small-vehicle,   140
1889.000000, 1088.000000, 1911.000000, 1088.000000, 1911.000000, 1114.000000, 1889.000000, 1114.000000,   small-vehicle,   144
800.000000, 1437.000000, 856.000000, 1438.000000, 856.000000, 1454.000000, 800.000000, 1453.000000,   small-vehicle,   145
2551.000000, 701.000000, 2615.000000, 702.000000, 2616.000000, 723.000000, 2552.000000, 722.000000,   small-vehicle,   146
868.000000, 1304.000000, 913.000000, 1305.000000, 913.000000, 1319.000000, 868.000000, 1318.000000,   small-vehicle,   147
2162.000000, 1362.000000, 2194.000000, 1363.000000, 2195.000000, 1402.000000, 2162.000000, 1401.000000,   small-vehicle,   148
3287.000000, 1339.000000, 3345.000000, 1340.000000, 3345.000000, 1357.000000, 3288.000000, 1356.000000,   small-vehicle,   149
2527.000000, 1467.000000, 2595.000000, 1468.000000, 2595.000000, 1486.000000, 2528.000000, 1486.000000,   small-vehicle,   150
2135.000000, 862.000000, 2167.000000, 862.000000, 2168.000000, 900.000000, 2136.000000, 899.000000,   small-vehicle,   151
3685.000000, 1327.000000, 3752.000000, 1328.000000, 3752.000000, 1347.000000, 3686.000000, 1346.000000,   small-vehicle,   152
2980.000000, 686.000000, 3046.000000, 687.000000, 3046.000000, 706.000000, 2981.000000, 705.000000,   small-vehicle,   153
3126.000000, 1628.000000, 3190.000000, 1628.000000, 3190.000000, 1646.000000, 3127.000000, 1645.000000,   small-vehicle,   154
2028.000000, 1319.000000, 2068.000000, 1320.000000, 2069.000000, 1365.000000, 2029.000000, 1364.000000,   small-vehicle,   155
3166.000000, 1668.000000, 3228.000000, 1669.000000, 3228.000000, 1688.000000, 3167.000000, 1687.000000,   small-vehicle,   156
1564.000000, 1441.000000, 1613.000000, 1441.000000, 1613.000000, 1456.000000, 1564.000000, 1456.000000,   small-vehicle,   158
1991.000000, 1684.000000, 2014.000000, 1684.000000, 2014.000000, 1703.000000, 1991.000000, 1703.000000,   small-vehicle,   159
1464.000000, 1416.000000, 1521.000000, 1417.000000, 1521.000000, 1438.000000, 1464.000000, 1437.000000,   small-vehicle,   160
3426.000000, 1261.000000, 3463.000000, 1262.000000, 3465.000000, 1300.000000, 3427.000000, 1300.000000,   small-vehicle,   161
1297.000000, 1396.000000, 1359.000000, 1397.000000, 1359.000000, 1415.000000, 1297.000000, 1414.000000,   small-vehicle,   162
3479.000000, 1343.000000, 3550.000000, 1343.000000, 3551.000000, 1363.000000, 3479.000000, 1362.000000,   small-vehicle,   163
1608.000000, 724.000000, 1669.000000, 725.000000, 1669.000000, 744.000000, 1608.000000, 744.000000,   small-vehicle,   164
108.000000, 782.000000, 168.000000, 783.000000, 168.000000, 803.000000, 107.000000, 802.000000,   small-vehicle,   165
3304.000000, 1480.000000, 3361.000000, 1481.000000, 3361.000000, 1494.000000, 3304.000000, 1493.000000,   small-vehicle,   166
935.000000, 1391.000000, 991.000000, 1391.000000, 991.000000, 1411.000000, 935.000000, 1410.000000,   small-vehicle,   167
3204.000000, 1339.000000, 3267.000000, 1339.000000, 3267.000000, 1359.000000, 3205.000000, 1358.000000,   small-vehicle,   168
962.000000, 1463.000000, 1022.000000, 1463.000000, 1022.000000, 1481.000000, 962.000000, 1480.000000,   small-vehicle,   169
3097.000000, 1362.000000, 3159.000000, 1363.000000, 3160.000000, 1380.000000, 3097.000000, 1380.000000,   small-vehicle,   170
941.000000, 1437.000000, 1008.000000, 1438.000000, 1008.000000, 1456.000000, 941.000000, 1455.000000,   small-vehicle,   171
3478.000000, 1369.000000, 3542.000000, 1370.000000, 3543.000000, 1390.000000, 3478.000000, 1389.000000,   small-vehicle,   172
2480.000000, 705.000000, 2544.000000, 706.000000, 2544.000000, 725.000000, 2480.000000, 724.000000,   small-vehicle,   173
1358.000000, 1436.000000, 1416.000000, 1437.000000, 1416.000000, 1455.000000, 1358.000000, 1455.000000,   small-vehicle,   175
1594.000000, 1311.000000, 1651.000000, 1312.000000, 1651.000000, 1327.000000, 1594.000000, 1326.000000,   small-vehicle,   177
2819.000000, 1362.000000, 2885.000000, 1363.000000, 2886.000000, 1382.000000, 2819.000000, 1381.000000,   small-vehicle,   178
1266.000000, 1465.000000, 1306.000000, 1465.000000, 1306.000000, 1479.000000, 1266.000000, 1478.000000,   small-vehicle,   179
2852.000000, 1334.000000, 2918.000000, 1335.000000, 2919.000000, 1354.000000, 2852.000000, 1353.000000,   small-vehicle,   182
1343.000000, 1464.000000, 1397.000000, 1465.000000, 1397.000000, 1481.000000, 1343.000000, 1481.000000,   small-vehicle,   186
2673.000000, 1697.000000, 2702.000000, 1697.000000, 2703.000000, 1734.000000, 2674.000000, 1734.000000,   small-vehicle,   187
2576.000000, 1361.000000, 2642.000000, 1362.000000, 2642.000000, 1379.000000, 2577.000000, 1378.000000,   small-vehicle,   188
1448.000000, 716.000000, 1510.000000, 717.000000, 1510.000000, 736.000000, 1448.000000, 735.000000,   small-vehicle,   189
1290.000000, 1418.000000, 1349.000000, 1418.000000, 1349.000000, 1435.000000, 1290.000000, 1434.000000,   small-vehicle,   190
2776.000000, 1442.000000, 2849.000000, 1443.000000, 2850.000000, 1460.000000, 2776.000000, 1459.000000,   small-vehicle,   192
3594.000000, 1371.000000, 3668.000000, 1372.000000, 3669.000000, 1392.000000, 3595.000000, 1391.000000,   small-vehicle,   193
2618.000000, 1626.000000, 2652.000000, 1627.000000, 2652.000000, 1641.000000, 2619.000000, 1641.000000,   small-vehicle,   194
3350.000000, 1311.000000, 3407.000000, 1312.000000, 3408.000000, 1350.000000, 3352.000000, 1349.000000,   small-vehicle,   196
1495.000000, 1460.000000, 1556.000000, 1461.000000, 1556.000000, 1480.000000, 1495.000000, 1480.000000,   small-vehicle,   198
1862.000000, 994.000000, 1900.000000, 994.000000, 1901.000000, 1032.000000, 1863.000000, 1032.000000,   small-vehicle,   199
3666.000000, 1737.000000, 3690.000000, 1737.000000, 3691.000000, 1763.000000, 3667.000000, 1763.000000,   small-vehicle,   201
2787.000000, 715.000000, 2857.000000, 716.000000, 2858.000000, 738.000000, 2787.000000, 737.000000,   small-vehicle,   202
1271.000000, 1439.000000, 1319.000000, 1439.000000, 1319.000000, 1455.000000, 1271.000000, 1454.000000,   small-vehicle,   203
1694.000000, 1316.000000, 1745.000000, 1317.000000, 1745.000000, 1336.000000, 1694.000000, 1336.000000,   small-vehicle,   204
3596.000000, 1346.000000, 3672.000000, 1347.000000, 3673.000000, 1367.000000, 3597.000000, 1366.000000,   small-vehicle,   209
2336.000000, 711.000000, 2406.000000, 712.000000, 2407.000000, 732.000000, 2336.000000, 731.000000,   small-vehicle,   212
119.000000, 1412.000000, 181.000000, 1412.000000, 180.000000, 1431.000000, 118.000000, 1430.000000,   small-vehicle,   213
1043.000000, 1465.000000, 1091.000000, 1465.000000, 1091.000000, 1481.000000, 1043.000000, 1480.000000,   small-vehicle,   214
2223.000000, 1134.000000, 2244.000000, 1135.000000, 2244.000000, 1162.000000, 2224.000000, 1162.000000,   small-vehicle,   215
48.000000, 1460.000000, 90.000000, 1460.000000, 90.000000, 1473.000000, 48.000000, 1473.000000,   small-vehicle,   216
873.000000, 1435.000000, 929.000000, 1435.000000, 929.000000, 1454.000000, 873.000000, 1453.000000,   small-vehicle,   217
1865.000000, 1052.000000, 1887.000000, 1052.000000, 1887.000000, 1078.000000, 1866.000000, 1077.000000,   small-vehicle,   223
484.000000, 1303.000000, 519.000000, 1303.000000, 519.000000, 1314.000000, 483.000000, 1314.000000,   small-vehicle,   224
2126.000000, 1209.000000, 2161.000000, 1209.000000, 2162.000000, 1265.000000, 2126.000000, 1264.000000,   large-vehicle,   230
1732.000000, 1440.000000, 1818.000000, 1441.000000, 1818.000000, 1466.000000, 1732.000000, 1465.000000,   large-vehicle,   231
1883.000000, 939.000000, 1926.000000, 940.000000, 1926.000000, 990.000000, 1883.000000, 990.000000,   large-vehicle,   232
2072.000000, 1440.000000, 2116.000000, 1441.000000, 2117.000000, 1494.000000, 2072.000000, 1494.000000,   large-vehicle,   233
2107.000000, 1755.000000, 2149.000000, 1755.000000, 2150.000000, 1812.000000, 2108.000000, 1812.000000,   large-vehicle,   234
3695.000000, 1488.000000, 3764.000000, 1489.000000, 3764.000000, 1512.000000, 3696.000000, 1511.000000,   large-vehicle,   235
624.000000, 1459.000000, 703.000000, 1460.000000, 703.000000, 1482.000000, 623.000000, 1481.000000,   large-vehicle,   236
831.000000, 1460.000000, 927.000000, 1461.000000, 927.000000, 1485.000000, 830.000000, 1484.000000,   large-vehicle,   237
2207.000000, 1387.000000, 2252.000000, 1388.000000, 2252.000000, 1438.000000, 2207.000000, 1437.000000,   large-vehicle,   239
1483.000000, 1438.000000, 1547.000000, 1438.000000, 1547.000000, 1458.000000, 1483.000000, 1458.000000,   large-vehicle,   240
2760.000000, 1337.000000, 2840.000000, 1337.000000, 2841.000000, 1354.000000, 2761.000000, 1353.000000,   large-vehicle,   242
2471.000000, 1383.000000, 2586.000000, 1385.000000, 2586.000000, 1408.000000, 2472.000000, 1407.000000,   large-vehicle,   243
2719.000000, 1692.000000, 2746.000000, 1692.000000, 2747.000000, 1737.000000, 2720.000000, 1736.000000,   large-vehicle,   244
189.000000, 1454.000000, 253.000000, 1455.000000, 253.000000, 1473.000000, 189.000000, 1472.000000,   large-vehicle,   250
2096.000000, 1705.000000, 2133.000000, 1705.000000, 2134.000000, 1751.000000, 2096.000000, 1751.000000,   large-vehicle,   253
2241.000000, 1534.000000, 2268.000000, 1535.000000, 2269.000000, 1575.000000, 2241.000000, 1575.000000,   small-vehicle,   289
3695.000000, 1749.000000, 3731.000000, 1749.000000, 3733.000000, 1787.000000, 3697.000000, 1786.000000,   small-vehicle,   291
1191.000000, 1440.000000, 1256.000000, 1441.000000, 1256.000000, 1459.000000, 1191.000000, 1458.000000,   large-vehicle,   303
2154.000000, 1059.000000, 2182.000000, 1059.000000, 2183.000000, 1099.000000, 2154.000000, 1098.000000,   small-vehicle,   309
491.000000, 1456.000000, 546.000000, 1456.000000, 546.000000, 1472.000000, 491.000000, 1472.000000,   small-vehicle,   317
3141.000000, 683.000000, 3213.000000, 684.000000, 3213.000000, 705.000000, 3142.000000, 704.000000,   small-vehicle,   329
3068.000000, 685.000000, 3128.000000, 686.000000, 3129.000000, 703.000000, 3069.000000, 702.000000,   small-vehicle,   330
3659.000000, 1382.000000, 3737.000000, 1383.000000, 3738.000000, 1403.000000, 3660.000000, 1402.000000,   small-vehicle,   334
979.000000, 1093.000000, 1041.000000, 1094.000000, 1041.000000, 1113.000000, 978.000000, 1112.000000,   small-vehicle,   337
3325.000000, 671.000000, 3399.000000, 672.000000, 3400.000000, 704.000000, 3326.000000, 703.000000,   large-vehicle,   345
1604.000000, 1391.000000, 1662.000000, 1392.000000, 1662.000000, 1408.000000, 1604.000000, 1408.000000,   large-vehicle,   351
1918.000000, 804.000000, 1949.000000, 805.000000, 1949.000000, 842.000000, 1918.000000, 842.000000,   small-vehicle,   353
1131.000000, 1098.000000, 1191.000000, 1099.000000, 1191.000000, 1118.000000, 1131.000000, 1117.000000,   small-vehicle,   360
3214.000000, 681.000000, 3268.000000, 682.000000, 3268.000000, 701.000000, 3214.000000, 700.000000,   small-vehicle,   364
2894.000000, 742.000000, 2963.000000, 743.000000, 2963.000000, 764.000000, 2895.000000, 763.000000,   large-vehicle,   373
2230.000000, 1794.000000, 2262.000000, 1794.000000, 2263.000000, 1833.000000, 2231.000000, 1832.000000,   small-vehicle,   380
3406.000000, 671.000000, 3480.000000, 671.000000, 3481.000000, 695.000000, 3407.000000, 694.000000,   small-vehicle,   382
726.000000, 1436.000000, 784.000000, 1436.000000, 784.000000, 1453.000000, 726.000000, 1453.000000,   small-vehicle,   383
1596.000000, 1460.000000, 1657.000000, 1460.000000, 1657.000000, 1477.000000, 1596.000000, 1477.000000,   small-vehicle,   384
3489.000000, 666.000000, 3564.000000, 667.000000, 3565.000000, 690.000000, 3489.000000, 689.000000,   small-vehicle,   385
2643.000000, 727.000000, 2701.000000, 728.000000, 2701.000000, 751.000000, 2643.000000, 750.000000,   small-vehicle,   386
3677.000000, 656.000000, 3747.000000, 657.000000, 3748.000000, 677.000000, 3678.000000, 676.000000,   small-vehicle,   387
1190.000000, 1440.000000, 1254.000000, 1441.000000, 1254.000000, 1459.000000, 1190.000000, 1458.000000,   small-vehicle,   399
810.000000, 1412.000000, 873.000000, 1412.000000, 873.000000, 1430.000000, 810.000000, 1430.000000,   small-vehicle,   409
3566.000000, 662.000000, 3639.000000, 663.000000, 3639.000000, 686.000000, 3567.000000, 685.000000,   small-vehicle,   413
3330.000000, 1790.000000, 3364.000000, 1790.000000, 3365.000000, 1823.000000, 3331.000000, 1823.000000,   small-vehicle,   416
1967.000000, 737.000000, 2001.000000, 738.000000, 2001.000000, 781.000000, 1967.000000, 781.000000,   small-vehicle,   421
2471.000000, 1359.000000, 2552.000000, 1360.000000, 2552.000000, 1383.000000, 2472.000000, 1382.000000,   large-vehicle,   426
173.000000, 1403.000000, 231.000000, 1404.000000, 231.000000, 1422.000000, 172.000000, 1421.000000,   small-vehicle,   430
2021.000000, 1054.000000, 2048.000000, 1054.000000, 2048.000000, 1094.000000, 2021.000000, 1094.000000,   small-vehicle,   431
1827.000000, 608.000000, 1856.000000, 608.000000, 1857.000000, 645.000000, 1828.000000, 645.000000,   small-vehicle,   432
1856.000000, 604.000000, 1886.000000, 604.000000, 1887.000000, 641.000000, 1857.000000, 640.000000,   small-vehicle,   433
3607.000000, 1461.000000, 3679.000000, 1461.000000, 3679.000000, 1481.000000, 3607.000000, 1480.000000,   small-vehicle,   434
1063.000000, 1097.000000, 1117.000000, 1097.000000, 1117.000000, 1112.000000, 1062.000000, 1112.000000,   small-vehicle,   438
3040.000000, 712.000000, 3108.000000, 712.000000, 3108.000000, 732.000000, 3041.000000, 731.000000,   small-vehicle,   445
1380.000000, 714.000000, 1438.000000, 715.000000, 1438.000000, 733.000000, 1380.000000, 732.000000,   small-vehicle,   446
1264.000000, 1242.000000, 1297.000000, 1242.000000, 1297.000000, 1290.000000, 1264.000000, 1289.000000,   large-vehicle,   447
2585.000000, 1338.000000, 2662.000000, 1339.000000, 2663.000000, 1357.000000, 2586.000000, 1356.000000,   large-vehicle,   448
1939.000000, 629.000000, 1972.000000, 629.000000, 1973.000000, 659.000000, 1939.000000, 658.000000,   small-vehicle,   457
3170.000000, 1368.000000, 3239.000000, 1369.000000, 3240.000000, 1388.000000, 3171.000000, 1387.000000,   small-vehicle,   462
1669.000000, 1451.000000, 1731.000000, 1452.000000, 1731.000000, 1473.000000, 1669.000000, 1472.000000,   small-vehicle,   463
2832.000000, 746.000000, 2877.000000, 746.000000, 2877.000000, 763.000000, 2833.000000, 762.000000,   small-vehicle,   464
2997.000000, 740.000000, 3050.000000, 740.000000, 3051.000000, 758.000000, 2998.000000, 757.000000,   small-vehicle,   465
1676.000000, 1339.000000, 1741.000000, 1339.000000, 1741.000000, 1361.000000, 1676.000000, 1360.000000,   small-vehicle,   467
75.000000, 1429.000000, 145.000000, 1429.000000, 144.000000, 1448.000000, 74.000000, 1448.000000,   small-vehicle,   468
2272.000000, 1835.000000, 2305.000000, 1835.000000, 2305.000000, 1867.000000, 2273.000000, 1866.000000,   small-vehicle,   471
2677.000000, 1322.000000, 2746.000000, 1323.000000, 2746.000000, 1343.000000, 2677.000000, 1342.000000,   large-vehicle,   472
2152.000000, 1062.000000, 2184.000000, 1063.000000, 2185.000000, 1100.000000, 2153.000000, 1100.000000,   large-vehicle,   475
3573.000000, 1341.000000, 3653.000000, 1341.000000, 3654.000000, 1365.000000, 3574.000000, 1364.000000,   large-vehicle,   476
1862.000000, 986.000000, 1901.000000, 987.000000, 1902.000000, 1026.000000, 1863.000000, 1025.000000,   large-vehicle,   478
3587.000000, 1445.000000, 3643.000000, 1446.000000, 3644.000000, 1465.000000, 3587.000000, 1465.000000,   large-vehicle,   479
2122.000000, 567.000000, 2150.000000, 567.000000, 2151.000000, 608.000000, 2123.000000, 607.000000,   small-vehicle,   484
2213.000000, 1632.000000, 2245.000000, 1632.000000, 2246.000000, 1675.000000, 2214.000000, 1675.000000,   small-vehicle,   485
3270.000000, 1367.000000, 3344.000000, 1368.000000, 3345.000000, 1387.000000, 3271.000000, 1386.000000,   small-vehicle,   487
436.000000, 1449.000000, 487.000000, 1450.000000, 487.000000, 1464.000000, 436.000000, 1463.000000,   small-vehicle,   488
1263.000000, 1233.000000, 1294.000000, 1233.000000, 1294.000000, 1277.000000, 1262.000000, 1276.000000,   small-vehicle,   492
2682.000000, 1328.000000, 2745.000000, 1329.000000, 2745.000000, 1348.000000, 2682.000000, 1347.000000,   small-vehicle,   495
2681.000000, 1339.000000, 2745.000000, 1339.000000, 2746.000000, 1358.000000, 2681.000000, 1357.000000,   large-vehicle,   497
187.000000, 824.000000, 256.000000, 825.000000, 256.000000, 835.000000, 187.000000, 834.000000,   large-vehicle,   498
2574.000000, 1352.000000, 2642.000000, 1353.000000, 2643.000000, 1370.000000, 2574.000000, 1369.000000,   large-vehicle,   499
3271.000000, 1364.000000, 3343.000000, 1365.000000, 3344.000000, 1385.000000, 3272.000000, 1384.000000,   large-vehicle,   500
3615.000000, 1464.000000, 3684.000000, 1465.000000, 3684.000000, 1483.000000, 3615.000000, 1482.000000,   large-vehicle,   501
2231.000000, 1794.000000, 2261.000000, 1795.000000, 2262.000000, 1835.000000, 2232.000000, 1835.000000,   large-vehicle,   502
3573.000000, 1339.000000, 3655.000000, 1340.000000, 3656.000000, 1363.000000, 3574.000000, 1362.000000,   large-vehicle,   503
2053.000000, 1411.000000, 2095.000000, 1412.000000, 2096.000000, 1457.000000, 2053.000000, 1457.000000,   large-vehicle,   504
73.000000, 1421.000000, 145.000000, 1422.000000, 145.000000, 1443.000000, 73.000000, 1442.000000,   large-vehicle,   505
1823.000000, 572.000000, 1849.000000, 572.000000, 1850.000000, 607.000000, 1823.000000, 606.000000,   small-vehicle,   506
2232.000000, 1801.000000, 2264.000000, 1802.000000, 2265.000000, 1840.000000, 2232.000000, 1840.000000,   small-vehicle,   507
1602.000000, 1383.000000, 1661.000000, 1384.000000, 1661.000000, 1399.000000, 1602.000000, 1398.000000,   small-vehicle,   508
1863.000000, 993.000000, 1901.000000, 993.000000, 1902.000000, 1031.000000, 1864.000000, 1031.000000,   small-vehicle,   509
203.000000, 1449.000000, 257.000000, 1450.000000, 256.000000, 1467.000000, 203.000000, 1466.000000,   small-vehicle,   510
21.000000, 777.000000, 72.000000, 778.000000, 72.000000, 796.000000, 21.000000, 795.000000,   small-vehicle,   511
3333.000000, 650.000000, 3366.000000, 650.000000, 3366.000000, 662.000000, 3333.000000, 662.000000,   small-vehicle,   512
1264.000000, 1236.000000, 1294.000000, 1237.000000, 1294.000000, 1281.000000, 1264.000000, 1281.000000,   small-vehicle,   513
2582.000000, 1327.000000, 2662.000000, 1328.000000, 2662.000000, 1345.000000, 2582.000000, 1344.000000,   small-vehicle,   514
2798.000000, 1310.000000, 2825.000000, 1310.000000, 2825.000000, 1322.000000, 2798.000000, 1322.000000,   small-vehicle,   515
3269.000000, 1759.000000, 3298.000000, 1759.000000, 3299.000000, 1790.000000, 3270.000000, 1790.000000,   small-vehicle,   516
1677.000000, 1342.000000, 1740.000000, 1342.000000, 1740.000000, 1366.000000, 1677.000000, 1365.000000,   large-vehicle,   517
