1847.000000, 854.000000, 1876.000000, 854.000000, 1877.000000, 888.000000, 1847.000000, 887.000000,   small-vehicle,   0
2177.000000, 895.000000, 2203.000000, 895.000000, 2203.000000, 928.000000, 2177.000000, 928.000000,   small-vehicle,   1
1853.000000, 897.000000, 1880.000000, 897.000000, 1880.000000, 931.000000, 1854.000000, 930.000000,   small-vehicle,   2
2034.000000, 1173.000000, 2063.000000, 1174.000000, 2064.000000, 1207.000000, 2035.000000, 1206.000000,   small-vehicle,   3
1863.000000, 704.000000, 1891.000000, 704.000000, 1892.000000, 739.000000, 1864.000000, 739.000000,   small-vehicle,   4
2186.000000, 1079.000000, 2217.000000, 1079.000000, 2217.000000, 1113.000000, 2187.000000, 1113.000000,   small-vehicle,   5
1235.000000, 1241.000000, 1261.000000, 1242.000000, 1261.000000, 1276.000000, 1235.000000, 1276.000000,   small-vehicle,   6
1531.000000, 1392.000000, 1585.000000, 1393.000000, 1585.000000, 1407.000000, 1531.000000, 1406.000000,   small-vehicle,   7
2164.000000, 993.000000, 2189.000000, 994.000000, 2190.000000, 1027.000000, 2164.000000, 1027.000000,   small-vehicle,   8
3186.000000, 1315.000000, 3246.000000, 1316.000000, 3246.000000, 1332.000000, 3187.000000, 1331.000000,   small-vehicle,   9
1061.000000, 1310.000000, 1109.000000, 1310.000000, 1109.000000, 1327.000000, 1061.000000, 1326.000000,   small-vehicle,   10
429.000000, 1308.000000, 488.000000, 1309.000000, 488.000000, 1325.000000, 429.000000, 1324.000000,   small-vehicle,   11
1259.000000, 886.000000, 1285.000000, 887.000000, 1285.000000, 923.000000, 1259.000000, 923.000000,   small-vehicle,   12
3602.000000, 1461.000000, 3650.000000, 1462.000000, 3650.000000, 1478.000000, 3602.000000, 1477.000000,   small-vehicle,   13
2657.000000, 1366.000000, 2712.000000, 1366.000000, 2712.000000, 1382.000000, 2657.000000, 1381.000000,   small-vehicle,   14
2054.000000, 1513.000000, 2087.000000, 1514.000000, 2087.000000, 1551.000000, 2054.000000, 1550.000000,   small-vehicle,   15
1156.000000, 1308.000000, 1210.000000, 1308.000000, 1210.000000, 1325.000000, 1156.000000, 1325.000000,   small-vehicle,   16
2169.000000, 848.000000, 2200.000000, 849.000000, 2201.000000, 889.000000, 2170.000000, 888.000000,   small-vehicle,   17
1641.000000, 1348.000000, 1695.000000, 1349.000000, 1695.000000, 1368.000000, 1641.000000, 1367.000000,   small-vehicle,   18
2139.000000, 944.000000, 2198.000000, 945.000000, 2198.000000, 983.000000, 2140.000000, 982.000000,   small-vehicle,   19
1985.000000, 1114.000000, 2015.000000, 1115.000000, 2015.000000, 1151.000000, 1985.000000, 1150.000000,   small-vehicle,   20
1876.000000, 805.000000, 1904.000000, 805.000000, 1904.000000, 844.000000, 1877.000000, 844.000000,   small-vehicle,   21
1645.000000, 1442.000000, 1706.000000, 1443.000000, 1706.000000, 1459.000000, 1645.000000, 1458.000000,   small-vehicle,   22
2469.000000, 1471.000000, 2525.000000, 1472.000000, 2525.000000, 1487.000000, 2469.000000, 1486.000000,   small-vehicle,   23
2092.000000, 1638.000000, 2122.000000, 1639.000000, 2123.000000, 1678.000000, 2092.000000, 1677.000000,   small-vehicle,   24
131.000000, 1306.000000, 189.000000, 1307.000000, 189.000000, 1323.000000, 131.000000, 1322.000000,   small-vehicle,   25
2198.000000, 1130.000000, 2223.000000, 1130.000000, 2224.000000, 1162.000000, 2198.000000, 1162.000000,   small-vehicle,   26
798.000000, 1307.000000, 853.000000, 1308.000000, 853.000000, 1325.000000, 798.000000, 1325.000000,   small-vehicle,   27
2175.000000, 1828.000000, 2205.000000, 1828.000000, 2206.000000, 1865.000000, 2175.000000, 1865.000000,   small-vehicle,   28
2243.000000, 1564.000000, 2276.000000, 1564.000000, 2276.000000, 1607.000000, 2244.000000, 1607.000000,   small-vehicle,   29
2538.000000, 1668.000000, 2605.000000, 1669.000000, 2605.000000, 1689.000000, 2539.000000, 1688.000000,   small-vehicle,   30
2131.000000, 1853.000000, 2157.000000, 1853.000000, 2158.000000, 1884.000000, 2131.000000, 1884.000000,   small-vehicle,   31
2176.000000, 1032.000000, 2212.000000, 1032.000000, 2213.000000, 1070.000000, 2177.000000, 1070.000000,   small-vehicle,   32
1926.000000, 1205.000000, 1965.000000, 1205.000000, 1965.000000, 1242.000000, 1926.000000, 1242.000000,   small-vehicle,   33
2735.000000, 1361.000000, 2793.000000, 1362.000000, 2793.000000, 1378.000000, 2735.000000, 1377.000000,   small-vehicle,   34
2200.000000, 1189.000000, 2228.000000, 1189.000000, 2229.000000, 1229.000000, 2201.000000, 1228.000000,   small-vehicle,   35
1927.000000, 910.000000, 1955.000000, 910.000000, 1955.000000, 943.000000, 1927.000000, 942.000000,   small-vehicle,   36
2152.000000, 1905.000000, 2179.000000, 1905.000000, 2179.000000, 1939.000000, 2153.000000, 1939.000000,   small-vehicle,   37
2976.000000, 1362.000000, 3039.000000, 1363.000000, 3040.000000, 1379.000000, 2976.000000, 1379.000000,   small-vehicle,   38
260.000000, 1225.000000, 284.000000, 1225.000000, 284.000000, 1257.000000, 259.000000, 1257.000000,   small-vehicle,   39
2162.000000, 1115.000000, 2189.000000, 1115.000000, 2190.000000, 1151.000000, 2162.000000, 1151.000000,   small-vehicle,   40
1273.000000, 696.000000, 1306.000000, 697.000000, 1306.000000, 730.000000, 1273.000000, 730.000000,   small-vehicle,   41
2622.000000, 1313.000000, 2675.000000, 1313.000000, 2675.000000, 1330.000000, 2623.000000, 1330.000000,   small-vehicle,   42
1258.000000, 846.000000, 1280.000000, 846.000000, 1280.000000, 873.000000, 1258.000000, 873.000000,   small-vehicle,   43
1681.000000, 1392.000000, 1743.000000, 1393.000000, 1744.000000, 1410.000000, 1681.000000, 1409.000000,   small-vehicle,   44
1388.000000, 1390.000000, 1441.000000, 1390.000000, 1441.000000, 1408.000000, 1388.000000, 1407.000000,   small-vehicle,   45
2136.000000, 793.000000, 2164.000000, 794.000000, 2164.000000, 834.000000, 2137.000000, 833.000000,   small-vehicle,   46
925.000000, 1309.000000, 984.000000, 1310.000000, 984.000000, 1328.000000, 925.000000, 1327.000000,   small-vehicle,   47
2190.000000, 991.000000, 2216.000000, 992.000000, 2216.000000, 1023.000000, 2190.000000, 1022.000000,   small-vehicle,   48
2980.000000, 1316.000000, 3036.000000, 1316.000000, 3036.000000, 1331.000000, 2980.000000, 1331.000000,   small-vehicle,   49
64.000000, 1307.000000, 121.000000, 1307.000000, 121.000000, 1326.000000, 64.000000, 1325.000000,   small-vehicle,   50
532.000000, 1307.000000, 593.000000, 1308.000000, 593.000000, 1323.000000, 531.000000, 1323.000000,   small-vehicle,   51
2065.000000, 1551.000000, 2102.000000, 1551.000000, 2103.000000, 1593.000000, 2065.000000, 1593.000000,   small-vehicle,   52
1388.000000, 1417.000000, 1444.000000, 1417.000000, 1444.000000, 1433.000000, 1388.000000, 1432.000000,   small-vehicle,   53
2651.000000, 1669.000000, 2709.000000, 1669.000000, 2709.000000, 1686.000000, 2651.000000, 1685.000000,   small-vehicle,   54
295.000000, 1454.000000, 354.000000, 1455.000000, 353.000000, 1472.000000, 295.000000, 1471.000000,   small-vehicle,   55
2903.000000, 1475.000000, 2963.000000, 1476.000000, 2964.000000, 1492.000000, 2903.000000, 1491.000000,   small-vehicle,   56
3416.000000, 1218.000000, 3444.000000, 1219.000000, 3445.000000, 1253.000000, 3417.000000, 1253.000000,   small-vehicle,   57
1115.000000, 1395.000000, 1174.000000, 1396.000000, 1174.000000, 1413.000000, 1115.000000, 1412.000000,   small-vehicle,   58
3326.000000, 1969.000000, 3357.000000, 1969.000000, 3358.000000, 2008.000000, 3327.000000, 2007.000000,   small-vehicle,   59
2128.000000, 1598.000000, 2163.000000, 1598.000000, 2164.000000, 1641.000000, 2129.000000, 1641.000000,   small-vehicle,   60
1963.000000, 1649.000000, 1989.000000, 1649.000000, 1990.000000, 1682.000000, 1963.000000, 1682.000000,   small-vehicle,   61
609.000000, 1307.000000, 662.000000, 1308.000000, 662.000000, 1323.000000, 609.000000, 1322.000000,   small-vehicle,   62
3343.000000, 1266.000000, 3375.000000, 1267.000000, 3376.000000, 1303.000000, 3344.000000, 1303.000000,   small-vehicle,   63
1119.000000, 1465.000000, 1169.000000, 1466.000000, 1169.000000, 1480.000000, 1119.000000, 1479.000000,   small-vehicle,   64
3095.000000, 1315.000000, 3164.000000, 1315.000000, 3164.000000, 1332.000000, 3096.000000, 1331.000000,   small-vehicle,   65
2119.000000, 711.000000, 2165.000000, 711.000000, 2165.000000, 744.000000, 2120.000000, 744.000000,   small-vehicle,   66
846.000000, 1396.000000, 900.000000, 1396.000000, 900.000000, 1413.000000, 846.000000, 1413.000000,   small-vehicle,   67
2288.000000, 1992.000000, 2320.000000, 1992.000000, 2320.000000, 2027.000000, 2289.000000, 2027.000000,   small-vehicle,   68
2631.000000, 696.000000, 2691.000000, 696.000000, 2692.000000, 718.000000, 2632.000000, 718.000000,   small-vehicle,   69
3690.000000, 1637.000000, 3755.000000, 1637.000000, 3756.000000, 1654.000000, 3690.000000, 1654.000000,   small-vehicle,   70
2141.000000, 1967.000000, 2169.000000, 1967.000000, 2170.000000, 2001.000000, 2141.000000, 2001.000000,   small-vehicle,   71
2387.000000, 1388.000000, 2447.000000, 1389.000000, 2447.000000, 1405.000000, 2387.000000, 1404.000000,   small-vehicle,   72
3266.000000, 1314.000000, 3328.000000, 1315.000000, 3329.000000, 1333.000000, 3266.000000, 1332.000000,   small-vehicle,   73
200.000000, 1307.000000, 252.000000, 1307.000000, 251.000000, 1322.000000, 199.000000, 1321.000000,   small-vehicle,   74
1253.000000, 989.000000, 1278.000000, 989.000000, 1278.000000, 1020.000000, 1253.000000, 1019.000000,   small-vehicle,   75
1966.000000, 989.000000, 1998.000000, 989.000000, 1999.000000, 1034.000000, 1966.000000, 1033.000000,   small-vehicle,   76
1887.000000, 1164.000000, 1917.000000, 1165.000000, 1917.000000, 1201.000000, 1888.000000, 1201.000000,   small-vehicle,   77
2721.000000, 1472.000000, 2791.000000, 1473.000000, 2791.000000, 1491.000000, 2722.000000, 1490.000000,   small-vehicle,   78
330.000000, 790.000000, 383.000000, 791.000000, 382.000000, 810.000000, 330.000000, 809.000000,   small-vehicle,   79
1543.000000, 1410.000000, 1608.000000, 1411.000000, 1608.000000, 1428.000000, 1543.000000, 1427.000000,   small-vehicle,   80
2285.000000, 1896.000000, 2310.000000, 1896.000000, 2311.000000, 1926.000000, 2285.000000, 1926.000000,   small-vehicle,   81
1197.000000, 1419.000000, 1251.000000, 1419.000000, 1251.000000, 1435.000000, 1197.000000, 1434.000000,   small-vehicle,   82
2604.000000, 1390.000000, 2673.000000, 1391.000000, 2673.000000, 1406.000000, 2605.000000, 1405.000000,   small-vehicle,   83
1210.000000, 1391.000000, 1276.000000, 1392.000000, 1276.000000, 1408.000000, 1210.000000, 1408.000000,   small-vehicle,   84
2901.000000, 720.000000, 2943.000000, 721.000000, 2944.000000, 733.000000, 2901.000000, 732.000000,   small-vehicle,   85
2125.000000, 904.000000, 2154.000000, 904.000000, 2155.000000, 943.000000, 2126.000000, 943.000000,   small-vehicle,   86
2412.000000, 707.000000, 2466.000000, 708.000000, 2466.000000, 726.000000, 2413.000000, 725.000000,   small-vehicle,   87
2403.000000, 1331.000000, 2464.000000, 1331.000000, 2464.000000, 1348.000000, 2403.000000, 1348.000000,   small-vehicle,   88
3383.000000, 1480.000000, 3437.000000, 1481.000000, 3438.000000, 1497.000000, 3383.000000, 1497.000000,   small-vehicle,   89
2030.000000, 1107.000000, 2058.000000, 1108.000000, 2058.000000, 1151.000000, 2030.000000, 1151.000000,   small-vehicle,   90
3501.000000, 1321.000000, 3569.000000, 1322.000000, 3569.000000, 1338.000000, 3502.000000, 1337.000000,   small-vehicle,   91
3085.000000, 1476.000000, 3141.000000, 1477.000000, 3142.000000, 1492.000000, 3085.000000, 1491.000000,   small-vehicle,   92
3026.000000, 1627.000000, 3084.000000, 1628.000000, 3085.000000, 1646.000000, 3027.000000, 1645.000000,   small-vehicle,   93
1892.000000, 1043.000000, 1920.000000, 1043.000000, 1920.000000, 1083.000000, 1892.000000, 1083.000000,   small-vehicle,   94
2470.000000, 1667.000000, 2531.000000, 1668.000000, 2531.000000, 1690.000000, 2471.000000, 1689.000000,   small-vehicle,   95
2901.000000, 1362.000000, 2961.000000, 1363.000000, 2962.000000, 1380.000000, 2901.000000, 1379.000000,   small-vehicle,   96
779.000000, 1393.000000, 836.000000, 1394.000000, 836.000000, 1413.000000, 779.000000, 1412.000000,   small-vehicle,   97
3696.000000, 1352.000000, 3753.000000, 1353.000000, 3754.000000, 1371.000000, 3696.000000, 1370.000000,   small-vehicle,   98
3068.000000, 1669.000000, 3131.000000, 1670.000000, 3131.000000, 1686.000000, 3069.000000, 1686.000000,   small-vehicle,   99
2826.000000, 1474.000000, 2876.000000, 1474.000000, 2877.000000, 1491.000000, 2827.000000, 1490.000000,   small-vehicle,   100
1935.000000, 1064.000000, 1967.000000, 1065.000000, 1968.000000, 1103.000000, 1935.000000, 1103.000000,   small-vehicle,   101
3529.000000, 1484.000000, 3599.000000, 1485.000000, 3599.000000, 1502.000000, 3530.000000, 1501.000000,   small-vehicle,   102
1670.000000, 1415.000000, 1734.000000, 1416.000000, 1734.000000, 1432.000000, 1670.000000, 1431.000000,   small-vehicle,   103
3324.000000, 1726.000000, 3358.000000, 1727.000000, 3359.000000, 1765.000000, 3325.000000, 1764.000000,   small-vehicle,   104
1989.000000, 1199.000000, 2022.000000, 1199.000000, 2023.000000, 1242.000000, 1990.000000, 1242.000000,   small-vehicle,   105
2931.000000, 1336.000000, 2989.000000, 1336.000000, 2990.000000, 1352.000000, 2931.000000, 1351.000000,   small-vehicle,   106
3699.000000, 1695.000000, 3729.000000, 1695.000000, 3731.000000, 1732.000000, 3700.000000, 1731.000000,   small-vehicle,   107
3506.000000, 1632.000000, 3570.000000, 1632.000000, 3570.000000, 1649.000000, 3507.000000, 1648.000000,   small-vehicle,   108
3098.000000, 1337.000000, 3168.000000, 1338.000000, 3168.000000, 1354.000000, 3098.000000, 1354.000000,   small-vehicle,   109
1906.000000, 1119.000000, 1938.000000, 1120.000000, 1938.000000, 1159.000000, 1906.000000, 1158.000000,   small-vehicle,   110
2492.000000, 1329.000000, 2559.000000, 1330.000000, 2559.000000, 1349.000000, 2493.000000, 1349.000000,   small-vehicle,   111
2966.000000, 1442.000000, 3033.000000, 1443.000000, 3033.000000, 1459.000000, 2967.000000, 1458.000000,   small-vehicle,   112
1030.000000, 1440.000000, 1089.000000, 1441.000000, 1088.000000, 1457.000000, 1030.000000, 1456.000000,   small-vehicle,   113
2213.000000, 1668.000000, 2245.000000, 1668.000000, 2246.000000, 1708.000000, 2214.000000, 1708.000000,   small-vehicle,   114
2389.000000, 1359.000000, 2451.000000, 1360.000000, 2452.000000, 1377.000000, 2389.000000, 1376.000000,   small-vehicle,   115
1462.000000, 1389.000000, 1515.000000, 1389.000000, 1515.000000, 1406.000000, 1462.000000, 1405.000000,   small-vehicle,   116
3324.000000, 1634.000000, 3387.000000, 1634.000000, 3387.000000, 1651.000000, 3324.000000, 1650.000000,   small-vehicle,   117
1011.000000, 1392.000000, 1070.000000, 1393.000000, 1070.000000, 1410.000000, 1011.000000, 1409.000000,   small-vehicle,   118
3378.000000, 1365.000000, 3444.000000, 1366.000000, 3444.000000, 1385.000000, 3379.000000, 1384.000000,   small-vehicle,   119
1859.000000, 668.000000, 1885.000000, 668.000000, 1885.000000, 697.000000, 1859.000000, 697.000000,   small-vehicle,   120
2776.000000, 692.000000, 2831.000000, 693.000000, 2832.000000, 714.000000, 2777.000000, 713.000000,   small-vehicle,   121
3014.000000, 1339.000000, 3077.000000, 1340.000000, 3077.000000, 1355.000000, 3015.000000, 1354.000000,   small-vehicle,   122
1767.000000, 1414.000000, 1833.000000, 1415.000000, 1833.000000, 1432.000000, 1767.000000, 1431.000000,   small-vehicle,   123
288.000000, 1411.000000, 343.000000, 1411.000000, 343.000000, 1428.000000, 288.000000, 1428.000000,   small-vehicle,   124
2482.000000, 1623.000000, 2541.000000, 1624.000000, 2541.000000, 1640.000000, 2482.000000, 1640.000000,   small-vehicle,   125
1111.000000, 1439.000000, 1170.000000, 1440.000000, 1170.000000, 1455.000000, 1111.000000, 1454.000000,   small-vehicle,   126
1932.000000, 774.000000, 1965.000000, 774.000000, 1965.000000, 817.000000, 1932.000000, 816.000000,   small-vehicle,   127
362.000000, 1225.000000, 387.000000, 1225.000000, 386.000000, 1260.000000, 362.000000, 1259.000000,   small-vehicle,   128
1770.000000, 1393.000000, 1830.000000, 1394.000000, 1830.000000, 1411.000000, 1770.000000, 1410.000000,   small-vehicle,   129
2919.000000, 687.000000, 2979.000000, 688.000000, 2980.000000, 708.000000, 2920.000000, 707.000000,   small-vehicle,   130
2917.000000, 1314.000000, 2978.000000, 1315.000000, 2978.000000, 1330.000000, 2918.000000, 1330.000000,   small-vehicle,   131
1250.000000, 1040.000000, 1272.000000, 1040.000000, 1272.000000, 1069.000000, 1250.000000, 1069.000000,   small-vehicle,   132
3208.000000, 1630.000000, 3270.000000, 1631.000000, 3271.000000, 1647.000000, 3209.000000, 1646.000000,   small-vehicle,   133
224.000000, 784.000000, 278.000000, 784.000000, 277.000000, 805.000000, 224.000000, 804.000000,   small-vehicle,   134
365.000000, 1454.000000, 431.000000, 1455.000000, 431.000000, 1470.000000, 365.000000, 1469.000000,   small-vehicle,   135
1398.000000, 1465.000000, 1450.000000, 1465.000000, 1450.000000, 1481.000000, 1398.000000, 1481.000000,   small-vehicle,   136
557.000000, 1461.000000, 617.000000, 1461.000000, 616.000000, 1477.000000, 556.000000, 1476.000000,   small-vehicle,   137
2205.000000, 1581.000000, 2237.000000, 1581.000000, 2237.000000, 1619.000000, 2206.000000, 1619.000000,   small-vehicle,   138
3399.000000, 1339.000000, 3461.000000, 1340.000000, 3461.000000, 1357.000000, 3400.000000, 1356.000000,   small-vehicle,   139
1244.000000, 1156.000000, 1267.000000, 1156.000000, 1267.000000, 1188.000000, 1244.000000, 1188.000000,   small-vehicle,   140
2239.000000, 1964.000000, 2268.000000, 1965.000000, 2269.000000, 2011.000000, 2240.000000, 2010.000000,   small-vehicle,   141
2013.000000, 1004.000000, 2043.000000, 1004.000000, 2044.000000, 1045.000000, 2014.000000, 1045.000000,   small-vehicle,   142
517.000000, 1412.000000, 586.000000, 1413.000000, 586.000000, 1431.000000, 517.000000, 1430.000000,   small-vehicle,   143
1887.000000, 1088.000000, 1913.000000, 1088.000000, 1913.000000, 1114.000000, 1887.000000, 1114.000000,   small-vehicle,   144
800.000000, 1437.000000, 856.000000, 1438.000000, 856.000000, 1454.000000, 800.000000, 1453.000000,   small-vehicle,   145
2550.000000, 700.000000, 2616.000000, 701.000000, 2617.000000, 724.000000, 2551.000000, 723.000000,   small-vehicle,   146
867.000000, 1305.000000, 914.000000, 1305.000000, 914.000000, 1318.000000, 867.000000, 1318.000000,   small-vehicle,   147
2159.000000, 1361.000000, 2197.000000, 1362.000000, 2197.000000, 1403.000000, 2160.000000, 1402.000000,   small-vehicle,   148
3287.000000, 1339.000000, 3345.000000, 1340.000000, 3345.000000, 1357.000000, 3288.000000, 1356.000000,   small-vehicle,   149
2526.000000, 1467.000000, 2596.000000, 1468.000000, 2597.000000, 1486.000000, 2526.000000, 1486.000000,   small-vehicle,   150
2136.000000, 862.000000, 2167.000000, 862.000000, 2167.000000, 900.000000, 2136.000000, 899.000000,   small-vehicle,   151
3686.000000, 1329.000000, 3752.000000, 1330.000000, 3752.000000, 1345.000000, 3686.000000, 1344.000000,   small-vehicle,   152
2980.000000, 685.000000, 3045.000000, 685.000000, 3046.000000, 707.000000, 2981.000000, 707.000000,   small-vehicle,   153
3127.000000, 1628.000000, 3189.000000, 1629.000000, 3189.000000, 1645.000000, 3128.000000, 1645.000000,   small-vehicle,   154
2027.000000, 1319.000000, 2069.000000, 1319.000000, 2070.000000, 1365.000000, 2028.000000, 1365.000000,   small-vehicle,   155
3166.000000, 1667.000000, 3228.000000, 1668.000000, 3228.000000, 1689.000000, 3167.000000, 1688.000000,   small-vehicle,   156
1564.000000, 1440.000000, 1613.000000, 1440.000000, 1613.000000, 1458.000000, 1564.000000, 1457.000000,   small-vehicle,   158
1991.000000, 1684.000000, 2014.000000, 1684.000000, 2014.000000, 1703.000000, 1991.000000, 1703.000000,   small-vehicle,   159
1462.000000, 1417.000000, 1523.000000, 1417.000000, 1523.000000, 1437.000000, 1462.000000, 1437.000000,   small-vehicle,   160
3425.000000, 1260.000000, 3464.000000, 1260.000000, 3465.000000, 1302.000000, 3426.000000, 1301.000000,   small-vehicle,   161
1301.000000, 1396.000000, 1356.000000, 1397.000000, 1356.000000, 1415.000000, 1301.000000, 1415.000000,   small-vehicle,   162
3481.000000, 1343.000000, 3548.000000, 1344.000000, 3549.000000, 1362.000000, 3481.000000, 1361.000000,   small-vehicle,   163
1607.000000, 724.000000, 1670.000000, 725.000000, 1670.000000, 744.000000, 1607.000000, 744.000000,   small-vehicle,   164
108.000000, 783.000000, 168.000000, 784.000000, 168.000000, 802.000000, 107.000000, 801.000000,   small-vehicle,   165
3303.000000, 1480.000000, 3362.000000, 1481.000000, 3362.000000, 1494.000000, 3303.000000, 1493.000000,   small-vehicle,   166
933.000000, 1391.000000, 992.000000, 1392.000000, 992.000000, 1411.000000, 933.000000, 1410.000000,   small-vehicle,   167
3204.000000, 1340.000000, 3267.000000, 1341.000000, 3268.000000, 1357.000000, 3204.000000, 1357.000000,   small-vehicle,   168
962.000000, 1462.000000, 1021.000000, 1463.000000, 1021.000000, 1481.000000, 962.000000, 1480.000000,   small-vehicle,   169
3096.000000, 1362.000000, 3160.000000, 1363.000000, 3161.000000, 1381.000000, 3096.000000, 1380.000000,   small-vehicle,   170
942.000000, 1437.000000, 1008.000000, 1438.000000, 1007.000000, 1456.000000, 942.000000, 1455.000000,   small-vehicle,   171
3476.000000, 1370.000000, 3544.000000, 1371.000000, 3544.000000, 1389.000000, 3477.000000, 1388.000000,   small-vehicle,   172
2479.000000, 704.000000, 2544.000000, 705.000000, 2545.000000, 725.000000, 2480.000000, 725.000000,   small-vehicle,   173
2252.000000, 1648.000000, 2286.000000, 1648.000000, 2287.000000, 1692.000000, 2253.000000, 1692.000000,   small-vehicle,   174
1359.000000, 1436.000000, 1416.000000, 1437.000000, 1416.000000, 1455.000000, 1359.000000, 1455.000000,   small-vehicle,   175
3327.000000, 1882.000000, 3358.000000, 1883.000000, 3360.000000, 1921.000000, 3328.000000, 1921.000000,   small-vehicle,   176
1594.000000, 1311.000000, 1651.000000, 1311.000000, 1651.000000, 1328.000000, 1594.000000, 1327.000000,   small-vehicle,   177
2820.000000, 1363.000000, 2884.000000, 1364.000000, 2884.000000, 1381.000000, 2821.000000, 1380.000000,   small-vehicle,   178
1253.000000, 1463.000000, 1320.000000, 1464.000000, 1320.000000, 1480.000000, 1253.000000, 1479.000000,   small-vehicle,   179
2153.000000, 1062.000000, 2183.000000, 1062.000000, 2184.000000, 1100.000000, 2154.000000, 1100.000000,   small-vehicle,   180
696.000000, 1831.000000, 724.000000, 1832.000000, 724.000000, 1872.000000, 695.000000, 1871.000000,   small-vehicle,   181
2854.000000, 1335.000000, 2916.000000, 1336.000000, 2916.000000, 1353.000000, 2855.000000, 1352.000000,   small-vehicle,   182
632.000000, 1438.000000, 692.000000, 1439.000000, 692.000000, 1456.000000, 632.000000, 1455.000000,   small-vehicle,   183
1603.000000, 1393.000000, 1663.000000, 1394.000000, 1663.000000, 1409.000000, 1603.000000, 1408.000000,   small-vehicle,   185
1343.000000, 1464.000000, 1397.000000, 1465.000000, 1397.000000, 1481.000000, 1343.000000, 1481.000000,   small-vehicle,   186
2672.000000, 1695.000000, 2703.000000, 1695.000000, 2704.000000, 1736.000000, 2673.000000, 1736.000000,   small-vehicle,   187
2576.000000, 1361.000000, 2642.000000, 1361.000000, 2642.000000, 1379.000000, 2577.000000, 1379.000000,   small-vehicle,   188
1448.000000, 715.000000, 1510.000000, 716.000000, 1510.000000, 736.000000, 1448.000000, 735.000000,   small-vehicle,   189
1289.000000, 1418.000000, 1350.000000, 1419.000000, 1350.000000, 1435.000000, 1289.000000, 1434.000000,   small-vehicle,   190
1665.000000, 1465.000000, 1725.000000, 1465.000000, 1725.000000, 1484.000000, 1665.000000, 1483.000000,   small-vehicle,   191
2778.000000, 1442.000000, 2847.000000, 1443.000000, 2847.000000, 1460.000000, 2779.000000, 1459.000000,   small-vehicle,   192
3594.000000, 1372.000000, 3669.000000, 1373.000000, 3669.000000, 1391.000000, 3594.000000, 1390.000000,   small-vehicle,   193
2618.000000, 1626.000000, 2652.000000, 1627.000000, 2653.000000, 1641.000000, 2618.000000, 1641.000000,   small-vehicle,   194
3259.000000, 1940.000000, 3286.000000, 1941.000000, 3287.000000, 1976.000000, 3260.000000, 1976.000000,   small-vehicle,   195
3351.000000, 1312.000000, 3406.000000, 1313.000000, 3407.000000, 1349.000000, 3353.000000, 1349.000000,   small-vehicle,   196
2242.000000, 1841.000000, 2267.000000, 1841.000000, 2268.000000, 1879.000000, 2243.000000, 1878.000000,   small-vehicle,   197
1502.000000, 1462.000000, 1549.000000, 1463.000000, 1549.000000, 1479.000000, 1502.000000, 1478.000000,   small-vehicle,   198
1862.000000, 993.000000, 1900.000000, 993.000000, 1901.000000, 1033.000000, 1863.000000, 1033.000000,   small-vehicle,   199
3330.000000, 1928.000000, 3359.000000, 1928.000000, 3360.000000, 1965.000000, 3331.000000, 1964.000000,   small-vehicle,   200
3662.000000, 1735.000000, 3694.000000, 1736.000000, 3695.000000, 1765.000000, 3663.000000, 1764.000000,   small-vehicle,   201
2788.000000, 718.000000, 2856.000000, 719.000000, 2856.000000, 735.000000, 2789.000000, 734.000000,   small-vehicle,   202
1269.000000, 1439.000000, 1320.000000, 1439.000000, 1320.000000, 1455.000000, 1269.000000, 1454.000000,   small-vehicle,   203
1695.000000, 1319.000000, 1744.000000, 1319.000000, 1745.000000, 1334.000000, 1695.000000, 1333.000000,   small-vehicle,   204
3226.000000, 1448.000000, 3291.000000, 1449.000000, 3291.000000, 1465.000000, 3226.000000, 1464.000000,   small-vehicle,   205
3185.000000, 1361.000000, 3254.000000, 1362.000000, 3255.000000, 1383.000000, 3186.000000, 1382.000000,   small-vehicle,   206
675.000000, 1942.000000, 700.000000, 1943.000000, 700.000000, 1973.000000, 675.000000, 1973.000000,   small-vehicle,   208
3595.000000, 1345.000000, 3673.000000, 1346.000000, 3674.000000, 1367.000000, 3596.000000, 1366.000000,   small-vehicle,   209
2471.000000, 1359.000000, 2548.000000, 1360.000000, 2548.000000, 1379.000000, 2472.000000, 1378.000000,   small-vehicle,   210
1596.000000, 1465.000000, 1658.000000, 1465.000000, 1658.000000, 1481.000000, 1596.000000, 1480.000000,   small-vehicle,   211
2339.000000, 712.000000, 2403.000000, 713.000000, 2403.000000, 731.000000, 2339.000000, 730.000000,   small-vehicle,   212
116.000000, 1411.000000, 183.000000, 1412.000000, 183.000000, 1432.000000, 116.000000, 1431.000000,   small-vehicle,   213
1043.000000, 1465.000000, 1091.000000, 1466.000000, 1091.000000, 1481.000000, 1043.000000, 1480.000000,   small-vehicle,   214
2224.000000, 1136.000000, 2243.000000, 1136.000000, 2243.000000, 1161.000000, 2224.000000, 1160.000000,   small-vehicle,   215
52.000000, 1460.000000, 87.000000, 1461.000000, 86.000000, 1473.000000, 52.000000, 1472.000000,   small-vehicle,   216
873.000000, 1435.000000, 929.000000, 1435.000000, 929.000000, 1454.000000, 872.000000, 1453.000000,   small-vehicle,   217
3288.000000, 1364.000000, 3360.000000, 1365.000000, 3360.000000, 1383.000000, 3288.000000, 1382.000000,   small-vehicle,   218
72.000000, 1433.000000, 147.000000, 1434.000000, 147.000000, 1455.000000, 72.000000, 1454.000000,   small-vehicle,   219
2126.000000, 1903.000000, 2148.000000, 1903.000000, 2148.000000, 1929.000000, 2126.000000, 1928.000000,   small-vehicle,   220
2584.000000, 1337.000000, 2660.000000, 1338.000000, 2661.000000, 1355.000000, 2585.000000, 1354.000000,   small-vehicle,   222
1865.000000, 1051.000000, 1887.000000, 1051.000000, 1887.000000, 1079.000000, 1866.000000, 1078.000000,   small-vehicle,   223
482.000000, 1303.000000, 521.000000, 1303.000000, 521.000000, 1314.000000, 481.000000, 1314.000000,   small-vehicle,   224
3267.000000, 1895.000000, 3293.000000, 1895.000000, 3294.000000, 1929.000000, 3268.000000, 1929.000000,   small-vehicle,   227
189.000000, 1454.000000, 253.000000, 1455.000000, 252.000000, 1472.000000, 188.000000, 1471.000000,   small-vehicle,   229
2121.000000, 1208.000000, 2165.000000, 1209.000000, 2166.000000, 1265.000000, 2122.000000, 1265.000000,   large-vehicle,   230
1728.000000, 1440.000000, 1822.000000, 1442.000000, 1822.000000, 1465.000000, 1728.000000, 1464.000000,   large-vehicle,   231
1885.000000, 940.000000, 1924.000000, 941.000000, 1924.000000, 989.000000, 1885.000000, 989.000000,   large-vehicle,   232
2071.000000, 1442.000000, 2116.000000, 1443.000000, 2117.000000, 1493.000000, 2072.000000, 1492.000000,   large-vehicle,   233
2107.000000, 1755.000000, 2149.000000, 1755.000000, 2150.000000, 1812.000000, 2108.000000, 1812.000000,   large-vehicle,   234
3693.000000, 1488.000000, 3766.000000, 1488.000000, 3766.000000, 1512.000000, 3694.000000, 1511.000000,   large-vehicle,   235
623.000000, 1459.000000, 704.000000, 1460.000000, 704.000000, 1482.000000, 623.000000, 1481.000000,   large-vehicle,   236
830.000000, 1460.000000, 928.000000, 1462.000000, 928.000000, 1485.000000, 829.000000, 1484.000000,   large-vehicle,   237
2681.000000, 1335.000000, 2747.000000, 1335.000000, 2748.000000, 1356.000000, 2681.000000, 1355.000000,   large-vehicle,   238
2208.000000, 1386.000000, 2251.000000, 1387.000000, 2251.000000, 1438.000000, 2208.000000, 1438.000000,   large-vehicle,   239
1483.000000, 1437.000000, 1547.000000, 1438.000000, 1547.000000, 1459.000000, 1483.000000, 1458.000000,   large-vehicle,   240
1260.000000, 1279.000000, 1316.000000, 1280.000000, 1316.000000, 1326.000000, 1260.000000, 1326.000000,   large-vehicle,   241
2760.000000, 1336.000000, 2840.000000, 1337.000000, 2841.000000, 1355.000000, 2761.000000, 1354.000000,   large-vehicle,   242
2471.000000, 1382.000000, 2586.000000, 1383.000000, 2586.000000, 1410.000000, 2472.000000, 1408.000000,   large-vehicle,   243
2717.000000, 1690.000000, 2748.000000, 1690.000000, 2749.000000, 1739.000000, 2718.000000, 1739.000000,   large-vehicle,   244
2585.000000, 1335.000000, 2663.000000, 1336.000000, 2663.000000, 1354.000000, 2585.000000, 1353.000000,   large-vehicle,   246
2244.000000, 1905.000000, 2271.000000, 1905.000000, 2272.000000, 1947.000000, 2245.000000, 1946.000000,   large-vehicle,   247
2220.000000, 1766.000000, 2251.000000, 1767.000000, 2252.000000, 1812.000000, 2220.000000, 1812.000000,   large-vehicle,   248
189.000000, 1454.000000, 254.000000, 1455.000000, 253.000000, 1472.000000, 188.000000, 1471.000000,   large-vehicle,   250
1192.000000, 1442.000000, 1256.000000, 1443.000000, 1256.000000, 1462.000000, 1192.000000, 1461.000000,   large-vehicle,   251
2472.000000, 1357.000000, 2551.000000, 1358.000000, 2551.000000, 1380.000000, 2472.000000, 1379.000000,   large-vehicle,   252
2096.000000, 1706.000000, 2133.000000, 1706.000000, 2134.000000, 1751.000000, 2096.000000, 1750.000000,   large-vehicle,   253
2577.000000, 1361.000000, 2644.000000, 1362.000000, 2645.000000, 1380.000000, 2577.000000, 1379.000000,   large-vehicle,   254
2153.000000, 1063.000000, 2184.000000, 1063.000000, 2184.000000, 1100.000000, 2153.000000, 1100.000000,   large-vehicle,   256
1863.000000, 994.000000, 1900.000000, 994.000000, 1901.000000, 1033.000000, 1864.000000, 1033.000000,   large-vehicle,   259
3269.000000, 1854.000000, 3290.000000, 1854.000000, 3291.000000, 1883.000000, 3270.000000, 1883.000000,   small-vehicle,   265
117.000000, 1335.000000, 223.000000, 1336.000000, 222.000000, 1365.000000, 116.000000, 1363.000000,   large-vehicle,   266
3267.000000, 1446.000000, 3337.000000, 1447.000000, 3337.000000, 1466.000000, 3268.000000, 1465.000000,   large-vehicle,   268
1379.000000, 714.000000, 1435.000000, 714.000000, 1435.000000, 730.000000, 1379.000000, 729.000000,   small-vehicle,   269
3760.000000, 1677.000000, 3805.000000, 1678.000000, 3805.000000, 1695.000000, 3760.000000, 1694.000000,   small-vehicle,   270
3271.000000, 1767.000000, 3296.000000, 1767.000000, 3297.000000, 1805.000000, 3272.000000, 1805.000000,   small-vehicle,   271
2242.000000, 1839.000000, 2268.000000, 1840.000000, 2269.000000, 1878.000000, 2243.000000, 1877.000000,   large-vehicle,   274
1865.000000, 991.000000, 1901.000000, 992.000000, 1901.000000, 1030.000000, 1865.000000, 1030.000000,   large-vehicle,   276
2251.000000, 1636.000000, 2285.000000, 1637.000000, 2285.000000, 1680.000000, 2252.000000, 1680.000000,   large-vehicle,   277
3287.000000, 1363.000000, 3363.000000, 1364.000000, 3364.000000, 1383.000000, 3288.000000, 1382.000000,   large-vehicle,   278
1831.000000, 1299.000000, 1894.000000, 1299.000000, 1894.000000, 1341.000000, 1832.000000, 1340.000000,   large-vehicle,   279
1995.000000, 1235.000000, 2028.000000, 1236.000000, 2029.000000, 1281.000000, 1995.000000, 1281.000000,   large-vehicle,   280
1606.000000, 1391.000000, 1661.000000, 1392.000000, 1661.000000, 1409.000000, 1606.000000, 1408.000000,   large-vehicle,   281
2473.000000, 1357.000000, 2555.000000, 1358.000000, 2555.000000, 1380.000000, 2473.000000, 1379.000000,   large-vehicle,   282
2839.000000, 1441.000000, 2909.000000, 1442.000000, 2910.000000, 1459.000000, 2839.000000, 1458.000000,   large-vehicle,   283
1597.000000, 1464.000000, 1658.000000, 1465.000000, 1658.000000, 1480.000000, 1597.000000, 1480.000000,   large-vehicle,   284
3352.000000, 1311.000000, 3406.000000, 1311.000000, 3408.000000, 1349.000000, 3353.000000, 1348.000000,   large-vehicle,   285
2820.000000, 1361.000000, 2884.000000, 1362.000000, 2884.000000, 1380.000000, 2821.000000, 1380.000000,   large-vehicle,   286
2039.000000, 1346.000000, 2083.000000, 1347.000000, 2084.000000, 1394.000000, 2040.000000, 1393.000000,   large-vehicle,   287
1189.000000, 1443.000000, 1249.000000, 1444.000000, 1249.000000, 1461.000000, 1189.000000, 1460.000000,   small-vehicle,   288
2248.000000, 1632.000000, 2284.000000, 1633.000000, 2284.000000, 1677.000000, 2249.000000, 1677.000000,   small-vehicle,   289
2154.000000, 1060.000000, 2184.000000, 1061.000000, 2184.000000, 1099.000000, 2155.000000, 1099.000000,   small-vehicle,   290
3696.000000, 1742.000000, 3734.000000, 1742.000000, 3735.000000, 1776.000000, 3698.000000, 1775.000000,   small-vehicle,   291
2220.000000, 1754.000000, 2252.000000, 1755.000000, 2253.000000, 1799.000000, 2220.000000, 1799.000000,   small-vehicle,   292
2576.000000, 1359.000000, 2644.000000, 1360.000000, 2644.000000, 1377.000000, 2577.000000, 1376.000000,   small-vehicle,   293
437.000000, 1456.000000, 486.000000, 1457.000000, 486.000000, 1476.000000, 437.000000, 1475.000000,   small-vehicle,   294
489.000000, 1459.000000, 545.000000, 1460.000000, 545.000000, 1476.000000, 489.000000, 1476.000000,   small-vehicle,   295
1829.000000, 1300.000000, 1890.000000, 1301.000000, 1890.000000, 1339.000000, 1830.000000, 1339.000000,   small-vehicle,   296
3289.000000, 1364.000000, 3361.000000, 1365.000000, 3362.000000, 1382.000000, 3290.000000, 1381.000000,   small-vehicle,   297
768.000000, 1572.000000, 819.000000, 1572.000000, 819.000000, 1595.000000, 767.000000, 1594.000000,   small-vehicle,   298
2697.000000, 1622.000000, 2739.000000, 1622.000000, 2740.000000, 1645.000000, 2698.000000, 1644.000000,   small-vehicle,   299
3285.000000, 1364.000000, 3360.000000, 1365.000000, 3361.000000, 1382.000000, 3286.000000, 1381.000000,   large-vehicle,   300
3282.000000, 1447.000000, 3350.000000, 1448.000000, 3351.000000, 1466.000000, 3283.000000, 1465.000000,   large-vehicle,   301
