1848.000000, 854.000000, 1876.000000, 854.000000, 1876.000000, 888.000000, 1848.000000, 887.000000,   small-vehicle,   0
2175.000000, 894.000000, 2204.000000, 894.000000, 2205.000000, 929.000000, 2176.000000, 929.000000,   small-vehicle,   1
1854.000000, 896.000000, 1879.000000, 897.000000, 1879.000000, 931.000000, 1854.000000, 931.000000,   small-vehicle,   2
2036.000000, 1174.000000, 2061.000000, 1175.000000, 2062.000000, 1206.000000, 2036.000000, 1205.000000,   small-vehicle,   3
1864.000000, 704.000000, 1891.000000, 704.000000, 1891.000000, 739.000000, 1864.000000, 739.000000,   small-vehicle,   4
2187.000000, 1077.000000, 2216.000000, 1078.000000, 2216.000000, 1114.000000, 2188.000000, 1114.000000,   small-vehicle,   5
1233.000000, 1240.000000, 1263.000000, 1240.000000, 1262.000000, 1278.000000, 1233.000000, 1278.000000,   small-vehicle,   6
1531.000000, 1390.000000, 1584.000000, 1391.000000, 1584.000000, 1409.000000, 1531.000000, 1408.000000,   small-vehicle,   7
2163.000000, 991.000000, 2190.000000, 991.000000, 2190.000000, 1030.000000, 2164.000000, 1029.000000,   small-vehicle,   8
3192.000000, 1316.000000, 3240.000000, 1317.000000, 3240.000000, 1330.000000, 3193.000000, 1329.000000,   small-vehicle,   9
430.000000, 1308.000000, 487.000000, 1309.000000, 487.000000, 1325.000000, 430.000000, 1324.000000,   small-vehicle,   11
1259.000000, 885.000000, 1286.000000, 885.000000, 1286.000000, 924.000000, 1258.000000, 924.000000,   small-vehicle,   12
2659.000000, 1365.000000, 2710.000000, 1366.000000, 2711.000000, 1382.000000, 2659.000000, 1381.000000,   small-vehicle,   14
2169.000000, 849.000000, 2201.000000, 849.000000, 2201.000000, 888.000000, 2169.000000, 888.000000,   small-vehicle,   17
1642.000000, 1350.000000, 1694.000000, 1351.000000, 1694.000000, 1366.000000, 1642.000000, 1365.000000,   small-vehicle,   18
2141.000000, 945.000000, 2196.000000, 945.000000, 2196.000000, 982.000000, 2142.000000, 982.000000,   small-vehicle,   19
1876.000000, 809.000000, 1904.000000, 809.000000, 1904.000000, 840.000000, 1877.000000, 840.000000,   small-vehicle,   21
1643.000000, 1440.000000, 1707.000000, 1440.000000, 1707.000000, 1462.000000, 1643.000000, 1461.000000,   small-vehicle,   22
130.000000, 1307.000000, 190.000000, 1308.000000, 190.000000, 1322.000000, 130.000000, 1321.000000,   small-vehicle,   25
2196.000000, 1127.000000, 2225.000000, 1128.000000, 2226.000000, 1165.000000, 2196.000000, 1164.000000,   small-vehicle,   26
797.000000, 1308.000000, 854.000000, 1308.000000, 854.000000, 1325.000000, 797.000000, 1324.000000,   small-vehicle,   27
2240.000000, 1562.000000, 2279.000000, 1563.000000, 2279.000000, 1609.000000, 2241.000000, 1609.000000,   small-vehicle,   29
2177.000000, 1031.000000, 2212.000000, 1032.000000, 2213.000000, 1071.000000, 2177.000000, 1070.000000,   small-vehicle,   32
1915.000000, 1212.000000, 1976.000000, 1213.000000, 1976.000000, 1235.000000, 1915.000000, 1234.000000,   small-vehicle,   33
2734.000000, 1361.000000, 2794.000000, 1362.000000, 2794.000000, 1378.000000, 2734.000000, 1377.000000,   small-vehicle,   34
2200.000000, 1188.000000, 2229.000000, 1188.000000, 2229.000000, 1229.000000, 2200.000000, 1229.000000,   small-vehicle,   35
1928.000000, 908.000000, 1954.000000, 908.000000, 1954.000000, 945.000000, 1929.000000, 944.000000,   small-vehicle,   36
2976.000000, 1362.000000, 3039.000000, 1363.000000, 3039.000000, 1379.000000, 2977.000000, 1378.000000,   small-vehicle,   38
2161.000000, 1113.000000, 2190.000000, 1114.000000, 2191.000000, 1153.000000, 2162.000000, 1153.000000,   small-vehicle,   40
1263.000000, 702.000000, 1316.000000, 703.000000, 1316.000000, 724.000000, 1263.000000, 723.000000,   small-vehicle,   41
2623.000000, 1313.000000, 2674.000000, 1313.000000, 2674.000000, 1330.000000, 2624.000000, 1330.000000,   small-vehicle,   42
1257.000000, 844.000000, 1281.000000, 844.000000, 1281.000000, 875.000000, 1257.000000, 875.000000,   small-vehicle,   43
1680.000000, 1391.000000, 1744.000000, 1392.000000, 1744.000000, 1411.000000, 1680.000000, 1411.000000,   small-vehicle,   44
1388.000000, 1389.000000, 1442.000000, 1390.000000, 1442.000000, 1408.000000, 1388.000000, 1407.000000,   small-vehicle,   45
2136.000000, 793.000000, 2164.000000, 793.000000, 2165.000000, 834.000000, 2136.000000, 834.000000,   small-vehicle,   46
925.000000, 1309.000000, 984.000000, 1309.000000, 984.000000, 1328.000000, 925.000000, 1328.000000,   small-vehicle,   47
2190.000000, 991.000000, 2216.000000, 991.000000, 2216.000000, 1024.000000, 2190.000000, 1023.000000,   small-vehicle,   48
2980.000000, 1314.000000, 3036.000000, 1315.000000, 3036.000000, 1333.000000, 2981.000000, 1333.000000,   small-vehicle,   49
64.000000, 1307.000000, 122.000000, 1308.000000, 122.000000, 1325.000000, 64.000000, 1325.000000,   small-vehicle,   50
532.000000, 1307.000000, 593.000000, 1308.000000, 593.000000, 1323.000000, 532.000000, 1322.000000,   small-vehicle,   51
1387.000000, 1415.000000, 1446.000000, 1416.000000, 1446.000000, 1435.000000, 1387.000000, 1434.000000,   small-vehicle,   53
295.000000, 1453.000000, 354.000000, 1454.000000, 354.000000, 1473.000000, 295.000000, 1473.000000,   small-vehicle,   55
1115.000000, 1394.000000, 1174.000000, 1395.000000, 1174.000000, 1414.000000, 1115.000000, 1413.000000,   small-vehicle,   58
610.000000, 1307.000000, 662.000000, 1307.000000, 661.000000, 1323.000000, 609.000000, 1322.000000,   small-vehicle,   62
3341.000000, 1266.000000, 3377.000000, 1267.000000, 3378.000000, 1303.000000, 3342.000000, 1303.000000,   small-vehicle,   63
3098.000000, 1314.000000, 3161.000000, 1315.000000, 3162.000000, 1332.000000, 3098.000000, 1331.000000,   small-vehicle,   65
2127.000000, 712.000000, 2157.000000, 712.000000, 2158.000000, 744.000000, 2128.000000, 743.000000,   small-vehicle,   66
848.000000, 1395.000000, 897.000000, 1396.000000, 897.000000, 1414.000000, 848.000000, 1413.000000,   small-vehicle,   67
2634.000000, 698.000000, 2689.000000, 699.000000, 2689.000000, 716.000000, 2634.000000, 715.000000,   small-vehicle,   69
3268.000000, 1314.000000, 3326.000000, 1315.000000, 3327.000000, 1332.000000, 3268.000000, 1332.000000,   small-vehicle,   73
200.000000, 1306.000000, 251.000000, 1307.000000, 251.000000, 1322.000000, 200.000000, 1322.000000,   small-vehicle,   74
1250.000000, 986.000000, 1280.000000, 986.000000, 1280.000000, 1022.000000, 1250.000000, 1022.000000,   small-vehicle,   75
1968.000000, 991.000000, 1996.000000, 991.000000, 1997.000000, 1032.000000, 1968.000000, 1032.000000,   small-vehicle,   76
1890.000000, 1166.000000, 1914.000000, 1166.000000, 1914.000000, 1200.000000, 1890.000000, 1200.000000,   small-vehicle,   77
331.000000, 791.000000, 382.000000, 792.000000, 382.000000, 809.000000, 331.000000, 808.000000,   small-vehicle,   79
1543.000000, 1410.000000, 1608.000000, 1411.000000, 1608.000000, 1428.000000, 1543.000000, 1427.000000,   small-vehicle,   80
1197.000000, 1418.000000, 1252.000000, 1418.000000, 1252.000000, 1436.000000, 1197.000000, 1435.000000,   small-vehicle,   82
2605.000000, 1390.000000, 2672.000000, 1390.000000, 2672.000000, 1407.000000, 2606.000000, 1406.000000,   small-vehicle,   83
1211.000000, 1392.000000, 1275.000000, 1392.000000, 1275.000000, 1408.000000, 1211.000000, 1407.000000,   small-vehicle,   84
2900.000000, 719.000000, 2944.000000, 719.000000, 2944.000000, 735.000000, 2901.000000, 734.000000,   small-vehicle,   85
2126.000000, 903.000000, 2154.000000, 903.000000, 2154.000000, 944.000000, 2126.000000, 944.000000,   small-vehicle,   86
2404.000000, 1329.000000, 2463.000000, 1330.000000, 2463.000000, 1349.000000, 2404.000000, 1349.000000,   small-vehicle,   88
2030.000000, 1107.000000, 2058.000000, 1108.000000, 2058.000000, 1151.000000, 2030.000000, 1151.000000,   small-vehicle,   90
3500.000000, 1319.000000, 3569.000000, 1319.000000, 3570.000000, 1340.000000, 3501.000000, 1339.000000,   small-vehicle,   91
2902.000000, 1361.000000, 2960.000000, 1362.000000, 2961.000000, 1381.000000, 2902.000000, 1380.000000,   small-vehicle,   96
777.000000, 1392.000000, 838.000000, 1392.000000, 838.000000, 1414.000000, 777.000000, 1414.000000,   small-vehicle,   97
3692.000000, 1349.000000, 3756.000000, 1350.000000, 3757.000000, 1374.000000, 3693.000000, 1373.000000,   small-vehicle,   98
2820.000000, 1472.000000, 2883.000000, 1473.000000, 2883.000000, 1492.000000, 2821.000000, 1491.000000,   small-vehicle,   100
1935.000000, 1065.000000, 1968.000000, 1066.000000, 1968.000000, 1102.000000, 1935.000000, 1102.000000,   small-vehicle,   101
1670.000000, 1414.000000, 1734.000000, 1415.000000, 1734.000000, 1433.000000, 1670.000000, 1432.000000,   small-vehicle,   103
2931.000000, 1335.000000, 2989.000000, 1335.000000, 2989.000000, 1353.000000, 2932.000000, 1352.000000,   small-vehicle,   106
3097.000000, 1336.000000, 3169.000000, 1337.000000, 3169.000000, 1355.000000, 3097.000000, 1355.000000,   small-vehicle,   109
1907.000000, 1120.000000, 1937.000000, 1120.000000, 1937.000000, 1158.000000, 1908.000000, 1158.000000,   small-vehicle,   110
2493.000000, 1328.000000, 2558.000000, 1329.000000, 2559.000000, 1350.000000, 2493.000000, 1350.000000,   small-vehicle,   111
1028.000000, 1437.000000, 1091.000000, 1438.000000, 1090.000000, 1460.000000, 1028.000000, 1459.000000,   small-vehicle,   113
2212.000000, 1668.000000, 2247.000000, 1669.000000, 2247.000000, 1707.000000, 2212.000000, 1707.000000,   small-vehicle,   114
2389.000000, 1358.000000, 2451.000000, 1358.000000, 2451.000000, 1378.000000, 2390.000000, 1378.000000,   small-vehicle,   115
1458.000000, 1388.000000, 1519.000000, 1389.000000, 1519.000000, 1407.000000, 1458.000000, 1406.000000,   small-vehicle,   116
1010.000000, 1391.000000, 1070.000000, 1392.000000, 1070.000000, 1411.000000, 1010.000000, 1410.000000,   small-vehicle,   118
3377.000000, 1364.000000, 3445.000000, 1365.000000, 3446.000000, 1386.000000, 3378.000000, 1386.000000,   small-vehicle,   119
1857.000000, 665.000000, 1887.000000, 666.000000, 1887.000000, 700.000000, 1857.000000, 700.000000,   small-vehicle,   120
2778.000000, 694.000000, 2829.000000, 695.000000, 2830.000000, 712.000000, 2779.000000, 711.000000,   small-vehicle,   121
3015.000000, 1337.000000, 3076.000000, 1337.000000, 3076.000000, 1357.000000, 3016.000000, 1357.000000,   small-vehicle,   122
1771.000000, 1412.000000, 1829.000000, 1413.000000, 1829.000000, 1434.000000, 1771.000000, 1433.000000,   small-vehicle,   123
1112.000000, 1438.000000, 1170.000000, 1439.000000, 1170.000000, 1456.000000, 1112.000000, 1456.000000,   small-vehicle,   126
1933.000000, 776.000000, 1964.000000, 776.000000, 1964.000000, 815.000000, 1933.000000, 815.000000,   small-vehicle,   127
2922.000000, 688.000000, 2977.000000, 689.000000, 2977.000000, 707.000000, 2922.000000, 706.000000,   small-vehicle,   130
2917.000000, 1312.000000, 2978.000000, 1313.000000, 2979.000000, 1332.000000, 2917.000000, 1332.000000,   small-vehicle,   131
1248.000000, 1038.000000, 1273.000000, 1038.000000, 1273.000000, 1071.000000, 1248.000000, 1070.000000,   small-vehicle,   132
370.000000, 1456.000000, 427.000000, 1457.000000, 427.000000, 1468.000000, 370.000000, 1467.000000,   small-vehicle,   135
557.000000, 1460.000000, 616.000000, 1461.000000, 616.000000, 1477.000000, 557.000000, 1477.000000,   small-vehicle,   137
3398.000000, 1338.000000, 3462.000000, 1339.000000, 3462.000000, 1358.000000, 3399.000000, 1357.000000,   small-vehicle,   139
1242.000000, 1154.000000, 1269.000000, 1154.000000, 1269.000000, 1190.000000, 1242.000000, 1190.000000,   small-vehicle,   140
1887.000000, 1088.000000, 1912.000000, 1089.000000, 1913.000000, 1114.000000, 1887.000000, 1113.000000,   small-vehicle,   144
800.000000, 1437.000000, 855.000000, 1437.000000, 855.000000, 1455.000000, 800.000000, 1454.000000,   small-vehicle,   145
867.000000, 1304.000000, 914.000000, 1305.000000, 914.000000, 1319.000000, 867.000000, 1318.000000,   small-vehicle,   147
2163.000000, 1363.000000, 2193.000000, 1364.000000, 2194.000000, 1401.000000, 2163.000000, 1400.000000,   small-vehicle,   148
3287.000000, 1337.000000, 3345.000000, 1338.000000, 3346.000000, 1358.000000, 3288.000000, 1358.000000,   small-vehicle,   149
2528.000000, 1466.000000, 2594.000000, 1467.000000, 2595.000000, 1488.000000, 2528.000000, 1487.000000,   small-vehicle,   150
3687.000000, 1326.000000, 3750.000000, 1327.000000, 3750.000000, 1348.000000, 3688.000000, 1347.000000,   small-vehicle,   152
1563.000000, 1438.000000, 1613.000000, 1439.000000, 1614.000000, 1459.000000, 1564.000000, 1458.000000,   small-vehicle,   158
1461.000000, 1417.000000, 1523.000000, 1418.000000, 1523.000000, 1437.000000, 1461.000000, 1436.000000,   small-vehicle,   160
3427.000000, 1264.000000, 3463.000000, 1264.000000, 3464.000000, 1298.000000, 3428.000000, 1298.000000,   small-vehicle,   161
1296.000000, 1396.000000, 1360.000000, 1397.000000, 1360.000000, 1416.000000, 1296.000000, 1415.000000,   small-vehicle,   162
3481.000000, 1342.000000, 3548.000000, 1343.000000, 3549.000000, 1363.000000, 3481.000000, 1362.000000,   small-vehicle,   163
1609.000000, 725.000000, 1667.000000, 726.000000, 1668.000000, 743.000000, 1609.000000, 742.000000,   small-vehicle,   164
108.000000, 783.000000, 168.000000, 784.000000, 168.000000, 802.000000, 107.000000, 801.000000,   small-vehicle,   165
3296.000000, 1476.000000, 3368.000000, 1477.000000, 3369.000000, 1498.000000, 3297.000000, 1497.000000,   small-vehicle,   166
934.000000, 1390.000000, 992.000000, 1391.000000, 991.000000, 1411.000000, 934.000000, 1411.000000,   small-vehicle,   167
3206.000000, 1339.000000, 3265.000000, 1339.000000, 3266.000000, 1359.000000, 3206.000000, 1358.000000,   small-vehicle,   168
3097.000000, 1362.000000, 3159.000000, 1362.000000, 3159.000000, 1381.000000, 3098.000000, 1380.000000,   small-vehicle,   170
941.000000, 1436.000000, 1009.000000, 1437.000000, 1008.000000, 1457.000000, 941.000000, 1456.000000,   small-vehicle,   171
3477.000000, 1369.000000, 3543.000000, 1369.000000, 3544.000000, 1391.000000, 3478.000000, 1390.000000,   small-vehicle,   172
2484.000000, 707.000000, 2540.000000, 708.000000, 2540.000000, 723.000000, 2484.000000, 722.000000,   small-vehicle,   173
1358.000000, 1436.000000, 1417.000000, 1436.000000, 1417.000000, 1456.000000, 1358.000000, 1455.000000,   small-vehicle,   175
1593.000000, 1310.000000, 1651.000000, 1311.000000, 1652.000000, 1328.000000, 1593.000000, 1327.000000,   small-vehicle,   177
2854.000000, 1335.000000, 2916.000000, 1336.000000, 2917.000000, 1353.000000, 2854.000000, 1353.000000,   small-vehicle,   182
1449.000000, 717.000000, 1509.000000, 717.000000, 1509.000000, 735.000000, 1449.000000, 734.000000,   small-vehicle,   189
1289.000000, 1417.000000, 1349.000000, 1418.000000, 1349.000000, 1436.000000, 1289.000000, 1435.000000,   small-vehicle,   190
3594.000000, 1371.000000, 3668.000000, 1372.000000, 3669.000000, 1393.000000, 3595.000000, 1392.000000,   small-vehicle,   193
3352.000000, 1312.000000, 3405.000000, 1313.000000, 3407.000000, 1349.000000, 3353.000000, 1349.000000,   small-vehicle,   196
2787.000000, 717.000000, 2857.000000, 718.000000, 2858.000000, 736.000000, 2787.000000, 735.000000,   small-vehicle,   202
1270.000000, 1438.000000, 1319.000000, 1439.000000, 1319.000000, 1455.000000, 1270.000000, 1455.000000,   small-vehicle,   203
2339.000000, 714.000000, 2403.000000, 714.000000, 2403.000000, 729.000000, 2339.000000, 728.000000,   small-vehicle,   212
118.000000, 1412.000000, 180.000000, 1413.000000, 180.000000, 1431.000000, 118.000000, 1430.000000,   small-vehicle,   213
872.000000, 1434.000000, 930.000000, 1435.000000, 930.000000, 1454.000000, 871.000000, 1454.000000,   small-vehicle,   217
1863.000000, 1049.000000, 1889.000000, 1049.000000, 1889.000000, 1081.000000, 1864.000000, 1080.000000,   small-vehicle,   223
2124.000000, 1208.000000, 2163.000000, 1208.000000, 2164.000000, 1266.000000, 2124.000000, 1265.000000,   large-vehicle,   230
1729.000000, 1444.000000, 1820.000000, 1445.000000, 1820.000000, 1462.000000, 1729.000000, 1461.000000,   large-vehicle,   231
1885.000000, 941.000000, 1923.000000, 942.000000, 1924.000000, 988.000000, 1886.000000, 988.000000,   large-vehicle,   232
2211.000000, 1387.000000, 2247.000000, 1388.000000, 2248.000000, 1437.000000, 2212.000000, 1437.000000,   large-vehicle,   239
1483.000000, 1437.000000, 1547.000000, 1438.000000, 1547.000000, 1459.000000, 1483.000000, 1458.000000,   large-vehicle,   240
2764.000000, 1337.000000, 2837.000000, 1338.000000, 2837.000000, 1354.000000, 2764.000000, 1353.000000,   large-vehicle,   242
3062.000000, 701.000000, 3122.000000, 702.000000, 3122.000000, 719.000000, 3062.000000, 718.000000,   small-vehicle,   330
3652.000000, 1402.000000, 3728.000000, 1403.000000, 3729.000000, 1426.000000, 3653.000000, 1425.000000,   small-vehicle,   334
984.000000, 1089.000000, 1045.000000, 1090.000000, 1045.000000, 1106.000000, 984.000000, 1106.000000,   small-vehicle,   337
3316.000000, 690.000000, 3388.000000, 691.000000, 3390.000000, 726.000000, 3317.000000, 726.000000,   large-vehicle,   345
1935.000000, 1047.000000, 1966.000000, 1047.000000, 1966.000000, 1085.000000, 1935.000000, 1085.000000,   small-vehicle,   353
1134.000000, 1093.000000, 1196.000000, 1093.000000, 1196.000000, 1114.000000, 1134.000000, 1113.000000,   small-vehicle,   360
731.000000, 1422.000000, 786.000000, 1423.000000, 786.000000, 1442.000000, 731.000000, 1441.000000,   small-vehicle,   383
3480.000000, 690.000000, 3552.000000, 691.000000, 3553.000000, 709.000000, 3480.000000, 708.000000,   small-vehicle,   385
2677.000000, 751.000000, 2738.000000, 752.000000, 2739.000000, 778.000000, 2678.000000, 777.000000,   small-vehicle,   386
1107.000000, 1404.000000, 1172.000000, 1405.000000, 1172.000000, 1423.000000, 1107.000000, 1422.000000,   small-vehicle,   409
2012.000000, 979.000000, 2042.000000, 979.000000, 2043.000000, 1021.000000, 2012.000000, 1020.000000,   small-vehicle,   421
2021.000000, 1054.000000, 2049.000000, 1054.000000, 2049.000000, 1093.000000, 2021.000000, 1092.000000,   small-vehicle,   431
1831.000000, 613.000000, 1858.000000, 614.000000, 1859.000000, 648.000000, 1831.000000, 648.000000,   small-vehicle,   432
1859.000000, 608.000000, 1889.000000, 608.000000, 1889.000000, 644.000000, 1860.000000, 643.000000,   small-vehicle,   433
1065.000000, 1091.000000, 1122.000000, 1091.000000, 1122.000000, 1109.000000, 1064.000000, 1108.000000,   small-vehicle,   438
2939.000000, 730.000000, 3006.000000, 731.000000, 3006.000000, 749.000000, 2940.000000, 748.000000,   small-vehicle,   445
1976.000000, 961.000000, 2002.000000, 962.000000, 2003.000000, 996.000000, 1976.000000, 996.000000,   small-vehicle,   457
3165.000000, 1381.000000, 3235.000000, 1381.000000, 3235.000000, 1403.000000, 3165.000000, 1402.000000,   small-vehicle,   462
2993.000000, 755.000000, 3058.000000, 756.000000, 3058.000000, 772.000000, 2993.000000, 771.000000,   small-vehicle,   465
2123.000000, 572.000000, 2151.000000, 573.000000, 2152.000000, 615.000000, 2124.000000, 614.000000,   small-vehicle,   484
196.000000, 825.000000, 269.000000, 826.000000, 269.000000, 837.000000, 196.000000, 836.000000,   large-vehicle,   498
1830.000000, 579.000000, 1856.000000, 579.000000, 1856.000000, 611.000000, 1830.000000, 611.000000,   small-vehicle,   506
36.000000, 779.000000, 86.000000, 780.000000, 85.000000, 795.000000, 36.000000, 794.000000,   small-vehicle,   511
1936.000000, 880.000000, 1963.000000, 880.000000, 1964.000000, 915.000000, 1937.000000, 915.000000,   small-vehicle,   531
2676.000000, 1343.000000, 2744.000000, 1344.000000, 2745.000000, 1366.000000, 2677.000000, 1365.000000,   large-vehicle,   553
2106.000000, 502.000000, 2130.000000, 502.000000, 2131.000000, 534.000000, 2107.000000, 534.000000,   small-vehicle,   564
2140.000000, 509.000000, 2169.000000, 509.000000, 2169.000000, 543.000000, 2140.000000, 543.000000,   small-vehicle,   568
1491.000000, 762.000000, 1546.000000, 762.000000, 1546.000000, 775.000000, 1491.000000, 775.000000,   small-vehicle,   575
3416.000000, 744.000000, 3485.000000, 745.000000, 3485.000000, 761.000000, 3417.000000, 760.000000,   small-vehicle,   577
3557.000000, 686.000000, 3627.000000, 687.000000, 3628.000000, 708.000000, 3557.000000, 707.000000,   small-vehicle,   578
2382.000000, 1393.000000, 2444.000000, 1393.000000, 2444.000000, 1411.000000, 2382.000000, 1410.000000,   small-vehicle,   583
2136.000000, 463.000000, 2163.000000, 464.000000, 2163.000000, 501.000000, 2136.000000, 500.000000,   small-vehicle,   590
1865.000000, 993.000000, 1904.000000, 993.000000, 1905.000000, 1031.000000, 1866.000000, 1030.000000,   small-vehicle,   591
1840.000000, 473.000000, 1870.000000, 473.000000, 1870.000000, 512.000000, 1840.000000, 512.000000,   small-vehicle,   593
2537.000000, 766.000000, 2597.000000, 766.000000, 2597.000000, 782.000000, 2537.000000, 782.000000,   small-vehicle,   614
986.000000, 1402.000000, 1039.000000, 1403.000000, 1039.000000, 1421.000000, 986.000000, 1421.000000,   small-vehicle,   615
2122.000000, 419.000000, 2149.000000, 420.000000, 2149.000000, 454.000000, 2122.000000, 454.000000,   small-vehicle,   632
1898.000000, 647.000000, 1930.000000, 647.000000, 1931.000000, 691.000000, 1899.000000, 690.000000,   small-vehicle,   635
2811.000000, 759.000000, 2873.000000, 760.000000, 2874.000000, 777.000000, 2811.000000, 777.000000,   small-vehicle,   636
3572.000000, 1372.000000, 3644.000000, 1373.000000, 3645.000000, 1394.000000, 3573.000000, 1393.000000,   small-vehicle,   637
1843.000000, 404.000000, 1870.000000, 404.000000, 1870.000000, 442.000000, 1843.000000, 441.000000,   small-vehicle,   638
1809.000000, 380.000000, 1835.000000, 381.000000, 1835.000000, 412.000000, 1809.000000, 412.000000,   small-vehicle,   660
356.000000, 1389.000000, 409.000000, 1389.000000, 409.000000, 1407.000000, 356.000000, 1406.000000,   small-vehicle,   661
1937.000000, 578.000000, 1964.000000, 578.000000, 1965.000000, 614.000000, 1938.000000, 614.000000,   small-vehicle,   663
2088.000000, 1097.000000, 2120.000000, 1098.000000, 2121.000000, 1136.000000, 2089.000000, 1136.000000,   small-vehicle,   664
2123.000000, 372.000000, 2151.000000, 373.000000, 2151.000000, 410.000000, 2123.000000, 409.000000,   small-vehicle,   666
2002.000000, 855.000000, 2029.000000, 856.000000, 2029.000000, 887.000000, 2002.000000, 887.000000,   small-vehicle,   667
421.000000, 383.000000, 480.000000, 383.000000, 480.000000, 400.000000, 421.000000, 400.000000,   small-vehicle,   668
192.000000, 1417.000000, 259.000000, 1418.000000, 259.000000, 1438.000000, 192.000000, 1438.000000,   small-vehicle,   672
3645.000000, 1465.000000, 3718.000000, 1466.000000, 3718.000000, 1480.000000, 3645.000000, 1479.000000,   small-vehicle,   686
1618.000000, 1335.000000, 1680.000000, 1336.000000, 1680.000000, 1357.000000, 1618.000000, 1357.000000,   large-vehicle,   693
2471.000000, 1360.000000, 2550.000000, 1361.000000, 2550.000000, 1385.000000, 2471.000000, 1384.000000,   large-vehicle,   697
1802.000000, 339.000000, 1829.000000, 339.000000, 1829.000000, 371.000000, 1802.000000, 371.000000,   small-vehicle,   704
1889.000000, 1412.000000, 1954.000000, 1412.000000, 1954.000000, 1433.000000, 1889.000000, 1432.000000,   small-vehicle,   706
622.000000, 814.000000, 677.000000, 815.000000, 676.000000, 837.000000, 622.000000, 837.000000,   small-vehicle,   708
2121.000000, 325.000000, 2148.000000, 325.000000, 2149.000000, 358.000000, 2122.000000, 358.000000,   small-vehicle,   718
2549.000000, 704.000000, 2611.000000, 704.000000, 2612.000000, 725.000000, 2549.000000, 724.000000,   large-vehicle,   727
2136.000000, 864.000000, 2167.000000, 865.000000, 2167.000000, 900.000000, 2136.000000, 900.000000,   small-vehicle,   729
2409.000000, 768.000000, 2465.000000, 768.000000, 2465.000000, 784.000000, 2409.000000, 784.000000,   small-vehicle,   736
1888.000000, 473.000000, 1923.000000, 474.000000, 1923.000000, 518.000000, 1888.000000, 518.000000,   large-vehicle,   744
77.000000, 1395.000000, 148.000000, 1396.000000, 148.000000, 1418.000000, 77.000000, 1417.000000,   small-vehicle,   755
2343.000000, 769.000000, 2404.000000, 770.000000, 2404.000000, 789.000000, 2343.000000, 788.000000,   small-vehicle,   756
243.000000, 1402.000000, 301.000000, 1403.000000, 300.000000, 1419.000000, 242.000000, 1419.000000,   small-vehicle,   759
2079.000000, 270.000000, 2111.000000, 270.000000, 2112.000000, 311.000000, 2080.000000, 311.000000,   small-vehicle,   761
1799.000000, 295.000000, 1827.000000, 295.000000, 1827.000000, 334.000000, 1799.000000, 333.000000,   small-vehicle,   762
2131.000000, 1298.000000, 2174.000000, 1299.000000, 2174.000000, 1346.000000, 2131.000000, 1345.000000,   small-vehicle,   763
1692.000000, 768.000000, 1742.000000, 769.000000, 1742.000000, 783.000000, 1692.000000, 783.000000,   small-vehicle,   765
3660.000000, 734.000000, 3720.000000, 735.000000, 3721.000000, 753.000000, 3660.000000, 752.000000,   small-vehicle,   767
1904.000000, 368.000000, 1930.000000, 368.000000, 1931.000000, 408.000000, 1905.000000, 408.000000,   small-vehicle,   784
3097.000000, 751.000000, 3154.000000, 752.000000, 3155.000000, 769.000000, 3098.000000, 769.000000,   small-vehicle,   789
1623.000000, 1389.000000, 1679.000000, 1389.000000, 1679.000000, 1406.000000, 1623.000000, 1405.000000,   small-vehicle,   790
3571.000000, 735.000000, 3641.000000, 736.000000, 3642.000000, 759.000000, 3572.000000, 758.000000,   small-vehicle,   792
2892.000000, 757.000000, 2957.000000, 758.000000, 2958.000000, 777.000000, 2892.000000, 776.000000,   large-vehicle,   801
2581.000000, 1344.000000, 2658.000000, 1345.000000, 2658.000000, 1363.000000, 2582.000000, 1362.000000,   large-vehicle,   802
1786.000000, 220.000000, 1817.000000, 220.000000, 1817.000000, 257.000000, 1786.000000, 257.000000,   small-vehicle,   813
3268.000000, 263.000000, 3290.000000, 264.000000, 3291.000000, 300.000000, 3269.000000, 299.000000,   small-vehicle,   815
1894.000000, 273.000000, 1924.000000, 274.000000, 1924.000000, 309.000000, 1894.000000, 308.000000,   small-vehicle,   816
2309.000000, 240.000000, 2358.000000, 241.000000, 2359.000000, 256.000000, 2310.000000, 255.000000,   small-vehicle,   818
2151.000000, 1063.000000, 2183.000000, 1063.000000, 2184.000000, 1104.000000, 2152.000000, 1103.000000,   small-vehicle,   821
3499.000000, 738.000000, 3566.000000, 738.000000, 3567.000000, 757.000000, 3499.000000, 756.000000,   small-vehicle,   823
2482.000000, 760.000000, 2533.000000, 760.000000, 2534.000000, 792.000000, 2483.000000, 791.000000,   small-vehicle,   824
1388.000000, 712.000000, 1440.000000, 713.000000, 1440.000000, 725.000000, 1388.000000, 725.000000,   small-vehicle,   827
2412.000000, 717.000000, 2467.000000, 718.000000, 2467.000000, 735.000000, 2412.000000, 735.000000,   small-vehicle,   839
1797.000000, 192.000000, 1819.000000, 192.000000, 1819.000000, 217.000000, 1797.000000, 216.000000,   small-vehicle,   840
2292.000000, 195.000000, 2348.000000, 196.000000, 2348.000000, 211.000000, 2293.000000, 210.000000,   small-vehicle,   841
1892.000000, 1041.000000, 1920.000000, 1042.000000, 1921.000000, 1083.000000, 1892.000000, 1083.000000,   small-vehicle,   843
2889.000000, 754.000000, 2958.000000, 755.000000, 2959.000000, 774.000000, 2889.000000, 773.000000,   small-vehicle,   844
2354.000000, 192.000000, 2412.000000, 193.000000, 2412.000000, 210.000000, 2354.000000, 209.000000,   small-vehicle,   845
1139.000000, 801.000000, 1192.000000, 802.000000, 1192.000000, 822.000000, 1139.000000, 822.000000,   small-vehicle,   846
1599.000000, 448.000000, 1653.000000, 448.000000, 1653.000000, 462.000000, 1599.000000, 462.000000,   small-vehicle,   847
502.000000, 1380.000000, 566.000000, 1381.000000, 565.000000, 1401.000000, 501.000000, 1400.000000,   small-vehicle,   849
3158.000000, 747.000000, 3224.000000, 748.000000, 3225.000000, 764.000000, 3158.000000, 763.000000,   small-vehicle,   853
2183.000000, 315.000000, 2198.000000, 315.000000, 2198.000000, 330.000000, 2183.000000, 330.000000,   small-vehicle,   854
1244.000000, 1195.000000, 1260.000000, 1195.000000, 1260.000000, 1213.000000, 1244.000000, 1213.000000,   small-vehicle,   855
1945.000000, 739.000000, 1986.000000, 739.000000, 1987.000000, 795.000000, 1945.000000, 794.000000,   large-vehicle,   856
2151.000000, 1061.000000, 2182.000000, 1061.000000, 2183.000000, 1100.000000, 2152.000000, 1100.000000,   large-vehicle,   857
2573.000000, 1365.000000, 2641.000000, 1366.000000, 2642.000000, 1387.000000, 2574.000000, 1386.000000,   large-vehicle,   858
1902.000000, 353.000000, 1930.000000, 353.000000, 1931.000000, 398.000000, 1903.000000, 397.000000,   large-vehicle,   860
498.000000, 376.000000, 587.000000, 377.000000, 587.000000, 395.000000, 498.000000, 394.000000,   large-vehicle,   861
2632.000000, 711.000000, 2691.000000, 711.000000, 2691.000000, 730.000000, 2632.000000, 729.000000,   large-vehicle,   866
1894.000000, 188.000000, 1922.000000, 189.000000, 1922.000000, 222.000000, 1894.000000, 222.000000,   small-vehicle,   867
1192.000000, 1429.000000, 1257.000000, 1430.000000, 1257.000000, 1451.000000, 1192.000000, 1450.000000,   small-vehicle,   868
2558.000000, 714.000000, 2613.000000, 715.000000, 2614.000000, 733.000000, 2559.000000, 732.000000,   small-vehicle,   869
2628.000000, 185.000000, 2689.000000, 186.000000, 2689.000000, 202.000000, 2629.000000, 201.000000,   small-vehicle,   870
501.000000, 388.000000, 590.000000, 390.000000, 590.000000, 407.000000, 501.000000, 405.000000,   small-vehicle,   871
2572.000000, 1369.000000, 2641.000000, 1369.000000, 2641.000000, 1389.000000, 2573.000000, 1388.000000,   small-vehicle,   872
2581.000000, 1344.000000, 2635.000000, 1345.000000, 2636.000000, 1362.000000, 2581.000000, 1362.000000,   small-vehicle,   874
2761.000000, 175.000000, 2819.000000, 176.000000, 2819.000000, 193.000000, 2762.000000, 192.000000,   small-vehicle,   875
1424.000000, 759.000000, 1481.000000, 760.000000, 1481.000000, 781.000000, 1424.000000, 780.000000,   small-vehicle,   876
2980.000000, 703.000000, 3039.000000, 704.000000, 3039.000000, 722.000000, 2980.000000, 721.000000,   small-vehicle,   877
3263.000000, 218.000000, 3288.000000, 218.000000, 3289.000000, 245.000000, 3264.000000, 245.000000,   small-vehicle,   878
2557.000000, 184.000000, 2606.000000, 185.000000, 2607.000000, 200.000000, 2557.000000, 200.000000,   small-vehicle,   879
2494.000000, 189.000000, 2553.000000, 189.000000, 2553.000000, 208.000000, 2495.000000, 207.000000,   small-vehicle,   880
