1887.000000, 926.000000, 1916.000000, 926.000000, 1916.000000, 960.000000, 1887.000000, 960.000000,   small-vehicle,   0
2214.000000, 962.000000, 2243.000000, 962.000000, 2243.000000, 999.000000, 2214.000000, 999.000000,   small-vehicle,   1
1892.000000, 967.000000, 1918.000000, 967.000000, 1918.000000, 1001.000000, 1892.000000, 1001.000000,   small-vehicle,   2
1906.000000, 781.000000, 1932.000000, 781.000000, 1932.000000, 812.000000, 1906.000000, 812.000000,   small-vehicle,   4
2199.000000, 1058.000000, 2228.000000, 1058.000000, 2228.000000, 1093.000000, 2199.000000, 1093.000000,   small-vehicle,   8
1296.000000, 960.000000, 1325.000000, 960.000000, 1325.000000, 999.000000, 1296.000000, 999.000000,   small-vehicle,   12
2209.000000, 920.000000, 2242.000000, 920.000000, 2242.000000, 957.000000, 2209.000000, 957.000000,   small-vehicle,   17
2181.000000, 1014.000000, 2236.000000, 1014.000000, 2236.000000, 1052.000000, 2181.000000, 1052.000000,   small-vehicle,   19
1915.000000, 874.000000, 1944.000000, 874.000000, 1944.000000, 914.000000, 1915.000000, 914.000000,   small-vehicle,   21
2141.000000, 1045.000000, 2171.000000, 1045.000000, 2171.000000, 1087.000000, 2141.000000, 1087.000000,   small-vehicle,   29
1237.000000, 876.000000, 1292.000000, 876.000000, 1292.000000, 899.000000, 1237.000000, 899.000000,   small-vehicle,   41
1298.000000, 923.000000, 1324.000000, 923.000000, 1324.000000, 954.000000, 1298.000000, 954.000000,   small-vehicle,   43
2178.000000, 863.000000, 2205.000000, 863.000000, 2205.000000, 904.000000, 2178.000000, 904.000000,   small-vehicle,   46
2227.000000, 1059.000000, 2254.000000, 1059.000000, 2254.000000, 1090.000000, 2227.000000, 1090.000000,   small-vehicle,   48
2133.000000, 300.000000, 2192.000000, 300.000000, 2192.000000, 318.000000, 2133.000000, 318.000000,   small-vehicle,   66
1286.000000, 1052.000000, 1317.000000, 1052.000000, 1317.000000, 1092.000000, 1286.000000, 1092.000000,   small-vehicle,   75
388.000000, 923.000000, 442.000000, 923.000000, 442.000000, 939.000000, 388.000000, 939.000000,   small-vehicle,   79
2864.000000, 802.000000, 2904.000000, 802.000000, 2904.000000, 813.000000, 2864.000000, 813.000000,   small-vehicle,   85
2165.000000, 973.000000, 2193.000000, 973.000000, 2193.000000, 1013.000000, 2165.000000, 1013.000000,   small-vehicle,   86
2116.000000, 1145.000000, 2148.000000, 1145.000000, 2148.000000, 1183.000000, 2116.000000, 1183.000000,   small-vehicle,   114
1899.000000, 741.000000, 1928.000000, 741.000000, 1928.000000, 773.000000, 1899.000000, 773.000000,   small-vehicle,   120
2065.000000, 398.000000, 2097.000000, 398.000000, 2097.000000, 436.000000, 2065.000000, 436.000000,   small-vehicle,   148
2755.000000, 799.000000, 2825.000000, 799.000000, 2825.000000, 816.000000, 2755.000000, 816.000000,   small-vehicle,   202
2033.000000, 184.000000, 2068.000000, 184.000000, 2068.000000, 239.000000, 2033.000000, 239.000000,   large-vehicle,   230
1922.000000, 1012.000000, 1963.000000, 1012.000000, 1963.000000, 1059.000000, 1922.000000, 1059.000000,   large-vehicle,   232
2728.000000, 820.000000, 2788.000000, 820.000000, 2788.000000, 843.000000, 2728.000000, 843.000000,   small-vehicle,   386
2052.000000, 1065.000000, 2078.000000, 1065.000000, 2078.000000, 1096.000000, 2052.000000, 1096.000000,   small-vehicle,   421
1869.000000, 685.000000, 1898.000000, 685.000000, 1898.000000, 721.000000, 1869.000000, 721.000000,   small-vehicle,   432
1899.000000, 681.000000, 1928.000000, 681.000000, 1928.000000, 715.000000, 1899.000000, 715.000000,   small-vehicle,   433
2976.000000, 794.000000, 3039.000000, 794.000000, 3039.000000, 811.000000, 2976.000000, 811.000000,   small-vehicle,   445
228.000000, 917.000000, 296.000000, 917.000000, 296.000000, 929.000000, 228.000000, 929.000000,   large-vehicle,   498
1981.000000, 1055.000000, 2007.000000, 1055.000000, 2007.000000, 1080.000000, 1981.000000, 1080.000000,   small-vehicle,   531
2149.000000, 571.000000, 2175.000000, 571.000000, 2175.000000, 604.000000, 2149.000000, 604.000000,   small-vehicle,   564
2186.000000, 580.000000, 2214.000000, 580.000000, 2214.000000, 613.000000, 2186.000000, 613.000000,   small-vehicle,   568
1526.000000, 835.000000, 1583.000000, 835.000000, 1583.000000, 850.000000, 1526.000000, 850.000000,   small-vehicle,   575
3482.000000, 805.000000, 3547.000000, 805.000000, 3547.000000, 820.000000, 3482.000000, 820.000000,   small-vehicle,   577
2180.000000, 534.000000, 2209.000000, 534.000000, 2209.000000, 572.000000, 2180.000000, 572.000000,   small-vehicle,   590
1901.000000, 1064.000000, 1939.000000, 1064.000000, 1939.000000, 1097.000000, 1901.000000, 1097.000000,   small-vehicle,   591
1880.000000, 546.000000, 1911.000000, 546.000000, 1911.000000, 583.000000, 1880.000000, 583.000000,   small-vehicle,   593
2583.000000, 831.000000, 2644.000000, 831.000000, 2644.000000, 848.000000, 2583.000000, 848.000000,   small-vehicle,   614
2165.000000, 489.000000, 2194.000000, 489.000000, 2194.000000, 525.000000, 2165.000000, 525.000000,   small-vehicle,   632
1954.000000, 884.000000, 1985.000000, 884.000000, 1985.000000, 929.000000, 1954.000000, 929.000000,   small-vehicle,   635
2862.000000, 822.000000, 2922.000000, 822.000000, 2922.000000, 839.000000, 2862.000000, 839.000000,   small-vehicle,   636
1850.000000, 453.000000, 1877.000000, 453.000000, 1877.000000, 487.000000, 1850.000000, 487.000000,   small-vehicle,   660
2108.000000, 974.000000, 2139.000000, 974.000000, 2139.000000, 1012.000000, 2108.000000, 1012.000000,   small-vehicle,   664
2169.000000, 442.000000, 2198.000000, 442.000000, 2198.000000, 478.000000, 2169.000000, 478.000000,   small-vehicle,   666
2045.000000, 967.000000, 2072.000000, 967.000000, 2072.000000, 996.000000, 2045.000000, 996.000000,   small-vehicle,   667
1844.000000, 413.000000, 1872.000000, 413.000000, 1872.000000, 444.000000, 1844.000000, 444.000000,   small-vehicle,   704
2167.000000, 395.000000, 2196.000000, 395.000000, 2196.000000, 430.000000, 2167.000000, 430.000000,   small-vehicle,   718
2387.000000, 837.000000, 2446.000000, 837.000000, 2446.000000, 854.000000, 2387.000000, 854.000000,   small-vehicle,   756
2125.000000, 338.000000, 2159.000000, 338.000000, 2159.000000, 381.000000, 2125.000000, 381.000000,   small-vehicle,   761
1840.000000, 369.000000, 1870.000000, 369.000000, 1870.000000, 406.000000, 1840.000000, 406.000000,   small-vehicle,   762
1728.000000, 843.000000, 1782.000000, 843.000000, 1782.000000, 856.000000, 1728.000000, 856.000000,   small-vehicle,   765
3144.000000, 813.000000, 3212.000000, 813.000000, 3212.000000, 831.000000, 3144.000000, 831.000000,   small-vehicle,   789
3633.000000, 797.000000, 3702.000000, 797.000000, 3702.000000, 815.000000, 3633.000000, 815.000000,   small-vehicle,   792
1829.000000, 292.000000, 1859.000000, 292.000000, 1859.000000, 329.000000, 1829.000000, 329.000000,   small-vehicle,   813
3338.000000, 324.000000, 3361.000000, 324.000000, 3361.000000, 357.000000, 3338.000000, 357.000000,   small-vehicle,   815
1951.000000, 461.000000, 1980.000000, 461.000000, 1980.000000, 496.000000, 1951.000000, 496.000000,   small-vehicle,   816
2359.000000, 308.000000, 2412.000000, 308.000000, 2412.000000, 325.000000, 2359.000000, 325.000000,   small-vehicle,   818
2531.000000, 825.000000, 2580.000000, 825.000000, 2580.000000, 856.000000, 2531.000000, 856.000000,   small-vehicle,   824
1840.000000, 265.000000, 1863.000000, 265.000000, 1863.000000, 289.000000, 1840.000000, 289.000000,   small-vehicle,   840
2343.000000, 263.000000, 2400.000000, 263.000000, 2400.000000, 278.000000, 2343.000000, 278.000000,   small-vehicle,   841
2409.000000, 258.000000, 2468.000000, 258.000000, 2468.000000, 276.000000, 2409.000000, 276.000000,   small-vehicle,   845
1168.000000, 884.000000, 1226.000000, 884.000000, 1226.000000, 904.000000, 1168.000000, 904.000000,   small-vehicle,   846
1633.000000, 527.000000, 1691.000000, 527.000000, 1691.000000, 543.000000, 1633.000000, 543.000000,   small-vehicle,   847
1996.000000, 950.000000, 2038.000000, 950.000000, 2038.000000, 1001.000000, 1996.000000, 1001.000000,   large-vehicle,   856
1948.000000, 371.000000, 1979.000000, 371.000000, 1979.000000, 405.000000, 1948.000000, 405.000000,   small-vehicle,   867
2688.000000, 250.000000, 2746.000000, 250.000000, 2746.000000, 265.000000, 2688.000000, 265.000000,   small-vehicle,   870
536.000000, 488.000000, 590.000000, 488.000000, 590.000000, 501.000000, 536.000000, 501.000000,   small-vehicle,   871
2821.000000, 240.000000, 2883.000000, 240.000000, 2883.000000, 256.000000, 2821.000000, 256.000000,   small-vehicle,   875
1457.000000, 837.000000, 1518.000000, 837.000000, 1518.000000, 860.000000, 1457.000000, 860.000000,   small-vehicle,   876
3334.000000, 274.000000, 3360.000000, 274.000000, 3360.000000, 305.000000, 3334.000000, 305.000000,   small-vehicle,   878
2613.000000, 250.000000, 2665.000000, 250.000000, 2665.000000, 263.000000, 2613.000000, 263.000000,   small-vehicle,   879
2549.000000, 255.000000, 2608.000000, 255.000000, 2608.000000, 271.000000, 2549.000000, 271.000000,   small-vehicle,   880
1818.000000, 236.000000, 1837.000000, 236.000000, 1837.000000, 264.000000, 1818.000000, 264.000000,   small-vehicle,   885
3415.000000, 211.000000, 3464.000000, 211.000000, 3464.000000, 227.000000, 3415.000000, 227.000000,   small-vehicle,   886
3018.000000, 230.000000, 3085.000000, 230.000000, 3085.000000, 246.000000, 3018.000000, 246.000000,   small-vehicle,   889
1822.000000, 199.000000, 1844.000000, 199.000000, 1844.000000, 230.000000, 1822.000000, 230.000000,   small-vehicle,   892
3155.000000, 225.000000, 3215.000000, 225.000000, 3215.000000, 243.000000, 3155.000000, 243.000000,   small-vehicle,   893
3349.000000, 212.000000, 3408.000000, 212.000000, 3408.000000, 229.000000, 3349.000000, 229.000000,   small-vehicle,   894
2924.000000, 233.000000, 2988.000000, 233.000000, 2988.000000, 251.000000, 2924.000000, 251.000000,   small-vehicle,   895
3529.000000, 203.000000, 3589.000000, 203.000000, 3589.000000, 219.000000, 3529.000000, 219.000000,   small-vehicle,   897
2759.000000, 243.000000, 2815.000000, 243.000000, 2815.000000, 258.000000, 2759.000000, 258.000000,   small-vehicle,   904
565.000000, 718.000000, 627.000000, 718.000000, 627.000000, 739.000000, 565.000000, 739.000000,   small-vehicle,   909
3133.000000, 271.000000, 3195.000000, 271.000000, 3195.000000, 288.000000, 3133.000000, 288.000000,   small-vehicle,   916
2139.000000, 150.000000, 2172.000000, 150.000000, 2172.000000, 190.000000, 2139.000000, 190.000000,   small-vehicle,   917
2116.000000, 175.000000, 2150.000000, 175.000000, 2150.000000, 212.000000, 2116.000000, 212.000000,   small-vehicle,   921
3686.000000, 193.000000, 3731.000000, 193.000000, 3731.000000, 211.000000, 3686.000000, 211.000000,   small-vehicle,   924
1908.000000, 338.000000, 1936.000000, 338.000000, 1936.000000, 371.000000, 1908.000000, 371.000000,   small-vehicle,   930
3550.000000, 801.000000, 3628.000000, 801.000000, 3628.000000, 817.000000, 3550.000000, 817.000000,   small-vehicle,   943
2135.000000, 104.000000, 2166.000000, 104.000000, 2166.000000, 143.000000, 2135.000000, 143.000000,   small-vehicle,   944
1814.000000, 118.000000, 1842.000000, 118.000000, 1842.000000, 153.000000, 1814.000000, 153.000000,   small-vehicle,   949
3469.000000, 758.000000, 3517.000000, 758.000000, 3517.000000, 771.000000, 3469.000000, 771.000000,   small-vehicle,   953
3066.000000, 275.000000, 3125.000000, 275.000000, 3125.000000, 292.000000, 3066.000000, 292.000000,   small-vehicle,   962
949.000000, 102.000000, 998.000000, 102.000000, 998.000000, 120.000000, 949.000000, 120.000000,   small-vehicle,   964
744.000000, 109.000000, 809.000000, 109.000000, 809.000000, 125.000000, 744.000000, 125.000000,   small-vehicle,   966
3521.000000, 249.000000, 3572.000000, 249.000000, 3572.000000, 265.000000, 3521.000000, 265.000000,   small-vehicle,   969
1118.000000, 101.000000, 1146.000000, 101.000000, 1146.000000, 129.000000, 1118.000000, 129.000000,   small-vehicle,   971
1503.000000, 526.000000, 1561.000000, 526.000000, 1561.000000, 541.000000, 1503.000000, 541.000000,   small-vehicle,   973
1114.000000, 227.000000, 1153.000000, 227.000000, 1153.000000, 240.000000, 1114.000000, 240.000000,   small-vehicle,   975
1849.000000, 589.000000, 1873.000000, 589.000000, 1873.000000, 615.000000, 1849.000000, 615.000000,   small-vehicle,   976
1928.000000, 198.000000, 1960.000000, 198.000000, 1960.000000, 236.000000, 1928.000000, 236.000000,   small-vehicle,   980
1808.000000, 79.000000, 1836.000000, 79.000000, 1836.000000, 112.000000, 1808.000000, 112.000000,   small-vehicle,   981
2100.000000, 84.000000, 2130.000000, 84.000000, 2130.000000, 119.000000, 2100.000000, 119.000000,   small-vehicle,   986
876.000000, 105.000000, 933.000000, 105.000000, 933.000000, 122.000000, 876.000000, 122.000000,   small-vehicle,   987
1995.000000, 820.000000, 2024.000000, 820.000000, 2024.000000, 852.000000, 1995.000000, 852.000000,   small-vehicle,   988
1022.000000, 102.000000, 1081.000000, 102.000000, 1081.000000, 117.000000, 1022.000000, 117.000000,   small-vehicle,   989
650.000000, 62.000000, 714.000000, 62.000000, 714.000000, 81.000000, 650.000000, 81.000000,   small-vehicle,   990
2519.000000, 300.000000, 2571.000000, 300.000000, 2571.000000, 315.000000, 2519.000000, 315.000000,   small-vehicle,   994
25.000000, 100.000000, 81.000000, 100.000000, 81.000000, 115.000000, 25.000000, 115.000000,   small-vehicle,   995
1833.000000, 34.000000, 1864.000000, 34.000000, 1864.000000, 68.000000, 1833.000000, 68.000000,   small-vehicle,   996
278.000000, 84.000000, 334.000000, 84.000000, 334.000000, 100.000000, 278.000000, 100.000000,   small-vehicle,   997
1807.000000, 44.000000, 1833.000000, 44.000000, 1833.000000, 76.000000, 1807.000000, 76.000000,   small-vehicle,   998
2134.000000, 62.000000, 2162.000000, 62.000000, 2162.000000, 96.000000, 2134.000000, 96.000000,   small-vehicle,   1001
343.000000, 82.000000, 397.000000, 82.000000, 397.000000, 97.000000, 343.000000, 97.000000,   small-vehicle,   1008
1007.000000, 52.000000, 1079.000000, 52.000000, 1079.000000, 68.000000, 1007.000000, 68.000000,   small-vehicle,   1009
1891.000000, 230.000000, 1921.000000, 230.000000, 1921.000000, 273.000000, 1891.000000, 273.000000,   small-vehicle,   1010
850.000000, 56.000000, 915.000000, 56.000000, 915.000000, 73.000000, 850.000000, 73.000000,   small-vehicle,   1012
564.000000, 62.000000, 609.000000, 62.000000, 609.000000, 78.000000, 564.000000, 78.000000,   small-vehicle,   1013
929.000000, 53.000000, 983.000000, 53.000000, 983.000000, 69.000000, 929.000000, 69.000000,   small-vehicle,   1014
2133.000000, 24.000000, 2155.000000, 24.000000, 2155.000000, 52.000000, 2133.000000, 52.000000,   small-vehicle,   1017
1888.000000, 72.000000, 1917.000000, 72.000000, 1917.000000, 107.000000, 1888.000000, 107.000000,   small-vehicle,   1032
2519.000000, 19.000000, 2549.000000, 19.000000, 2549.000000, 54.000000, 2519.000000, 54.000000,   small-vehicle,   1033
2476.000000, 311.000000, 2515.000000, 311.000000, 2515.000000, 344.000000, 2476.000000, 344.000000,   small-vehicle,   1038
1805.000000, -4.000000, 1832.000000, -4.000000, 1832.000000, 30.000000, 1805.000000, 30.000000,   small-vehicle,   1039
705.000000, 523.000000, 771.000000, 523.000000, 771.000000, 541.000000, 705.000000, 541.000000,   small-vehicle,   1042
2074.000000, 655.000000, 2103.000000, 655.000000, 2103.000000, 698.000000, 2074.000000, 698.000000,   small-vehicle,   1050
1869.000000, 649.000000, 1893.000000, 649.000000, 1893.000000, 681.000000, 1869.000000, 681.000000,   small-vehicle,   1052
978.000000, 530.000000, 1032.000000, 530.000000, 1032.000000, 547.000000, 978.000000, 547.000000,   small-vehicle,   1053
2094.000000, -25.000000, 2118.000000, -25.000000, 2118.000000, 4.000000, 2094.000000, 4.000000,   small-vehicle,   1056
1050.000000, 528.000000, 1112.000000, 528.000000, 1112.000000, 542.000000, 1050.000000, 542.000000,   large-vehicle,   1065
3246.000000, 214.000000, 3280.000000, 214.000000, 3280.000000, 226.000000, 3246.000000, 226.000000,   small-vehicle,   1067
3346.000000, 375.000000, 3371.000000, 375.000000, 3371.000000, 403.000000, 3346.000000, 403.000000,   small-vehicle,   1069
3048.000000, 821.000000, 3112.000000, 821.000000, 3112.000000, 836.000000, 3048.000000, 836.000000,   small-vehicle,   1070
3005.000000, 273.000000, 3058.000000, 273.000000, 3058.000000, 296.000000, 3005.000000, 296.000000,   small-vehicle,   1071
419.000000, -38.000000, 453.000000, -38.000000, 453.000000, -5.000000, 419.000000, -5.000000,   small-vehicle,   1076
2102.000000, 497.000000, 2136.000000, 497.000000, 2136.000000, 543.000000, 2102.000000, 543.000000,   large-vehicle,   1078
1800.000000, -51.000000, 1827.000000, -51.000000, 1827.000000, -16.000000, 1800.000000, -16.000000,   small-vehicle,   1079
2121.000000, -70.000000, 2146.000000, -70.000000, 2146.000000, -39.000000, 2121.000000, -39.000000,   small-vehicle,   1086
2639.000000, 11.000000, 2670.000000, 11.000000, 2670.000000, 50.000000, 2639.000000, 50.000000,   small-vehicle,   1088
1954.000000, 878.000000, 1988.000000, 878.000000, 1988.000000, 923.000000, 1954.000000, 923.000000,   large-vehicle,   1091
1116.000000, -65.000000, 1144.000000, -65.000000, 1144.000000, -28.000000, 1116.000000, -28.000000,   small-vehicle,   1092
1642.000000, 125.000000, 1696.000000, 125.000000, 1696.000000, 140.000000, 1642.000000, 140.000000,   small-vehicle,   1099
1118.000000, -97.000000, 1140.000000, -97.000000, 1140.000000, -71.000000, 1118.000000, -71.000000,   small-vehicle,   1104
2218.000000, 888.000000, 2242.000000, 888.000000, 2242.000000, 915.000000, 2218.000000, 915.000000,   small-vehicle,   1105
2117.000000, -108.000000, 2141.000000, -108.000000, 2141.000000, -78.000000, 2117.000000, -78.000000,   small-vehicle,   1113
1795.000000, -100.000000, 1822.000000, -100.000000, 1822.000000, -65.000000, 1795.000000, -65.000000,   small-vehicle,   1115
1077.000000, -116.000000, 1123.000000, -116.000000, 1123.000000, -99.000000, 1077.000000, -99.000000,   small-vehicle,   1116
2270.000000, 30.000000, 2292.000000, 30.000000, 2292.000000, 58.000000, 2270.000000, 58.000000,   small-vehicle,   1117
2457.000000, 836.000000, 2509.000000, 836.000000, 2509.000000, 851.000000, 2457.000000, 851.000000,   small-vehicle,   1118
1973.000000, 768.000000, 2005.000000, 768.000000, 2005.000000, 808.000000, 1973.000000, 808.000000,   small-vehicle,   1120
722.000000, -115.000000, 774.000000, -115.000000, 774.000000, -97.000000, 722.000000, -97.000000,   small-vehicle,   1121
3350.000000, 461.000000, 3382.000000, 461.000000, 3382.000000, 498.000000, 3350.000000, 498.000000,   small-vehicle,   1122
2193.000000, 669.000000, 2228.000000, 669.000000, 2228.000000, 730.000000, 2193.000000, 730.000000,   large-vehicle,   1131
993.000000, -117.000000, 1044.000000, -117.000000, 1044.000000, -102.000000, 993.000000, -102.000000,   small-vehicle,   1135
651.000000, -157.000000, 706.000000, -157.000000, 706.000000, -142.000000, 651.000000, -142.000000,   small-vehicle,   1139
1788.000000, -150.000000, 1818.000000, -150.000000, 1818.000000, -114.000000, 1788.000000, -114.000000,   small-vehicle,   1140
1818.000000, -165.000000, 1865.000000, -165.000000, 1865.000000, -96.000000, 1818.000000, -96.000000,   large-vehicle,   1141
2083.000000, -140.000000, 2110.000000, -140.000000, 2110.000000, -108.000000, 2083.000000, -108.000000,   small-vehicle,   1142
2941.000000, 825.000000, 3012.000000, 825.000000, 3012.000000, 843.000000, 2941.000000, 843.000000,   large-vehicle,   1143
828.000000, -122.000000, 878.000000, -122.000000, 878.000000, -104.000000, 828.000000, -104.000000,   small-vehicle,   1144
2175.000000, 931.000000, 2207.000000, 931.000000, 2207.000000, 970.000000, 2175.000000, 970.000000,   small-vehicle,   1150
2697.000000, 290.000000, 2754.000000, 290.000000, 2754.000000, 305.000000, 2697.000000, 305.000000,   small-vehicle,   1151
637.000000, -115.000000, 696.000000, -115.000000, 696.000000, -98.000000, 637.000000, -98.000000,   small-vehicle,   1153
1034.000000, -161.000000, 1104.000000, -161.000000, 1104.000000, -143.000000, 1034.000000, -143.000000,   small-vehicle,   1155
503.000000, -152.000000, 549.000000, -152.000000, 549.000000, -138.000000, 503.000000, -138.000000,   small-vehicle,   1156
561.000000, -154.000000, 611.000000, -154.000000, 611.000000, -140.000000, 561.000000, -140.000000,   small-vehicle,   1157
869.000000, -161.000000, 925.000000, -161.000000, 925.000000, -145.000000, 869.000000, -145.000000,   small-vehicle,   1159
1972.000000, 757.000000, 2002.000000, 757.000000, 2002.000000, 800.000000, 1972.000000, 800.000000,   large-vehicle,   1162
2919.000000, 283.000000, 2976.000000, 283.000000, 2976.000000, 297.000000, 2919.000000, 297.000000,   small-vehicle,   1164
1787.000000, -192.000000, 1816.000000, -192.000000, 1816.000000, -157.000000, 1787.000000, -157.000000,   small-vehicle,   1168
555.000000, -117.000000, 597.000000, -117.000000, 597.000000, -103.000000, 555.000000, -103.000000,   small-vehicle,   1170
178.000000, 527.000000, 246.000000, 527.000000, 246.000000, 539.000000, 178.000000, 539.000000,   small-vehicle,   1171
3654.000000, 780.000000, 3717.000000, 780.000000, 3717.000000, 797.000000, 3654.000000, 797.000000,   small-vehicle,   1173
2080.000000, -192.000000, 2108.000000, -192.000000, 2108.000000, -156.000000, 2080.000000, -156.000000,   small-vehicle,   1175
1320.000000, 533.000000, 1373.000000, 533.000000, 1373.000000, 545.000000, 1320.000000, 545.000000,   small-vehicle,   1176
256.000000, 527.000000, 311.000000, 527.000000, 311.000000, 541.000000, 256.000000, 541.000000,   small-vehicle,   1177
1884.000000, 481.000000, 1916.000000, 481.000000, 1916.000000, 518.000000, 1884.000000, 518.000000,   small-vehicle,   1178
1123.000000, -190.000000, 1149.000000, -190.000000, 1149.000000, -160.000000, 1123.000000, -160.000000,   small-vehicle,   1179
