1848.000000, 854.000000, 1876.000000, 854.000000, 1876.000000, 888.000000, 1848.000000, 887.000000,   small-vehicle,   0
2176.000000, 895.000000, 2203.000000, 895.000000, 2204.000000, 929.000000, 2177.000000, 928.000000,   small-vehicle,   1
1854.000000, 897.000000, 1879.000000, 897.000000, 1879.000000, 931.000000, 1855.000000, 931.000000,   small-vehicle,   2
2035.000000, 1174.000000, 2062.000000, 1174.000000, 2063.000000, 1206.000000, 2035.000000, 1206.000000,   small-vehicle,   3
1864.000000, 704.000000, 1891.000000, 704.000000, 1891.000000, 739.000000, 1865.000000, 739.000000,   small-vehicle,   4
2188.000000, 1078.000000, 2215.000000, 1078.000000, 2216.000000, 1114.000000, 2188.000000, 1113.000000,   small-vehicle,   5
1233.000000, 1240.000000, 1263.000000, 1240.000000, 1262.000000, 1278.000000, 1233.000000, 1277.000000,   small-vehicle,   6
1531.000000, 1391.000000, 1584.000000, 1392.000000, 1584.000000, 1408.000000, 1531.000000, 1407.000000,   small-vehicle,   7
2163.000000, 991.000000, 2190.000000, 991.000000, 2191.000000, 1029.000000, 2163.000000, 1029.000000,   small-vehicle,   8
3191.000000, 1315.000000, 3242.000000, 1316.000000, 3242.000000, 1331.000000, 3191.000000, 1331.000000,   small-vehicle,   9
1061.000000, 1310.000000, 1110.000000, 1310.000000, 1110.000000, 1327.000000, 1061.000000, 1326.000000,   small-vehicle,   10
430.000000, 1308.000000, 488.000000, 1309.000000, 488.000000, 1325.000000, 430.000000, 1324.000000,   small-vehicle,   11
1259.000000, 885.000000, 1286.000000, 885.000000, 1286.000000, 924.000000, 1258.000000, 924.000000,   small-vehicle,   12
2659.000000, 1365.000000, 2710.000000, 1366.000000, 2711.000000, 1382.000000, 2659.000000, 1381.000000,   small-vehicle,   14
2055.000000, 1514.000000, 2085.000000, 1514.000000, 2086.000000, 1550.000000, 2055.000000, 1550.000000,   small-vehicle,   15
2169.000000, 849.000000, 2201.000000, 849.000000, 2201.000000, 888.000000, 2169.000000, 888.000000,   small-vehicle,   17
1642.000000, 1350.000000, 1695.000000, 1350.000000, 1695.000000, 1366.000000, 1642.000000, 1365.000000,   small-vehicle,   18
2141.000000, 945.000000, 2196.000000, 946.000000, 2196.000000, 982.000000, 2142.000000, 981.000000,   small-vehicle,   19
1876.000000, 806.000000, 1904.000000, 806.000000, 1904.000000, 843.000000, 1876.000000, 842.000000,   small-vehicle,   21
1644.000000, 1441.000000, 1707.000000, 1442.000000, 1707.000000, 1460.000000, 1644.000000, 1460.000000,   small-vehicle,   22
2470.000000, 1471.000000, 2524.000000, 1472.000000, 2524.000000, 1486.000000, 2470.000000, 1486.000000,   small-vehicle,   23
131.000000, 1307.000000, 188.000000, 1308.000000, 188.000000, 1322.000000, 131.000000, 1322.000000,   small-vehicle,   25
2196.000000, 1128.000000, 2225.000000, 1128.000000, 2225.000000, 1164.000000, 2196.000000, 1164.000000,   small-vehicle,   26
796.000000, 1308.000000, 855.000000, 1308.000000, 855.000000, 1325.000000, 796.000000, 1324.000000,   small-vehicle,   27
2240.000000, 1564.000000, 2279.000000, 1564.000000, 2280.000000, 1608.000000, 2241.000000, 1607.000000,   small-vehicle,   29
2177.000000, 1031.000000, 2212.000000, 1032.000000, 2213.000000, 1071.000000, 2177.000000, 1070.000000,   small-vehicle,   32
1915.000000, 1211.000000, 1976.000000, 1212.000000, 1976.000000, 1236.000000, 1915.000000, 1235.000000,   small-vehicle,   33
2734.000000, 1361.000000, 2794.000000, 1362.000000, 2794.000000, 1378.000000, 2734.000000, 1377.000000,   small-vehicle,   34
2199.000000, 1188.000000, 2229.000000, 1188.000000, 2230.000000, 1229.000000, 2200.000000, 1229.000000,   small-vehicle,   35
1927.000000, 907.000000, 1955.000000, 908.000000, 1955.000000, 945.000000, 1927.000000, 944.000000,   small-vehicle,   36
2976.000000, 1362.000000, 3039.000000, 1363.000000, 3039.000000, 1379.000000, 2977.000000, 1378.000000,   small-vehicle,   38
2161.000000, 1114.000000, 2191.000000, 1115.000000, 2191.000000, 1152.000000, 2161.000000, 1152.000000,   small-vehicle,   40
1274.000000, 698.000000, 1305.000000, 698.000000, 1305.000000, 728.000000, 1274.000000, 728.000000,   small-vehicle,   41
2623.000000, 1313.000000, 2674.000000, 1314.000000, 2675.000000, 1330.000000, 2623.000000, 1329.000000,   small-vehicle,   42
1257.000000, 845.000000, 1281.000000, 845.000000, 1281.000000, 874.000000, 1257.000000, 874.000000,   small-vehicle,   43
1680.000000, 1392.000000, 1744.000000, 1393.000000, 1745.000000, 1410.000000, 1680.000000, 1409.000000,   small-vehicle,   44
1389.000000, 1390.000000, 1441.000000, 1390.000000, 1441.000000, 1408.000000, 1389.000000, 1407.000000,   small-vehicle,   45
2137.000000, 793.000000, 2163.000000, 793.000000, 2164.000000, 834.000000, 2137.000000, 834.000000,   small-vehicle,   46
928.000000, 1309.000000, 981.000000, 1310.000000, 981.000000, 1328.000000, 928.000000, 1327.000000,   small-vehicle,   47
2190.000000, 991.000000, 2216.000000, 991.000000, 2216.000000, 1024.000000, 2190.000000, 1023.000000,   small-vehicle,   48
2983.000000, 1316.000000, 3033.000000, 1316.000000, 3033.000000, 1331.000000, 2983.000000, 1331.000000,   small-vehicle,   49
61.000000, 1307.000000, 125.000000, 1308.000000, 125.000000, 1325.000000, 61.000000, 1324.000000,   small-vehicle,   50
531.000000, 1307.000000, 594.000000, 1308.000000, 594.000000, 1323.000000, 531.000000, 1323.000000,   small-vehicle,   51
2067.000000, 1556.000000, 2100.000000, 1556.000000, 2100.000000, 1588.000000, 2068.000000, 1588.000000,   small-vehicle,   52
1390.000000, 1416.000000, 1443.000000, 1416.000000, 1443.000000, 1434.000000, 1390.000000, 1433.000000,   small-vehicle,   53
296.000000, 1455.000000, 353.000000, 1455.000000, 353.000000, 1472.000000, 296.000000, 1471.000000,   small-vehicle,   55
2905.000000, 1473.000000, 2961.000000, 1474.000000, 2962.000000, 1494.000000, 2905.000000, 1493.000000,   small-vehicle,   56
1114.000000, 1395.000000, 1175.000000, 1396.000000, 1175.000000, 1414.000000, 1114.000000, 1413.000000,   small-vehicle,   58
609.000000, 1307.000000, 663.000000, 1307.000000, 662.000000, 1323.000000, 608.000000, 1322.000000,   small-vehicle,   62
3342.000000, 1267.000000, 3377.000000, 1267.000000, 3378.000000, 1303.000000, 3343.000000, 1302.000000,   small-vehicle,   63
1119.000000, 1463.000000, 1170.000000, 1464.000000, 1170.000000, 1482.000000, 1119.000000, 1481.000000,   small-vehicle,   64
3096.000000, 1313.000000, 3163.000000, 1314.000000, 3164.000000, 1333.000000, 3096.000000, 1332.000000,   small-vehicle,   65
2128.000000, 711.000000, 2157.000000, 711.000000, 2157.000000, 745.000000, 2128.000000, 744.000000,   small-vehicle,   66
846.000000, 1396.000000, 900.000000, 1397.000000, 900.000000, 1413.000000, 846.000000, 1412.000000,   small-vehicle,   67
2633.000000, 698.000000, 2689.000000, 698.000000, 2690.000000, 717.000000, 2634.000000, 716.000000,   small-vehicle,   69
3267.000000, 1314.000000, 3327.000000, 1315.000000, 3327.000000, 1332.000000, 3268.000000, 1332.000000,   small-vehicle,   73
200.000000, 1306.000000, 252.000000, 1307.000000, 251.000000, 1322.000000, 199.000000, 1322.000000,   small-vehicle,   74
1252.000000, 987.000000, 1279.000000, 987.000000, 1279.000000, 1022.000000, 1252.000000, 1021.000000,   small-vehicle,   75
1968.000000, 990.000000, 1996.000000, 990.000000, 1996.000000, 1033.000000, 1969.000000, 1033.000000,   small-vehicle,   76
1889.000000, 1165.000000, 1915.000000, 1166.000000, 1915.000000, 1200.000000, 1890.000000, 1200.000000,   small-vehicle,   77
2723.000000, 1472.000000, 2789.000000, 1473.000000, 2790.000000, 1491.000000, 2723.000000, 1490.000000,   small-vehicle,   78
331.000000, 790.000000, 382.000000, 791.000000, 382.000000, 810.000000, 330.000000, 809.000000,   small-vehicle,   79
1545.000000, 1410.000000, 1606.000000, 1411.000000, 1607.000000, 1428.000000, 1545.000000, 1427.000000,   small-vehicle,   80
1197.000000, 1418.000000, 1251.000000, 1419.000000, 1251.000000, 1436.000000, 1197.000000, 1435.000000,   small-vehicle,   82
2606.000000, 1388.000000, 2671.000000, 1389.000000, 2671.000000, 1408.000000, 2607.000000, 1407.000000,   small-vehicle,   83
1211.000000, 1392.000000, 1275.000000, 1392.000000, 1275.000000, 1408.000000, 1211.000000, 1407.000000,   small-vehicle,   84
2900.000000, 721.000000, 2944.000000, 721.000000, 2944.000000, 733.000000, 2901.000000, 732.000000,   small-vehicle,   85
2125.000000, 904.000000, 2154.000000, 904.000000, 2155.000000, 943.000000, 2126.000000, 943.000000,   small-vehicle,   86
2411.000000, 707.000000, 2467.000000, 708.000000, 2467.000000, 726.000000, 2411.000000, 725.000000,   small-vehicle,   87
2405.000000, 1329.000000, 2462.000000, 1330.000000, 2462.000000, 1349.000000, 2405.000000, 1349.000000,   small-vehicle,   88
3383.000000, 1480.000000, 3437.000000, 1481.000000, 3437.000000, 1497.000000, 3384.000000, 1496.000000,   small-vehicle,   89
2029.000000, 1107.000000, 2058.000000, 1107.000000, 2059.000000, 1151.000000, 2029.000000, 1151.000000,   small-vehicle,   90
3501.000000, 1319.000000, 3569.000000, 1320.000000, 3570.000000, 1340.000000, 3502.000000, 1339.000000,   small-vehicle,   91
3085.000000, 1476.000000, 3141.000000, 1476.000000, 3141.000000, 1492.000000, 3086.000000, 1491.000000,   small-vehicle,   92
1892.000000, 1044.000000, 1919.000000, 1044.000000, 1920.000000, 1082.000000, 1892.000000, 1082.000000,   small-vehicle,   94
2904.000000, 1362.000000, 2958.000000, 1363.000000, 2959.000000, 1380.000000, 2904.000000, 1379.000000,   small-vehicle,   96
780.000000, 1393.000000, 835.000000, 1394.000000, 835.000000, 1413.000000, 779.000000, 1412.000000,   small-vehicle,   97
3694.000000, 1350.000000, 3755.000000, 1351.000000, 3756.000000, 1373.000000, 3694.000000, 1372.000000,   small-vehicle,   98
2827.000000, 1474.000000, 2876.000000, 1474.000000, 2876.000000, 1491.000000, 2827.000000, 1490.000000,   small-vehicle,   100
1936.000000, 1066.000000, 1966.000000, 1067.000000, 1967.000000, 1101.000000, 1936.000000, 1101.000000,   small-vehicle,   101
3528.000000, 1483.000000, 3600.000000, 1484.000000, 3601.000000, 1502.000000, 3529.000000, 1502.000000,   small-vehicle,   102
1670.000000, 1415.000000, 1734.000000, 1416.000000, 1734.000000, 1432.000000, 1670.000000, 1432.000000,   small-vehicle,   103
2931.000000, 1335.000000, 2989.000000, 1335.000000, 2990.000000, 1353.000000, 2931.000000, 1352.000000,   small-vehicle,   106
3098.000000, 1337.000000, 3167.000000, 1338.000000, 3168.000000, 1354.000000, 3098.000000, 1354.000000,   small-vehicle,   109
1908.000000, 1120.000000, 1936.000000, 1120.000000, 1936.000000, 1158.000000, 1908.000000, 1158.000000,   small-vehicle,   110
2492.000000, 1328.000000, 2559.000000, 1329.000000, 2560.000000, 1351.000000, 2492.000000, 1350.000000,   small-vehicle,   111
1031.000000, 1439.000000, 1088.000000, 1440.000000, 1088.000000, 1457.000000, 1031.000000, 1457.000000,   small-vehicle,   113
2210.000000, 1667.000000, 2249.000000, 1667.000000, 2249.000000, 1709.000000, 2210.000000, 1709.000000,   small-vehicle,   114
2389.000000, 1358.000000, 2451.000000, 1359.000000, 2452.000000, 1378.000000, 2389.000000, 1377.000000,   small-vehicle,   115
1458.000000, 1388.000000, 1519.000000, 1389.000000, 1519.000000, 1407.000000, 1458.000000, 1406.000000,   small-vehicle,   116
1011.000000, 1392.000000, 1070.000000, 1393.000000, 1070.000000, 1410.000000, 1011.000000, 1410.000000,   small-vehicle,   118
3378.000000, 1364.000000, 3444.000000, 1365.000000, 3445.000000, 1386.000000, 3379.000000, 1385.000000,   small-vehicle,   119
1856.000000, 666.000000, 1888.000000, 666.000000, 1888.000000, 700.000000, 1856.000000, 699.000000,   small-vehicle,   120
2774.000000, 693.000000, 2833.000000, 693.000000, 2834.000000, 714.000000, 2775.000000, 713.000000,   small-vehicle,   121
3017.000000, 1338.000000, 3074.000000, 1339.000000, 3074.000000, 1356.000000, 3018.000000, 1355.000000,   small-vehicle,   122
1770.000000, 1414.000000, 1830.000000, 1414.000000, 1830.000000, 1432.000000, 1770.000000, 1431.000000,   small-vehicle,   123
1111.000000, 1438.000000, 1170.000000, 1439.000000, 1170.000000, 1456.000000, 1111.000000, 1455.000000,   small-vehicle,   126
1933.000000, 776.000000, 1963.000000, 776.000000, 1964.000000, 815.000000, 1934.000000, 814.000000,   small-vehicle,   127
2920.000000, 687.000000, 2979.000000, 688.000000, 2979.000000, 707.000000, 2920.000000, 706.000000,   small-vehicle,   130
2915.000000, 1313.000000, 2980.000000, 1314.000000, 2980.000000, 1331.000000, 2916.000000, 1330.000000,   small-vehicle,   131
1249.000000, 1039.000000, 1273.000000, 1039.000000, 1273.000000, 1070.000000, 1249.000000, 1070.000000,   small-vehicle,   132
219.000000, 785.000000, 283.000000, 786.000000, 283.000000, 803.000000, 218.000000, 802.000000,   small-vehicle,   134
369.000000, 1451.000000, 427.000000, 1452.000000, 427.000000, 1473.000000, 369.000000, 1472.000000,   small-vehicle,   135
1399.000000, 1464.000000, 1449.000000, 1464.000000, 1449.000000, 1482.000000, 1399.000000, 1482.000000,   small-vehicle,   136
557.000000, 1460.000000, 616.000000, 1461.000000, 616.000000, 1477.000000, 557.000000, 1477.000000,   small-vehicle,   137
3398.000000, 1338.000000, 3462.000000, 1339.000000, 3462.000000, 1358.000000, 3399.000000, 1357.000000,   small-vehicle,   139
1243.000000, 1153.000000, 1269.000000, 1153.000000, 1269.000000, 1191.000000, 1243.000000, 1190.000000,   small-vehicle,   140
1890.000000, 1088.000000, 1910.000000, 1088.000000, 1910.000000, 1114.000000, 1890.000000, 1114.000000,   small-vehicle,   144
800.000000, 1437.000000, 855.000000, 1438.000000, 855.000000, 1454.000000, 800.000000, 1453.000000,   small-vehicle,   145
867.000000, 1303.000000, 915.000000, 1304.000000, 915.000000, 1320.000000, 866.000000, 1319.000000,   small-vehicle,   147
2163.000000, 1363.000000, 2193.000000, 1363.000000, 2194.000000, 1401.000000, 2163.000000, 1401.000000,   small-vehicle,   148
3286.000000, 1338.000000, 3346.000000, 1339.000000, 3347.000000, 1357.000000, 3287.000000, 1357.000000,   small-vehicle,   149
2528.000000, 1467.000000, 2594.000000, 1468.000000, 2594.000000, 1487.000000, 2529.000000, 1486.000000,   small-vehicle,   150
3685.000000, 1327.000000, 3752.000000, 1327.000000, 3752.000000, 1347.000000, 3686.000000, 1347.000000,   small-vehicle,   152
2983.000000, 688.000000, 3043.000000, 689.000000, 3044.000000, 704.000000, 2983.000000, 703.000000,   small-vehicle,   153
1563.000000, 1440.000000, 1614.000000, 1440.000000, 1614.000000, 1458.000000, 1563.000000, 1457.000000,   small-vehicle,   158
1463.000000, 1416.000000, 1522.000000, 1417.000000, 1522.000000, 1438.000000, 1463.000000, 1437.000000,   small-vehicle,   160
3426.000000, 1262.000000, 3463.000000, 1262.000000, 3465.000000, 1300.000000, 3427.000000, 1299.000000,   small-vehicle,   161
1297.000000, 1396.000000, 1359.000000, 1397.000000, 1359.000000, 1415.000000, 1297.000000, 1414.000000,   small-vehicle,   162
3480.000000, 1342.000000, 3549.000000, 1343.000000, 3550.000000, 1363.000000, 3480.000000, 1362.000000,   small-vehicle,   163
1608.000000, 725.000000, 1668.000000, 726.000000, 1668.000000, 743.000000, 1608.000000, 742.000000,   small-vehicle,   164
106.000000, 782.000000, 170.000000, 783.000000, 169.000000, 803.000000, 106.000000, 802.000000,   small-vehicle,   165
3303.000000, 1479.000000, 3362.000000, 1479.000000, 3362.000000, 1496.000000, 3304.000000, 1495.000000,   small-vehicle,   166
932.000000, 1390.000000, 993.000000, 1391.000000, 993.000000, 1411.000000, 932.000000, 1411.000000,   small-vehicle,   167
3205.000000, 1339.000000, 3266.000000, 1340.000000, 3267.000000, 1358.000000, 3205.000000, 1357.000000,   small-vehicle,   168
960.000000, 1462.000000, 1023.000000, 1463.000000, 1023.000000, 1481.000000, 960.000000, 1481.000000,   small-vehicle,   169
3097.000000, 1361.000000, 3159.000000, 1362.000000, 3160.000000, 1381.000000, 3097.000000, 1381.000000,   small-vehicle,   170
940.000000, 1437.000000, 1009.000000, 1437.000000, 1009.000000, 1456.000000, 940.000000, 1455.000000,   small-vehicle,   171
3478.000000, 1369.000000, 3542.000000, 1370.000000, 3542.000000, 1390.000000, 3479.000000, 1389.000000,   small-vehicle,   172
2480.000000, 706.000000, 2544.000000, 707.000000, 2544.000000, 724.000000, 2480.000000, 723.000000,   small-vehicle,   173
1359.000000, 1436.000000, 1416.000000, 1436.000000, 1416.000000, 1456.000000, 1359.000000, 1455.000000,   small-vehicle,   175
1594.000000, 1311.000000, 1651.000000, 1312.000000, 1651.000000, 1327.000000, 1594.000000, 1327.000000,   small-vehicle,   177
2820.000000, 1362.000000, 2884.000000, 1363.000000, 2884.000000, 1382.000000, 2821.000000, 1381.000000,   small-vehicle,   178
1256.000000, 1462.000000, 1317.000000, 1463.000000, 1317.000000, 1481.000000, 1256.000000, 1480.000000,   small-vehicle,   179
2854.000000, 1335.000000, 2916.000000, 1336.000000, 2917.000000, 1353.000000, 2854.000000, 1353.000000,   small-vehicle,   182
1340.000000, 1464.000000, 1399.000000, 1465.000000, 1399.000000, 1481.000000, 1340.000000, 1481.000000,   small-vehicle,   186
1447.000000, 717.000000, 1510.000000, 718.000000, 1510.000000, 735.000000, 1447.000000, 734.000000,   small-vehicle,   189
1291.000000, 1417.000000, 1348.000000, 1418.000000, 1348.000000, 1435.000000, 1291.000000, 1435.000000,   small-vehicle,   190
3594.000000, 1371.000000, 3669.000000, 1372.000000, 3669.000000, 1393.000000, 3594.000000, 1392.000000,   small-vehicle,   193
3353.000000, 1314.000000, 3404.000000, 1315.000000, 3405.000000, 1348.000000, 3354.000000, 1347.000000,   small-vehicle,   196
1497.000000, 1462.000000, 1555.000000, 1463.000000, 1555.000000, 1479.000000, 1497.000000, 1478.000000,   small-vehicle,   198
2786.000000, 717.000000, 2858.000000, 718.000000, 2858.000000, 736.000000, 2787.000000, 735.000000,   small-vehicle,   202
1269.000000, 1438.000000, 1321.000000, 1439.000000, 1321.000000, 1455.000000, 1269.000000, 1455.000000,   small-vehicle,   203
2338.000000, 713.000000, 2404.000000, 714.000000, 2404.000000, 730.000000, 2338.000000, 729.000000,   small-vehicle,   212
117.000000, 1410.000000, 182.000000, 1411.000000, 182.000000, 1432.000000, 116.000000, 1432.000000,   small-vehicle,   213
1042.000000, 1465.000000, 1091.000000, 1466.000000, 1091.000000, 1480.000000, 1042.000000, 1480.000000,   small-vehicle,   214
873.000000, 1435.000000, 929.000000, 1435.000000, 929.000000, 1454.000000, 873.000000, 1453.000000,   small-vehicle,   217
1865.000000, 1052.000000, 1887.000000, 1052.000000, 1888.000000, 1078.000000, 1865.000000, 1077.000000,   small-vehicle,   223
2124.000000, 1209.000000, 2162.000000, 1209.000000, 2163.000000, 1265.000000, 2125.000000, 1264.000000,   large-vehicle,   230
1725.000000, 1438.000000, 1824.000000, 1439.000000, 1824.000000, 1468.000000, 1725.000000, 1466.000000,   large-vehicle,   231
1885.000000, 941.000000, 1924.000000, 941.000000, 1924.000000, 989.000000, 1885.000000, 989.000000,   large-vehicle,   232
628.000000, 1459.000000, 699.000000, 1460.000000, 699.000000, 1482.000000, 627.000000, 1481.000000,   large-vehicle,   236
833.000000, 1461.000000, 924.000000, 1462.000000, 924.000000, 1484.000000, 833.000000, 1483.000000,   large-vehicle,   237
2210.000000, 1387.000000, 2248.000000, 1388.000000, 2249.000000, 1437.000000, 2211.000000, 1437.000000,   large-vehicle,   239
1484.000000, 1437.000000, 1546.000000, 1438.000000, 1546.000000, 1459.000000, 1484.000000, 1458.000000,   large-vehicle,   240
2762.000000, 1337.000000, 2839.000000, 1338.000000, 2839.000000, 1354.000000, 2762.000000, 1353.000000,   large-vehicle,   242
494.000000, 1446.000000, 546.000000, 1446.000000, 546.000000, 1461.000000, 494.000000, 1460.000000,   small-vehicle,   317
3065.000000, 696.000000, 3124.000000, 697.000000, 3124.000000, 715.000000, 3065.000000, 714.000000,   small-vehicle,   330
3652.000000, 1397.000000, 3731.000000, 1398.000000, 3732.000000, 1421.000000, 3653.000000, 1420.000000,   small-vehicle,   334
984.000000, 1090.000000, 1045.000000, 1091.000000, 1045.000000, 1108.000000, 984.000000, 1107.000000,   small-vehicle,   337
3317.000000, 686.000000, 3391.000000, 687.000000, 3392.000000, 722.000000, 3318.000000, 721.000000,   large-vehicle,   345
1936.000000, 1015.000000, 1963.000000, 1015.000000, 1963.000000, 1052.000000, 1936.000000, 1052.000000,   small-vehicle,   353
1133.000000, 1094.000000, 1194.000000, 1095.000000, 1194.000000, 1114.000000, 1133.000000, 1113.000000,   small-vehicle,   360
3398.000000, 690.000000, 3474.000000, 691.000000, 3475.000000, 710.000000, 3399.000000, 709.000000,   small-vehicle,   382
730.000000, 1425.000000, 785.000000, 1426.000000, 785.000000, 1444.000000, 730.000000, 1443.000000,   small-vehicle,   383
3483.000000, 685.000000, 3553.000000, 686.000000, 3554.000000, 705.000000, 3483.000000, 704.000000,   small-vehicle,   385
2674.000000, 745.000000, 2735.000000, 745.000000, 2736.000000, 775.000000, 2675.000000, 774.000000,   small-vehicle,   386
1070.000000, 1406.000000, 1135.000000, 1406.000000, 1135.000000, 1424.000000, 1070.000000, 1423.000000,   small-vehicle,   409
2007.000000, 946.000000, 2040.000000, 946.000000, 2040.000000, 989.000000, 2007.000000, 989.000000,   small-vehicle,   421
591.000000, 1392.000000, 644.000000, 1393.000000, 644.000000, 1411.000000, 591.000000, 1411.000000,   small-vehicle,   430
2020.000000, 1055.000000, 2048.000000, 1056.000000, 2048.000000, 1093.000000, 2020.000000, 1093.000000,   small-vehicle,   431
1830.000000, 612.000000, 1857.000000, 613.000000, 1858.000000, 647.000000, 1831.000000, 647.000000,   small-vehicle,   432
1858.000000, 607.000000, 1888.000000, 607.000000, 1889.000000, 643.000000, 1859.000000, 643.000000,   small-vehicle,   433
1065.000000, 1093.000000, 1122.000000, 1093.000000, 1122.000000, 1110.000000, 1065.000000, 1109.000000,   small-vehicle,   438
2941.000000, 727.000000, 3007.000000, 727.000000, 3007.000000, 746.000000, 2942.000000, 745.000000,   small-vehicle,   445
1387.000000, 718.000000, 1442.000000, 719.000000, 1442.000000, 734.000000, 1387.000000, 733.000000,   small-vehicle,   446
1971.000000, 891.000000, 1998.000000, 891.000000, 1998.000000, 924.000000, 1972.000000, 924.000000,   small-vehicle,   457
3166.000000, 1378.000000, 3237.000000, 1379.000000, 3237.000000, 1399.000000, 3167.000000, 1398.000000,   small-vehicle,   462
1674.000000, 1455.000000, 1736.000000, 1455.000000, 1736.000000, 1480.000000, 1674.000000, 1479.000000,   small-vehicle,   463
2994.000000, 750.000000, 3058.000000, 751.000000, 3058.000000, 769.000000, 2994.000000, 768.000000,   small-vehicle,   465
2123.000000, 572.000000, 2151.000000, 572.000000, 2151.000000, 613.000000, 2124.000000, 613.000000,   small-vehicle,   484
195.000000, 826.000000, 268.000000, 826.000000, 268.000000, 838.000000, 195.000000, 837.000000,   large-vehicle,   498
1826.000000, 578.000000, 1853.000000, 578.000000, 1853.000000, 611.000000, 1826.000000, 610.000000,   small-vehicle,   506
21.000000, 778.000000, 84.000000, 779.000000, 83.000000, 795.000000, 21.000000, 794.000000,   small-vehicle,   511
1927.000000, 799.000000, 1954.000000, 800.000000, 1954.000000, 834.000000, 1927.000000, 834.000000,   small-vehicle,   531
1393.000000, 1496.000000, 1440.000000, 1497.000000, 1440.000000, 1525.000000, 1393.000000, 1524.000000,   small-vehicle,   537
2678.000000, 1342.000000, 2746.000000, 1343.000000, 2747.000000, 1365.000000, 2679.000000, 1365.000000,   large-vehicle,   553
2106.000000, 502.000000, 2129.000000, 502.000000, 2130.000000, 534.000000, 2107.000000, 534.000000,   small-vehicle,   564
2139.000000, 507.000000, 2170.000000, 508.000000, 2170.000000, 542.000000, 2140.000000, 542.000000,   small-vehicle,   568
412.000000, 1397.000000, 473.000000, 1397.000000, 473.000000, 1415.000000, 412.000000, 1415.000000,   small-vehicle,   569
1488.000000, 761.000000, 1546.000000, 762.000000, 1546.000000, 775.000000, 1488.000000, 774.000000,   small-vehicle,   575
3416.000000, 739.000000, 3487.000000, 740.000000, 3488.000000, 756.000000, 3416.000000, 755.000000,   small-vehicle,   577
3559.000000, 680.000000, 3631.000000, 681.000000, 3631.000000, 703.000000, 3560.000000, 702.000000,   small-vehicle,   578
2381.000000, 1392.000000, 2446.000000, 1392.000000, 2446.000000, 1411.000000, 2382.000000, 1410.000000,   small-vehicle,   583
2137.000000, 464.000000, 2163.000000, 464.000000, 2163.000000, 500.000000, 2137.000000, 499.000000,   small-vehicle,   590
1864.000000, 993.000000, 1903.000000, 993.000000, 1904.000000, 1032.000000, 1865.000000, 1031.000000,   small-vehicle,   591
1839.000000, 471.000000, 1868.000000, 472.000000, 1868.000000, 509.000000, 1839.000000, 509.000000,   small-vehicle,   593
1701.000000, 1295.000000, 1747.000000, 1295.000000, 1747.000000, 1319.000000, 1701.000000, 1319.000000,   small-vehicle,   598
1190.000000, 1418.000000, 1253.000000, 1419.000000, 1253.000000, 1438.000000, 1190.000000, 1437.000000,   small-vehicle,   613
2537.000000, 763.000000, 2597.000000, 764.000000, 2597.000000, 781.000000, 2537.000000, 780.000000,   small-vehicle,   614
919.000000, 1404.000000, 970.000000, 1404.000000, 970.000000, 1422.000000, 919.000000, 1421.000000,   small-vehicle,   615
2121.000000, 417.000000, 2148.000000, 418.000000, 2149.000000, 453.000000, 2121.000000, 452.000000,   small-vehicle,   632
1889.000000, 552.000000, 1918.000000, 552.000000, 1918.000000, 597.000000, 1889.000000, 597.000000,   small-vehicle,   635
2810.000000, 755.000000, 2874.000000, 756.000000, 2875.000000, 775.000000, 2811.000000, 774.000000,   small-vehicle,   636
3570.000000, 1365.000000, 3650.000000, 1366.000000, 3651.000000, 1390.000000, 3571.000000, 1389.000000,   small-vehicle,   637
1843.000000, 403.000000, 1869.000000, 403.000000, 1869.000000, 441.000000, 1843.000000, 440.000000,   small-vehicle,   638
1603.000000, 1371.000000, 1661.000000, 1372.000000, 1661.000000, 1387.000000, 1603.000000, 1387.000000,   small-vehicle,   659
1807.000000, 379.000000, 1834.000000, 379.000000, 1834.000000, 412.000000, 1807.000000, 412.000000,   small-vehicle,   660
226.000000, 1389.000000, 281.000000, 1390.000000, 281.000000, 1408.000000, 226.000000, 1408.000000,   small-vehicle,   661
1928.000000, 486.000000, 1956.000000, 487.000000, 1956.000000, 523.000000, 1928.000000, 523.000000,   small-vehicle,   663
2103.000000, 1177.000000, 2135.000000, 1178.000000, 2136.000000, 1216.000000, 2103.000000, 1216.000000,   small-vehicle,   664
1598.000000, 1459.000000, 1659.000000, 1460.000000, 1659.000000, 1478.000000, 1598.000000, 1477.000000,   small-vehicle,   665
2124.000000, 371.000000, 2150.000000, 372.000000, 2150.000000, 407.000000, 2124.000000, 407.000000,   small-vehicle,   666
1989.000000, 799.000000, 2020.000000, 799.000000, 2020.000000, 832.000000, 1989.000000, 831.000000,   small-vehicle,   667
421.000000, 377.000000, 471.000000, 377.000000, 471.000000, 397.000000, 421.000000, 396.000000,   small-vehicle,   668
54.000000, 1438.000000, 93.000000, 1438.000000, 93.000000, 1451.000000, 54.000000, 1450.000000,   small-vehicle,   672
196.000000, 1435.000000, 260.000000, 1436.000000, 260.000000, 1455.000000, 196.000000, 1454.000000,   large-vehicle,   676
3592.000000, 1470.000000, 3657.000000, 1470.000000, 3657.000000, 1488.000000, 3593.000000, 1487.000000,   small-vehicle,   686
358.000000, 833.000000, 415.000000, 834.000000, 415.000000, 849.000000, 358.000000, 849.000000,   small-vehicle,   687
2582.000000, 1340.000000, 2659.000000, 1341.000000, 2660.000000, 1359.000000, 2583.000000, 1358.000000,   large-vehicle,   692
1633.000000, 1340.000000, 1694.000000, 1341.000000, 1694.000000, 1360.000000, 1633.000000, 1360.000000,   large-vehicle,   693
2135.000000, 849.000000, 2166.000000, 849.000000, 2166.000000, 888.000000, 2135.000000, 887.000000,   large-vehicle,   695
2468.000000, 1391.000000, 2582.000000, 1393.000000, 2583.000000, 1420.000000, 2469.000000, 1418.000000,   large-vehicle,   697
1801.000000, 339.000000, 1829.000000, 339.000000, 1829.000000, 371.000000, 1801.000000, 371.000000,   small-vehicle,   704
1810.000000, 1410.000000, 1873.000000, 1411.000000, 1873.000000, 1431.000000, 1810.000000, 1430.000000,   small-vehicle,   706
572.000000, 816.000000, 633.000000, 817.000000, 632.000000, 847.000000, 572.000000, 846.000000,   small-vehicle,   708
910.000000, 1362.000000, 953.000000, 1362.000000, 952.000000, 1377.000000, 910.000000, 1376.000000,   small-vehicle,   713
2120.000000, 322.000000, 2145.000000, 323.000000, 2146.000000, 356.000000, 2121.000000, 356.000000,   small-vehicle,   718
2151.000000, 1064.000000, 2182.000000, 1064.000000, 2183.000000, 1103.000000, 2152.000000, 1102.000000,   large-vehicle,   720
2470.000000, 1348.000000, 2546.000000, 1349.000000, 2547.000000, 1372.000000, 2471.000000, 1371.000000,   large-vehicle,   722
1193.000000, 1433.000000, 1259.000000, 1434.000000, 1259.000000, 1453.000000, 1193.000000, 1452.000000,   large-vehicle,   724
2552.000000, 711.000000, 2612.000000, 712.000000, 2613.000000, 732.000000, 2552.000000, 731.000000,   large-vehicle,   727
2137.000000, 863.000000, 2170.000000, 863.000000, 2170.000000, 903.000000, 2137.000000, 903.000000,   small-vehicle,   729
2583.000000, 1342.000000, 2659.000000, 1343.000000, 2659.000000, 1361.000000, 2584.000000, 1360.000000,   small-vehicle,   731
497.000000, 383.000000, 584.000000, 384.000000, 584.000000, 403.000000, 497.000000, 402.000000,   small-vehicle,   732
2411.000000, 766.000000, 2464.000000, 767.000000, 2464.000000, 782.000000, 2412.000000, 782.000000,   small-vehicle,   736
2890.000000, 754.000000, 2958.000000, 755.000000, 2959.000000, 774.000000, 2890.000000, 773.000000,   small-vehicle,   737
1244.000000, 1195.000000, 1261.000000, 1196.000000, 1261.000000, 1214.000000, 1244.000000, 1214.000000,   small-vehicle,   739
1881.000000, 391.000000, 1915.000000, 392.000000, 1916.000000, 441.000000, 1882.000000, 440.000000,   large-vehicle,   744
2381.000000, 1431.000000, 2445.000000, 1432.000000, 2446.000000, 1457.000000, 2381.000000, 1456.000000,   large-vehicle,   748
-11.000000, 1430.000000, 44.000000, 1431.000000, 44.000000, 1448.000000, -11.000000, 1447.000000,   small-vehicle,   755
2345.000000, 768.000000, 2402.000000, 769.000000, 2402.000000, 786.000000, 2345.000000, 786.000000,   small-vehicle,   756
2397.000000, 1449.000000, 2458.000000, 1450.000000, 2459.000000, 1471.000000, 2397.000000, 1470.000000,   small-vehicle,   757
1896.000000, 290.000000, 1924.000000, 290.000000, 1924.000000, 334.000000, 1896.000000, 333.000000,   small-vehicle,   758
82.000000, 1393.000000, 141.000000, 1393.000000, 140.000000, 1412.000000, 82.000000, 1411.000000,   small-vehicle,   759
3269.000000, 1379.000000, 3334.000000, 1380.000000, 3335.000000, 1400.000000, 3269.000000, 1399.000000,   small-vehicle,   760
2078.000000, 265.000000, 2111.000000, 266.000000, 2111.000000, 308.000000, 2079.000000, 307.000000,   small-vehicle,   761
1795.000000, 293.000000, 1828.000000, 293.000000, 1828.000000, 331.000000, 1795.000000, 330.000000,   small-vehicle,   762
2162.000000, 1387.000000, 2204.000000, 1388.000000, 2205.000000, 1435.000000, 2163.000000, 1434.000000,   small-vehicle,   763
2151.000000, 1048.000000, 2181.000000, 1049.000000, 2182.000000, 1088.000000, 2151.000000, 1087.000000,   small-vehicle,   764
1694.000000, 769.000000, 1744.000000, 770.000000, 1744.000000, 782.000000, 1694.000000, 781.000000,   small-vehicle,   765
2572.000000, 1351.000000, 2641.000000, 1352.000000, 2642.000000, 1373.000000, 2572.000000, 1372.000000,   small-vehicle,   766
3659.000000, 727.000000, 3729.000000, 727.000000, 3729.000000, 748.000000, 3660.000000, 747.000000,   small-vehicle,   767
2885.000000, 738.000000, 2959.000000, 739.000000, 2959.000000, 759.000000, 2886.000000, 758.000000,   large-vehicle,   771
495.000000, 380.000000, 585.000000, 381.000000, 585.000000, 400.000000, 495.000000, 399.000000,   large-vehicle,   772
1898.000000, 304.000000, 1925.000000, 305.000000, 1925.000000, 347.000000, 1898.000000, 347.000000,   large-vehicle,   774
2472.000000, 1361.000000, 2550.000000, 1362.000000, 2550.000000, 1383.000000, 2473.000000, 1382.000000,   large-vehicle,   775
1886.000000, 530.000000, 1916.000000, 530.000000, 1917.000000, 575.000000, 1886.000000, 575.000000,   large-vehicle,   776
2810.000000, 1359.000000, 2873.000000, 1360.000000, 2873.000000, 1381.000000, 2811.000000, 1380.000000,   large-vehicle,   777
2410.000000, 703.000000, 2464.000000, 704.000000, 2464.000000, 722.000000, 2411.000000, 722.000000,   large-vehicle,   778
2164.000000, 1386.000000, 2207.000000, 1386.000000, 2208.000000, 1434.000000, 2165.000000, 1433.000000,   large-vehicle,   779
1892.000000, 1035.000000, 1921.000000, 1036.000000, 1922.000000, 1075.000000, 1892.000000, 1075.000000,   large-vehicle,   780
2004.000000, 929.000000, 2039.000000, 929.000000, 2039.000000, 974.000000, 2004.000000, 974.000000,   large-vehicle,   781
1895.000000, 1042.000000, 1922.000000, 1043.000000, 1923.000000, 1083.000000, 1895.000000, 1082.000000,   small-vehicle,   782
2412.000000, 716.000000, 2468.000000, 717.000000, 2468.000000, 734.000000, 2412.000000, 733.000000,   small-vehicle,   783
1898.000000, 312.000000, 1926.000000, 312.000000, 1926.000000, 354.000000, 1898.000000, 354.000000,   small-vehicle,   784
2809.000000, 1372.000000, 2875.000000, 1373.000000, 2875.000000, 1392.000000, 2810.000000, 1392.000000,   small-vehicle,   785
1190.000000, 1434.000000, 1258.000000, 1435.000000, 1258.000000, 1453.000000, 1190.000000, 1452.000000,   small-vehicle,   786
2152.000000, 1058.000000, 2182.000000, 1058.000000, 2183.000000, 1098.000000, 2153.000000, 1097.000000,   small-vehicle,   787
1934.000000, 643.000000, 1971.000000, 644.000000, 1971.000000, 695.000000, 1934.000000, 695.000000,   small-vehicle,   788
3098.000000, 748.000000, 3155.000000, 749.000000, 3155.000000, 762.000000, 3098.000000, 762.000000,   small-vehicle,   789
1605.000000, 1389.000000, 1658.000000, 1390.000000, 1658.000000, 1405.000000, 1605.000000, 1404.000000,   small-vehicle,   790
438.000000, 1432.000000, 488.000000, 1433.000000, 488.000000, 1448.000000, 438.000000, 1448.000000,   small-vehicle,   791
3576.000000, 732.000000, 3643.000000, 733.000000, 3644.000000, 751.000000, 3576.000000, 750.000000,   small-vehicle,   792
2572.000000, 1363.000000, 2642.000000, 1364.000000, 2643.000000, 1385.000000, 2573.000000, 1384.000000,   small-vehicle,   793
2582.000000, 1331.000000, 2658.000000, 1332.000000, 2659.000000, 1349.000000, 2583.000000, 1348.000000,   small-vehicle,   794
195.000000, 1423.000000, 260.000000, 1424.000000, 260.000000, 1444.000000, 195.000000, 1443.000000,   small-vehicle,   795
1634.000000, 1334.000000, 1694.000000, 1335.000000, 1694.000000, 1355.000000, 1634.000000, 1354.000000,   small-vehicle,   796
2183.000000, 312.000000, 2198.000000, 313.000000, 2198.000000, 328.000000, 2183.000000, 327.000000,   small-vehicle,   797
78.000000, 1414.000000, 150.000000, 1415.000000, 150.000000, 1436.000000, 78.000000, 1435.000000,   small-vehicle,   798
2469.000000, 1362.000000, 2548.000000, 1363.000000, 2548.000000, 1386.000000, 2469.000000, 1385.000000,   small-vehicle,   799
2135.000000, 858.000000, 2168.000000, 859.000000, 2168.000000, 896.000000, 2135.000000, 896.000000,   large-vehicle,   800
2888.000000, 750.000000, 2958.000000, 751.000000, 2959.000000, 771.000000, 2888.000000, 770.000000,   large-vehicle,   801
2572.000000, 1367.000000, 2642.000000, 1368.000000, 2643.000000, 1387.000000, 2573.000000, 1386.000000,   large-vehicle,   802
2551.000000, 706.000000, 2612.000000, 707.000000, 2613.000000, 726.000000, 2551.000000, 725.000000,   small-vehicle,   803
1607.000000, 1385.000000, 1662.000000, 1386.000000, 1662.000000, 1403.000000, 1607.000000, 1402.000000,   large-vehicle,   804
3259.000000, 1379.000000, 3337.000000, 1380.000000, 3338.000000, 1399.000000, 3260.000000, 1398.000000,   large-vehicle,   805
77.000000, 1406.000000, 150.000000, 1407.000000, 150.000000, 1427.000000, 77.000000, 1426.000000,   large-vehicle,   806
