1847.000000, 853.000000, 1876.000000, 854.000000, 1877.000000, 888.000000, 1847.000000, 888.000000,   small-vehicle,   0
2175.000000, 894.000000, 2204.000000, 894.000000, 2205.000000, 929.000000, 2176.000000, 929.000000,   small-vehicle,   1
1854.000000, 897.000000, 1879.000000, 897.000000, 1879.000000, 931.000000, 1855.000000, 930.000000,   small-vehicle,   2
2035.000000, 1173.000000, 2063.000000, 1174.000000, 2063.000000, 1207.000000, 2035.000000, 1206.000000,   small-vehicle,   3
1864.000000, 704.000000, 1891.000000, 705.000000, 1891.000000, 739.000000, 1865.000000, 739.000000,   small-vehicle,   4
2186.000000, 1079.000000, 2217.000000, 1079.000000, 2217.000000, 1113.000000, 2187.000000, 1113.000000,   small-vehicle,   5
1235.000000, 1240.000000, 1261.000000, 1241.000000, 1261.000000, 1277.000000, 1235.000000, 1277.000000,   small-vehicle,   6
1531.000000, 1392.000000, 1584.000000, 1392.000000, 1584.000000, 1407.000000, 1531.000000, 1407.000000,   small-vehicle,   7
2163.000000, 992.000000, 2190.000000, 992.000000, 2190.000000, 1028.000000, 2164.000000, 1028.000000,   small-vehicle,   8
3187.000000, 1315.000000, 3245.000000, 1316.000000, 3245.000000, 1331.000000, 3188.000000, 1330.000000,   small-vehicle,   9
1063.000000, 1310.000000, 1107.000000, 1311.000000, 1107.000000, 1326.000000, 1063.000000, 1326.000000,   small-vehicle,   10
429.000000, 1308.000000, 489.000000, 1309.000000, 489.000000, 1325.000000, 429.000000, 1324.000000,   small-vehicle,   11
1259.000000, 885.000000, 1286.000000, 886.000000, 1286.000000, 924.000000, 1258.000000, 924.000000,   small-vehicle,   12
2659.000000, 1366.000000, 2710.000000, 1367.000000, 2711.000000, 1381.000000, 2659.000000, 1381.000000,   small-vehicle,   14
2054.000000, 1512.000000, 2087.000000, 1513.000000, 2087.000000, 1552.000000, 2054.000000, 1551.000000,   small-vehicle,   15
1157.000000, 1308.000000, 1209.000000, 1308.000000, 1209.000000, 1325.000000, 1157.000000, 1325.000000,   small-vehicle,   16
2169.000000, 849.000000, 2200.000000, 849.000000, 2201.000000, 888.000000, 2170.000000, 888.000000,   small-vehicle,   17
1642.000000, 1350.000000, 1694.000000, 1351.000000, 1694.000000, 1366.000000, 1642.000000, 1365.000000,   small-vehicle,   18
2141.000000, 945.000000, 2196.000000, 946.000000, 2196.000000, 982.000000, 2142.000000, 981.000000,   small-vehicle,   19
1981.000000, 1114.000000, 2018.000000, 1114.000000, 2019.000000, 1151.000000, 1982.000000, 1151.000000,   small-vehicle,   20
1876.000000, 806.000000, 1904.000000, 807.000000, 1904.000000, 842.000000, 1876.000000, 842.000000,   small-vehicle,   21
1645.000000, 1443.000000, 1705.000000, 1443.000000, 1705.000000, 1458.000000, 1645.000000, 1458.000000,   small-vehicle,   22
2469.000000, 1471.000000, 2525.000000, 1472.000000, 2525.000000, 1487.000000, 2469.000000, 1486.000000,   small-vehicle,   23
2092.000000, 1639.000000, 2122.000000, 1639.000000, 2123.000000, 1677.000000, 2092.000000, 1677.000000,   small-vehicle,   24
132.000000, 1307.000000, 188.000000, 1307.000000, 188.000000, 1323.000000, 132.000000, 1322.000000,   small-vehicle,   25
2196.000000, 1129.000000, 2225.000000, 1129.000000, 2225.000000, 1163.000000, 2197.000000, 1163.000000,   small-vehicle,   26
798.000000, 1308.000000, 853.000000, 1308.000000, 853.000000, 1325.000000, 798.000000, 1324.000000,   small-vehicle,   27
2239.000000, 1562.000000, 2280.000000, 1563.000000, 2280.000000, 1609.000000, 2240.000000, 1608.000000,   small-vehicle,   29
2538.000000, 1668.000000, 2605.000000, 1669.000000, 2605.000000, 1689.000000, 2539.000000, 1688.000000,   small-vehicle,   30
2177.000000, 1031.000000, 2212.000000, 1032.000000, 2213.000000, 1071.000000, 2177.000000, 1070.000000,   small-vehicle,   32
1916.000000, 1209.000000, 1975.000000, 1210.000000, 1975.000000, 1238.000000, 1916.000000, 1237.000000,   small-vehicle,   33
2734.000000, 1362.000000, 2794.000000, 1362.000000, 2794.000000, 1377.000000, 2734.000000, 1377.000000,   small-vehicle,   34
2199.000000, 1187.000000, 2229.000000, 1187.000000, 2230.000000, 1230.000000, 2200.000000, 1230.000000,   small-vehicle,   35
1928.000000, 908.000000, 1954.000000, 908.000000, 1954.000000, 944.000000, 1928.000000, 944.000000,   small-vehicle,   36
2976.000000, 1362.000000, 3039.000000, 1363.000000, 3039.000000, 1379.000000, 2977.000000, 1378.000000,   small-vehicle,   38
2162.000000, 1115.000000, 2190.000000, 1115.000000, 2190.000000, 1152.000000, 2162.000000, 1151.000000,   small-vehicle,   40
1274.000000, 698.000000, 1305.000000, 698.000000, 1305.000000, 729.000000, 1274.000000, 728.000000,   small-vehicle,   41
2623.000000, 1313.000000, 2674.000000, 1314.000000, 2674.000000, 1330.000000, 2624.000000, 1329.000000,   small-vehicle,   42
1257.000000, 844.000000, 1281.000000, 844.000000, 1281.000000, 875.000000, 1257.000000, 875.000000,   small-vehicle,   43
1681.000000, 1392.000000, 1743.000000, 1393.000000, 1744.000000, 1410.000000, 1681.000000, 1409.000000,   small-vehicle,   44
1389.000000, 1390.000000, 1441.000000, 1391.000000, 1441.000000, 1407.000000, 1389.000000, 1407.000000,   small-vehicle,   45
2136.000000, 793.000000, 2164.000000, 793.000000, 2164.000000, 834.000000, 2137.000000, 834.000000,   small-vehicle,   46
925.000000, 1309.000000, 985.000000, 1310.000000, 985.000000, 1328.000000, 925.000000, 1327.000000,   small-vehicle,   47
2190.000000, 991.000000, 2215.000000, 991.000000, 2216.000000, 1023.000000, 2190.000000, 1023.000000,   small-vehicle,   48
2981.000000, 1315.000000, 3035.000000, 1316.000000, 3036.000000, 1332.000000, 2981.000000, 1331.000000,   small-vehicle,   49
64.000000, 1308.000000, 121.000000, 1308.000000, 121.000000, 1325.000000, 64.000000, 1324.000000,   small-vehicle,   50
531.000000, 1306.000000, 594.000000, 1307.000000, 594.000000, 1324.000000, 531.000000, 1323.000000,   small-vehicle,   51
2065.000000, 1551.000000, 2102.000000, 1552.000000, 2102.000000, 1593.000000, 2066.000000, 1592.000000,   small-vehicle,   52
1387.000000, 1416.000000, 1446.000000, 1417.000000, 1446.000000, 1433.000000, 1387.000000, 1433.000000,   small-vehicle,   53
2652.000000, 1669.000000, 2708.000000, 1670.000000, 2708.000000, 1685.000000, 2652.000000, 1684.000000,   small-vehicle,   54
295.000000, 1454.000000, 354.000000, 1455.000000, 353.000000, 1472.000000, 295.000000, 1471.000000,   small-vehicle,   55
2904.000000, 1474.000000, 2962.000000, 1475.000000, 2963.000000, 1493.000000, 2904.000000, 1493.000000,   small-vehicle,   56
3419.000000, 1224.000000, 3441.000000, 1224.000000, 3442.000000, 1247.000000, 3420.000000, 1247.000000,   small-vehicle,   57
1113.000000, 1394.000000, 1175.000000, 1395.000000, 1175.000000, 1414.000000, 1113.000000, 1413.000000,   small-vehicle,   58
1963.000000, 1648.000000, 1989.000000, 1649.000000, 1989.000000, 1683.000000, 1964.000000, 1682.000000,   small-vehicle,   61
609.000000, 1306.000000, 662.000000, 1307.000000, 662.000000, 1323.000000, 609.000000, 1323.000000,   small-vehicle,   62
3342.000000, 1266.000000, 3376.000000, 1266.000000, 3377.000000, 1304.000000, 3343.000000, 1303.000000,   small-vehicle,   63
1120.000000, 1464.000000, 1169.000000, 1465.000000, 1169.000000, 1481.000000, 1120.000000, 1480.000000,   small-vehicle,   64
3093.000000, 1314.000000, 3166.000000, 1315.000000, 3167.000000, 1333.000000, 3093.000000, 1332.000000,   small-vehicle,   65
2129.000000, 711.000000, 2156.000000, 712.000000, 2156.000000, 744.000000, 2129.000000, 744.000000,   small-vehicle,   66
844.000000, 1395.000000, 901.000000, 1396.000000, 901.000000, 1414.000000, 844.000000, 1413.000000,   small-vehicle,   67
2630.000000, 697.000000, 2693.000000, 697.000000, 2694.000000, 718.000000, 2630.000000, 717.000000,   small-vehicle,   69
3690.000000, 1636.000000, 3755.000000, 1636.000000, 3755.000000, 1655.000000, 3691.000000, 1655.000000,   small-vehicle,   70
2387.000000, 1389.000000, 2446.000000, 1389.000000, 2446.000000, 1405.000000, 2388.000000, 1404.000000,   small-vehicle,   72
3266.000000, 1315.000000, 3328.000000, 1316.000000, 3328.000000, 1332.000000, 3267.000000, 1331.000000,   small-vehicle,   73
199.000000, 1305.000000, 252.000000, 1306.000000, 252.000000, 1323.000000, 199.000000, 1322.000000,   small-vehicle,   74
1252.000000, 987.000000, 1279.000000, 987.000000, 1279.000000, 1021.000000, 1252.000000, 1021.000000,   small-vehicle,   75
1968.000000, 990.000000, 1996.000000, 990.000000, 1996.000000, 1033.000000, 1969.000000, 1033.000000,   small-vehicle,   76
1889.000000, 1166.000000, 1915.000000, 1166.000000, 1915.000000, 1200.000000, 1889.000000, 1200.000000,   small-vehicle,   77
2723.000000, 1473.000000, 2789.000000, 1474.000000, 2790.000000, 1490.000000, 2723.000000, 1490.000000,   small-vehicle,   78
331.000000, 791.000000, 382.000000, 792.000000, 382.000000, 809.000000, 331.000000, 808.000000,   small-vehicle,   79
1545.000000, 1410.000000, 1606.000000, 1411.000000, 1606.000000, 1428.000000, 1545.000000, 1427.000000,   small-vehicle,   80
1198.000000, 1419.000000, 1251.000000, 1420.000000, 1251.000000, 1435.000000, 1198.000000, 1434.000000,   small-vehicle,   82
2603.000000, 1389.000000, 2674.000000, 1390.000000, 2674.000000, 1407.000000, 2604.000000, 1406.000000,   small-vehicle,   83
1213.000000, 1393.000000, 1272.000000, 1393.000000, 1272.000000, 1407.000000, 1213.000000, 1406.000000,   small-vehicle,   84
2899.000000, 720.000000, 2945.000000, 720.000000, 2945.000000, 734.000000, 2900.000000, 733.000000,   small-vehicle,   85
2125.000000, 904.000000, 2155.000000, 904.000000, 2155.000000, 943.000000, 2125.000000, 943.000000,   small-vehicle,   86
2412.000000, 707.000000, 2466.000000, 707.000000, 2466.000000, 726.000000, 2412.000000, 726.000000,   small-vehicle,   87
2405.000000, 1331.000000, 2462.000000, 1331.000000, 2462.000000, 1348.000000, 2405.000000, 1348.000000,   small-vehicle,   88
3383.000000, 1480.000000, 3437.000000, 1481.000000, 3437.000000, 1497.000000, 3384.000000, 1496.000000,   small-vehicle,   89
2029.000000, 1107.000000, 2058.000000, 1107.000000, 2059.000000, 1152.000000, 2030.000000, 1151.000000,   small-vehicle,   90
3501.000000, 1320.000000, 3569.000000, 1321.000000, 3569.000000, 1339.000000, 3502.000000, 1338.000000,   small-vehicle,   91
3086.000000, 1476.000000, 3140.000000, 1477.000000, 3141.000000, 1492.000000, 3086.000000, 1491.000000,   small-vehicle,   92
3035.000000, 1629.000000, 3075.000000, 1629.000000, 3076.000000, 1644.000000, 3036.000000, 1644.000000,   small-vehicle,   93
1893.000000, 1043.000000, 1919.000000, 1044.000000, 1919.000000, 1083.000000, 1893.000000, 1082.000000,   small-vehicle,   94
2472.000000, 1667.000000, 2529.000000, 1668.000000, 2529.000000, 1690.000000, 2473.000000, 1689.000000,   small-vehicle,   95
2902.000000, 1362.000000, 2960.000000, 1363.000000, 2960.000000, 1380.000000, 2903.000000, 1379.000000,   small-vehicle,   96
781.000000, 1394.000000, 834.000000, 1395.000000, 833.000000, 1412.000000, 781.000000, 1412.000000,   small-vehicle,   97
3695.000000, 1352.000000, 3753.000000, 1352.000000, 3754.000000, 1371.000000, 3696.000000, 1370.000000,   small-vehicle,   98
3068.000000, 1670.000000, 3131.000000, 1670.000000, 3132.000000, 1686.000000, 3068.000000, 1685.000000,   small-vehicle,   99
2827.000000, 1473.000000, 2875.000000, 1474.000000, 2876.000000, 1491.000000, 2828.000000, 1491.000000,   small-vehicle,   100
1937.000000, 1066.000000, 1965.000000, 1066.000000, 1966.000000, 1102.000000, 1937.000000, 1101.000000,   small-vehicle,   101
3529.000000, 1484.000000, 3599.000000, 1485.000000, 3600.000000, 1502.000000, 3530.000000, 1501.000000,   small-vehicle,   102
1669.000000, 1415.000000, 1735.000000, 1416.000000, 1735.000000, 1432.000000, 1669.000000, 1431.000000,   small-vehicle,   103
3324.000000, 1727.000000, 3358.000000, 1727.000000, 3359.000000, 1764.000000, 3325.000000, 1764.000000,   small-vehicle,   104
1985.000000, 1196.000000, 2026.000000, 1197.000000, 2027.000000, 1245.000000, 1986.000000, 1244.000000,   small-vehicle,   105
2930.000000, 1334.000000, 2990.000000, 1335.000000, 2990.000000, 1354.000000, 2931.000000, 1353.000000,   small-vehicle,   106
3698.000000, 1694.000000, 3730.000000, 1695.000000, 3732.000000, 1732.000000, 3700.000000, 1732.000000,   small-vehicle,   107
3508.000000, 1631.000000, 3568.000000, 1632.000000, 3569.000000, 1649.000000, 3508.000000, 1648.000000,   small-vehicle,   108
3097.000000, 1336.000000, 3168.000000, 1337.000000, 3169.000000, 1355.000000, 3098.000000, 1354.000000,   small-vehicle,   109
1907.000000, 1120.000000, 1937.000000, 1120.000000, 1937.000000, 1158.000000, 1908.000000, 1158.000000,   small-vehicle,   110
2491.000000, 1328.000000, 2560.000000, 1329.000000, 2560.000000, 1351.000000, 2492.000000, 1350.000000,   small-vehicle,   111
1030.000000, 1440.000000, 1088.000000, 1440.000000, 1088.000000, 1457.000000, 1030.000000, 1456.000000,   small-vehicle,   113
2210.000000, 1667.000000, 2249.000000, 1667.000000, 2249.000000, 1709.000000, 2210.000000, 1708.000000,   small-vehicle,   114
2391.000000, 1358.000000, 2449.000000, 1359.000000, 2450.000000, 1378.000000, 2391.000000, 1377.000000,   small-vehicle,   115
1458.000000, 1388.000000, 1519.000000, 1389.000000, 1519.000000, 1406.000000, 1458.000000, 1406.000000,   small-vehicle,   116
3325.000000, 1633.000000, 3386.000000, 1634.000000, 3386.000000, 1651.000000, 3325.000000, 1651.000000,   small-vehicle,   117
1011.000000, 1392.000000, 1070.000000, 1393.000000, 1070.000000, 1410.000000, 1011.000000, 1410.000000,   small-vehicle,   118
3377.000000, 1365.000000, 3445.000000, 1365.000000, 3445.000000, 1385.000000, 3378.000000, 1385.000000,   small-vehicle,   119
1857.000000, 666.000000, 1887.000000, 666.000000, 1887.000000, 699.000000, 1857.000000, 699.000000,   small-vehicle,   120
2776.000000, 693.000000, 2832.000000, 694.000000, 2832.000000, 713.000000, 2776.000000, 712.000000,   small-vehicle,   121
3017.000000, 1339.000000, 3074.000000, 1340.000000, 3075.000000, 1355.000000, 3017.000000, 1355.000000,   small-vehicle,   122
1766.000000, 1414.000000, 1834.000000, 1415.000000, 1834.000000, 1432.000000, 1766.000000, 1431.000000,   small-vehicle,   123
2483.000000, 1624.000000, 2540.000000, 1624.000000, 2540.000000, 1640.000000, 2483.000000, 1639.000000,   small-vehicle,   125
1113.000000, 1439.000000, 1169.000000, 1440.000000, 1169.000000, 1455.000000, 1113.000000, 1454.000000,   small-vehicle,   126
1932.000000, 776.000000, 1964.000000, 777.000000, 1965.000000, 815.000000, 1933.000000, 814.000000,   small-vehicle,   127
361.000000, 1227.000000, 388.000000, 1228.000000, 388.000000, 1257.000000, 360.000000, 1257.000000,   small-vehicle,   128
1770.000000, 1393.000000, 1830.000000, 1394.000000, 1830.000000, 1411.000000, 1770.000000, 1411.000000,   small-vehicle,   129
2919.000000, 687.000000, 2979.000000, 688.000000, 2980.000000, 707.000000, 2920.000000, 707.000000,   small-vehicle,   130
2915.000000, 1314.000000, 2980.000000, 1315.000000, 2980.000000, 1331.000000, 2915.000000, 1330.000000,   small-vehicle,   131
1249.000000, 1039.000000, 1272.000000, 1039.000000, 1272.000000, 1070.000000, 1249.000000, 1069.000000,   small-vehicle,   132
3210.000000, 1631.000000, 3268.000000, 1632.000000, 3269.000000, 1646.000000, 3211.000000, 1645.000000,   small-vehicle,   133
217.000000, 786.000000, 284.000000, 787.000000, 284.000000, 803.000000, 217.000000, 802.000000,   small-vehicle,   134
368.000000, 1452.000000, 429.000000, 1452.000000, 429.000000, 1472.000000, 368.000000, 1472.000000,   small-vehicle,   135
1399.000000, 1464.000000, 1450.000000, 1465.000000, 1450.000000, 1482.000000, 1399.000000, 1481.000000,   small-vehicle,   136
557.000000, 1460.000000, 617.000000, 1461.000000, 616.000000, 1478.000000, 556.000000, 1477.000000,   small-vehicle,   137
2202.000000, 1580.000000, 2240.000000, 1581.000000, 2240.000000, 1620.000000, 2203.000000, 1619.000000,   small-vehicle,   138
3397.000000, 1338.000000, 3463.000000, 1339.000000, 3464.000000, 1358.000000, 3398.000000, 1357.000000,   small-vehicle,   139
1244.000000, 1154.000000, 1268.000000, 1155.000000, 1268.000000, 1190.000000, 1244.000000, 1189.000000,   small-vehicle,   140
1890.000000, 1088.000000, 1910.000000, 1089.000000, 1910.000000, 1114.000000, 1890.000000, 1113.000000,   small-vehicle,   144
801.000000, 1438.000000, 854.000000, 1439.000000, 854.000000, 1453.000000, 801.000000, 1453.000000,   small-vehicle,   145
2550.000000, 700.000000, 2616.000000, 701.000000, 2617.000000, 724.000000, 2551.000000, 723.000000,   small-vehicle,   146
867.000000, 1304.000000, 915.000000, 1305.000000, 915.000000, 1319.000000, 866.000000, 1318.000000,   small-vehicle,   147
2163.000000, 1362.000000, 2193.000000, 1363.000000, 2194.000000, 1402.000000, 2163.000000, 1401.000000,   small-vehicle,   148
3287.000000, 1339.000000, 3346.000000, 1339.000000, 3346.000000, 1357.000000, 3287.000000, 1356.000000,   small-vehicle,   149
2528.000000, 1467.000000, 2594.000000, 1468.000000, 2594.000000, 1487.000000, 2529.000000, 1486.000000,   small-vehicle,   150
3687.000000, 1328.000000, 3750.000000, 1329.000000, 3751.000000, 1346.000000, 3688.000000, 1345.000000,   small-vehicle,   152
2982.000000, 686.000000, 3044.000000, 687.000000, 3044.000000, 706.000000, 2982.000000, 705.000000,   small-vehicle,   153
3127.000000, 1628.000000, 3189.000000, 1628.000000, 3190.000000, 1646.000000, 3127.000000, 1645.000000,   small-vehicle,   154
2029.000000, 1318.000000, 2068.000000, 1319.000000, 2068.000000, 1366.000000, 2030.000000, 1366.000000,   small-vehicle,   155
3166.000000, 1669.000000, 3228.000000, 1669.000000, 3229.000000, 1687.000000, 3166.000000, 1686.000000,   small-vehicle,   156
1564.000000, 1440.000000, 1613.000000, 1440.000000, 1613.000000, 1457.000000, 1564.000000, 1457.000000,   small-vehicle,   158
1991.000000, 1683.000000, 2014.000000, 1684.000000, 2014.000000, 1704.000000, 1991.000000, 1703.000000,   small-vehicle,   159
1462.000000, 1417.000000, 1522.000000, 1417.000000, 1522.000000, 1437.000000, 1462.000000, 1437.000000,   small-vehicle,   160
3426.000000, 1262.000000, 3463.000000, 1262.000000, 3464.000000, 1300.000000, 3427.000000, 1300.000000,   small-vehicle,   161
1298.000000, 1396.000000, 1358.000000, 1397.000000, 1358.000000, 1415.000000, 1298.000000, 1414.000000,   small-vehicle,   162
3479.000000, 1343.000000, 3550.000000, 1343.000000, 3551.000000, 1363.000000, 3479.000000, 1362.000000,   small-vehicle,   163
1608.000000, 725.000000, 1669.000000, 726.000000, 1669.000000, 743.000000, 1608.000000, 742.000000,   small-vehicle,   164
109.000000, 784.000000, 167.000000, 784.000000, 167.000000, 801.000000, 108.000000, 801.000000,   small-vehicle,   165
3304.000000, 1479.000000, 3360.000000, 1479.000000, 3361.000000, 1496.000000, 3305.000000, 1495.000000,   small-vehicle,   166
933.000000, 1391.000000, 993.000000, 1391.000000, 992.000000, 1411.000000, 933.000000, 1410.000000,   small-vehicle,   167
3205.000000, 1339.000000, 3266.000000, 1340.000000, 3267.000000, 1358.000000, 3205.000000, 1357.000000,   small-vehicle,   168
961.000000, 1462.000000, 1023.000000, 1463.000000, 1023.000000, 1481.000000, 961.000000, 1481.000000,   small-vehicle,   169
3097.000000, 1362.000000, 3159.000000, 1362.000000, 3160.000000, 1381.000000, 3097.000000, 1380.000000,   small-vehicle,   170
940.000000, 1437.000000, 1010.000000, 1438.000000, 1009.000000, 1456.000000, 940.000000, 1455.000000,   small-vehicle,   171
3477.000000, 1369.000000, 3543.000000, 1370.000000, 3543.000000, 1390.000000, 3478.000000, 1389.000000,   small-vehicle,   172
2480.000000, 704.000000, 2544.000000, 705.000000, 2544.000000, 725.000000, 2480.000000, 725.000000,   small-vehicle,   173
1359.000000, 1436.000000, 1415.000000, 1437.000000, 1415.000000, 1455.000000, 1359.000000, 1455.000000,   small-vehicle,   175
1594.000000, 1311.000000, 1650.000000, 1311.000000, 1650.000000, 1328.000000, 1594.000000, 1327.000000,   small-vehicle,   177
2821.000000, 1363.000000, 2883.000000, 1364.000000, 2884.000000, 1381.000000, 2821.000000, 1380.000000,   small-vehicle,   178
1256.000000, 1462.000000, 1317.000000, 1463.000000, 1317.000000, 1481.000000, 1256.000000, 1480.000000,   small-vehicle,   179
2853.000000, 1335.000000, 2917.000000, 1336.000000, 2917.000000, 1353.000000, 2854.000000, 1353.000000,   small-vehicle,   182
1340.000000, 1464.000000, 1399.000000, 1465.000000, 1399.000000, 1481.000000, 1340.000000, 1480.000000,   small-vehicle,   186
2673.000000, 1694.000000, 2702.000000, 1694.000000, 2703.000000, 1737.000000, 2674.000000, 1737.000000,   small-vehicle,   187
1448.000000, 717.000000, 1509.000000, 717.000000, 1509.000000, 735.000000, 1448.000000, 734.000000,   small-vehicle,   189
1290.000000, 1418.000000, 1349.000000, 1418.000000, 1349.000000, 1435.000000, 1290.000000, 1434.000000,   small-vehicle,   190
3593.000000, 1371.000000, 3669.000000, 1372.000000, 3670.000000, 1392.000000, 3594.000000, 1392.000000,   small-vehicle,   193
2619.000000, 1627.000000, 2651.000000, 1627.000000, 2651.000000, 1640.000000, 2620.000000, 1640.000000,   small-vehicle,   194
3350.000000, 1312.000000, 3407.000000, 1312.000000, 3409.000000, 1350.000000, 3351.000000, 1349.000000,   small-vehicle,   196
1495.000000, 1461.000000, 1556.000000, 1461.000000, 1556.000000, 1480.000000, 1495.000000, 1479.000000,   small-vehicle,   198
3665.000000, 1738.000000, 3691.000000, 1738.000000, 3692.000000, 1762.000000, 3666.000000, 1762.000000,   small-vehicle,   201
2786.000000, 717.000000, 2858.000000, 718.000000, 2859.000000, 736.000000, 2786.000000, 735.000000,   small-vehicle,   202
1269.000000, 1438.000000, 1320.000000, 1439.000000, 1320.000000, 1455.000000, 1269.000000, 1455.000000,   small-vehicle,   203
3598.000000, 1346.000000, 3670.000000, 1346.000000, 3671.000000, 1367.000000, 3599.000000, 1366.000000,   small-vehicle,   209
2339.000000, 712.000000, 2402.000000, 713.000000, 2403.000000, 731.000000, 2340.000000, 730.000000,   small-vehicle,   212
118.000000, 1411.000000, 181.000000, 1412.000000, 181.000000, 1431.000000, 118.000000, 1431.000000,   small-vehicle,   213
1043.000000, 1465.000000, 1091.000000, 1466.000000, 1091.000000, 1480.000000, 1043.000000, 1480.000000,   small-vehicle,   214
33.000000, 1457.000000, 105.000000, 1458.000000, 105.000000, 1476.000000, 33.000000, 1476.000000,   small-vehicle,   216
873.000000, 1435.000000, 929.000000, 1436.000000, 928.000000, 1454.000000, 873.000000, 1453.000000,   small-vehicle,   217
1865.000000, 1052.000000, 1887.000000, 1053.000000, 1888.000000, 1077.000000, 1865.000000, 1077.000000,   small-vehicle,   223
2124.000000, 1208.000000, 2163.000000, 1208.000000, 2164.000000, 1266.000000, 2124.000000, 1265.000000,   large-vehicle,   230
1729.000000, 1442.000000, 1821.000000, 1443.000000, 1821.000000, 1464.000000, 1729.000000, 1463.000000,   large-vehicle,   231
1883.000000, 940.000000, 1925.000000, 940.000000, 1926.000000, 990.000000, 1884.000000, 989.000000,   large-vehicle,   232
3697.000000, 1489.000000, 3762.000000, 1490.000000, 3763.000000, 1511.000000, 3698.000000, 1510.000000,   large-vehicle,   235
625.000000, 1459.000000, 702.000000, 1460.000000, 702.000000, 1482.000000, 625.000000, 1482.000000,   large-vehicle,   236
832.000000, 1459.000000, 926.000000, 1461.000000, 926.000000, 1486.000000, 831.000000, 1485.000000,   large-vehicle,   237
2207.000000, 1387.000000, 2251.000000, 1387.000000, 2252.000000, 1438.000000, 2208.000000, 1437.000000,   large-vehicle,   239
1481.000000, 1435.000000, 1549.000000, 1436.000000, 1549.000000, 1461.000000, 1481.000000, 1460.000000,   large-vehicle,   240
2762.000000, 1337.000000, 2838.000000, 1338.000000, 2839.000000, 1354.000000, 2763.000000, 1353.000000,   large-vehicle,   242
2473.000000, 1382.000000, 2584.000000, 1384.000000, 2585.000000, 1409.000000, 2473.000000, 1408.000000,   large-vehicle,   243
2718.000000, 1693.000000, 2747.000000, 1693.000000, 2748.000000, 1736.000000, 2719.000000, 1736.000000,   large-vehicle,   244
2094.000000, 1703.000000, 2134.000000, 1704.000000, 2135.000000, 1753.000000, 2095.000000, 1753.000000,   large-vehicle,   253
3695.000000, 1748.000000, 3732.000000, 1748.000000, 3733.000000, 1787.000000, 3696.000000, 1787.000000,   small-vehicle,   291
490.000000, 1451.000000, 547.000000, 1452.000000, 547.000000, 1467.000000, 490.000000, 1466.000000,   small-vehicle,   317
3138.000000, 687.000000, 3207.000000, 687.000000, 3207.000000, 709.000000, 3139.000000, 709.000000,   small-vehicle,   329
3067.000000, 688.000000, 3126.000000, 688.000000, 3126.000000, 707.000000, 3067.000000, 706.000000,   small-vehicle,   330
3655.000000, 1387.000000, 3731.000000, 1388.000000, 3732.000000, 1408.000000, 3656.000000, 1408.000000,   small-vehicle,   334
982.000000, 1091.000000, 1044.000000, 1092.000000, 1044.000000, 1111.000000, 982.000000, 1110.000000,   small-vehicle,   337
3322.000000, 676.000000, 3396.000000, 677.000000, 3397.000000, 711.000000, 3323.000000, 710.000000,   large-vehicle,   345
1606.000000, 1390.000000, 1662.000000, 1390.000000, 1662.000000, 1407.000000, 1606.000000, 1406.000000,   large-vehicle,   351
1926.000000, 900.000000, 1956.000000, 900.000000, 1957.000000, 937.000000, 1927.000000, 937.000000,   small-vehicle,   353
1130.000000, 1097.000000, 1195.000000, 1098.000000, 1195.000000, 1116.000000, 1130.000000, 1116.000000,   small-vehicle,   360
3207.000000, 687.000000, 3266.000000, 688.000000, 3267.000000, 705.000000, 3207.000000, 705.000000,   small-vehicle,   364
2891.000000, 734.000000, 2960.000000, 735.000000, 2961.000000, 755.000000, 2891.000000, 754.000000,   large-vehicle,   373
3401.000000, 675.000000, 3477.000000, 676.000000, 3478.000000, 701.000000, 3402.000000, 700.000000,   small-vehicle,   382
729.000000, 1432.000000, 785.000000, 1433.000000, 784.000000, 1450.000000, 728.000000, 1449.000000,   small-vehicle,   383
1596.000000, 1460.000000, 1658.000000, 1460.000000, 1658.000000, 1480.000000, 1596.000000, 1479.000000,   small-vehicle,   384
3486.000000, 672.000000, 3559.000000, 673.000000, 3559.000000, 695.000000, 3487.000000, 694.000000,   small-vehicle,   385
2666.000000, 734.000000, 2722.000000, 734.000000, 2722.000000, 761.000000, 2666.000000, 760.000000,   small-vehicle,   386
923.000000, 1408.000000, 987.000000, 1409.000000, 987.000000, 1427.000000, 923.000000, 1426.000000,   small-vehicle,   409
3565.000000, 667.000000, 3636.000000, 668.000000, 3637.000000, 691.000000, 3566.000000, 690.000000,   small-vehicle,   413
1989.000000, 829.000000, 2021.000000, 829.000000, 2021.000000, 870.000000, 1989.000000, 870.000000,   small-vehicle,   421
352.000000, 1402.000000, 409.000000, 1403.000000, 409.000000, 1421.000000, 352.000000, 1420.000000,   small-vehicle,   430
2019.000000, 1054.000000, 2048.000000, 1054.000000, 2049.000000, 1093.000000, 2020.000000, 1092.000000,   small-vehicle,   431
1828.000000, 609.000000, 1856.000000, 609.000000, 1856.000000, 646.000000, 1828.000000, 645.000000,   small-vehicle,   432
1857.000000, 604.000000, 1887.000000, 605.000000, 1887.000000, 641.000000, 1857.000000, 641.000000,   small-vehicle,   433
1065.000000, 1095.000000, 1118.000000, 1096.000000, 1118.000000, 1111.000000, 1065.000000, 1110.000000,   small-vehicle,   438
2972.000000, 717.000000, 3038.000000, 718.000000, 3038.000000, 738.000000, 2973.000000, 737.000000,   small-vehicle,   445
1383.000000, 713.000000, 1436.000000, 713.000000, 1436.000000, 727.000000, 1383.000000, 727.000000,   small-vehicle,   446
1957.000000, 739.000000, 1983.000000, 740.000000, 1983.000000, 774.000000, 1957.000000, 774.000000,   small-vehicle,   457
3169.000000, 1372.000000, 3238.000000, 1373.000000, 3238.000000, 1391.000000, 3169.000000, 1390.000000,   small-vehicle,   462
1675.000000, 1456.000000, 1736.000000, 1457.000000, 1736.000000, 1481.000000, 1675.000000, 1480.000000,   small-vehicle,   463
2995.000000, 742.000000, 3060.000000, 743.000000, 3060.000000, 763.000000, 2996.000000, 762.000000,   small-vehicle,   465
2123.000000, 568.000000, 2150.000000, 569.000000, 2151.000000, 609.000000, 2123.000000, 609.000000,   small-vehicle,   484
2204.000000, 1557.000000, 2237.000000, 1557.000000, 2238.000000, 1601.000000, 2205.000000, 1600.000000,   small-vehicle,   485
3264.000000, 1372.000000, 3332.000000, 1373.000000, 3333.000000, 1391.000000, 3265.000000, 1390.000000,   small-vehicle,   487
192.000000, 825.000000, 260.000000, 825.000000, 260.000000, 835.000000, 191.000000, 834.000000,   large-vehicle,   498
1824.000000, 575.000000, 1851.000000, 575.000000, 1851.000000, 609.000000, 1824.000000, 608.000000,   small-vehicle,   506
10.000000, 776.000000, 77.000000, 777.000000, 76.000000, 795.000000, 10.000000, 795.000000,   small-vehicle,   511
3329.000000, 651.000000, 3362.000000, 651.000000, 3363.000000, 665.000000, 3329.000000, 664.000000,   small-vehicle,   512
1940.000000, 619.000000, 1975.000000, 620.000000, 1975.000000, 650.000000, 1940.000000, 649.000000,   small-vehicle,   527
3384.000000, 1454.000000, 3454.000000, 1454.000000, 3454.000000, 1473.000000, 3384.000000, 1472.000000,   small-vehicle,   528
1906.000000, 617.000000, 1931.000000, 617.000000, 1932.000000, 652.000000, 1906.000000, 652.000000,   small-vehicle,   531
1652.000000, 1343.000000, 1712.000000, 1343.000000, 1712.000000, 1363.000000, 1652.000000, 1362.000000,   large-vehicle,   536
1395.000000, 1514.000000, 1440.000000, 1514.000000, 1441.000000, 1541.000000, 1395.000000, 1541.000000,   small-vehicle,   537
2584.000000, 1336.000000, 2658.000000, 1337.000000, 2658.000000, 1354.000000, 2584.000000, 1353.000000,   large-vehicle,   542
2473.000000, 1361.000000, 2551.000000, 1362.000000, 2551.000000, 1383.000000, 2473.000000, 1382.000000,   large-vehicle,   543
2469.000000, 1342.000000, 2547.000000, 1343.000000, 2547.000000, 1365.000000, 2469.000000, 1364.000000,   small-vehicle,   545
2223.000000, 1722.000000, 2252.000000, 1722.000000, 2252.000000, 1762.000000, 2224.000000, 1761.000000,   large-vehicle,   548
2678.000000, 1338.000000, 2749.000000, 1339.000000, 2749.000000, 1361.000000, 2679.000000, 1360.000000,   large-vehicle,   553
2151.000000, 1054.000000, 2182.000000, 1054.000000, 2182.000000, 1093.000000, 2152.000000, 1093.000000,   large-vehicle,   555
2250.000000, 1466.000000, 2295.000000, 1467.000000, 2296.000000, 1510.000000, 2250.000000, 1509.000000,   large-vehicle,   559
1193.000000, 1436.000000, 1259.000000, 1437.000000, 1259.000000, 1456.000000, 1193.000000, 1456.000000,   large-vehicle,   560
2104.000000, 499.000000, 2128.000000, 499.000000, 2128.000000, 528.000000, 2104.000000, 528.000000,   small-vehicle,   564
3539.000000, 1462.000000, 3602.000000, 1463.000000, 3603.000000, 1479.000000, 3540.000000, 1479.000000,   small-vehicle,   565
2140.000000, 502.000000, 2167.000000, 502.000000, 2168.000000, 538.000000, 2141.000000, 537.000000,   small-vehicle,   568
166.000000, 1399.000000, 232.000000, 1400.000000, 232.000000, 1415.000000, 166.000000, 1415.000000,   small-vehicle,   569
75.000000, 1417.000000, 145.000000, 1418.000000, 145.000000, 1438.000000, 74.000000, 1437.000000,   small-vehicle,   570
491.000000, 1281.000000, 520.000000, 1282.000000, 520.000000, 1293.000000, 491.000000, 1293.000000,   small-vehicle,   573
2576.000000, 1364.000000, 2641.000000, 1364.000000, 2641.000000, 1383.000000, 2576.000000, 1382.000000,   small-vehicle,   574
1492.000000, 760.000000, 1539.000000, 760.000000, 1539.000000, 772.000000, 1492.000000, 771.000000,   small-vehicle,   575
3419.000000, 725.000000, 3497.000000, 726.000000, 3498.000000, 749.000000, 3420.000000, 748.000000,   small-vehicle,   577
3676.000000, 716.000000, 3733.000000, 717.000000, 3734.000000, 734.000000, 3676.000000, 734.000000,   small-vehicle,   578
194.000000, 1443.000000, 258.000000, 1444.000000, 258.000000, 1462.000000, 194.000000, 1461.000000,   large-vehicle,   581
2252.000000, 1472.000000, 2300.000000, 1473.000000, 2301.000000, 1515.000000, 2253.000000, 1514.000000,   small-vehicle,   583
2668.000000, 1694.000000, 2700.000000, 1695.000000, 2701.000000, 1738.000000, 2669.000000, 1737.000000,   large-vehicle,   584
77.000000, 1421.000000, 147.000000, 1422.000000, 147.000000, 1443.000000, 77.000000, 1442.000000,   large-vehicle,   585
2136.000000, 859.000000, 2167.000000, 859.000000, 2168.000000, 899.000000, 2137.000000, 898.000000,   small-vehicle,   588
1189.000000, 1422.000000, 1253.000000, 1422.000000, 1253.000000, 1441.000000, 1189.000000, 1440.000000,   small-vehicle,   589
2136.000000, 459.000000, 2162.000000, 459.000000, 2163.000000, 496.000000, 2136.000000, 495.000000,   small-vehicle,   590
1864.000000, 992.000000, 1902.000000, 993.000000, 1902.000000, 1031.000000, 1864.000000, 1030.000000,   small-vehicle,   591
2224.000000, 1729.000000, 2255.000000, 1729.000000, 2255.000000, 1772.000000, 2225.000000, 1771.000000,   small-vehicle,   592
1836.000000, 467.000000, 1866.000000, 468.000000, 1867.000000, 505.000000, 1837.000000, 505.000000,   small-vehicle,   593
1590.000000, 1353.000000, 1628.000000, 1354.000000, 1628.000000, 1367.000000, 1590.000000, 1367.000000,   small-vehicle,   594
2154.000000, 1062.000000, 2183.000000, 1062.000000, 2183.000000, 1102.000000, 2154.000000, 1102.000000,   small-vehicle,   595
1693.000000, 1315.000000, 1743.000000, 1316.000000, 1744.000000, 1331.000000, 1693.000000, 1330.000000,   small-vehicle,   598
1649.000000, 1332.000000, 1713.000000, 1333.000000, 1713.000000, 1352.000000, 1649.000000, 1351.000000,   small-vehicle,   599
2996.000000, 1674.000000, 3046.000000, 1675.000000, 3047.000000, 1692.000000, 2997.000000, 1692.000000,   small-vehicle,   600
1918.000000, 480.000000, 1949.000000, 481.000000, 1950.000000, 511.000000, 1919.000000, 511.000000,   small-vehicle,   603
2894.000000, 746.000000, 2961.000000, 747.000000, 2962.000000, 767.000000, 2894.000000, 766.000000,   small-vehicle,   604
2573.000000, 1358.000000, 2641.000000, 1359.000000, 2641.000000, 1377.000000, 2574.000000, 1377.000000,   large-vehicle,   605
2151.000000, 1059.000000, 2183.000000, 1059.000000, 2183.000000, 1094.000000, 2151.000000, 1094.000000,   large-vehicle,   606
1673.000000, 1449.000000, 1735.000000, 1450.000000, 1735.000000, 1476.000000, 1673.000000, 1475.000000,   large-vehicle,   607
1913.000000, 479.000000, 1953.000000, 480.000000, 1954.000000, 529.000000, 1913.000000, 529.000000,   large-vehicle,   608
2251.000000, 1468.000000, 2297.000000, 1468.000000, 2298.000000, 1511.000000, 2251.000000, 1511.000000,   large-vehicle,   609
2852.000000, 1334.000000, 2915.000000, 1335.000000, 2916.000000, 1353.000000, 2852.000000, 1352.000000,   large-vehicle,   610
1864.000000, 987.000000, 1902.000000, 987.000000, 1902.000000, 1025.000000, 1864.000000, 1025.000000,   large-vehicle,   611
3264.000000, 1365.000000, 3335.000000, 1366.000000, 3336.000000, 1386.000000, 3265.000000, 1385.000000,   large-vehicle,   612
1189.000000, 1437.000000, 1254.000000, 1438.000000, 1254.000000, 1456.000000, 1189.000000, 1456.000000,   small-vehicle,   613
2539.000000, 760.000000, 2588.000000, 760.000000, 2588.000000, 777.000000, 2539.000000, 776.000000,   small-vehicle,   614
738.000000, 1407.000000, 791.000000, 1408.000000, 791.000000, 1425.000000, 737.000000, 1425.000000,   small-vehicle,   615
2669.000000, 1697.000000, 2701.000000, 1697.000000, 2702.000000, 1739.000000, 2670.000000, 1739.000000,   small-vehicle,   616
1604.000000, 1384.000000, 1663.000000, 1385.000000, 1663.000000, 1402.000000, 1604.000000, 1401.000000,   small-vehicle,   617
191.000000, 1441.000000, 258.000000, 1441.000000, 258.000000, 1460.000000, 191.000000, 1459.000000,   small-vehicle,   618
2718.000000, 1696.000000, 2746.000000, 1696.000000, 2747.000000, 1736.000000, 2719.000000, 1736.000000,   small-vehicle,   619
2490.000000, 1361.000000, 2550.000000, 1361.000000, 2551.000000, 1383.000000, 2490.000000, 1382.000000,   small-vehicle,   620
1650.000000, 1339.000000, 1711.000000, 1340.000000, 1711.000000, 1360.000000, 1650.000000, 1359.000000,   small-vehicle,   621
2582.000000, 1338.000000, 2660.000000, 1339.000000, 2660.000000, 1358.000000, 2582.000000, 1357.000000,   small-vehicle,   622
2718.000000, 1696.000000, 2746.000000, 1696.000000, 2747.000000, 1737.000000, 2719.000000, 1737.000000,   large-vehicle,   623
2892.000000, 741.000000, 2961.000000, 742.000000, 2962.000000, 764.000000, 2892.000000, 763.000000,   large-vehicle,   624
