1888.000000, 926.000000, 1915.000000, 926.000000, 1915.000000, 959.000000, 1888.000000, 959.000000,   small-vehicle,   0
2214.000000, 963.000000, 2242.000000, 963.000000, 2242.000000, 998.000000, 2214.000000, 998.000000,   small-vehicle,   1
1892.000000, 967.000000, 1918.000000, 967.000000, 1918.000000, 1001.000000, 1892.000000, 1001.000000,   small-vehicle,   2
1906.000000, 781.000000, 1932.000000, 781.000000, 1932.000000, 812.000000, 1906.000000, 812.000000,   small-vehicle,   4
2199.000000, 1056.000000, 2228.000000, 1056.000000, 2228.000000, 1095.000000, 2199.000000, 1095.000000,   small-vehicle,   8
1296.000000, 960.000000, 1325.000000, 960.000000, 1325.000000, 999.000000, 1296.000000, 999.000000,   small-vehicle,   12
2209.000000, 919.000000, 2242.000000, 919.000000, 2242.000000, 957.000000, 2209.000000, 957.000000,   small-vehicle,   17
2181.000000, 1015.000000, 2235.000000, 1015.000000, 2235.000000, 1051.000000, 2181.000000, 1051.000000,   small-vehicle,   19
1915.000000, 875.000000, 1944.000000, 875.000000, 1944.000000, 913.000000, 1915.000000, 913.000000,   small-vehicle,   21
2141.000000, 1046.000000, 2171.000000, 1046.000000, 2171.000000, 1086.000000, 2141.000000, 1086.000000,   small-vehicle,   29
2214.000000, 1103.000000, 2248.000000, 1103.000000, 2248.000000, 1133.000000, 2214.000000, 1133.000000,   small-vehicle,   32
1236.000000, 877.000000, 1292.000000, 877.000000, 1292.000000, 898.000000, 1236.000000, 898.000000,   small-vehicle,   41
1297.000000, 923.000000, 1325.000000, 923.000000, 1325.000000, 954.000000, 1297.000000, 954.000000,   small-vehicle,   43
2179.000000, 863.000000, 2204.000000, 863.000000, 2204.000000, 904.000000, 2179.000000, 904.000000,   small-vehicle,   46
2228.000000, 1058.000000, 2253.000000, 1058.000000, 2253.000000, 1090.000000, 2228.000000, 1090.000000,   small-vehicle,   48
2132.000000, 299.000000, 2192.000000, 299.000000, 2192.000000, 319.000000, 2132.000000, 319.000000,   small-vehicle,   66
1286.000000, 1054.000000, 1317.000000, 1054.000000, 1317.000000, 1090.000000, 1286.000000, 1090.000000,   small-vehicle,   75
388.000000, 923.000000, 443.000000, 923.000000, 443.000000, 939.000000, 388.000000, 939.000000,   small-vehicle,   79
2862.000000, 801.000000, 2906.000000, 801.000000, 2906.000000, 814.000000, 2862.000000, 814.000000,   small-vehicle,   85
2165.000000, 972.000000, 2193.000000, 972.000000, 2193.000000, 1014.000000, 2165.000000, 1014.000000,   small-vehicle,   86
2117.000000, 1145.000000, 2147.000000, 1145.000000, 2147.000000, 1183.000000, 2117.000000, 1183.000000,   small-vehicle,   114
1898.000000, 740.000000, 1929.000000, 740.000000, 1929.000000, 773.000000, 1898.000000, 773.000000,   small-vehicle,   120
1285.000000, 1107.000000, 1309.000000, 1107.000000, 1309.000000, 1133.000000, 1285.000000, 1133.000000,   small-vehicle,   132
2065.000000, 399.000000, 2097.000000, 399.000000, 2097.000000, 436.000000, 2065.000000, 436.000000,   small-vehicle,   148
2755.000000, 799.000000, 2825.000000, 799.000000, 2825.000000, 816.000000, 2755.000000, 816.000000,   small-vehicle,   202
2033.000000, 185.000000, 2068.000000, 185.000000, 2068.000000, 238.000000, 2033.000000, 238.000000,   large-vehicle,   230
1922.000000, 1012.000000, 1963.000000, 1012.000000, 1963.000000, 1059.000000, 1922.000000, 1059.000000,   large-vehicle,   232
2728.000000, 820.000000, 2788.000000, 820.000000, 2788.000000, 842.000000, 2728.000000, 842.000000,   small-vehicle,   386
2049.000000, 1059.000000, 2080.000000, 1059.000000, 2080.000000, 1101.000000, 2049.000000, 1101.000000,   small-vehicle,   421
1870.000000, 685.000000, 1897.000000, 685.000000, 1897.000000, 721.000000, 1870.000000, 721.000000,   small-vehicle,   432
1899.000000, 681.000000, 1928.000000, 681.000000, 1928.000000, 716.000000, 1899.000000, 716.000000,   small-vehicle,   433
2974.000000, 793.000000, 3040.000000, 793.000000, 3040.000000, 812.000000, 2974.000000, 812.000000,   small-vehicle,   445
2020.000000, 1105.000000, 2043.000000, 1105.000000, 2043.000000, 1129.000000, 2020.000000, 1129.000000,   small-vehicle,   457
228.000000, 917.000000, 296.000000, 917.000000, 296.000000, 929.000000, 228.000000, 929.000000,   large-vehicle,   498
1982.000000, 1051.000000, 2006.000000, 1051.000000, 2006.000000, 1084.000000, 1982.000000, 1084.000000,   small-vehicle,   531
2149.000000, 571.000000, 2175.000000, 571.000000, 2175.000000, 604.000000, 2149.000000, 604.000000,   small-vehicle,   564
2186.000000, 580.000000, 2214.000000, 580.000000, 2214.000000, 613.000000, 2186.000000, 613.000000,   small-vehicle,   568
1526.000000, 835.000000, 1583.000000, 835.000000, 1583.000000, 851.000000, 1526.000000, 851.000000,   small-vehicle,   575
3486.000000, 804.000000, 3543.000000, 804.000000, 3543.000000, 821.000000, 3486.000000, 821.000000,   small-vehicle,   577
2181.000000, 534.000000, 2208.000000, 534.000000, 2208.000000, 572.000000, 2181.000000, 572.000000,   small-vehicle,   590
1900.000000, 1062.000000, 1940.000000, 1062.000000, 1940.000000, 1098.000000, 1900.000000, 1098.000000,   small-vehicle,   591
1880.000000, 546.000000, 1911.000000, 546.000000, 1911.000000, 583.000000, 1880.000000, 583.000000,   small-vehicle,   593
2584.000000, 831.000000, 2644.000000, 831.000000, 2644.000000, 848.000000, 2584.000000, 848.000000,   small-vehicle,   614
2165.000000, 489.000000, 2194.000000, 489.000000, 2194.000000, 525.000000, 2165.000000, 525.000000,   small-vehicle,   632
1954.000000, 885.000000, 1985.000000, 885.000000, 1985.000000, 928.000000, 1954.000000, 928.000000,   small-vehicle,   635
2861.000000, 822.000000, 2924.000000, 822.000000, 2924.000000, 839.000000, 2861.000000, 839.000000,   small-vehicle,   636
1849.000000, 452.000000, 1878.000000, 452.000000, 1878.000000, 487.000000, 1849.000000, 487.000000,   small-vehicle,   660
2109.000000, 975.000000, 2138.000000, 975.000000, 2138.000000, 1011.000000, 2109.000000, 1011.000000,   small-vehicle,   664
2169.000000, 441.000000, 2197.000000, 441.000000, 2197.000000, 479.000000, 2169.000000, 479.000000,   small-vehicle,   666
2045.000000, 967.000000, 2072.000000, 967.000000, 2072.000000, 995.000000, 2045.000000, 995.000000,   small-vehicle,   667
1844.000000, 413.000000, 1872.000000, 413.000000, 1872.000000, 445.000000, 1844.000000, 445.000000,   small-vehicle,   704
2167.000000, 395.000000, 2195.000000, 395.000000, 2195.000000, 430.000000, 2167.000000, 430.000000,   small-vehicle,   718
2387.000000, 837.000000, 2446.000000, 837.000000, 2446.000000, 854.000000, 2387.000000, 854.000000,   small-vehicle,   756
2125.000000, 338.000000, 2159.000000, 338.000000, 2159.000000, 380.000000, 2125.000000, 380.000000,   small-vehicle,   761
1841.000000, 368.000000, 1869.000000, 368.000000, 1869.000000, 406.000000, 1841.000000, 406.000000,   small-vehicle,   762
1728.000000, 845.000000, 1782.000000, 845.000000, 1782.000000, 854.000000, 1728.000000, 854.000000,   small-vehicle,   765
3148.000000, 813.000000, 3208.000000, 813.000000, 3208.000000, 831.000000, 3148.000000, 831.000000,   small-vehicle,   789
3631.000000, 797.000000, 3703.000000, 797.000000, 3703.000000, 815.000000, 3631.000000, 815.000000,   small-vehicle,   792
1829.000000, 293.000000, 1859.000000, 293.000000, 1859.000000, 328.000000, 1829.000000, 328.000000,   small-vehicle,   813
3337.000000, 323.000000, 3362.000000, 323.000000, 3362.000000, 358.000000, 3337.000000, 358.000000,   small-vehicle,   815
1951.000000, 458.000000, 1980.000000, 458.000000, 1980.000000, 498.000000, 1951.000000, 498.000000,   small-vehicle,   816
2359.000000, 309.000000, 2412.000000, 309.000000, 2412.000000, 325.000000, 2359.000000, 325.000000,   small-vehicle,   818
2530.000000, 825.000000, 2582.000000, 825.000000, 2582.000000, 856.000000, 2530.000000, 856.000000,   small-vehicle,   824
1840.000000, 264.000000, 1863.000000, 264.000000, 1863.000000, 290.000000, 1840.000000, 290.000000,   small-vehicle,   840
2343.000000, 264.000000, 2400.000000, 264.000000, 2400.000000, 278.000000, 2343.000000, 278.000000,   small-vehicle,   841
2408.000000, 258.000000, 2468.000000, 258.000000, 2468.000000, 276.000000, 2408.000000, 276.000000,   small-vehicle,   845
1168.000000, 884.000000, 1226.000000, 884.000000, 1226.000000, 904.000000, 1168.000000, 904.000000,   small-vehicle,   846
1631.000000, 527.000000, 1693.000000, 527.000000, 1693.000000, 543.000000, 1631.000000, 543.000000,   small-vehicle,   847
1994.000000, 951.000000, 2040.000000, 951.000000, 2040.000000, 1001.000000, 1994.000000, 1001.000000,   large-vehicle,   856
1949.000000, 371.000000, 1978.000000, 371.000000, 1978.000000, 404.000000, 1949.000000, 404.000000,   small-vehicle,   867
2687.000000, 250.000000, 2747.000000, 250.000000, 2747.000000, 265.000000, 2687.000000, 265.000000,   small-vehicle,   870
533.000000, 488.000000, 593.000000, 488.000000, 593.000000, 502.000000, 533.000000, 502.000000,   small-vehicle,   871
2820.000000, 241.000000, 2884.000000, 241.000000, 2884.000000, 255.000000, 2820.000000, 255.000000,   small-vehicle,   875
1458.000000, 837.000000, 1517.000000, 837.000000, 1517.000000, 860.000000, 1458.000000, 860.000000,   small-vehicle,   876
3335.000000, 276.000000, 3360.000000, 276.000000, 3360.000000, 304.000000, 3335.000000, 304.000000,   small-vehicle,   878
2613.000000, 249.000000, 2665.000000, 249.000000, 2665.000000, 263.000000, 2613.000000, 263.000000,   small-vehicle,   879
2550.000000, 255.000000, 2607.000000, 255.000000, 2607.000000, 271.000000, 2550.000000, 271.000000,   small-vehicle,   880
1927.000000, 1123.000000, 1958.000000, 1123.000000, 1958.000000, 1134.000000, 1927.000000, 1134.000000,   small-vehicle,   884
1818.000000, 237.000000, 1837.000000, 237.000000, 1837.000000, 263.000000, 1818.000000, 263.000000,   small-vehicle,   885
3413.000000, 211.000000, 3466.000000, 211.000000, 3466.000000, 227.000000, 3413.000000, 227.000000,   small-vehicle,   886
3017.000000, 230.000000, 3085.000000, 230.000000, 3085.000000, 246.000000, 3017.000000, 246.000000,   small-vehicle,   889
1253.000000, 396.000000, 1272.000000, 396.000000, 1272.000000, 421.000000, 1253.000000, 421.000000,   small-vehicle,   890
1819.000000, 196.000000, 1847.000000, 196.000000, 1847.000000, 234.000000, 1819.000000, 234.000000,   small-vehicle,   892
3154.000000, 225.000000, 3216.000000, 225.000000, 3216.000000, 242.000000, 3154.000000, 242.000000,   small-vehicle,   893
3349.000000, 212.000000, 3408.000000, 212.000000, 3408.000000, 229.000000, 3349.000000, 229.000000,   small-vehicle,   894
2924.000000, 232.000000, 2988.000000, 232.000000, 2988.000000, 251.000000, 2924.000000, 251.000000,   small-vehicle,   895
3529.000000, 203.000000, 3589.000000, 203.000000, 3589.000000, 219.000000, 3529.000000, 219.000000,   small-vehicle,   897
2757.000000, 244.000000, 2817.000000, 244.000000, 2817.000000, 257.000000, 2757.000000, 257.000000,   small-vehicle,   904
565.000000, 718.000000, 627.000000, 718.000000, 627.000000, 739.000000, 565.000000, 739.000000,   small-vehicle,   909
3134.000000, 270.000000, 3194.000000, 270.000000, 3194.000000, 288.000000, 3134.000000, 288.000000,   small-vehicle,   916
2139.000000, 150.000000, 2172.000000, 150.000000, 2172.000000, 189.000000, 2139.000000, 189.000000,   small-vehicle,   917
2117.000000, 176.000000, 2149.000000, 176.000000, 2149.000000, 212.000000, 2117.000000, 212.000000,   small-vehicle,   921
3684.000000, 193.000000, 3733.000000, 193.000000, 3733.000000, 210.000000, 3684.000000, 210.000000,   small-vehicle,   924
1908.000000, 338.000000, 1936.000000, 338.000000, 1936.000000, 371.000000, 1908.000000, 371.000000,   small-vehicle,   930
3552.000000, 801.000000, 3626.000000, 801.000000, 3626.000000, 817.000000, 3552.000000, 817.000000,   small-vehicle,   943
2134.000000, 103.000000, 2167.000000, 103.000000, 2167.000000, 143.000000, 2134.000000, 143.000000,   small-vehicle,   944
1813.000000, 117.000000, 1843.000000, 117.000000, 1843.000000, 154.000000, 1813.000000, 154.000000,   small-vehicle,   949
3467.000000, 757.000000, 3519.000000, 757.000000, 3519.000000, 772.000000, 3467.000000, 772.000000,   small-vehicle,   953
3067.000000, 275.000000, 3125.000000, 275.000000, 3125.000000, 292.000000, 3067.000000, 292.000000,   small-vehicle,   962
949.000000, 102.000000, 997.000000, 102.000000, 997.000000, 120.000000, 949.000000, 120.000000,   small-vehicle,   964
742.000000, 109.000000, 811.000000, 109.000000, 811.000000, 126.000000, 742.000000, 126.000000,   small-vehicle,   966
3522.000000, 250.000000, 3570.000000, 250.000000, 3570.000000, 264.000000, 3522.000000, 264.000000,   small-vehicle,   969
1118.000000, 101.000000, 1146.000000, 101.000000, 1146.000000, 129.000000, 1118.000000, 129.000000,   small-vehicle,   971
1501.000000, 526.000000, 1563.000000, 526.000000, 1563.000000, 542.000000, 1501.000000, 542.000000,   small-vehicle,   973
1112.000000, 226.000000, 1155.000000, 226.000000, 1155.000000, 241.000000, 1112.000000, 241.000000,   small-vehicle,   975
1850.000000, 589.000000, 1872.000000, 589.000000, 1872.000000, 616.000000, 1850.000000, 616.000000,   small-vehicle,   976
1927.000000, 198.000000, 1961.000000, 198.000000, 1961.000000, 236.000000, 1927.000000, 236.000000,   small-vehicle,   980
1807.000000, 79.000000, 1837.000000, 79.000000, 1837.000000, 113.000000, 1807.000000, 113.000000,   small-vehicle,   981
2100.000000, 85.000000, 2130.000000, 85.000000, 2130.000000, 119.000000, 2100.000000, 119.000000,   small-vehicle,   986
876.000000, 105.000000, 933.000000, 105.000000, 933.000000, 122.000000, 876.000000, 122.000000,   small-vehicle,   987
1996.000000, 821.000000, 2023.000000, 821.000000, 2023.000000, 851.000000, 1996.000000, 851.000000,   small-vehicle,   988
1023.000000, 102.000000, 1080.000000, 102.000000, 1080.000000, 116.000000, 1023.000000, 116.000000,   small-vehicle,   989
649.000000, 62.000000, 715.000000, 62.000000, 715.000000, 81.000000, 649.000000, 81.000000,   small-vehicle,   990
2520.000000, 300.000000, 2570.000000, 300.000000, 2570.000000, 314.000000, 2520.000000, 314.000000,   small-vehicle,   994
25.000000, 100.000000, 82.000000, 100.000000, 82.000000, 115.000000, 25.000000, 115.000000,   small-vehicle,   995
1835.000000, 34.000000, 1862.000000, 34.000000, 1862.000000, 68.000000, 1835.000000, 68.000000,   small-vehicle,   996
277.000000, 84.000000, 334.000000, 84.000000, 334.000000, 100.000000, 277.000000, 100.000000,   small-vehicle,   997
1807.000000, 44.000000, 1833.000000, 44.000000, 1833.000000, 76.000000, 1807.000000, 76.000000,   small-vehicle,   998
2133.000000, 62.000000, 2163.000000, 62.000000, 2163.000000, 97.000000, 2133.000000, 97.000000,   small-vehicle,   1001
343.000000, 82.000000, 397.000000, 82.000000, 397.000000, 97.000000, 343.000000, 97.000000,   small-vehicle,   1008
1006.000000, 51.000000, 1080.000000, 51.000000, 1080.000000, 68.000000, 1006.000000, 68.000000,   small-vehicle,   1009
1890.000000, 230.000000, 1922.000000, 230.000000, 1922.000000, 273.000000, 1890.000000, 273.000000,   small-vehicle,   1010
851.000000, 56.000000, 914.000000, 56.000000, 914.000000, 73.000000, 851.000000, 73.000000,   small-vehicle,   1012
563.000000, 61.000000, 610.000000, 61.000000, 610.000000, 78.000000, 563.000000, 78.000000,   small-vehicle,   1013
929.000000, 52.000000, 983.000000, 52.000000, 983.000000, 70.000000, 929.000000, 70.000000,   small-vehicle,   1014
2132.000000, 25.000000, 2156.000000, 25.000000, 2156.000000, 50.000000, 2132.000000, 50.000000,   small-vehicle,   1017
826.000000, 526.000000, 886.000000, 526.000000, 886.000000, 538.000000, 826.000000, 538.000000,   small-vehicle,   1021
1886.000000, 71.000000, 1919.000000, 71.000000, 1919.000000, 108.000000, 1886.000000, 108.000000,   small-vehicle,   1032
2520.000000, 20.000000, 2548.000000, 20.000000, 2548.000000, 54.000000, 2520.000000, 54.000000,   small-vehicle,   1033
2475.000000, 311.000000, 2515.000000, 311.000000, 2515.000000, 345.000000, 2475.000000, 345.000000,   small-vehicle,   1038
1806.000000, -4.000000, 1831.000000, -4.000000, 1831.000000, 30.000000, 1806.000000, 30.000000,   small-vehicle,   1039
702.000000, 524.000000, 774.000000, 524.000000, 774.000000, 540.000000, 702.000000, 540.000000,   small-vehicle,   1042
2075.000000, 656.000000, 2102.000000, 656.000000, 2102.000000, 697.000000, 2075.000000, 697.000000,   small-vehicle,   1050
1870.000000, 649.000000, 1895.000000, 649.000000, 1895.000000, 681.000000, 1870.000000, 681.000000,   small-vehicle,   1052
988.000000, 530.000000, 1028.000000, 530.000000, 1028.000000, 543.000000, 988.000000, 543.000000,   small-vehicle,   1053
2094.000000, -25.000000, 2119.000000, -25.000000, 2119.000000, 5.000000, 2094.000000, 5.000000,   small-vehicle,   1056
1885.000000, 480.000000, 1914.000000, 480.000000, 1914.000000, 515.000000, 1885.000000, 515.000000,   large-vehicle,   1062
1050.000000, 528.000000, 1114.000000, 528.000000, 1114.000000, 542.000000, 1050.000000, 542.000000,   large-vehicle,   1065
3245.000000, 208.000000, 3282.000000, 208.000000, 3282.000000, 220.000000, 3245.000000, 220.000000,   small-vehicle,   1067
3345.000000, 372.000000, 3371.000000, 372.000000, 3371.000000, 399.000000, 3345.000000, 399.000000,   small-vehicle,   1069
3048.000000, 820.000000, 3112.000000, 820.000000, 3112.000000, 836.000000, 3048.000000, 836.000000,   small-vehicle,   1070
3005.000000, 273.000000, 3057.000000, 273.000000, 3057.000000, 295.000000, 3005.000000, 295.000000,   small-vehicle,   1071
421.000000, -38.000000, 453.000000, -38.000000, 453.000000, -7.000000, 421.000000, -7.000000,   small-vehicle,   1076
2105.000000, 533.000000, 2140.000000, 533.000000, 2140.000000, 582.000000, 2105.000000, 582.000000,   large-vehicle,   1078
1800.000000, -51.000000, 1826.000000, -51.000000, 1826.000000, -16.000000, 1800.000000, -16.000000,   small-vehicle,   1079
2120.000000, -70.000000, 2147.000000, -70.000000, 2147.000000, -39.000000, 2120.000000, -39.000000,   small-vehicle,   1086
2641.000000, 11.000000, 2672.000000, 11.000000, 2672.000000, 48.000000, 2641.000000, 48.000000,   small-vehicle,   1088
1952.000000, 862.000000, 1990.000000, 862.000000, 1990.000000, 908.000000, 1952.000000, 908.000000,   large-vehicle,   1091
1116.000000, -65.000000, 1144.000000, -65.000000, 1144.000000, -30.000000, 1116.000000, -30.000000,   small-vehicle,   1092
1640.000000, 126.000000, 1697.000000, 126.000000, 1697.000000, 140.000000, 1640.000000, 140.000000,   small-vehicle,   1099
1119.000000, -99.000000, 1140.000000, -99.000000, 1140.000000, -74.000000, 1119.000000, -74.000000,   small-vehicle,   1104
2219.000000, 890.000000, 2241.000000, 890.000000, 2241.000000, 916.000000, 2219.000000, 916.000000,   small-vehicle,   1105
2118.000000, -107.000000, 2141.000000, -107.000000, 2141.000000, -78.000000, 2118.000000, -78.000000,   small-vehicle,   1113
1794.000000, -99.000000, 1823.000000, -99.000000, 1823.000000, -64.000000, 1794.000000, -64.000000,   small-vehicle,   1115
1078.000000, -118.000000, 1122.000000, -118.000000, 1122.000000, -101.000000, 1078.000000, -101.000000,   small-vehicle,   1116
2270.000000, 29.000000, 2290.000000, 29.000000, 2290.000000, 59.000000, 2270.000000, 59.000000,   small-vehicle,   1117
2458.000000, 836.000000, 2510.000000, 836.000000, 2510.000000, 851.000000, 2458.000000, 851.000000,   small-vehicle,   1118
1972.000000, 747.000000, 2001.000000, 747.000000, 2001.000000, 786.000000, 1972.000000, 786.000000,   small-vehicle,   1120
721.000000, -117.000000, 773.000000, -117.000000, 773.000000, -100.000000, 721.000000, -100.000000,   small-vehicle,   1121
3351.000000, 461.000000, 3382.000000, 461.000000, 3382.000000, 496.000000, 3351.000000, 496.000000,   small-vehicle,   1122
2199.000000, 690.000000, 2227.000000, 690.000000, 2227.000000, 732.000000, 2199.000000, 732.000000,   large-vehicle,   1131
992.000000, -119.000000, 1044.000000, -119.000000, 1044.000000, -101.000000, 992.000000, -101.000000,   small-vehicle,   1135
2231.000000, 395.000000, 2247.000000, 395.000000, 2247.000000, 410.000000, 2231.000000, 410.000000,   small-vehicle,   1136
1881.000000, 472.000000, 1915.000000, 472.000000, 1915.000000, 508.000000, 1881.000000, 508.000000,   small-vehicle,   1138
648.000000, -158.000000, 705.000000, -158.000000, 705.000000, -142.000000, 648.000000, -142.000000,   small-vehicle,   1139
1788.000000, -149.000000, 1819.000000, -149.000000, 1819.000000, -115.000000, 1788.000000, -115.000000,   small-vehicle,   1140
1821.000000, -166.000000, 1864.000000, -166.000000, 1864.000000, -94.000000, 1821.000000, -94.000000,   large-vehicle,   1141
2081.000000, -139.000000, 2110.000000, -139.000000, 2110.000000, -109.000000, 2081.000000, -109.000000,   small-vehicle,   1142
2939.000000, 822.000000, 3012.000000, 822.000000, 3012.000000, 839.000000, 2939.000000, 839.000000,   large-vehicle,   1143
830.000000, -122.000000, 876.000000, -122.000000, 876.000000, -107.000000, 830.000000, -107.000000,   small-vehicle,   1144
2173.000000, 931.000000, 2209.000000, 931.000000, 2209.000000, 969.000000, 2173.000000, 969.000000,   small-vehicle,   1150
2702.000000, 290.000000, 2752.000000, 290.000000, 2752.000000, 304.000000, 2702.000000, 304.000000,   small-vehicle,   1151
639.000000, -115.000000, 695.000000, -115.000000, 695.000000, -98.000000, 639.000000, -98.000000,   small-vehicle,   1153
2071.000000, 132.000000, 2095.000000, 132.000000, 2095.000000, 149.000000, 2071.000000, 149.000000,   small-vehicle,   1154
1034.000000, -161.000000, 1105.000000, -161.000000, 1105.000000, -145.000000, 1034.000000, -145.000000,   small-vehicle,   1155
502.000000, -153.000000, 548.000000, -153.000000, 548.000000, -138.000000, 502.000000, -138.000000,   small-vehicle,   1156
560.000000, -155.000000, 611.000000, -155.000000, 611.000000, -140.000000, 560.000000, -140.000000,   small-vehicle,   1157
2174.000000, 926.000000, 2206.000000, 926.000000, 2206.000000, 965.000000, 2174.000000, 965.000000,   large-vehicle,   1158
870.000000, -162.000000, 927.000000, -162.000000, 927.000000, -146.000000, 870.000000, -146.000000,   small-vehicle,   1159
1884.000000, 467.000000, 1913.000000, 467.000000, 1913.000000, 500.000000, 1884.000000, 500.000000,   large-vehicle,   1160
2942.000000, 824.000000, 3011.000000, 824.000000, 3011.000000, 842.000000, 2942.000000, 842.000000,   small-vehicle,   1161
1971.000000, 738.000000, 2001.000000, 738.000000, 2001.000000, 778.000000, 1971.000000, 778.000000,   large-vehicle,   1162
2925.000000, 282.000000, 2974.000000, 282.000000, 2974.000000, 297.000000, 2925.000000, 297.000000,   small-vehicle,   1164
